Iteration,NV,TOC
1,15,3148.570741
1,16,3051.249662
1,17,2979.483753
1,19,2852.203911
1,20,2807.359082
1,20,2807.359082
1,21,2779.217946
2,15,3148.570741
2,16,3051.249662
2,17,2979.483753
2,19,2852.203911
2,20,2807.359082
2,20,2807.359082
2,21,2575.351305
3,15,3148.570741
3,16,3051.249662
3,17,2979.483753
3,19,2852.203911
3,20,2807.359082
3,20,2807.359082
3,21,2575.351305
4,15,3148.570741
4,16,3051.249662
4,17,2979.483753
4,19,2852.203911
4,20,2807.359082
4,20,2807.359082
4,21,2575.351305
5,15,3148.570741
5,16,3051.249662
5,17,2979.483753
5,19,2852.203911
5,20,2807.359082
5,20,2807.359082
5,21,2575.351305
6,15,3148.570741
6,16,3051.249662
6,17,2979.483753
6,19,2852.203911
6,20,2807.359082
6,20,2807.359082
6,21,2575.351305
7,15,3148.570741
7,16,3051.249662
7,17,2979.483753
7,19,2852.203911
7,20,2807.359082
7,20,2807.359082
7,21,2575.351305
8,15,3148.570741
8,16,3051.249662
8,17,2979.483753
8,19,2852.203911
8,20,2807.359082
8,20,2807.359082
8,21,2575.351305
9,15,3148.570741
9,16,3051.249662
9,17,2979.483753
9,19,2852.203911
9,20,2744.885098
9,21,2575.351305
10,15,3148.570741
10,16,3051.249662
10,17,2979.483753
10,19,2852.203911
10,20,2744.885098
10,21,2575.351305
11,15,3148.570741
11,16,3051.249662
11,17,2979.483753
11,19,2852.203911
11,20,2744.885098
11,21,2575.351305
12,15,3148.570741
12,16,3051.249662
12,17,2979.483753
12,19,2852.203911
12,20,2744.885098
12,21,2575.351305
13,15,3148.570741
13,16,3051.249662
13,17,2979.483753
13,19,2852.203911
13,20,2744.885098
13,21,2575.351305
14,15,3148.570741
14,16,3051.249662
14,17,2979.483753
14,19,2852.203911
14,20,2744.885098
14,21,2575.351305
15,15,3148.570741
15,16,3051.249662
15,17,2979.483753
15,19,2852.203911
15,20,2744.885098
15,21,2575.351305
16,15,3148.570741
16,16,3051.249662
16,17,2979.483753
16,19,2852.203911
16,20,2744.885098
16,21,2575.351305
17,15,3148.570741
17,16,3051.249662
17,17,2979.483753
17,19,2852.203911
17,20,2744.885098
17,21,2575.351305
18,15,3148.570741
18,16,3051.249662
18,17,2979.483753
18,19,2852.203911
18,20,2744.885098
18,21,2575.351305
19,15,3148.570741
19,16,3051.249662
19,17,2979.483753
19,19,2852.203911
19,20,2744.885098
19,21,2575.351305
20,15,3148.570741
20,16,3051.249662
20,17,2979.483753
20,19,2852.203911
20,20,2744.885098
20,21,2575.351305
21,15,3148.570741
21,16,3051.249662
21,17,2979.483753
21,19,2852.203911
21,20,2744.885098
21,21,2575.351305
22,15,3148.570741
22,16,3051.249662
22,17,2979.483753
22,19,2852.203911
22,20,2744.885098
22,21,2575.351305
23,15,3148.570741
23,16,3051.249662
23,17,2979.483753
23,19,2852.203911
23,20,2744.885098
23,21,2575.351305
24,15,3148.570741
24,16,3051.249662
24,17,2979.483753
24,19,2852.203911
24,20,2744.885098
24,21,2575.351305
25,15,3148.570741
25,16,3051.249662
25,17,2979.483753
25,19,2852.203911
25,20,2744.885098
25,21,2575.351305
26,15,3148.570741
26,16,3051.249662
26,17,2979.483753
26,19,2852.203911
26,20,2744.885098
26,21,2575.351305
27,15,3148.570741
27,16,3051.249662
27,17,2979.483753
27,19,2852.203911
27,20,2744.885098
27,21,2575.351305
28,15,3148.570741
28,16,3051.249662
28,17,2979.483753
28,19,2852.203911
28,20,2744.885098
28,21,2575.351305
29,15,3148.570741
29,16,3051.249662
29,17,2979.483753
29,19,2852.203911
29,20,2744.885098
29,21,2575.351305
30,15,3148.570741
30,16,3051.249662
30,17,2979.483753
30,19,2852.203911
30,20,2744.885098
30,21,2575.351305
31,15,3148.570741
31,16,3051.249662
31,17,2979.483753
31,19,2852.203911
31,20,2744.885098
31,21,2575.351305
32,13,3328.051981
32,15,3148.570741
32,16,3051.249662
32,17,2979.483753
32,19,2852.203911
32,20,2744.885098
32,21,2575.351305
33,13,3328.051981
33,15,3148.570741
33,16,3051.249662
33,17,2979.483753
33,19,2852.203911
33,20,2744.885098
33,21,2575.351305
34,13,3328.051981
34,15,3148.570741
34,16,3051.249662
34,17,2979.483753
34,19,2852.203911
34,20,2744.885098
34,21,2575.351305
35,13,3328.051981
35,15,3148.570741
35,16,3051.249662
35,17,2979.483753
35,19,2852.203911
35,20,2744.885098
35,21,2575.351305
36,13,3328.051981
36,15,3148.570741
36,16,3051.249662
36,17,2979.483753
36,19,2852.203911
36,20,2744.885098
36,21,2575.351305
37,13,3328.051981
37,15,3148.570741
37,16,3051.249662
37,17,2979.483753
37,19,2852.203911
37,20,2744.885098
37,21,2575.351305
38,13,3328.051981
38,15,3148.570741
38,16,3051.249662
38,17,2979.483753
38,19,2852.203911
38,20,2744.885098
38,21,2575.351305
39,13,3328.051981
39,15,3148.570741
39,16,3038.667679
39,17,2979.483753
39,19,2852.203911
39,20,2744.885098
39,21,2575.351305
40,13,3328.051981
40,15,3148.570741
40,16,3038.667679
40,17,2979.483753
40,19,2852.203911
40,20,2744.885098
40,21,2575.351305
41,13,3328.051981
41,15,3148.570741
41,16,3038.667679
41,17,2979.483753
41,19,2852.203911
41,20,2744.885098
41,21,2575.351305
42,13,3328.051981
42,15,3148.570741
42,16,3038.667679
42,17,2979.483753
42,19,2852.203911
42,20,2744.885098
42,21,2575.351305
43,13,3328.051981
43,15,3148.570741
43,16,3038.667679
43,17,2979.483753
43,19,2852.203911
43,20,2744.885098
43,21,2575.351305
44,13,3328.051981
44,15,3148.570741
44,16,3038.667679
44,17,2979.483753
44,19,2852.203911
44,20,2744.885098
44,21,2575.351305
45,13,3328.051981
45,15,3148.570741
45,16,3038.667679
45,17,2979.483753
45,19,2852.203911
45,20,2744.885098
45,21,2575.351305
46,13,3328.051981
46,15,3148.570741
46,16,3038.667679
46,17,2979.483753
46,19,2852.203911
46,20,2744.885098
46,21,2575.351305
47,13,3328.051981
47,15,3148.570741
47,16,3038.667679
47,17,2979.483753
47,19,2852.203911
47,20,2744.885098
47,21,2575.351305
48,13,3328.051981
48,15,3148.570741
48,16,3038.667679
48,17,2979.483753
48,19,2852.203911
48,20,2744.885098
48,21,2575.351305
49,13,3328.051981
49,15,3148.570741
49,16,3038.667679
49,17,2979.483753
49,19,2852.203911
49,20,2744.885098
49,21,2575.351305
50,13,3328.051981
50,15,3148.570741
50,16,3038.667679
50,17,2979.483753
50,19,2852.203911
50,20,2744.885098
50,21,2575.351305
51,13,3328.051981
51,15,3148.570741
51,16,3038.667679
51,17,2979.483753
51,19,2852.203911
51,20,2744.885098
51,21,2575.351305
52,13,3328.051981
52,14,3314.714421
52,15,3117.486743
52,16,3006.280447
52,17,2979.483753
52,19,2852.203911
52,20,2744.885098
52,21,2575.351305
53,13,3328.051981
53,14,3314.714421
53,15,3117.486743
53,16,3006.280447
53,17,2979.483753
53,19,2852.203911
53,20,2744.885098
53,21,2575.351305
54,13,3328.051981
54,14,3314.714421
54,15,3117.486743
54,16,3006.280447
54,17,2979.483753
54,19,2852.203911
54,20,2744.885098
54,21,2575.351305
55,13,3328.051981
55,14,3314.714421
55,15,3117.486743
55,16,3006.280447
55,17,2979.483753
55,19,2852.203911
55,20,2744.885098
55,21,2575.351305
56,13,3328.051981
56,14,3314.714421
56,15,3117.486743
56,16,3006.280447
56,17,2979.483753
56,19,2852.203911
56,20,2744.885098
56,21,2575.351305
57,13,3328.051981
57,14,3314.714421
57,15,3117.486743
57,16,3006.280447
57,17,2979.483753
57,19,2852.203911
57,20,2744.885098
57,21,2575.351305
58,13,3328.051981
58,14,3314.714421
58,15,3117.486743
58,16,3006.280447
58,17,2979.483753
58,19,2852.203911
58,20,2744.885098
58,21,2575.351305
59,13,3328.051981
59,14,3207.860899
59,15,3117.486743
59,16,3006.280447
59,17,2979.483753
59,19,2852.203911
59,20,2744.885098
59,21,2575.351305
60,13,3328.051981
60,14,3207.860899
60,15,3117.486743
60,16,3006.280447
60,17,2979.483753
60,19,2852.203911
60,20,2744.885098
60,21,2575.351305
61,13,3328.051981
61,14,3207.860899
61,15,3117.486743
61,16,3006.280447
61,17,2979.483753
61,19,2852.203911
61,20,2744.885098
61,21,2575.351305
62,13,3328.051981
62,14,3207.860899
62,15,3117.486743
62,16,3006.280447
62,17,2979.483753
62,19,2852.203911
62,20,2744.885098
62,21,2575.351305
63,13,3328.051981
63,14,3207.860899
63,15,3117.486743
63,16,3006.280447
63,17,2979.483753
63,19,2852.203911
63,20,2744.885098
63,21,2575.351305
64,13,3328.051981
64,14,3207.860899
64,15,3117.486743
64,16,3006.280447
64,17,2979.483753
64,19,2852.203911
64,20,2744.885098
64,21,2575.351305
65,13,3328.051981
65,14,3207.860899
65,15,3117.486743
65,16,3006.280447
65,17,2979.483753
65,19,2852.203911
65,20,2744.885098
65,21,2575.351305
66,13,3328.051981
66,14,3207.860899
66,15,3117.486743
66,16,3006.280447
66,17,2979.483753
66,19,2852.203911
66,20,2744.885098
66,21,2575.351305
67,13,3328.051981
67,14,3207.860899
67,15,3117.486743
67,16,3006.280447
67,17,2979.483753
67,19,2852.203911
67,20,2744.885098
67,21,2575.351305
68,13,3328.051981
68,14,3207.860899
68,15,3117.486743
68,16,3006.280447
68,17,2979.483753
68,18,2865.515615
68,19,2852.203911
68,20,2744.885098
68,21,2575.351305
69,13,3328.051981
69,14,3207.860899
69,15,3117.486743
69,16,3006.280447
69,17,2979.483753
69,18,2865.515615
69,19,2852.203911
69,20,2744.885098
69,21,2575.351305
70,13,3328.051981
70,14,3207.860899
70,15,3117.486743
70,16,3006.280447
70,17,2979.483753
70,18,2865.515615
70,19,2852.203911
70,20,2744.885098
70,21,2575.351305
71,13,3328.051981
71,14,3207.860899
71,15,3117.486743
71,16,3006.280447
71,17,2979.483753
71,18,2865.515615
71,19,2852.203911
71,20,2744.885098
71,21,2575.351305
72,13,3328.051981
72,14,3207.860899
72,15,3117.486743
72,16,3006.280447
72,17,2924.987296
72,18,2865.515615
72,19,2852.203911
72,20,2744.885098
72,21,2575.351305
73,13,3328.051981
73,14,3207.860899
73,15,3117.486743
73,16,3006.280447
73,17,2924.987296
73,18,2865.515615
73,19,2852.203911
73,20,2744.885098
73,21,2575.351305
74,13,3328.051981
74,14,3207.860899
74,15,3117.486743
74,16,3006.280447
74,17,2924.987296
74,18,2865.515615
74,19,2852.203911
74,20,2744.885098
74,21,2575.351305
75,13,3328.051981
75,14,3207.860899
75,15,3117.486743
75,16,3006.280447
75,17,2924.987296
75,18,2865.515615
75,19,2852.203911
75,20,2744.885098
75,21,2575.351305
76,13,3328.051981
76,14,3207.860899
76,15,3117.486743
76,16,3006.280447
76,17,2924.987296
76,18,2865.515615
76,19,2852.203911
76,20,2744.885098
76,21,2575.351305
77,13,3328.051981
77,14,3207.860899
77,15,3117.486743
77,16,3006.280447
77,17,2924.987296
77,18,2865.515615
77,19,2852.203911
77,20,2744.885098
77,21,2575.351305
78,13,3328.051981
78,14,3207.860899
78,15,3117.486743
78,16,3006.280447
78,17,2924.987296
78,18,2865.515615
78,19,2852.203911
78,20,2744.885098
78,21,2575.351305
79,13,3328.051981
79,14,3207.860899
79,15,3117.486743
79,16,3006.280447
79,17,2924.987296
79,18,2865.515615
79,19,2852.203911
79,20,2744.885098
79,21,2575.351305
80,13,3328.051981
80,14,3207.860899
80,15,3117.486743
80,16,3006.280447
80,17,2924.987296
80,18,2865.515615
80,19,2852.203911
80,20,2744.885098
80,21,2575.351305
81,13,3328.051981
81,14,3207.860899
81,15,3117.486743
81,16,3006.280447
81,17,2924.987296
81,18,2865.515615
81,19,2852.203911
81,20,2744.885098
81,21,2575.351305
82,13,3328.051981
82,14,3207.860899
82,15,3117.486743
82,16,3006.280447
82,17,2924.987296
82,18,2865.515615
82,19,2852.203911
82,20,2744.885098
82,21,2575.351305
83,13,3328.051981
83,14,3207.860899
83,15,3117.486743
83,16,3006.280447
83,17,2924.987296
83,18,2865.515615
83,19,2852.203911
83,20,2744.885098
83,21,2575.351305
84,13,3328.051981
84,14,3207.860899
84,15,3117.486743
84,16,3006.280447
84,17,2924.987296
84,18,2865.515615
84,19,2852.203911
84,20,2744.885098
84,21,2575.351305
85,13,3328.051981
85,14,3207.860899
85,15,3117.486743
85,16,3006.280447
85,17,2924.987296
85,18,2865.515615
85,19,2852.203911
85,20,2744.885098
85,21,2575.351305
86,13,3328.051981
86,14,3207.860899
86,15,3117.486743
86,16,3006.280447
86,17,2924.987296
86,18,2865.515615
86,19,2852.203911
86,20,2720.599093
86,21,2575.351305
87,13,3328.051981
87,14,3207.860899
87,15,3117.486743
87,16,3006.280447
87,17,2924.987296
87,18,2865.515615
87,19,2852.203911
87,20,2720.599093
87,21,2575.351305
88,13,3328.051981
88,14,3207.860899
88,15,3117.486743
88,16,3006.280447
88,17,2924.987296
88,18,2865.515615
88,19,2852.203911
88,20,2720.599093
88,21,2575.351305
89,13,3328.051981
89,14,3207.860899
89,15,3117.486743
89,16,3006.280447
89,17,2924.987296
89,18,2865.515615
89,19,2852.203911
89,20,2720.599093
89,21,2575.351305
90,13,3328.051981
90,14,3207.860899
90,15,3117.486743
90,16,3006.280447
90,17,2924.987296
90,18,2865.515615
90,19,2852.203911
90,20,2720.599093
90,21,2575.351305
91,13,3328.051981
91,14,3207.860899
91,15,3117.486743
91,16,3006.280447
91,17,2924.987296
91,18,2865.515615
91,19,2852.203911
91,20,2720.599093
91,21,2575.351305
92,13,3328.051981
92,14,3207.860899
92,15,3117.486743
92,16,3006.280447
92,17,2924.987296
92,18,2865.515615
92,19,2852.203911
92,20,2720.599093
92,21,2575.351305
93,13,3328.051981
93,14,3207.860899
93,15,3117.486743
93,16,3006.280447
93,17,2924.987296
93,18,2865.515615
93,19,2852.203911
93,20,2720.599093
93,21,2575.351305
94,13,3328.051981
94,14,3207.860899
94,15,3117.486743
94,16,3006.280447
94,17,2924.987296
94,18,2865.515615
94,19,2852.203911
94,20,2720.599093
94,21,2575.351305
95,13,3328.051981
95,14,3207.860899
95,15,3117.486743
95,16,3006.280447
95,17,2924.987296
95,18,2865.515615
95,19,2852.203911
95,20,2720.599093
95,21,2575.351305
96,13,3328.051981
96,14,3207.860899
96,15,3117.486743
96,16,3006.280447
96,17,2924.987296
96,18,2865.515615
96,19,2852.203911
96,20,2720.599093
96,21,2575.351305
97,13,3328.051981
97,14,3207.860899
97,15,3117.486743
97,16,3006.280447
97,17,2924.987296
97,18,2865.515615
97,19,2852.203911
97,20,2720.599093
97,21,2575.351305
98,13,3328.051981
98,14,3207.860899
98,15,3117.486743
98,16,3006.280447
98,17,2924.987296
98,18,2865.515615
98,19,2852.203911
98,20,2720.599093
98,21,2575.351305
99,13,3328.051981
99,14,3207.860899
99,15,3117.486743
99,16,3006.280447
99,17,2924.987296
99,18,2865.515615
99,19,2852.203911
99,20,2720.599093
99,21,2575.351305
100,13,3328.051981
100,14,3207.860899
100,15,3117.486743
100,16,3006.280447
100,17,2924.987296
100,18,2865.515615
100,19,2852.203911
100,20,2720.599093
100,21,2575.351305
101,13,3328.051981
101,14,3207.860899
101,15,3117.486743
101,16,3006.280447
101,17,2924.987296
101,18,2865.515615
101,19,2852.203911
101,20,2720.599093
101,21,2575.351305
102,13,3328.051981
102,14,3207.860899
102,15,3117.486743
102,16,3006.280447
102,17,2924.987296
102,18,2865.515615
102,19,2852.203911
102,20,2720.599093
102,21,2575.351305
103,13,3328.051981
103,14,3207.860899
103,15,3117.486743
103,16,3006.280447
103,17,2924.987296
103,18,2865.515615
103,19,2852.203911
103,20,2720.599093
103,21,2575.351305
104,13,3328.051981
104,14,2969.902706
104,17,2924.987296
104,18,2865.515615
104,19,2852.203911
104,20,2720.599093
104,21,2575.351305
105,13,3328.051981
105,14,2969.902706
105,17,2924.987296
105,18,2865.515615
105,19,2852.203911
105,20,2720.599093
105,21,2575.351305
106,13,3328.051981
106,14,2969.902706
106,17,2924.987296
106,18,2865.515615
106,19,2852.203911
106,20,2720.599093
106,21,2575.351305
107,13,3328.051981
107,14,2969.902706
107,17,2924.987296
107,18,2865.515615
107,19,2852.203911
107,20,2720.599093
107,21,2575.351305
108,13,3328.051981
108,14,2969.902706
108,17,2924.987296
108,18,2865.515615
108,19,2852.203911
108,20,2720.599093
108,21,2575.351305
109,13,3328.051981
109,14,2969.902706
109,17,2924.987296
109,18,2865.515615
109,19,2852.203911
109,20,2720.599093
109,21,2575.351305
110,13,3328.051981
110,14,2969.902706
110,17,2924.987296
110,18,2865.515615
110,19,2852.203911
110,20,2720.599093
110,21,2575.351305
111,13,3328.051981
111,14,2969.902706
111,17,2924.987296
111,18,2865.515615
111,19,2852.203911
111,20,2720.599093
111,21,2575.351305
112,13,3328.051981
112,14,2969.902706
112,17,2924.987296
112,18,2865.515615
112,19,2852.203911
112,20,2720.599093
112,21,2575.351305
113,13,3328.051981
113,14,2969.902706
113,17,2924.987296
113,18,2865.515615
113,19,2852.203911
113,20,2720.599093
113,21,2575.351305
114,13,3328.051981
114,14,2969.902706
114,17,2924.987296
114,18,2865.515615
114,19,2852.203911
114,20,2720.599093
114,21,2575.351305
115,13,3328.051981
115,14,2969.902706
115,17,2924.987296
115,18,2865.515615
115,19,2852.203911
115,20,2720.599093
115,21,2575.351305
116,13,3328.051981
116,14,2969.902706
116,17,2924.987296
116,18,2865.515615
116,19,2852.203911
116,20,2720.599093
116,21,2575.351305
117,13,3328.051981
117,14,2969.902706
117,17,2924.987296
117,18,2865.515615
117,19,2852.203911
117,20,2720.599093
117,21,2575.351305
118,13,3328.051981
118,14,2969.902706
118,17,2924.987296
118,18,2865.515615
118,19,2852.203911
118,20,2720.599093
118,21,2575.351305
119,13,3328.051981
119,14,2969.902706
119,17,2924.987296
119,18,2865.515615
119,19,2852.203911
119,20,2720.599093
119,21,2575.351305
120,13,3328.051981
120,14,2969.902706
120,17,2924.987296
120,18,2865.515615
120,19,2852.203911
120,20,2720.599093
120,21,2575.351305
121,13,3328.051981
121,14,2969.902706
121,17,2924.987296
121,18,2865.515615
121,19,2826.699169
121,20,2720.599093
121,21,2575.351305
122,13,3328.051981
122,14,2969.902706
122,17,2924.987296
122,18,2865.515615
122,19,2826.699169
122,20,2720.599093
122,21,2575.351305
123,13,3328.051981
123,14,2969.902706
123,17,2924.987296
123,18,2865.515615
123,19,2826.699169
123,20,2720.599093
123,21,2575.351305
124,13,3328.051981
124,14,2969.902706
124,17,2924.987296
124,18,2865.515615
124,19,2826.699169
124,20,2720.599093
124,21,2575.351305
125,13,3328.051981
125,14,2969.902706
125,17,2924.987296
125,18,2865.515615
125,19,2826.699169
125,20,2720.599093
125,21,2575.351305
126,13,3328.051981
126,14,2969.902706
126,17,2924.987296
126,18,2865.515615
126,19,2826.699169
126,20,2720.599093
126,21,2575.351305
127,13,3328.051981
127,14,2969.902706
127,17,2924.987296
127,18,2865.515615
127,19,2826.699169
127,20,2720.599093
127,21,2575.351305
128,13,3328.051981
128,14,2969.902706
128,17,2924.987296
128,18,2865.515615
128,19,2826.699169
128,20,2720.599093
128,21,2575.351305
129,13,3328.051981
129,14,2969.902706
129,17,2924.987296
129,18,2865.515615
129,19,2826.699169
129,20,2720.599093
129,21,2575.351305
130,13,3328.051981
130,14,2969.902706
130,17,2924.987296
130,18,2865.515615
130,19,2826.699169
130,20,2720.599093
130,21,2575.351305
131,13,3328.051981
131,14,2969.902706
131,17,2924.987296
131,18,2865.515615
131,19,2826.699169
131,20,2720.599093
131,21,2575.351305
132,13,3328.051981
132,14,2969.902706
132,17,2924.987296
132,18,2865.515615
132,19,2826.699169
132,20,2720.599093
132,21,2575.351305
133,13,3328.051981
133,14,2969.902706
133,17,2924.987296
133,18,2865.515615
133,19,2826.699169
133,20,2720.599093
133,21,2575.351305
134,13,3328.051981
134,14,2969.902706
134,17,2924.987296
134,18,2865.515615
134,19,2826.699169
134,20,2720.599093
134,21,2575.351305
135,13,3328.051981
135,14,2969.902706
135,17,2924.987296
135,18,2865.515615
135,19,2826.699169
135,20,2720.599093
135,21,2575.351305
136,13,3328.051981
136,14,2969.902706
136,17,2924.987296
136,18,2865.515615
136,19,2826.699169
136,20,2720.599093
136,21,2575.351305
137,13,3328.051981
137,14,2969.902706
137,17,2924.987296
137,18,2865.515615
137,19,2826.699169
137,20,2720.599093
137,21,2575.351305
138,13,3328.051981
138,14,2969.902706
138,17,2924.987296
138,18,2865.515615
138,19,2826.699169
138,20,2720.599093
138,21,2575.351305
139,13,3328.051981
139,14,2969.902706
139,17,2924.987296
139,18,2865.515615
139,19,2826.699169
139,20,2720.599093
139,21,2575.351305
140,13,3328.051981
140,14,2969.902706
140,17,2924.987296
140,18,2865.515615
140,19,2826.699169
140,20,2720.599093
140,21,2575.351305
141,13,3328.051981
141,14,2969.902706
141,17,2924.987296
141,18,2865.515615
141,19,2826.699169
141,20,2720.599093
141,21,2575.351305
142,13,3328.051981
142,14,2969.902706
142,17,2924.987296
142,18,2865.515615
142,19,2826.699169
142,20,2720.599093
142,21,2575.351305
143,13,3328.051981
143,14,2969.902706
143,17,2924.987296
143,18,2865.515615
143,19,2826.699169
143,20,2720.599093
143,21,2575.351305
144,13,3328.051981
144,14,2969.902706
144,17,2924.987296
144,18,2865.515615
144,19,2742.037534
144,20,2720.599093
144,21,2575.351305
145,13,3328.051981
145,14,2969.902706
145,17,2924.987296
145,18,2865.515615
145,19,2742.037534
145,20,2720.599093
145,21,2575.351305
146,13,3328.051981
146,14,2969.902706
146,17,2924.987296
146,18,2865.515615
146,19,2742.037534
146,20,2720.599093
146,21,2575.351305
147,13,3328.051981
147,14,2969.902706
147,17,2924.987296
147,18,2865.515615
147,19,2742.037534
147,20,2720.599093
147,21,2575.351305
148,13,3328.051981
148,14,2969.902706
148,17,2924.987296
148,18,2865.515615
148,19,2742.037534
148,20,2720.599093
148,21,2575.351305
149,13,3328.051981
149,14,2969.902706
149,17,2924.987296
149,18,2865.515615
149,19,2742.037534
149,20,2720.599093
149,21,2575.351305
150,13,3328.051981
150,14,2969.902706
150,17,2924.987296
150,18,2865.515615
150,19,2742.037534
150,20,2720.599093
150,21,2575.351305
151,13,3328.051981
151,14,2969.902706
151,17,2924.987296
151,18,2865.515615
151,19,2742.037534
151,20,2720.599093
151,21,2575.351305
152,13,3328.051981
152,14,2969.902706
152,17,2924.987296
152,18,2865.515615
152,19,2742.037534
152,20,2720.599093
152,21,2575.351305
153,13,3328.051981
153,14,2969.902706
153,17,2924.987296
153,18,2865.515615
153,19,2742.037534
153,20,2720.599093
153,21,2575.351305
154,13,3328.051981
154,14,2969.902706
154,17,2924.987296
154,18,2865.515615
154,19,2742.037534
154,20,2720.599093
154,21,2575.351305
155,13,3328.051981
155,14,2969.902706
155,17,2924.987296
155,18,2865.515615
155,19,2742.037534
155,20,2720.599093
155,21,2575.351305
156,13,3328.051981
156,14,2969.902706
156,17,2924.987296
156,18,2865.515615
156,19,2742.037534
156,20,2720.599093
156,21,2575.351305
157,13,3328.051981
157,14,2969.902706
157,17,2924.987296
157,18,2865.515615
157,19,2742.037534
157,20,2720.599093
157,21,2575.351305
158,13,3328.051981
158,14,2969.902706
158,17,2924.987296
158,18,2865.515615
158,19,2742.037534
158,20,2720.599093
158,21,2575.351305
159,13,3328.051981
159,14,2969.902706
159,17,2924.987296
159,18,2865.515615
159,19,2742.037534
159,20,2720.599093
159,21,2575.351305
160,13,3328.051981
160,14,2969.902706
160,17,2924.987296
160,18,2865.515615
160,19,2742.037534
160,20,2720.599093
160,21,2575.351305
161,13,3328.051981
161,14,2969.902706
161,17,2924.987296
161,18,2865.515615
161,19,2742.037534
161,20,2720.599093
161,21,2575.351305
162,13,3328.051981
162,14,2969.902706
162,17,2924.987296
162,18,2865.515615
162,19,2742.037534
162,20,2720.599093
162,21,2575.351305
163,13,3328.051981
163,14,2969.902706
163,17,2924.987296
163,18,2865.515615
163,19,2742.037534
163,20,2720.599093
163,21,2575.351305
164,13,3328.051981
164,14,2969.902706
164,17,2924.987296
164,18,2865.515615
164,19,2742.037534
164,20,2720.599093
164,21,2575.351305
165,13,3328.051981
165,14,2969.902706
165,17,2924.987296
165,18,2865.515615
165,19,2742.037534
165,20,2720.599093
165,21,2575.351305
166,13,3328.051981
166,14,2969.902706
166,17,2924.987296
166,18,2865.515615
166,19,2742.037534
166,20,2720.599093
166,21,2575.351305
167,13,3328.051981
167,14,2969.902706
167,17,2924.987296
167,18,2865.515615
167,19,2742.037534
167,20,2720.599093
167,21,2575.351305
168,13,3328.051981
168,14,2969.902706
168,17,2924.987296
168,18,2865.515615
168,19,2742.037534
168,20,2720.599093
168,21,2575.351305
169,13,3328.051981
169,14,2969.902706
169,17,2924.987296
169,18,2865.515615
169,19,2742.037534
169,20,2720.599093
169,21,2575.351305
170,13,3328.051981
170,14,2969.902706
170,17,2924.987296
170,18,2865.515615
170,19,2742.037534
170,20,2720.599093
170,21,2575.351305
171,13,3328.051981
171,14,2969.902706
171,17,2924.987296
171,18,2865.515615
171,19,2742.037534
171,20,2720.599093
171,21,2575.351305
172,13,3328.051981
172,14,2969.902706
172,17,2924.987296
172,18,2865.515615
172,19,2742.037534
172,20,2720.599093
172,21,2575.351305
173,13,3328.051981
173,14,2969.902706
173,17,2924.987296
173,18,2865.515615
173,19,2742.037534
173,20,2720.599093
173,21,2575.351305
174,13,3328.051981
174,14,2969.902706
174,17,2924.987296
174,18,2865.515615
174,19,2742.037534
174,20,2720.599093
174,21,2575.351305
175,13,3328.051981
175,14,2969.902706
175,17,2924.987296
175,18,2865.515615
175,19,2742.037534
175,20,2720.599093
175,21,2575.351305
176,13,3328.051981
176,14,2969.902706
176,17,2924.987296
176,18,2865.515615
176,19,2742.037534
176,20,2720.599093
176,21,2575.351305
177,13,3328.051981
177,14,2969.902706
177,17,2924.987296
177,18,2865.515615
177,19,2742.037534
177,20,2720.599093
177,21,2575.351305
178,13,3328.051981
178,14,2969.902706
178,17,2924.987296
178,18,2865.515615
178,19,2742.037534
178,20,2720.599093
178,21,2575.351305
179,13,3328.051981
179,14,2969.902706
179,17,2924.987296
179,18,2865.515615
179,19,2742.037534
179,20,2720.599093
179,21,2575.351305
180,13,3328.051981
180,14,2969.902706
180,17,2924.987296
180,18,2865.515615
180,19,2742.037534
180,20,2720.599093
180,21,2575.351305
181,13,3328.051981
181,14,2969.902706
181,17,2924.987296
181,18,2865.515615
181,19,2742.037534
181,20,2720.599093
181,21,2575.351305
182,13,3328.051981
182,14,2969.902706
182,17,2924.987296
182,18,2865.515615
182,19,2742.037534
182,20,2720.599093
182,21,2575.351305
183,13,3328.051981
183,14,2969.902706
183,17,2924.987296
183,18,2865.515615
183,19,2742.037534
183,20,2720.599093
183,21,2575.351305
184,13,3328.051981
184,14,2969.902706
184,17,2924.987296
184,18,2865.515615
184,19,2742.037534
184,20,2720.599093
184,21,2575.351305
185,13,3328.051981
185,14,2969.902706
185,17,2924.987296
185,18,2865.515615
185,19,2742.037534
185,20,2720.599093
185,21,2575.351305
186,13,3328.051981
186,14,2969.902706
186,17,2924.987296
186,18,2865.515615
186,19,2742.037534
186,20,2720.599093
186,21,2575.351305
187,13,3328.051981
187,14,2969.902706
187,17,2924.987296
187,18,2865.515615
187,19,2742.037534
187,20,2720.599093
187,21,2575.351305
188,13,3328.051981
188,14,2969.902706
188,17,2924.987296
188,18,2865.515615
188,19,2742.037534
188,20,2720.599093
188,21,2575.351305
189,13,3328.051981
189,14,2969.902706
189,17,2924.987296
189,18,2865.515615
189,19,2742.037534
189,20,2720.599093
189,21,2575.351305
190,13,3328.051981
190,14,2969.902706
190,17,2924.987296
190,18,2865.515615
190,19,2742.037534
190,20,2720.599093
190,21,2575.351305
191,13,3328.051981
191,14,2969.902706
191,17,2924.987296
191,18,2865.515615
191,19,2742.037534
191,20,2720.599093
191,21,2575.351305
192,13,3328.051981
192,14,2969.902706
192,17,2924.987296
192,18,2865.515615
192,19,2742.037534
192,20,2720.599093
192,21,2575.351305
193,13,3328.051981
193,14,2969.902706
193,17,2924.987296
193,18,2865.515615
193,19,2742.037534
193,20,2720.599093
193,21,2575.351305
194,13,3328.051981
194,14,2969.902706
194,17,2924.987296
194,18,2865.515615
194,19,2742.037534
194,20,2720.599093
194,21,2575.351305
195,13,3328.051981
195,14,2969.902706
195,17,2924.987296
195,18,2865.515615
195,19,2742.037534
195,20,2720.599093
195,21,2575.351305
196,13,3328.051981
196,14,2969.902706
196,17,2924.987296
196,18,2865.515615
196,19,2742.037534
196,20,2720.599093
196,21,2575.351305
197,13,3328.051981
197,14,2969.902706
197,17,2924.987296
197,18,2865.515615
197,19,2742.037534
197,20,2720.599093
197,21,2575.351305
198,13,3328.051981
198,14,2969.902706
198,17,2924.987296
198,18,2865.515615
198,19,2742.037534
198,20,2720.599093
198,21,2575.351305
199,13,3328.051981
199,14,2969.902706
199,17,2924.987296
199,18,2865.515615
199,19,2742.037534
199,20,2720.599093
199,21,2575.351305
200,13,3328.051981
200,14,2969.902706
200,17,2924.987296
200,18,2865.515615
200,19,2742.037534
200,20,2720.599093
200,21,2575.351305
201,13,3328.051981
201,14,2969.902706
201,17,2924.987296
201,18,2865.515615
201,19,2742.037534
201,20,2720.599093
201,21,2575.351305
202,13,3328.051981
202,14,2969.902706
202,17,2924.987296
202,18,2865.515615
202,19,2742.037534
202,20,2720.599093
202,21,2575.351305
203,13,3328.051981
203,14,2969.902706
203,17,2924.987296
203,18,2865.515615
203,19,2742.037534
203,20,2720.599093
203,21,2575.351305
204,13,3328.051981
204,14,2969.902706
204,17,2924.987296
204,18,2865.515615
204,19,2742.037534
204,20,2720.599093
204,21,2575.351305
205,13,3328.051981
205,14,2969.902706
205,17,2924.987296
205,18,2865.515615
205,19,2742.037534
205,20,2720.599093
205,21,2575.351305
206,13,3328.051981
206,14,2969.902706
206,17,2924.987296
206,18,2865.515615
206,19,2742.037534
206,20,2720.599093
206,21,2575.351305
207,13,3328.051981
207,14,2969.902706
207,17,2924.987296
207,18,2865.515615
207,19,2742.037534
207,20,2720.599093
207,21,2575.351305
208,13,3328.051981
208,14,2969.902706
208,17,2924.987296
208,18,2865.515615
208,19,2742.037534
208,20,2720.599093
208,21,2575.351305
209,13,3328.051981
209,14,2969.902706
209,17,2924.987296
209,18,2865.515615
209,19,2742.037534
209,20,2720.599093
209,21,2575.351305
210,13,3328.051981
210,14,2969.902706
210,17,2924.987296
210,18,2865.515615
210,19,2742.037534
210,20,2720.599093
210,21,2575.351305
211,13,3328.051981
211,14,2969.902706
211,17,2924.987296
211,18,2865.515615
211,19,2742.037534
211,20,2720.599093
211,21,2575.351305
212,13,3328.051981
212,14,2969.902706
212,17,2924.987296
212,18,2865.515615
212,19,2742.037534
212,20,2720.599093
212,21,2575.351305
213,13,3328.051981
213,14,2969.902706
213,17,2924.987296
213,18,2865.515615
213,19,2742.037534
213,20,2720.599093
213,21,2575.351305
214,13,3328.051981
214,14,2969.902706
214,17,2924.987296
214,18,2865.515615
214,19,2742.037534
214,20,2720.599093
214,21,2575.351305
215,13,3328.051981
215,14,2969.902706
215,17,2924.987296
215,18,2865.515615
215,19,2742.037534
215,20,2720.599093
215,21,2575.351305
216,13,3328.051981
216,14,2969.902706
216,17,2924.987296
216,18,2865.515615
216,19,2742.037534
216,20,2720.599093
216,21,2575.351305
217,13,3328.051981
217,14,2969.902706
217,17,2924.987296
217,18,2865.515615
217,19,2742.037534
217,20,2720.599093
217,21,2575.351305
218,13,3328.051981
218,14,2969.902706
218,17,2924.987296
218,18,2865.515615
218,19,2742.037534
218,20,2720.599093
218,21,2575.351305
219,13,3328.051981
219,14,2969.902706
219,17,2924.987296
219,18,2865.515615
219,19,2742.037534
219,20,2720.599093
219,21,2575.351305
220,13,3328.051981
220,14,2969.902706
220,17,2924.987296
220,18,2865.515615
220,19,2742.037534
220,20,2720.599093
220,21,2575.351305
221,13,3328.051981
221,14,2969.902706
221,17,2924.987296
221,18,2865.515615
221,19,2742.037534
221,20,2720.599093
221,21,2575.351305
222,13,3328.051981
222,14,2969.902706
222,17,2924.987296
222,18,2865.515615
222,19,2742.037534
222,20,2720.599093
222,21,2575.351305
223,13,3328.051981
223,14,2969.902706
223,17,2924.987296
223,18,2865.515615
223,19,2742.037534
223,20,2720.599093
223,21,2575.351305
224,13,3328.051981
224,14,2969.902706
224,17,2795.592908
224,19,2742.037534
224,20,2720.599093
224,21,2575.351305
225,13,3328.051981
225,14,2969.902706
225,17,2795.592908
225,19,2742.037534
225,20,2720.599093
225,21,2575.351305
226,13,3328.051981
226,14,2969.902706
226,17,2795.592908
226,19,2742.037534
226,20,2720.599093
226,21,2575.351305
227,13,3328.051981
227,14,2969.902706
227,17,2795.592908
227,19,2742.037534
227,20,2720.599093
227,21,2575.351305
228,13,3328.051981
228,14,2969.902706
228,17,2795.592908
228,19,2742.037534
228,20,2720.599093
228,21,2575.351305
229,13,3328.051981
229,14,2969.902706
229,17,2795.592908
229,19,2742.037534
229,20,2720.599093
229,21,2575.351305
230,13,3328.051981
230,14,2969.902706
230,17,2795.592908
230,19,2742.037534
230,20,2720.599093
230,21,2575.351305
231,13,3328.051981
231,14,2969.902706
231,17,2795.592908
231,19,2742.037534
231,20,2720.599093
231,21,2575.351305
232,13,3328.051981
232,14,2969.902706
232,17,2795.592908
232,19,2742.037534
232,20,2720.599093
232,21,2575.351305
233,13,3328.051981
233,14,2969.902706
233,17,2795.592908
233,19,2742.037534
233,20,2720.599093
233,21,2575.351305
234,13,3328.051981
234,14,2969.902706
234,17,2795.592908
234,19,2742.037534
234,20,2720.599093
234,21,2575.351305
235,13,3328.051981
235,14,2969.902706
235,17,2795.592908
235,19,2742.037534
235,20,2720.599093
235,21,2575.351305
236,13,3328.051981
236,14,2969.902706
236,17,2795.592908
236,19,2742.037534
236,20,2720.599093
236,21,2575.351305
237,13,3328.051981
237,14,2969.902706
237,17,2795.592908
237,19,2742.037534
237,20,2720.599093
237,21,2575.351305
238,13,3328.051981
238,14,2969.902706
238,17,2795.592908
238,19,2742.037534
238,20,2720.599093
238,21,2575.351305
239,13,3328.051981
239,14,2969.902706
239,17,2795.592908
239,19,2742.037534
239,20,2720.599093
239,21,2575.351305
240,13,3328.051981
240,14,2969.902706
240,17,2795.592908
240,19,2742.037534
240,20,2720.599093
240,21,2575.351305
241,13,3328.051981
241,14,2969.902706
241,17,2795.592908
241,19,2742.037534
241,20,2720.599093
241,21,2575.351305
242,13,3328.051981
242,14,2969.902706
242,17,2795.592908
242,19,2742.037534
242,20,2720.599093
242,21,2575.351305
243,13,3328.051981
243,14,2969.902706
243,17,2795.592908
243,19,2742.037534
243,20,2720.599093
243,21,2575.351305
244,13,3328.051981
244,14,2969.902706
244,17,2795.592908
244,19,2742.037534
244,20,2720.599093
244,21,2575.351305
245,13,3328.051981
245,14,2969.902706
245,17,2795.592908
245,19,2742.037534
245,20,2720.599093
245,21,2575.351305
246,13,3328.051981
246,14,2969.902706
246,17,2795.592908
246,19,2742.037534
246,20,2720.599093
246,21,2575.351305
247,13,3328.051981
247,14,2969.902706
247,17,2795.592908
247,19,2742.037534
247,20,2720.599093
247,21,2575.351305
248,13,3328.051981
248,14,2969.902706
248,17,2795.592908
248,19,2742.037534
248,20,2720.599093
248,21,2575.351305
249,13,3328.051981
249,14,2969.902706
249,17,2795.592908
249,19,2742.037534
249,20,2720.599093
249,21,2575.351305
250,13,3328.051981
250,14,2969.902706
250,17,2795.592908
250,19,2742.037534
250,20,2720.599093
250,21,2575.351305
251,13,3328.051981
251,14,2969.902706
251,17,2795.592908
251,19,2742.037534
251,20,2720.599093
251,21,2575.351305
252,13,3328.051981
252,14,2969.902706
252,17,2795.592908
252,19,2742.037534
252,20,2720.599093
252,21,2575.351305
253,13,3328.051981
253,14,2969.902706
253,17,2795.592908
253,19,2742.037534
253,20,2720.599093
253,21,2575.351305
254,13,3328.051981
254,14,2969.902706
254,17,2795.592908
254,19,2742.037534
254,20,2720.599093
254,21,2575.351305
255,13,3328.051981
255,14,2969.902706
255,17,2795.592908
255,19,2742.037534
255,20,2720.599093
255,21,2575.351305
256,13,3328.051981
256,14,2969.902706
256,17,2795.592908
256,19,2742.037534
256,20,2720.599093
256,21,2575.351305
257,13,3328.051981
257,14,2969.902706
257,17,2795.592908
257,19,2742.037534
257,20,2720.599093
257,21,2575.351305
258,13,3328.051981
258,14,2969.902706
258,17,2795.592908
258,19,2742.037534
258,20,2720.599093
258,21,2575.351305
259,13,3328.051981
259,14,2969.902706
259,17,2795.592908
259,19,2742.037534
259,20,2720.599093
259,21,2575.351305
260,13,3328.051981
260,14,2969.902706
260,17,2795.592908
260,19,2742.037534
260,20,2720.599093
260,21,2575.351305
261,13,3328.051981
261,14,2969.902706
261,17,2795.592908
261,19,2742.037534
261,20,2720.599093
261,21,2575.351305
262,13,3328.051981
262,14,2969.902706
262,17,2795.592908
262,19,2742.037534
262,20,2720.599093
262,21,2575.351305
263,13,3328.051981
263,14,2969.902706
263,17,2795.592908
263,19,2742.037534
263,20,2720.599093
263,21,2575.351305
264,13,3328.051981
264,14,2969.902706
264,17,2795.592908
264,19,2742.037534
264,20,2720.599093
264,21,2575.351305
265,13,3328.051981
265,14,2969.902706
265,17,2795.592908
265,19,2742.037534
265,20,2720.599093
265,21,2575.351305
266,13,3328.051981
266,14,2969.902706
266,17,2795.592908
266,19,2742.037534
266,20,2720.599093
266,21,2575.351305
267,13,3328.051981
267,14,2969.902706
267,17,2795.592908
267,19,2742.037534
267,20,2720.599093
267,21,2575.351305
268,13,3328.051981
268,14,2969.902706
268,17,2795.592908
268,19,2742.037534
268,20,2720.599093
268,21,2575.351305
269,13,3328.051981
269,14,2969.902706
269,17,2795.592908
269,19,2742.037534
269,20,2720.599093
269,21,2575.351305
270,13,3328.051981
270,14,2969.902706
270,17,2795.592908
270,19,2742.037534
270,20,2720.599093
270,21,2575.351305
271,13,3328.051981
271,14,2969.902706
271,17,2795.592908
271,19,2742.037534
271,20,2720.599093
271,21,2575.351305
272,13,3328.051981
272,14,2969.902706
272,17,2795.592908
272,19,2742.037534
272,20,2720.599093
272,21,2575.351305
273,13,3328.051981
273,14,2969.902706
273,17,2795.592908
273,19,2742.037534
273,20,2720.599093
273,21,2575.351305
274,13,3328.051981
274,14,2969.902706
274,17,2795.592908
274,19,2742.037534
274,20,2720.599093
274,21,2575.351305
275,13,3328.051981
275,14,2969.902706
275,17,2795.592908
275,19,2742.037534
275,20,2720.599093
275,21,2575.351305
276,13,3328.051981
276,14,2969.902706
276,17,2795.592908
276,19,2742.037534
276,20,2720.599093
276,21,2575.351305
277,13,3328.051981
277,14,2969.902706
277,17,2795.592908
277,19,2742.037534
277,20,2720.599093
277,21,2575.351305
278,13,3328.051981
278,14,2969.902706
278,17,2795.592908
278,19,2742.037534
278,20,2720.599093
278,21,2575.351305
279,13,3328.051981
279,14,2969.902706
279,17,2795.592908
279,19,2742.037534
279,20,2720.599093
279,21,2575.351305
280,13,3328.051981
280,14,2969.902706
280,17,2795.592908
280,19,2742.037534
280,20,2720.599093
280,21,2575.351305
281,13,3328.051981
281,14,2969.902706
281,17,2795.592908
281,19,2742.037534
281,20,2720.599093
281,21,2575.351305
282,13,3328.051981
282,14,2969.902706
282,17,2795.592908
282,19,2742.037534
282,20,2720.599093
282,21,2575.351305
283,13,3328.051981
283,14,2969.902706
283,17,2795.592908
283,19,2742.037534
283,20,2720.599093
283,21,2575.351305
284,13,3328.051981
284,14,2969.902706
284,17,2795.592908
284,19,2742.037534
284,20,2720.599093
284,21,2575.351305
285,13,3328.051981
285,14,2969.902706
285,17,2795.592908
285,19,2742.037534
285,20,2720.599093
285,21,2575.351305
286,13,3328.051981
286,14,2969.902706
286,17,2795.592908
286,19,2742.037534
286,20,2720.599093
286,21,2575.351305
287,13,3328.051981
287,14,2969.902706
287,17,2795.592908
287,19,2742.037534
287,20,2720.599093
287,21,2575.351305
288,13,3328.051981
288,14,2969.902706
288,17,2795.592908
288,19,2742.037534
288,20,2720.599093
288,21,2575.351305
289,13,3328.051981
289,14,2969.902706
289,17,2795.592908
289,19,2742.037534
289,20,2720.599093
289,21,2575.351305
290,13,3328.051981
290,14,2969.902706
290,17,2795.592908
290,19,2742.037534
290,20,2720.599093
290,21,2575.351305
291,13,3328.051981
291,14,2969.902706
291,17,2795.592908
291,19,2742.037534
291,20,2720.599093
291,21,2575.351305
292,13,3328.051981
292,14,2969.902706
292,17,2795.592908
292,19,2742.037534
292,20,2720.599093
292,21,2575.351305
293,13,3328.051981
293,14,2969.902706
293,17,2795.592908
293,19,2742.037534
293,20,2720.599093
293,21,2575.351305
294,13,3328.051981
294,14,2969.902706
294,17,2795.592908
294,19,2742.037534
294,20,2720.599093
294,21,2575.351305
295,13,3328.051981
295,14,2969.902706
295,17,2795.592908
295,19,2742.037534
295,20,2720.599093
295,21,2575.351305
296,13,3328.051981
296,14,2969.902706
296,17,2795.592908
296,19,2742.037534
296,20,2720.599093
296,21,2575.351305
297,13,3328.051981
297,14,2969.902706
297,17,2795.592908
297,19,2742.037534
297,20,2720.599093
297,21,2575.351305
298,13,3328.051981
298,14,2969.902706
298,17,2795.592908
298,19,2742.037534
298,20,2720.599093
298,21,2575.351305
299,13,3328.051981
299,14,2969.902706
299,17,2795.592908
299,19,2742.037534
299,20,2720.599093
299,21,2575.351305
300,13,3328.051981
300,14,2969.902706
300,17,2795.592908
300,19,2742.037534
300,20,2720.599093
300,21,2575.351305
301,13,3328.051981
301,14,2969.902706
301,17,2795.592908
301,19,2742.037534
301,20,2720.599093
301,21,2575.351305
302,13,3328.051981
302,14,2969.902706
302,17,2795.592908
302,19,2742.037534
302,20,2720.599093
302,21,2575.351305
303,13,3328.051981
303,14,2969.902706
303,17,2795.592908
303,19,2742.037534
303,20,2720.599093
303,21,2575.351305
304,13,3328.051981
304,14,2969.902706
304,17,2795.592908
304,19,2742.037534
304,20,2720.599093
304,21,2575.351305
305,13,3328.051981
305,14,2969.902706
305,17,2795.592908
305,19,2742.037534
305,20,2720.599093
305,21,2575.351305
306,13,3328.051981
306,14,2969.902706
306,17,2795.592908
306,19,2742.037534
306,20,2720.599093
306,21,2575.351305
307,13,3328.051981
307,14,2969.902706
307,17,2795.592908
307,19,2742.037534
307,20,2720.599093
307,21,2575.351305
308,13,3328.051981
308,14,2969.902706
308,17,2795.592908
308,19,2742.037534
308,20,2720.599093
308,21,2575.351305
309,13,3328.051981
309,14,2969.902706
309,17,2795.592908
309,19,2742.037534
309,20,2720.599093
309,21,2575.351305
310,13,3328.051981
310,14,2969.902706
310,17,2795.592908
310,19,2742.037534
310,20,2720.599093
310,21,2575.351305
311,13,3328.051981
311,14,2969.902706
311,17,2795.592908
311,19,2742.037534
311,20,2720.599093
311,21,2575.351305
312,13,3328.051981
312,14,2969.902706
312,17,2795.592908
312,19,2742.037534
312,20,2720.599093
312,21,2575.351305
313,13,3328.051981
313,14,2969.902706
313,17,2795.592908
313,19,2742.037534
313,20,2720.599093
313,21,2575.351305
314,13,3328.051981
314,14,2969.902706
314,17,2795.592908
314,19,2742.037534
314,20,2720.599093
314,21,2575.351305
315,13,3328.051981
315,14,2969.902706
315,17,2795.592908
315,19,2742.037534
315,20,2720.599093
315,21,2575.351305
316,13,3328.051981
316,14,2969.902706
316,17,2795.592908
316,19,2742.037534
316,20,2720.599093
316,21,2575.351305
317,13,3328.051981
317,14,2969.902706
317,17,2795.592908
317,19,2742.037534
317,20,2720.599093
317,21,2575.351305
318,13,3328.051981
318,14,2969.902706
318,17,2795.592908
318,19,2742.037534
318,20,2720.599093
318,21,2575.351305
319,13,3328.051981
319,14,2969.902706
319,17,2795.592908
319,19,2742.037534
319,20,2720.599093
319,21,2575.351305
320,13,3328.051981
320,14,2969.902706
320,17,2795.592908
320,19,2742.037534
320,20,2720.599093
320,21,2575.351305
321,13,3328.051981
321,14,2969.902706
321,17,2795.592908
321,19,2742.037534
321,20,2720.599093
321,21,2575.351305
322,13,3328.051981
322,14,2969.902706
322,17,2795.592908
322,19,2742.037534
322,20,2720.599093
322,21,2575.351305
322,31,2557.009565
323,13,3328.051981
323,14,2969.902706
323,17,2795.592908
323,19,2742.037534
323,20,2720.599093
323,21,2575.351305
323,31,2557.009565
324,13,3328.051981
324,14,2969.902706
324,17,2795.592908
324,19,2742.037534
324,20,2720.599093
324,21,2575.351305
324,31,2557.009565
325,13,3328.051981
325,14,2969.902706
325,17,2795.592908
325,19,2742.037534
325,20,2720.599093
325,21,2575.351305
325,31,2557.009565
326,13,3328.051981
326,14,2969.902706
326,17,2795.592908
326,19,2742.037534
326,20,2720.599093
326,21,2575.351305
326,31,2557.009565
