Iteration,NV,TOC
1,12,2982.283687
1,15,2741.079455
1,16,2718.259789
1,16,2718.259789
1,18,2714.709226
1,22,2603.874016
1,25,2506.141139
1,26,2491.406224
2,12,2982.283687
2,15,2741.079455
2,16,2718.259789
2,16,2718.259789
2,18,2714.709226
2,22,2603.874016
2,25,2506.141139
2,26,2491.406224
3,12,2982.283687
3,15,2741.079455
3,16,2718.259789
3,16,2718.259789
3,18,2714.709226
3,22,2603.874016
3,25,2506.141139
3,26,2491.406224
4,12,2982.283687
4,15,2741.079455
4,16,2718.259789
4,16,2718.259789
4,18,2714.709226
4,22,2603.874016
4,25,2506.141139
4,26,2491.406224
5,12,2982.283687
5,15,2741.079455
5,16,2718.259789
5,16,2718.259789
5,18,2714.709226
5,22,2603.874016
5,25,2506.141139
5,26,2491.406224
6,12,2982.283687
6,15,2741.079455
6,16,2718.259789
6,16,2718.259789
6,18,2714.709226
6,22,2603.874016
6,25,2506.141139
6,26,2491.406224
7,12,2982.283687
7,15,2741.079455
7,16,2718.259789
7,16,2718.259789
7,18,2714.709226
7,22,2603.874016
7,25,2506.141139
7,26,2491.406224
8,12,2982.283687
8,15,2741.079455
8,16,2718.259789
8,16,2718.259789
8,18,2714.709226
8,22,2603.874016
8,25,2506.141139
8,26,2491.406224
9,12,2982.283687
9,15,2741.079455
9,16,2718.259789
9,16,2718.259789
9,18,2714.709226
9,22,2603.874016
9,25,2506.141139
9,26,2491.406224
10,12,2982.283687
10,15,2741.079455
10,16,2718.259789
10,16,2718.259789
10,18,2714.709226
10,22,2603.874016
10,25,2506.141139
10,26,2491.406224
11,12,2982.283687
11,15,2741.079455
11,16,2718.259789
11,16,2718.259789
11,18,2714.709226
11,22,2603.874016
11,25,2506.141139
11,26,2491.406224
12,12,2982.283687
12,15,2741.079455
12,16,2718.259789
12,16,2718.259789
12,18,2714.709226
12,22,2603.874016
12,25,2506.141139
12,26,2491.406224
13,12,2982.283687
13,15,2741.079455
13,16,2718.259789
13,16,2718.259789
13,18,2714.709226
13,22,2603.874016
13,25,2506.141139
13,26,2491.406224
14,12,2982.283687
14,15,2741.079455
14,16,2718.259789
14,16,2718.259789
14,18,2714.709226
14,22,2603.874016
14,25,2506.141139
14,26,2491.406224
15,12,2982.283687
15,15,2741.079455
15,16,2718.259789
15,16,2718.259789
15,18,2714.709226
15,22,2603.874016
15,25,2506.141139
15,26,2491.406224
16,12,2982.283687
16,15,2741.079455
16,16,2718.259789
16,16,2718.259789
16,18,2714.709226
16,22,2603.874016
16,25,2506.141139
16,26,2491.406224
17,12,2982.283687
17,15,2741.079455
17,16,2718.259789
17,16,2718.259789
17,18,2714.709226
17,22,2603.874016
17,25,2506.141139
17,26,2491.406224
18,12,2982.283687
18,15,2741.079455
18,16,2718.259789
18,16,2718.259789
18,18,2714.709226
18,22,2603.874016
18,25,2506.141139
18,26,2491.406224
19,12,2982.283687
19,15,2741.079455
19,16,2718.259789
19,16,2718.259789
19,18,2714.709226
19,22,2603.874016
19,25,2506.141139
19,26,2491.406224
20,12,2982.283687
20,15,2741.079455
20,16,2718.259789
20,16,2718.259789
20,18,2714.709226
20,22,2603.874016
20,25,2506.141139
20,26,2491.406224
21,12,2982.283687
21,15,2741.079455
21,16,2718.259789
21,16,2718.259789
21,18,2714.709226
21,22,2603.874016
21,25,2506.141139
21,26,2491.406224
22,12,2982.283687
22,15,2741.079455
22,16,2718.259789
22,16,2718.259789
22,18,2714.709226
22,22,2603.874016
22,25,2506.141139
22,26,2491.406224
23,12,2982.283687
23,15,2741.079455
23,16,2718.259789
23,16,2718.259789
23,18,2714.709226
23,22,2603.874016
23,25,2506.141139
23,26,2491.406224
24,12,2982.283687
24,15,2741.079455
24,16,2718.259789
24,16,2718.259789
24,18,2714.709226
24,22,2603.874016
24,25,2506.141139
24,26,2491.406224
25,12,2982.283687
25,15,2741.079455
25,16,2718.259789
25,16,2718.259789
25,18,2714.709226
25,22,2603.874016
25,25,2506.141139
25,26,2491.406224
26,12,2982.283687
26,15,2741.079455
26,16,2718.259789
26,16,2718.259789
26,18,2714.709226
26,22,2603.874016
26,25,2506.141139
26,26,2491.406224
27,12,2982.283687
27,15,2741.079455
27,16,2718.259789
27,16,2718.259789
27,18,2714.709226
27,22,2603.874016
27,25,2506.141139
27,26,2491.406224
28,12,2982.283687
28,15,2741.079455
28,16,2718.259789
28,16,2718.259789
28,18,2714.709226
28,22,2603.874016
28,25,2506.141139
28,26,2491.406224
29,12,2982.283687
29,15,2741.079455
29,16,2718.259789
29,16,2718.259789
29,18,2714.709226
29,22,2603.874016
29,25,2506.141139
29,26,2491.406224
30,12,2982.283687
30,15,2741.079455
30,16,2718.259789
30,16,2718.259789
30,18,2714.709226
30,22,2603.874016
30,25,2506.141139
30,26,2491.406224
31,12,2982.283687
31,15,2741.079455
31,16,2718.259789
31,16,2718.259789
31,18,2714.709226
31,22,2603.874016
31,25,2506.141139
31,26,2491.406224
32,12,2982.283687
32,15,2741.079455
32,16,2718.259789
32,16,2718.259789
32,18,2714.709226
32,22,2603.874016
32,25,2506.141139
32,26,2491.406224
33,12,2982.283687
33,15,2741.079455
33,16,2718.259789
33,16,2718.259789
33,18,2714.709226
33,22,2603.874016
33,25,2506.141139
33,26,2491.406224
34,12,2982.283687
34,15,2741.079455
34,16,2718.259789
34,16,2718.259789
34,18,2714.709226
34,22,2603.874016
34,25,2506.141139
34,26,2491.406224
35,12,2982.283687
35,15,2741.079455
35,16,2718.259789
35,16,2718.259789
35,18,2714.709226
35,22,2603.874016
35,25,2506.141139
35,26,2491.406224
36,12,2982.283687
36,15,2741.079455
36,16,2718.259789
36,16,2718.259789
36,18,2714.709226
36,22,2603.874016
36,25,2506.141139
36,26,2491.406224
37,12,2982.283687
37,15,2741.079455
37,16,2718.259789
37,16,2718.259789
37,18,2714.709226
37,22,2603.874016
37,25,2506.141139
37,26,2491.406224
38,12,2982.283687
38,15,2741.079455
38,16,2718.259789
38,16,2718.259789
38,18,2714.709226
38,22,2603.874016
38,25,2506.141139
38,26,2491.406224
39,12,2982.283687
39,15,2741.079455
39,16,2718.259789
39,16,2718.259789
39,18,2714.709226
39,22,2603.874016
39,25,2506.141139
39,26,2491.406224
40,12,2982.283687
40,15,2741.079455
40,16,2718.259789
40,16,2718.259789
40,18,2714.709226
40,22,2603.874016
40,25,2506.141139
40,26,2491.406224
41,12,2982.283687
41,15,2741.079455
41,16,2718.259789
41,16,2718.259789
41,18,2714.709226
41,22,2603.874016
41,25,2506.141139
41,26,2491.406224
42,12,2982.283687
42,15,2741.079455
42,16,2718.259789
42,16,2718.259789
42,18,2714.709226
42,22,2603.874016
42,25,2506.141139
42,26,2491.406224
43,12,2982.283687
43,15,2741.079455
43,16,2718.259789
43,16,2718.259789
43,18,2714.709226
43,22,2603.874016
43,25,2506.141139
43,26,2491.406224
44,12,2982.283687
44,15,2741.079455
44,16,2718.259789
44,16,2718.259789
44,18,2714.709226
44,22,2603.874016
44,25,2506.141139
44,26,2491.406224
45,12,2982.283687
45,15,2741.079455
45,16,2718.259789
45,16,2718.259789
45,18,2714.709226
45,22,2603.874016
45,25,2506.141139
45,26,2491.406224
46,12,2982.283687
46,15,2741.079455
46,16,2718.259789
46,16,2718.259789
46,18,2714.709226
46,22,2603.874016
46,25,2506.141139
46,26,2491.406224
47,12,2982.283687
47,15,2741.079455
47,16,2718.259789
47,16,2718.259789
47,18,2714.709226
47,22,2603.874016
47,25,2506.141139
47,26,2491.406224
48,12,2982.283687
48,15,2741.079455
48,16,2718.259789
48,16,2718.259789
48,18,2714.709226
48,22,2603.874016
48,25,2506.141139
48,26,2491.406224
49,12,2982.283687
49,15,2741.079455
49,16,2718.259789
49,16,2718.259789
49,18,2714.709226
49,22,2603.874016
49,25,2506.141139
49,26,2491.406224
50,12,2982.283687
50,15,2741.079455
50,16,2718.259789
50,16,2718.259789
50,18,2714.709226
50,22,2603.874016
50,25,2506.141139
50,26,2491.406224
51,11,3258.820793
51,12,2982.283687
51,14,2882.823147
51,15,2741.079455
51,16,2718.259789
51,16,2718.259789
51,18,2714.709226
51,22,2603.874016
51,24,2534.208448
51,25,2506.141139
51,26,2491.406224
52,11,3258.820793
52,12,2982.283687
52,14,2882.823147
52,15,2741.079455
52,16,2718.259789
52,16,2718.259789
52,18,2714.709226
52,22,2603.874016
52,24,2534.208448
52,25,2506.141139
52,26,2491.406224
53,11,3258.820793
53,12,2982.283687
53,14,2882.823147
53,15,2741.079455
53,16,2718.259789
53,16,2718.259789
53,18,2714.709226
53,22,2603.874016
53,24,2534.208448
53,25,2506.141139
53,26,2491.406224
54,11,3258.820793
54,12,2982.283687
54,14,2882.823147
54,15,2741.079455
54,16,2718.259789
54,16,2718.259789
54,18,2714.709226
54,22,2603.874016
54,24,2534.208448
54,25,2506.141139
54,26,2491.406224
55,11,3258.820793
55,12,2982.283687
55,14,2882.823147
55,15,2741.079455
55,16,2718.259789
55,16,2718.259789
55,18,2714.709226
55,22,2603.874016
55,24,2534.208448
55,25,2506.141139
55,26,2491.406224
56,11,3258.820793
56,12,2982.283687
56,14,2882.823147
56,15,2741.079455
56,16,2718.259789
56,16,2718.259789
56,18,2714.709226
56,22,2603.874016
56,24,2534.208448
56,25,2506.141139
56,26,2491.406224
57,11,3258.820793
57,12,2982.283687
57,14,2882.823147
57,15,2741.079455
57,16,2718.259789
57,16,2718.259789
57,18,2714.709226
57,22,2603.874016
57,24,2534.208448
57,25,2506.141139
57,26,2491.406224
58,11,3258.820793
58,12,2982.283687
58,14,2882.823147
58,15,2741.079455
58,16,2718.259789
58,16,2718.259789
58,18,2714.709226
58,22,2603.874016
58,24,2534.208448
58,25,2506.141139
58,26,2491.406224
59,11,3258.820793
59,12,2982.283687
59,14,2882.823147
59,15,2741.079455
59,16,2718.259789
59,16,2718.259789
59,18,2714.709226
59,22,2603.874016
59,24,2534.208448
59,25,2506.141139
59,26,2491.406224
60,11,3258.820793
60,12,2982.283687
60,14,2882.823147
60,15,2741.079455
60,16,2718.259789
60,16,2718.259789
60,18,2714.709226
60,22,2603.874016
60,24,2534.208448
60,25,2506.141139
60,26,2491.406224
61,11,3258.820793
61,12,2982.283687
61,14,2882.823147
61,15,2741.079455
61,16,2718.259789
61,16,2718.259789
61,18,2714.709226
61,22,2603.874016
61,24,2534.208448
61,25,2506.141139
61,26,2491.406224
62,11,3258.820793
62,12,2982.283687
62,14,2882.823147
62,15,2741.079455
62,16,2718.259789
62,16,2718.259789
62,18,2714.709226
62,22,2603.874016
62,24,2534.208448
62,25,2506.141139
62,26,2491.406224
63,11,3258.820793
63,12,2982.283687
63,14,2882.823147
63,15,2741.079455
63,16,2718.259789
63,16,2718.259789
63,18,2714.709226
63,22,2603.874016
63,24,2534.208448
63,25,2506.141139
63,26,2491.406224
64,11,3258.820793
64,12,2982.283687
64,14,2882.823147
64,15,2741.079455
64,16,2718.259789
64,16,2718.259789
64,18,2714.709226
64,22,2603.874016
64,24,2534.208448
64,25,2506.141139
64,26,2491.406224
65,11,3258.820793
65,12,2982.283687
65,14,2882.823147
65,15,2741.079455
65,16,2718.259789
65,16,2718.259789
65,18,2714.709226
65,22,2603.874016
65,24,2534.208448
65,25,2506.141139
65,26,2491.406224
66,11,3258.820793
66,12,2982.283687
66,14,2882.823147
66,15,2741.079455
66,16,2718.259789
66,16,2718.259789
66,18,2714.709226
66,22,2603.874016
66,24,2534.208448
66,25,2506.141139
66,26,2491.406224
67,11,3258.820793
67,12,2982.283687
67,14,2882.823147
67,15,2741.079455
67,16,2718.259789
67,16,2718.259789
67,18,2714.709226
67,22,2603.874016
67,24,2534.208448
67,25,2506.141139
67,26,2491.406224
68,11,3258.820793
68,12,2982.283687
68,14,2882.823147
68,15,2741.079455
68,16,2718.259789
68,16,2718.259789
68,18,2714.709226
68,22,2603.874016
68,24,2534.208448
68,25,2506.141139
68,26,2491.406224
69,11,3258.820793
69,12,2982.283687
69,14,2882.823147
69,15,2741.079455
69,16,2718.259789
69,16,2718.259789
69,18,2714.709226
69,22,2603.874016
69,24,2534.208448
69,25,2506.141139
69,26,2491.406224
70,11,3258.820793
70,12,2982.283687
70,14,2882.823147
70,15,2741.079455
70,16,2718.259789
70,16,2718.259789
70,18,2714.709226
70,22,2603.874016
70,24,2534.208448
70,25,2506.141139
70,26,2491.406224
71,11,3258.820793
71,12,2982.283687
71,14,2882.823147
71,15,2741.079455
71,16,2718.259789
71,16,2718.259789
71,18,2714.709226
71,22,2603.874016
71,24,2534.208448
71,25,2506.141139
71,26,2491.406224
72,11,3258.820793
72,12,2982.283687
72,14,2882.823147
72,15,2741.079455
72,16,2718.259789
72,16,2718.259789
72,18,2714.709226
72,22,2603.874016
72,24,2534.208448
72,25,2506.141139
72,26,2491.406224
73,11,3258.820793
73,12,2982.283687
73,14,2882.823147
73,15,2741.079455
73,16,2718.259789
73,16,2718.259789
73,18,2714.709226
73,22,2603.874016
73,24,2534.208448
73,25,2506.141139
73,26,2491.406224
74,11,3258.820793
74,12,2982.283687
74,14,2882.823147
74,15,2741.079455
74,16,2718.259789
74,16,2718.259789
74,18,2714.709226
74,22,2603.874016
74,24,2534.208448
74,25,2506.141139
74,26,2491.406224
75,11,3258.820793
75,12,2982.283687
75,14,2882.823147
75,15,2741.079455
75,16,2718.259789
75,16,2718.259789
75,18,2714.709226
75,22,2603.874016
75,24,2534.208448
75,25,2506.141139
75,26,2491.406224
76,11,3258.820793
76,12,2982.283687
76,14,2882.823147
76,15,2741.079455
76,16,2718.259789
76,16,2718.259789
76,18,2714.709226
76,22,2603.874016
76,24,2534.208448
76,25,2506.141139
76,26,2491.406224
77,11,3258.820793
77,12,2982.283687
77,14,2882.823147
77,15,2741.079455
77,16,2718.259789
77,16,2718.259789
77,18,2714.709226
77,22,2603.874016
77,24,2534.208448
77,25,2506.141139
77,26,2491.406224
78,11,3258.820793
78,12,2982.283687
78,14,2882.823147
78,15,2741.079455
78,16,2718.259789
78,16,2718.259789
78,18,2714.709226
78,22,2603.874016
78,24,2534.208448
78,25,2506.141139
78,26,2491.406224
79,11,3258.820793
79,12,2982.283687
79,14,2882.823147
79,15,2741.079455
79,16,2718.259789
79,16,2718.259789
79,18,2714.709226
79,22,2603.874016
79,24,2534.208448
79,25,2506.141139
79,26,2491.406224
80,11,3258.820793
80,12,2982.283687
80,14,2882.823147
80,15,2741.079455
80,16,2718.259789
80,16,2718.259789
80,18,2714.709226
80,22,2603.874016
80,24,2534.208448
80,25,2506.141139
80,26,2491.406224
81,11,3258.820793
81,12,2982.283687
81,14,2882.823147
81,15,2741.079455
81,16,2718.259789
81,16,2718.259789
81,18,2714.709226
81,22,2603.874016
81,24,2534.208448
81,25,2506.141139
81,26,2491.406224
82,11,3258.820793
82,12,2982.283687
82,14,2882.823147
82,15,2741.079455
82,16,2718.259789
82,16,2718.259789
82,18,2714.709226
82,22,2603.874016
82,24,2534.208448
82,25,2506.141139
82,26,2491.406224
83,11,3258.820793
83,12,2982.283687
83,14,2882.823147
83,15,2741.079455
83,16,2718.259789
83,16,2718.259789
83,18,2714.709226
83,22,2603.874016
83,24,2534.208448
83,25,2506.141139
83,26,2491.406224
84,11,3258.820793
84,12,2982.283687
84,14,2882.823147
84,15,2741.079455
84,16,2718.259789
84,16,2718.259789
84,18,2714.709226
84,22,2603.874016
84,24,2534.208448
84,25,2506.141139
84,26,2491.406224
85,11,3258.820793
85,12,2982.283687
85,14,2882.823147
85,15,2741.079455
85,16,2718.259789
85,16,2718.259789
85,18,2714.709226
85,22,2603.874016
85,24,2534.208448
85,25,2506.141139
85,26,2491.406224
86,11,3258.820793
86,12,2982.283687
86,14,2882.823147
86,15,2741.079455
86,16,2718.259789
86,16,2718.259789
86,18,2714.709226
86,22,2603.874016
86,24,2534.208448
86,25,2506.141139
86,26,2491.406224
87,11,3258.820793
87,12,2982.283687
87,14,2882.823147
87,15,2741.079455
87,16,2718.259789
87,16,2718.259789
87,18,2714.709226
87,22,2603.874016
87,24,2534.208448
87,25,2506.141139
87,26,2491.406224
88,11,3258.820793
88,12,2982.283687
88,14,2882.823147
88,15,2741.079455
88,16,2718.259789
88,16,2718.259789
88,18,2714.709226
88,22,2603.874016
88,24,2534.208448
88,25,2506.141139
88,26,2491.406224
89,11,3258.820793
89,12,2982.283687
89,14,2882.823147
89,15,2741.079455
89,16,2718.259789
89,16,2718.259789
89,18,2714.709226
89,22,2603.874016
89,24,2534.208448
89,25,2506.141139
89,26,2491.406224
90,11,3258.820793
90,12,2982.283687
90,14,2882.823147
90,15,2741.079455
90,16,2718.259789
90,16,2718.259789
90,18,2714.709226
90,22,2603.874016
90,24,2534.208448
90,25,2506.141139
90,26,2491.406224
91,10,3927.881834
91,11,3258.820793
91,12,2982.283687
91,14,2882.823147
91,15,2741.079455
91,16,2718.259789
91,16,2718.259789
91,18,2714.709226
91,22,2603.874016
91,24,2534.208448
91,25,2506.141139
91,26,2491.406224
92,10,3927.881834
92,11,3258.820793
92,12,2982.283687
92,14,2882.823147
92,15,2741.079455
92,16,2718.259789
92,16,2718.259789
92,18,2714.709226
92,22,2603.874016
92,24,2534.208448
92,25,2506.141139
92,26,2491.406224
93,10,3927.881834
93,11,3258.820793
93,12,2982.283687
93,14,2882.823147
93,15,2741.079455
93,16,2718.259789
93,16,2718.259789
93,18,2714.709226
93,22,2603.874016
93,24,2534.208448
93,25,2506.141139
93,26,2491.406224
94,10,3927.881834
94,11,3258.820793
94,12,2982.283687
94,14,2882.823147
94,15,2741.079455
94,16,2718.259789
94,16,2718.259789
94,18,2714.709226
94,22,2603.874016
94,24,2534.208448
94,25,2506.141139
94,26,2491.406224
95,10,3927.881834
95,11,3258.820793
95,12,2982.283687
95,14,2882.823147
95,15,2741.079455
95,16,2718.259789
95,16,2718.259789
95,18,2714.709226
95,22,2603.874016
95,24,2534.208448
95,25,2506.141139
95,26,2491.406224
96,10,3927.881834
96,11,3258.820793
96,12,2982.283687
96,14,2882.823147
96,15,2741.079455
96,16,2718.259789
96,16,2718.259789
96,18,2714.709226
96,22,2603.874016
96,24,2534.208448
96,25,2506.141139
96,26,2491.406224
97,10,3927.881834
97,11,3258.820793
97,12,2982.283687
97,14,2882.823147
97,15,2741.079455
97,16,2718.259789
97,16,2718.259789
97,18,2714.709226
97,22,2603.874016
97,24,2534.208448
97,25,2506.141139
97,26,2491.406224
98,10,3927.881834
98,11,3258.820793
98,12,2982.283687
98,14,2882.823147
98,15,2741.079455
98,16,2718.259789
98,16,2718.259789
98,18,2714.709226
98,22,2603.874016
98,24,2534.208448
98,25,2506.141139
98,26,2491.406224
99,10,3927.881834
99,11,3258.820793
99,12,2982.283687
99,14,2882.823147
99,15,2741.079455
99,16,2718.259789
99,16,2718.259789
99,18,2714.709226
99,22,2603.874016
99,24,2534.208448
99,25,2506.141139
99,26,2491.406224
100,10,3927.881834
100,11,3258.820793
100,12,2982.283687
100,14,2882.823147
100,15,2741.079455
100,16,2718.259789
100,16,2718.259789
100,18,2714.709226
100,22,2603.874016
100,24,2534.208448
100,25,2506.141139
100,26,2491.406224
101,10,3927.881834
101,11,3258.820793
101,12,2982.283687
101,14,2882.823147
101,15,2741.079455
101,16,2718.259789
101,16,2718.259789
101,18,2714.709226
101,22,2603.874016
101,24,2534.208448
101,25,2506.141139
101,26,2491.406224
102,10,3927.881834
102,11,3067.271857
102,12,2982.283687
102,13,2901.986606
102,14,2882.823147
102,15,2741.079455
102,16,2718.259789
102,16,2718.259789
102,18,2675.457565
102,18,2675.457565
102,22,2603.874016
102,23,2571.217753
102,24,2534.208448
102,25,2506.141139
102,26,2491.406224
103,10,3927.881834
103,11,3067.271857
103,12,2982.283687
103,13,2901.986606
103,14,2882.823147
103,15,2741.079455
103,16,2718.259789
103,16,2718.259789
103,18,2675.457565
103,18,2675.457565
103,22,2603.874016
103,23,2571.217753
103,24,2534.208448
103,25,2506.141139
103,26,2491.406224
104,10,3927.881834
104,11,3067.271857
104,12,2982.283687
104,13,2901.986606
104,14,2882.823147
104,15,2741.079455
104,16,2718.259789
104,16,2718.259789
104,18,2675.457565
104,18,2675.457565
104,22,2603.874016
104,23,2571.217753
104,24,2534.208448
104,25,2506.141139
104,26,2491.406224
105,10,3927.881834
105,11,3067.271857
105,12,2982.283687
105,13,2901.986606
105,14,2882.823147
105,15,2741.079455
105,16,2718.259789
105,16,2718.259789
105,18,2675.457565
105,18,2675.457565
105,22,2603.874016
105,23,2571.217753
105,24,2534.208448
105,25,2506.141139
105,26,2491.406224
106,10,3927.881834
106,11,3067.271857
106,12,2982.283687
106,13,2901.986606
106,14,2882.823147
106,15,2741.079455
106,16,2718.259789
106,16,2718.259789
106,18,2675.457565
106,18,2675.457565
106,22,2603.874016
106,23,2571.217753
106,24,2534.208448
106,25,2506.141139
106,26,2491.406224
107,10,3927.881834
107,11,3067.271857
107,12,2982.283687
107,13,2901.986606
107,14,2882.823147
107,15,2741.079455
107,16,2718.259789
107,16,2718.259789
107,18,2675.457565
107,18,2675.457565
107,22,2603.874016
107,23,2571.217753
107,24,2534.208448
107,25,2506.141139
107,26,2491.406224
108,10,3927.881834
108,11,3067.271857
108,12,2982.283687
108,13,2901.986606
108,14,2882.823147
108,15,2741.079455
108,16,2718.259789
108,16,2718.259789
108,18,2675.457565
108,18,2675.457565
108,22,2603.874016
108,23,2571.217753
108,24,2534.208448
108,25,2506.141139
108,26,2491.406224
109,10,3927.881834
109,11,3067.271857
109,12,2982.283687
109,13,2901.986606
109,14,2882.823147
109,15,2741.079455
109,16,2718.259789
109,16,2718.259789
109,18,2675.457565
109,18,2675.457565
109,22,2603.874016
109,23,2571.217753
109,24,2534.208448
109,25,2506.141139
109,26,2491.406224
110,10,3927.881834
110,11,3067.271857
110,12,2982.283687
110,13,2901.986606
110,14,2882.823147
110,15,2741.079455
110,16,2718.259789
110,16,2718.259789
110,18,2675.457565
110,18,2675.457565
110,22,2603.874016
110,23,2571.217753
110,24,2534.208448
110,25,2506.141139
110,26,2491.406224
111,10,3927.881834
111,11,3067.271857
111,12,2982.283687
111,13,2901.986606
111,14,2882.823147
111,15,2741.079455
111,16,2718.259789
111,16,2718.259789
111,18,2675.457565
111,18,2675.457565
111,22,2603.874016
111,23,2571.217753
111,24,2534.208448
111,25,2506.141139
111,26,2491.406224
112,10,3927.881834
112,11,3067.271857
112,12,2982.283687
112,13,2901.986606
112,14,2882.823147
112,15,2741.079455
112,16,2718.259789
112,16,2718.259789
112,18,2675.457565
112,18,2675.457565
112,22,2603.874016
112,23,2571.217753
112,24,2534.208448
112,25,2506.141139
112,26,2491.406224
113,10,3927.881834
113,11,3067.271857
113,12,2982.283687
113,13,2901.986606
113,14,2882.823147
113,15,2741.079455
113,16,2718.259789
113,16,2718.259789
113,18,2675.457565
113,18,2675.457565
113,22,2603.874016
113,23,2571.217753
113,24,2534.208448
113,25,2506.141139
113,26,2491.406224
114,10,3927.881834
114,11,3067.271857
114,12,2982.283687
114,13,2901.986606
114,14,2882.823147
114,15,2741.079455
114,16,2718.259789
114,16,2718.259789
114,18,2675.457565
114,18,2675.457565
114,22,2603.874016
114,23,2571.217753
114,24,2534.208448
114,25,2506.141139
114,26,2491.406224
115,10,3927.881834
115,11,3067.271857
115,12,2982.283687
115,13,2901.986606
115,14,2882.823147
115,15,2741.079455
115,16,2718.259789
115,16,2718.259789
115,18,2675.457565
115,18,2675.457565
115,22,2603.874016
115,23,2571.217753
115,24,2534.208448
115,25,2506.141139
115,26,2491.406224
116,10,3927.881834
116,11,3067.271857
116,12,2982.283687
116,13,2901.986606
116,14,2882.823147
116,15,2741.079455
116,16,2718.259789
116,16,2718.259789
116,18,2675.457565
116,18,2675.457565
116,22,2603.874016
116,23,2571.217753
116,24,2534.208448
116,25,2506.141139
116,26,2491.406224
117,10,3927.881834
117,11,3067.271857
117,12,2982.283687
117,13,2901.986606
117,14,2882.823147
117,15,2741.079455
117,16,2718.259789
117,16,2718.259789
117,18,2675.457565
117,18,2675.457565
117,22,2603.874016
117,23,2571.217753
117,24,2534.208448
117,25,2506.141139
117,26,2491.406224
118,10,3927.881834
118,11,3067.271857
118,12,2982.283687
118,13,2901.986606
118,14,2882.823147
118,15,2741.079455
118,16,2718.259789
118,16,2718.259789
118,18,2675.457565
118,18,2675.457565
118,22,2603.874016
118,23,2571.217753
118,24,2534.208448
118,25,2506.141139
118,26,2491.406224
119,10,3927.881834
119,11,3067.271857
119,12,2982.283687
119,13,2901.986606
119,14,2882.823147
119,15,2741.079455
119,16,2718.259789
119,16,2718.259789
119,18,2675.457565
119,18,2675.457565
119,22,2603.874016
119,23,2571.217753
119,24,2534.208448
119,25,2506.141139
119,26,2491.406224
120,10,3927.881834
120,11,3067.271857
120,12,2982.283687
120,13,2901.986606
120,14,2882.823147
120,15,2741.079455
120,16,2718.259789
120,16,2718.259789
120,18,2675.457565
120,18,2675.457565
120,22,2603.874016
120,23,2571.217753
120,24,2534.208448
120,25,2506.141139
120,26,2491.406224
121,10,3927.881834
121,11,3067.271857
121,12,2982.283687
121,13,2901.986606
121,14,2882.823147
121,15,2741.079455
121,16,2718.259789
121,16,2718.259789
121,18,2675.457565
121,18,2675.457565
121,22,2603.874016
121,23,2571.217753
121,24,2534.208448
121,25,2506.141139
121,26,2491.406224
122,10,3927.881834
122,11,3067.271857
122,12,2982.283687
122,13,2901.986606
122,14,2882.823147
122,15,2741.079455
122,16,2718.259789
122,16,2718.259789
122,18,2675.457565
122,18,2675.457565
122,22,2603.874016
122,23,2571.217753
122,24,2534.208448
122,25,2506.141139
122,26,2491.406224
123,10,3927.881834
123,11,3067.271857
123,12,2982.283687
123,13,2901.986606
123,14,2882.823147
123,15,2741.079455
123,16,2718.259789
123,16,2718.259789
123,18,2675.457565
123,18,2675.457565
123,22,2603.874016
123,23,2571.217753
123,24,2534.208448
123,25,2506.141139
123,26,2491.406224
124,10,3927.881834
124,11,3067.271857
124,12,2982.283687
124,13,2901.986606
124,14,2882.823147
124,15,2741.079455
124,16,2718.259789
124,16,2718.259789
124,18,2675.457565
124,18,2675.457565
124,22,2603.874016
124,23,2571.217753
124,24,2534.208448
124,25,2506.141139
124,26,2491.406224
125,10,3927.881834
125,11,3067.271857
125,12,2982.283687
125,13,2901.986606
125,14,2882.823147
125,15,2741.079455
125,16,2718.259789
125,16,2718.259789
125,18,2675.457565
125,18,2675.457565
125,22,2603.874016
125,23,2571.217753
125,24,2534.208448
125,25,2506.141139
125,26,2491.406224
126,10,3927.881834
126,11,3067.271857
126,12,2982.283687
126,13,2901.986606
126,14,2882.823147
126,15,2741.079455
126,16,2718.259789
126,16,2718.259789
126,18,2675.457565
126,18,2675.457565
126,22,2603.874016
126,23,2571.217753
126,24,2534.208448
126,25,2506.141139
126,26,2491.406224
127,10,3927.881834
127,11,3067.271857
127,12,2982.283687
127,13,2901.986606
127,14,2882.823147
127,15,2741.079455
127,16,2718.259789
127,16,2718.259789
127,18,2675.457565
127,18,2675.457565
127,22,2603.874016
127,23,2571.217753
127,24,2534.208448
127,25,2506.141139
127,26,2491.406224
128,10,3927.881834
128,11,3067.271857
128,12,2982.283687
128,13,2901.986606
128,14,2882.823147
128,15,2741.079455
128,16,2718.259789
128,16,2718.259789
128,18,2675.457565
128,18,2675.457565
128,22,2603.874016
128,23,2571.217753
128,24,2534.208448
128,25,2506.141139
128,26,2491.406224
129,10,3927.881834
129,11,3067.271857
129,12,2982.283687
129,13,2901.986606
129,14,2882.823147
129,15,2741.079455
129,16,2718.259789
129,16,2718.259789
129,18,2675.457565
129,18,2675.457565
129,22,2603.874016
129,23,2571.217753
129,24,2534.208448
129,25,2506.141139
129,26,2491.406224
130,10,3927.881834
130,11,3067.271857
130,12,2982.283687
130,13,2901.986606
130,14,2882.823147
130,15,2741.079455
130,16,2718.259789
130,16,2718.259789
130,18,2675.457565
130,18,2675.457565
130,22,2603.874016
130,23,2571.217753
130,24,2534.208448
130,25,2506.141139
130,26,2491.406224
131,10,3927.881834
131,11,3067.271857
131,12,2982.283687
131,13,2901.986606
131,14,2882.823147
131,15,2741.079455
131,16,2718.259789
131,16,2718.259789
131,18,2675.457565
131,18,2675.457565
131,22,2603.874016
131,23,2571.217753
131,24,2534.208448
131,25,2506.141139
131,26,2491.406224
132,10,3927.881834
132,11,3067.271857
132,12,2982.283687
132,13,2901.986606
132,14,2882.823147
132,15,2741.079455
132,16,2718.259789
132,16,2718.259789
132,18,2675.457565
132,18,2675.457565
132,22,2603.874016
132,23,2571.217753
132,24,2534.208448
132,25,2506.141139
132,26,2491.406224
133,10,3927.881834
133,11,3067.271857
133,12,2982.283687
133,13,2901.986606
133,14,2882.823147
133,15,2741.079455
133,16,2718.259789
133,16,2718.259789
133,18,2675.457565
133,18,2675.457565
133,22,2603.874016
133,23,2571.217753
133,24,2534.208448
133,25,2506.141139
133,26,2491.406224
134,10,3927.881834
134,11,3067.271857
134,12,2982.283687
134,13,2901.986606
134,14,2882.823147
134,15,2741.079455
134,16,2718.259789
134,16,2718.259789
134,18,2675.457565
134,18,2675.457565
134,22,2603.874016
134,23,2571.217753
134,24,2534.208448
134,25,2506.141139
134,26,2491.406224
135,10,3927.881834
135,11,3067.271857
135,12,2982.283687
135,13,2901.986606
135,14,2882.823147
135,15,2741.079455
135,16,2718.259789
135,16,2718.259789
135,18,2675.457565
135,18,2675.457565
135,22,2603.874016
135,23,2571.217753
135,24,2534.208448
135,25,2506.141139
135,26,2491.406224
136,10,3927.881834
136,11,3067.271857
136,12,2982.283687
136,13,2901.986606
136,14,2882.823147
136,15,2741.079455
136,16,2718.259789
136,16,2718.259789
136,18,2675.457565
136,18,2675.457565
136,22,2603.874016
136,23,2571.217753
136,24,2534.208448
136,25,2506.141139
136,26,2491.406224
137,10,3927.881834
137,11,3067.271857
137,12,2982.283687
137,13,2901.986606
137,14,2882.823147
137,15,2741.079455
137,16,2718.259789
137,16,2718.259789
137,18,2675.457565
137,18,2675.457565
137,22,2603.874016
137,23,2571.217753
137,24,2534.208448
137,25,2506.141139
137,26,2491.406224
138,10,3927.881834
138,11,3067.271857
138,12,2982.283687
138,13,2901.986606
138,14,2882.823147
138,15,2741.079455
138,16,2718.259789
138,16,2718.259789
138,18,2675.457565
138,18,2675.457565
138,22,2603.874016
138,23,2571.217753
138,24,2534.208448
138,25,2506.141139
138,26,2491.406224
139,10,3927.881834
139,11,3067.271857
139,12,2982.283687
139,13,2901.986606
139,14,2882.823147
139,15,2741.079455
139,16,2718.259789
139,16,2718.259789
139,18,2675.457565
139,18,2675.457565
139,22,2603.874016
139,23,2571.217753
139,24,2534.208448
139,25,2506.141139
139,26,2491.406224
140,10,3927.881834
140,11,3067.271857
140,12,2982.283687
140,13,2901.986606
140,14,2882.823147
140,15,2741.079455
140,16,2718.259789
140,16,2718.259789
140,18,2675.457565
140,18,2675.457565
140,22,2603.874016
140,23,2571.217753
140,24,2534.208448
140,25,2506.141139
140,26,2491.406224
141,10,3927.881834
141,11,3067.271857
141,12,2982.283687
141,13,2901.986606
141,14,2882.823147
141,15,2741.079455
141,16,2718.259789
141,16,2718.259789
141,18,2675.457565
141,18,2675.457565
141,22,2603.874016
141,23,2571.217753
141,24,2534.208448
141,25,2506.141139
141,26,2491.406224
142,10,3927.881834
142,11,3067.271857
142,12,2982.283687
142,13,2901.986606
142,14,2882.823147
142,15,2741.079455
142,16,2718.259789
142,16,2718.259789
142,18,2675.457565
142,18,2675.457565
142,22,2603.874016
142,23,2571.217753
142,24,2534.208448
142,25,2506.141139
142,26,2491.406224
143,10,3927.881834
143,11,3067.271857
143,12,2982.283687
143,13,2901.986606
143,14,2882.823147
143,15,2741.079455
143,16,2718.259789
143,16,2718.259789
143,18,2675.457565
143,18,2675.457565
143,22,2603.874016
143,23,2571.217753
143,24,2534.208448
143,25,2506.141139
143,26,2491.406224
144,10,3927.881834
144,11,3067.271857
144,12,2982.283687
144,13,2901.986606
144,14,2882.823147
144,15,2741.079455
144,16,2718.259789
144,16,2718.259789
144,18,2675.457565
144,18,2675.457565
144,22,2603.874016
144,23,2571.217753
144,24,2534.208448
144,25,2506.141139
144,26,2491.406224
145,10,3927.881834
145,11,3067.271857
145,12,2982.283687
145,13,2901.986606
145,14,2882.823147
145,15,2741.079455
145,16,2718.259789
145,16,2718.259789
145,18,2675.457565
145,18,2675.457565
145,22,2603.874016
145,23,2571.217753
145,24,2534.208448
145,25,2506.141139
145,26,2491.406224
146,10,3927.881834
146,11,3067.271857
146,12,2982.283687
146,13,2901.986606
146,14,2882.823147
146,15,2741.079455
146,16,2718.259789
146,16,2718.259789
146,18,2675.457565
146,18,2675.457565
146,22,2603.874016
146,23,2571.217753
146,24,2534.208448
146,25,2506.141139
146,26,2491.406224
147,10,3927.881834
147,11,3067.271857
147,12,2982.283687
147,13,2901.986606
147,14,2882.823147
147,15,2741.079455
147,16,2718.259789
147,16,2718.259789
147,18,2675.457565
147,18,2675.457565
147,22,2603.874016
147,23,2571.217753
147,24,2534.208448
147,25,2506.141139
147,26,2491.406224
148,10,3927.881834
148,11,3067.271857
148,12,2982.283687
148,13,2901.986606
148,14,2882.823147
148,15,2741.079455
148,16,2718.259789
148,16,2718.259789
148,18,2675.457565
148,18,2675.457565
148,22,2603.874016
148,23,2571.217753
148,24,2534.208448
148,25,2506.141139
148,26,2491.406224
149,10,3927.881834
149,11,3067.271857
149,12,2982.283687
149,13,2901.986606
149,14,2882.823147
149,15,2741.079455
149,16,2718.259789
149,16,2718.259789
149,18,2675.457565
149,18,2675.457565
149,22,2603.874016
149,23,2571.217753
149,24,2534.208448
149,25,2506.141139
149,26,2491.406224
150,10,3927.881834
150,11,3067.271857
150,12,2982.283687
150,13,2901.986606
150,14,2882.823147
150,15,2741.079455
150,16,2718.259789
150,16,2718.259789
150,18,2675.457565
150,18,2675.457565
150,22,2603.874016
150,23,2571.217753
150,24,2534.208448
150,25,2506.141139
150,26,2491.406224
151,10,3927.881834
151,11,3067.271857
151,12,2982.283687
151,13,2901.986606
151,14,2882.823147
151,15,2741.079455
151,16,2718.259789
151,16,2718.259789
151,18,2675.457565
151,18,2675.457565
151,22,2603.874016
151,23,2571.217753
151,24,2534.208448
151,25,2506.141139
151,26,2491.406224
152,10,3927.881834
152,11,3067.271857
152,12,2982.283687
152,13,2901.986606
152,14,2882.823147
152,15,2741.079455
152,16,2718.259789
152,16,2718.259789
152,18,2675.457565
152,18,2675.457565
152,22,2603.874016
152,23,2571.217753
152,24,2534.208448
152,25,2506.141139
152,26,2491.406224
153,10,3927.881834
153,11,3067.271857
153,12,2982.283687
153,13,2901.986606
153,14,2882.823147
153,15,2741.079455
153,15,2741.079455
153,16,2718.259789
153,16,2718.259789
153,18,2675.457565
153,18,2675.457565
153,22,2603.874016
153,23,2571.217753
153,24,2534.208448
153,25,2506.141139
153,26,2491.406224
154,10,3927.881834
154,11,3067.271857
154,12,2982.283687
154,13,2901.986606
154,14,2882.823147
154,15,2741.079455
154,15,2741.079455
154,16,2718.259789
154,16,2718.259789
154,18,2675.457565
154,18,2675.457565
154,22,2603.874016
154,23,2571.217753
154,24,2534.208448
154,25,2506.141139
154,26,2491.406224
155,10,3927.881834
155,11,3067.271857
155,12,2982.283687
155,13,2901.986606
155,14,2882.823147
155,15,2741.079455
155,15,2741.079455
155,16,2718.259789
155,16,2718.259789
155,18,2675.457565
155,18,2675.457565
155,22,2603.874016
155,23,2571.217753
155,24,2534.208448
155,25,2506.141139
155,26,2491.406224
156,10,3927.881834
156,11,3067.271857
156,12,2982.283687
156,13,2901.986606
156,14,2882.823147
156,15,2741.079455
156,15,2741.079455
156,16,2718.259789
156,16,2718.259789
156,18,2675.457565
156,18,2675.457565
156,22,2603.874016
156,23,2571.217753
156,24,2534.208448
156,25,2506.141139
156,26,2491.406224
157,10,3927.881834
157,11,3067.271857
157,12,2982.283687
157,13,2901.986606
157,14,2882.823147
157,15,2741.079455
157,15,2741.079455
157,16,2718.259789
157,16,2718.259789
157,18,2675.457565
157,18,2675.457565
157,22,2603.874016
157,23,2571.217753
157,24,2534.208448
157,25,2506.141139
157,26,2491.406224
158,10,3927.881834
158,11,3067.271857
158,12,2982.283687
158,13,2901.986606
158,14,2882.823147
158,15,2741.079455
158,15,2741.079455
158,16,2718.259789
158,16,2718.259789
158,18,2675.457565
158,18,2675.457565
158,22,2603.874016
158,23,2571.217753
158,24,2534.208448
158,25,2506.141139
158,26,2491.406224
159,10,3927.881834
159,11,3067.271857
159,12,2982.283687
159,13,2901.986606
159,14,2882.823147
159,15,2741.079455
159,15,2741.079455
159,16,2718.259789
159,16,2718.259789
159,18,2675.457565
159,18,2675.457565
159,22,2603.874016
159,23,2571.217753
159,24,2534.208448
159,25,2506.141139
159,26,2491.406224
160,10,3927.881834
160,11,3067.271857
160,12,2982.283687
160,13,2901.986606
160,14,2882.823147
160,15,2741.079455
160,15,2741.079455
160,16,2718.259789
160,16,2718.259789
160,18,2675.457565
160,18,2675.457565
160,22,2603.874016
160,23,2571.217753
160,24,2534.208448
160,25,2506.141139
160,26,2491.406224
161,10,3927.881834
161,11,3067.271857
161,12,2982.283687
161,13,2901.986606
161,14,2882.823147
161,15,2741.079455
161,15,2741.079455
161,16,2718.259789
161,16,2718.259789
161,18,2675.457565
161,18,2675.457565
161,22,2603.874016
161,23,2571.217753
161,24,2534.208448
161,25,2506.141139
161,26,2491.406224
162,10,3927.881834
162,11,3067.271857
162,12,2982.283687
162,13,2901.986606
162,14,2882.823147
162,15,2741.079455
162,15,2741.079455
162,16,2718.259789
162,16,2718.259789
162,18,2675.457565
162,18,2675.457565
162,22,2603.874016
162,23,2571.217753
162,24,2534.208448
162,25,2506.141139
162,26,2491.406224
163,10,3927.881834
163,11,3067.271857
163,12,2982.283687
163,13,2901.986606
163,14,2882.823147
163,15,2741.079455
163,15,2741.079455
163,16,2718.259789
163,16,2718.259789
163,18,2675.457565
163,18,2675.457565
163,22,2603.874016
163,23,2571.217753
163,24,2534.208448
163,25,2506.141139
163,26,2491.406224
164,10,3927.881834
164,11,3067.271857
164,12,2982.283687
164,13,2901.986606
164,14,2882.823147
164,15,2741.079455
164,15,2741.079455
164,16,2718.259789
164,16,2718.259789
164,18,2675.457565
164,18,2675.457565
164,22,2603.874016
164,23,2571.217753
164,24,2534.208448
164,25,2506.141139
164,26,2491.406224
165,10,3927.881834
165,11,3067.271857
165,12,2982.283687
165,13,2901.986606
165,14,2882.823147
165,15,2741.079455
165,15,2741.079455
165,16,2718.259789
165,16,2718.259789
165,18,2675.457565
165,18,2675.457565
165,22,2603.874016
165,23,2571.217753
165,24,2534.208448
165,25,2506.141139
165,26,2491.406224
166,10,3927.881834
166,11,3067.271857
166,12,2982.283687
166,13,2901.986606
166,14,2882.823147
166,15,2741.079455
166,15,2741.079455
166,16,2718.259789
166,16,2718.259789
166,18,2675.457565
166,18,2675.457565
166,22,2603.874016
166,23,2571.217753
166,24,2534.208448
166,25,2506.141139
166,26,2491.406224
167,10,3927.881834
167,11,3067.271857
167,12,2982.283687
167,13,2901.986606
167,14,2882.823147
167,15,2741.079455
167,15,2741.079455
167,16,2718.259789
167,16,2718.259789
167,18,2675.457565
167,18,2675.457565
167,22,2603.874016
167,23,2571.217753
167,24,2534.208448
167,25,2506.141139
167,26,2491.406224
168,10,3927.881834
168,11,3067.271857
168,12,2982.283687
168,13,2901.986606
168,14,2882.823147
168,15,2741.079455
168,15,2741.079455
168,16,2718.259789
168,16,2718.259789
168,18,2675.457565
168,18,2675.457565
168,22,2603.874016
168,23,2571.217753
168,24,2534.208448
168,25,2506.141139
168,26,2491.406224
169,10,3927.881834
169,11,3067.271857
169,12,2982.283687
169,13,2901.986606
169,14,2882.823147
169,15,2741.079455
169,15,2741.079455
169,16,2718.259789
169,16,2718.259789
169,18,2675.457565
169,18,2675.457565
169,22,2603.874016
169,23,2571.217753
169,24,2534.208448
169,25,2506.141139
169,26,2491.406224
170,10,3927.881834
170,11,3067.271857
170,12,2982.283687
170,13,2901.986606
170,14,2882.823147
170,15,2741.079455
170,15,2741.079455
170,16,2718.259789
170,16,2718.259789
170,18,2675.457565
170,18,2675.457565
170,22,2603.874016
170,23,2571.217753
170,24,2534.208448
170,25,2506.141139
170,26,2491.406224
171,10,3927.881834
171,11,3067.271857
171,12,2982.283687
171,13,2901.986606
171,14,2882.823147
171,15,2741.079455
171,15,2741.079455
171,16,2718.259789
171,16,2718.259789
171,18,2675.457565
171,18,2675.457565
171,22,2603.874016
171,23,2571.217753
171,24,2534.208448
171,25,2506.141139
171,26,2491.406224
172,10,3927.881834
172,11,3067.271857
172,12,2982.283687
172,13,2901.986606
172,14,2882.823147
172,15,2741.079455
172,15,2741.079455
172,16,2718.259789
172,16,2718.259789
172,18,2675.457565
172,18,2675.457565
172,22,2603.874016
172,23,2571.217753
172,24,2534.208448
172,25,2506.141139
172,26,2491.406224
173,10,3927.881834
173,11,3067.271857
173,12,2982.283687
173,13,2901.986606
173,14,2882.823147
173,15,2741.079455
173,15,2741.079455
173,16,2718.259789
173,16,2718.259789
173,18,2675.457565
173,18,2675.457565
173,22,2603.874016
173,23,2571.217753
173,24,2534.208448
173,25,2506.141139
173,26,2491.406224
174,10,3927.881834
174,11,3067.271857
174,12,2982.283687
174,13,2901.986606
174,14,2882.823147
174,15,2741.079455
174,15,2741.079455
174,16,2718.259789
174,16,2718.259789
174,18,2675.457565
174,18,2675.457565
174,22,2603.874016
174,23,2571.217753
174,24,2534.208448
174,25,2506.141139
174,26,2491.406224
175,10,3927.881834
175,11,3067.271857
175,12,2982.283687
175,13,2901.986606
175,14,2882.823147
175,15,2741.079455
175,15,2741.079455
175,16,2718.259789
175,16,2718.259789
175,18,2675.457565
175,18,2675.457565
175,22,2603.874016
175,23,2571.217753
175,24,2534.208448
175,25,2506.141139
175,26,2491.406224
176,10,3927.881834
176,11,3067.271857
176,12,2982.283687
176,13,2901.986606
176,14,2882.823147
176,15,2741.079455
176,15,2741.079455
176,16,2718.259789
176,16,2718.259789
176,18,2675.457565
176,18,2675.457565
176,22,2603.874016
176,23,2571.217753
176,24,2534.208448
176,25,2506.141139
176,26,2491.406224
177,10,3927.881834
177,11,3067.271857
177,12,2982.283687
177,13,2901.986606
177,14,2882.823147
177,15,2741.079455
177,15,2741.079455
177,16,2718.259789
177,16,2718.259789
177,18,2675.457565
177,18,2675.457565
177,22,2603.874016
177,23,2571.217753
177,24,2534.208448
177,25,2506.141139
177,26,2491.406224
178,10,3927.881834
178,11,3067.271857
178,12,2982.283687
178,13,2901.986606
178,14,2882.823147
178,15,2741.079455
178,15,2741.079455
178,16,2718.259789
178,16,2718.259789
178,18,2675.457565
178,18,2675.457565
178,22,2603.874016
178,23,2571.217753
178,24,2534.208448
178,25,2506.141139
178,26,2491.406224
179,10,3927.881834
179,11,3067.271857
179,12,2982.283687
179,13,2901.986606
179,14,2882.823147
179,15,2741.079455
179,15,2741.079455
179,16,2718.259789
179,16,2718.259789
179,18,2675.457565
179,18,2675.457565
179,22,2603.874016
179,23,2571.217753
179,24,2534.208448
179,25,2506.141139
179,26,2491.406224
180,10,3927.881834
180,11,3067.271857
180,12,2982.283687
180,13,2901.986606
180,14,2882.823147
180,15,2741.079455
180,15,2741.079455
180,16,2718.259789
180,16,2718.259789
180,18,2675.457565
180,18,2675.457565
180,22,2603.874016
180,23,2571.217753
180,24,2534.208448
180,25,2506.141139
180,26,2491.406224
181,10,3927.881834
181,11,3067.271857
181,12,2982.283687
181,13,2901.986606
181,14,2882.823147
181,15,2741.079455
181,15,2741.079455
181,16,2718.259789
181,16,2718.259789
181,18,2675.457565
181,18,2675.457565
181,22,2603.874016
181,23,2571.217753
181,24,2534.208448
181,25,2506.141139
181,26,2491.406224
182,10,3927.881834
182,11,3067.271857
182,12,2982.283687
182,13,2901.986606
182,14,2882.823147
182,15,2741.079455
182,15,2741.079455
182,16,2718.259789
182,16,2718.259789
182,18,2675.457565
182,18,2675.457565
182,22,2603.874016
182,23,2571.217753
182,24,2534.208448
182,25,2506.141139
182,26,2491.406224
183,10,3927.881834
183,11,3067.271857
183,12,2982.283687
183,13,2901.986606
183,14,2882.823147
183,15,2741.079455
183,15,2741.079455
183,16,2718.259789
183,16,2718.259789
183,18,2675.457565
183,18,2675.457565
183,22,2603.874016
183,23,2571.217753
183,24,2534.208448
183,25,2506.141139
183,26,2491.406224
184,10,3927.881834
184,11,3067.271857
184,12,2982.283687
184,13,2901.986606
184,14,2882.823147
184,15,2741.079455
184,15,2741.079455
184,16,2718.259789
184,16,2718.259789
184,18,2675.457565
184,18,2675.457565
184,22,2603.874016
184,23,2571.217753
184,24,2534.208448
184,25,2506.141139
184,26,2491.406224
185,10,3927.881834
185,11,3067.271857
185,12,2982.283687
185,13,2901.986606
185,14,2882.823147
185,15,2741.079455
185,15,2741.079455
185,16,2718.259789
185,16,2718.259789
185,18,2675.457565
185,18,2675.457565
185,22,2603.874016
185,23,2571.217753
185,24,2534.208448
185,25,2506.141139
185,26,2491.406224
186,10,3927.881834
186,11,3067.271857
186,12,2982.283687
186,13,2901.986606
186,14,2882.823147
186,15,2741.079455
186,15,2741.079455
186,16,2718.259789
186,16,2718.259789
186,18,2675.457565
186,18,2675.457565
186,22,2603.874016
186,23,2571.217753
186,24,2534.208448
186,25,2506.141139
186,26,2491.406224
187,10,3927.881834
187,11,3067.271857
187,12,2982.283687
187,13,2901.986606
187,14,2882.823147
187,15,2741.079455
187,15,2741.079455
187,16,2718.259789
187,16,2718.259789
187,18,2675.457565
187,18,2675.457565
187,22,2603.874016
187,23,2571.217753
187,24,2534.208448
187,25,2506.141139
187,26,2491.406224
188,10,3927.881834
188,11,3067.271857
188,12,2982.283687
188,13,2901.986606
188,14,2882.823147
188,15,2741.079455
188,15,2741.079455
188,16,2718.259789
188,16,2718.259789
188,18,2675.457565
188,18,2675.457565
188,22,2603.874016
188,23,2571.217753
188,24,2534.208448
188,25,2506.141139
188,26,2491.406224
189,10,3927.881834
189,11,3067.271857
189,12,2982.283687
189,13,2901.986606
189,14,2882.823147
189,15,2741.079455
189,15,2741.079455
189,16,2718.259789
189,16,2718.259789
189,18,2675.457565
189,18,2675.457565
189,22,2603.874016
189,23,2571.217753
189,24,2534.208448
189,25,2506.141139
189,26,2491.406224
190,10,3927.881834
190,11,3067.271857
190,12,2982.283687
190,13,2901.986606
190,14,2882.823147
190,15,2741.079455
190,15,2741.079455
190,16,2718.259789
190,16,2718.259789
190,18,2675.457565
190,18,2675.457565
190,22,2603.874016
190,23,2571.217753
190,24,2534.208448
190,25,2506.141139
190,26,2491.406224
191,10,3927.881834
191,11,3067.271857
191,12,2982.283687
191,13,2901.986606
191,14,2882.823147
191,15,2741.079455
191,15,2741.079455
191,16,2718.259789
191,16,2718.259789
191,18,2675.457565
191,18,2675.457565
191,22,2603.874016
191,23,2571.217753
191,24,2534.208448
191,25,2506.141139
191,26,2491.406224
192,10,3927.881834
192,11,3067.271857
192,12,2982.283687
192,13,2901.986606
192,14,2882.823147
192,15,2741.079455
192,15,2741.079455
192,16,2718.259789
192,16,2718.259789
192,18,2675.457565
192,18,2675.457565
192,22,2603.874016
192,23,2571.217753
192,24,2534.208448
192,25,2506.141139
192,26,2491.406224
193,10,3927.881834
193,11,3067.271857
193,12,2982.283687
193,13,2901.986606
193,14,2882.823147
193,15,2741.079455
193,15,2741.079455
193,16,2718.259789
193,16,2718.259789
193,18,2675.457565
193,18,2675.457565
193,22,2603.874016
193,23,2571.217753
193,24,2534.208448
193,25,2506.141139
193,26,2491.406224
194,10,3927.881834
194,11,3067.271857
194,12,2982.283687
194,13,2901.986606
194,14,2882.823147
194,15,2741.079455
194,15,2741.079455
194,16,2718.259789
194,16,2718.259789
194,18,2675.457565
194,18,2675.457565
194,22,2603.874016
194,23,2571.217753
194,24,2534.208448
194,25,2506.141139
194,26,2491.406224
195,10,3927.881834
195,11,3067.271857
195,12,2982.283687
195,13,2901.986606
195,14,2882.823147
195,15,2741.079455
195,15,2741.079455
195,16,2718.259789
195,16,2718.259789
195,18,2675.457565
195,18,2675.457565
195,22,2603.874016
195,23,2571.217753
195,24,2534.208448
195,25,2506.141139
195,26,2491.406224
196,10,3927.881834
196,11,3067.271857
196,12,2982.283687
196,13,2901.986606
196,14,2882.823147
196,15,2741.079455
196,15,2741.079455
196,16,2718.259789
196,16,2718.259789
196,18,2675.457565
196,18,2675.457565
196,22,2603.874016
196,23,2571.217753
196,24,2534.208448
196,25,2506.141139
196,26,2491.406224
197,10,3927.881834
197,11,3067.271857
197,12,2982.283687
197,13,2901.986606
197,14,2882.823147
197,15,2741.079455
197,15,2741.079455
197,16,2718.259789
197,16,2718.259789
197,18,2675.457565
197,18,2675.457565
197,22,2603.874016
197,23,2571.217753
197,24,2534.208448
197,25,2506.141139
197,26,2491.406224
198,10,3927.881834
198,11,3067.271857
198,12,2982.283687
198,13,2901.986606
198,14,2882.823147
198,15,2741.079455
198,15,2741.079455
198,16,2718.259789
198,16,2718.259789
198,18,2675.457565
198,18,2675.457565
198,22,2603.874016
198,23,2571.217753
198,24,2534.208448
198,25,2506.141139
198,26,2491.406224
199,10,3927.881834
199,11,3067.271857
199,12,2982.283687
199,13,2901.986606
199,14,2882.823147
199,15,2741.079455
199,15,2741.079455
199,16,2718.259789
199,16,2718.259789
199,18,2675.457565
199,18,2675.457565
199,22,2603.874016
199,23,2571.217753
199,24,2534.208448
199,25,2506.141139
199,26,2491.406224
200,10,3927.881834
200,11,3067.271857
200,12,2982.283687
200,13,2901.986606
200,14,2882.823147
200,15,2741.079455
200,15,2741.079455
200,16,2718.259789
200,16,2718.259789
200,18,2675.457565
200,18,2675.457565
200,22,2603.874016
200,23,2571.217753
200,24,2534.208448
200,25,2506.141139
200,26,2491.406224
201,10,3927.881834
201,11,3067.271857
201,12,2982.283687
201,13,2901.986606
201,14,2882.823147
201,15,2741.079455
201,15,2741.079455
201,16,2718.259789
201,16,2718.259789
201,18,2675.457565
201,18,2675.457565
201,22,2603.874016
201,23,2571.217753
201,24,2534.208448
201,25,2506.141139
201,26,2491.406224
202,10,3927.881834
202,11,3067.271857
202,12,2982.283687
202,13,2901.986606
202,14,2882.823147
202,15,2741.079455
202,15,2741.079455
202,16,2718.259789
202,16,2718.259789
202,18,2675.457565
202,18,2675.457565
202,22,2603.874016
202,23,2571.217753
202,24,2534.208448
202,25,2506.141139
202,26,2491.406224
203,10,3927.881834
203,11,3067.271857
203,12,2982.283687
203,13,2901.986606
203,14,2882.823147
203,15,2741.079455
203,15,2741.079455
203,16,2718.259789
203,16,2718.259789
203,18,2675.457565
203,18,2675.457565
203,22,2603.874016
203,23,2571.217753
203,24,2534.208448
203,25,2506.141139
203,26,2491.406224
204,10,3927.881834
204,11,3067.271857
204,12,2982.283687
204,13,2901.986606
204,14,2882.823147
204,15,2741.079455
204,15,2741.079455
204,15,2741.079455
204,16,2718.259789
204,16,2718.259789
204,18,2675.457565
204,18,2675.457565
204,22,2603.874016
204,23,2571.217753
204,24,2534.208448
204,25,2506.141139
204,26,2491.406224
205,10,3927.881834
205,11,3067.271857
205,12,2982.283687
205,13,2901.986606
205,14,2882.823147
205,15,2741.079455
205,15,2741.079455
205,15,2741.079455
205,16,2718.259789
205,16,2718.259789
205,18,2675.457565
205,18,2675.457565
205,22,2603.874016
205,23,2571.217753
205,24,2534.208448
205,25,2506.141139
205,26,2491.406224
206,10,3927.881834
206,11,3067.271857
206,12,2982.283687
206,13,2901.986606
206,14,2882.823147
206,15,2741.079455
206,15,2741.079455
206,15,2741.079455
206,16,2718.259789
206,16,2718.259789
206,18,2675.457565
206,18,2675.457565
206,22,2603.874016
206,23,2571.217753
206,24,2534.208448
206,25,2506.141139
206,26,2491.406224
207,10,3927.881834
207,11,3067.271857
207,12,2982.283687
207,13,2901.986606
207,14,2882.823147
207,15,2741.079455
207,15,2741.079455
207,15,2741.079455
207,16,2718.259789
207,16,2718.259789
207,18,2675.457565
207,18,2675.457565
207,22,2603.874016
207,23,2571.217753
207,24,2534.208448
207,25,2506.141139
207,26,2491.406224
208,10,3927.881834
208,11,3067.271857
208,12,2982.283687
208,13,2901.986606
208,14,2882.823147
208,15,2741.079455
208,15,2741.079455
208,15,2741.079455
208,16,2718.259789
208,16,2718.259789
208,18,2675.457565
208,18,2675.457565
208,22,2603.874016
208,23,2571.217753
208,24,2534.208448
208,25,2506.141139
208,26,2491.406224
209,10,3927.881834
209,11,3067.271857
209,12,2982.283687
209,13,2901.986606
209,14,2882.823147
209,15,2741.079455
209,15,2741.079455
209,15,2741.079455
209,16,2718.259789
209,16,2718.259789
209,18,2675.457565
209,18,2675.457565
209,22,2603.874016
209,23,2571.217753
209,24,2534.208448
209,25,2506.141139
209,26,2491.406224
210,10,3927.881834
210,11,3067.271857
210,12,2982.283687
210,13,2901.986606
210,14,2882.823147
210,15,2741.079455
210,15,2741.079455
210,15,2741.079455
210,16,2718.259789
210,16,2718.259789
210,18,2675.457565
210,18,2675.457565
210,22,2603.874016
210,23,2571.217753
210,24,2534.208448
210,25,2506.141139
210,26,2491.406224
211,10,3927.881834
211,11,3067.271857
211,12,2982.283687
211,13,2901.986606
211,14,2882.823147
211,15,2741.079455
211,15,2741.079455
211,15,2741.079455
211,16,2718.259789
211,16,2718.259789
211,18,2675.457565
211,18,2675.457565
211,22,2603.874016
211,23,2571.217753
211,24,2534.208448
211,25,2506.141139
211,26,2491.406224
212,10,3927.881834
212,11,3067.271857
212,12,2982.283687
212,13,2901.986606
212,14,2882.823147
212,15,2741.079455
212,15,2741.079455
212,15,2741.079455
212,16,2718.259789
212,16,2718.259789
212,18,2675.457565
212,18,2675.457565
212,22,2603.874016
212,23,2571.217753
212,24,2534.208448
212,25,2506.141139
212,26,2491.406224
213,10,3927.881834
213,11,3067.271857
213,12,2982.283687
213,13,2901.986606
213,14,2882.823147
213,15,2741.079455
213,15,2741.079455
213,15,2741.079455
213,16,2718.259789
213,16,2718.259789
213,18,2675.457565
213,18,2675.457565
213,22,2603.874016
213,23,2571.217753
213,24,2534.208448
213,25,2506.141139
213,26,2491.406224
214,10,3927.881834
214,11,3067.271857
214,12,2982.283687
214,13,2901.986606
214,14,2882.823147
214,15,2741.079455
214,15,2741.079455
214,15,2741.079455
214,16,2718.259789
214,16,2718.259789
214,18,2675.457565
214,18,2675.457565
214,22,2603.874016
214,23,2571.217753
214,24,2534.208448
214,25,2506.141139
214,26,2491.406224
215,10,3927.881834
215,11,3067.271857
215,12,2982.283687
215,13,2901.986606
215,14,2882.823147
215,15,2741.079455
215,15,2741.079455
215,15,2741.079455
215,16,2718.259789
215,16,2718.259789
215,18,2675.457565
215,18,2675.457565
215,22,2603.874016
215,23,2571.217753
215,24,2534.208448
215,25,2506.141139
215,26,2491.406224
216,10,3927.881834
216,11,3067.271857
216,12,2982.283687
216,13,2901.986606
216,14,2882.823147
216,15,2741.079455
216,15,2741.079455
216,15,2741.079455
216,16,2718.259789
216,16,2718.259789
216,18,2675.457565
216,18,2675.457565
216,22,2603.874016
216,23,2571.217753
216,24,2534.208448
216,25,2506.141139
216,26,2491.406224
217,10,3927.881834
217,11,3067.271857
217,12,2982.283687
217,13,2901.986606
217,14,2882.823147
217,15,2741.079455
217,15,2741.079455
217,15,2741.079455
217,16,2718.259789
217,16,2718.259789
217,18,2675.457565
217,18,2675.457565
217,22,2603.874016
217,23,2571.217753
217,24,2534.208448
217,25,2506.141139
217,26,2491.406224
218,10,3927.881834
218,11,3067.271857
218,12,2982.283687
218,13,2901.986606
218,14,2882.823147
218,15,2741.079455
218,15,2741.079455
218,15,2741.079455
218,16,2718.259789
218,16,2718.259789
218,18,2675.457565
218,18,2675.457565
218,22,2603.874016
218,23,2571.217753
218,24,2534.208448
218,25,2506.141139
218,26,2491.406224
219,10,3927.881834
219,11,3067.271857
219,12,2982.283687
219,13,2901.986606
219,14,2882.823147
219,15,2741.079455
219,15,2741.079455
219,15,2741.079455
219,16,2718.259789
219,16,2718.259789
219,18,2675.457565
219,18,2675.457565
219,22,2603.874016
219,23,2571.217753
219,24,2534.208448
219,25,2506.141139
219,26,2491.406224
220,10,3927.881834
220,11,3067.271857
220,12,2982.283687
220,13,2901.986606
220,14,2882.823147
220,15,2741.079455
220,15,2741.079455
220,15,2741.079455
220,16,2718.259789
220,16,2718.259789
220,18,2675.457565
220,18,2675.457565
220,22,2603.874016
220,23,2571.217753
220,24,2534.208448
220,25,2506.141139
220,26,2491.406224
221,10,3927.881834
221,11,3067.271857
221,12,2982.283687
221,13,2901.986606
221,14,2882.823147
221,15,2741.079455
221,15,2741.079455
221,15,2741.079455
221,16,2718.259789
221,16,2718.259789
221,18,2675.457565
221,18,2675.457565
221,22,2603.874016
221,23,2571.217753
221,24,2534.208448
221,25,2506.141139
221,26,2491.406224
222,10,3927.881834
222,11,3067.271857
222,12,2982.283687
222,13,2901.986606
222,14,2882.823147
222,15,2741.079455
222,15,2741.079455
222,15,2741.079455
222,16,2718.259789
222,16,2718.259789
222,18,2675.457565
222,18,2675.457565
222,22,2603.874016
222,23,2571.217753
222,24,2534.208448
222,25,2506.141139
222,26,2491.406224
223,10,3927.881834
223,11,3067.271857
223,12,2982.283687
223,13,2901.986606
223,14,2882.823147
223,15,2741.079455
223,15,2741.079455
223,15,2741.079455
223,16,2718.259789
223,16,2718.259789
223,18,2675.457565
223,18,2675.457565
223,22,2603.874016
223,23,2571.217753
223,24,2534.208448
223,25,2506.141139
223,26,2491.406224
224,10,3927.881834
224,11,3067.271857
224,12,2982.283687
224,13,2901.986606
224,14,2882.823147
224,15,2741.079455
224,15,2741.079455
224,15,2741.079455
224,16,2718.259789
224,16,2718.259789
224,18,2675.457565
224,18,2675.457565
224,22,2603.874016
224,23,2571.217753
224,24,2534.208448
224,25,2506.141139
224,26,2491.406224
225,10,3927.881834
225,11,3067.271857
225,12,2982.283687
225,13,2901.986606
225,14,2882.823147
225,15,2741.079455
225,15,2741.079455
225,15,2741.079455
225,16,2718.259789
225,16,2718.259789
225,18,2675.457565
225,18,2675.457565
225,22,2603.874016
225,23,2571.217753
225,24,2534.208448
225,25,2506.141139
225,26,2491.406224
226,10,3927.881834
226,11,3067.271857
226,12,2982.283687
226,13,2901.986606
226,14,2882.823147
226,15,2741.079455
226,15,2741.079455
226,15,2741.079455
226,16,2718.259789
226,16,2718.259789
226,18,2675.457565
226,18,2675.457565
226,22,2603.874016
226,23,2571.217753
226,24,2534.208448
226,25,2506.141139
226,26,2491.406224
227,10,3927.881834
227,11,3067.271857
227,12,2982.283687
227,13,2901.986606
227,14,2882.823147
227,15,2741.079455
227,15,2741.079455
227,15,2741.079455
227,16,2718.259789
227,16,2718.259789
227,18,2675.457565
227,18,2675.457565
227,22,2603.874016
227,23,2571.217753
227,24,2534.208448
227,25,2506.141139
227,26,2491.406224
228,10,3927.881834
228,11,3067.271857
228,12,2982.283687
228,13,2901.986606
228,14,2882.823147
228,15,2741.079455
228,15,2741.079455
228,15,2741.079455
228,16,2718.259789
228,16,2718.259789
228,18,2675.457565
228,18,2675.457565
228,22,2603.874016
228,23,2571.217753
228,24,2534.208448
228,25,2506.141139
228,26,2491.406224
229,10,3927.881834
229,11,3067.271857
229,12,2982.283687
229,13,2901.986606
229,14,2882.823147
229,15,2741.079455
229,15,2741.079455
229,15,2741.079455
229,16,2718.259789
229,16,2718.259789
229,18,2675.457565
229,18,2675.457565
229,22,2603.874016
229,23,2571.217753
229,24,2534.208448
229,25,2506.141139
229,26,2491.406224
230,10,3927.881834
230,11,3067.271857
230,12,2982.283687
230,13,2901.986606
230,14,2882.823147
230,15,2741.079455
230,15,2741.079455
230,15,2741.079455
230,16,2718.259789
230,16,2718.259789
230,18,2675.457565
230,18,2675.457565
230,22,2603.874016
230,23,2571.217753
230,24,2534.208448
230,25,2506.141139
230,26,2491.406224
231,10,3927.881834
231,11,3067.271857
231,12,2982.283687
231,13,2901.986606
231,14,2882.823147
231,15,2741.079455
231,15,2741.079455
231,15,2741.079455
231,16,2718.259789
231,16,2718.259789
231,18,2675.457565
231,18,2675.457565
231,22,2603.874016
231,23,2571.217753
231,24,2534.208448
231,25,2506.141139
231,26,2491.406224
232,10,3927.881834
232,11,3067.271857
232,12,2982.283687
232,13,2901.986606
232,14,2882.823147
232,15,2741.079455
232,15,2741.079455
232,15,2741.079455
232,16,2718.259789
232,16,2718.259789
232,18,2675.457565
232,18,2675.457565
232,22,2603.874016
232,23,2571.217753
232,24,2534.208448
232,25,2506.141139
232,26,2491.406224
233,10,3927.881834
233,11,3067.271857
233,12,2982.283687
233,13,2901.986606
233,14,2882.823147
233,15,2741.079455
233,15,2741.079455
233,15,2741.079455
233,16,2718.259789
233,16,2718.259789
233,18,2675.457565
233,18,2675.457565
233,22,2603.874016
233,23,2571.217753
233,24,2534.208448
233,25,2506.141139
233,26,2491.406224
234,10,3927.881834
234,11,3067.271857
234,12,2982.283687
234,13,2901.986606
234,14,2882.823147
234,15,2741.079455
234,15,2741.079455
234,15,2741.079455
234,16,2718.259789
234,16,2718.259789
234,18,2675.457565
234,18,2675.457565
234,22,2603.874016
234,23,2571.217753
234,24,2534.208448
234,25,2506.141139
234,26,2491.406224
235,10,3927.881834
235,11,3067.271857
235,12,2982.283687
235,13,2901.986606
235,14,2882.823147
235,15,2741.079455
235,15,2741.079455
235,15,2741.079455
235,16,2718.259789
235,16,2718.259789
235,18,2675.457565
235,18,2675.457565
235,22,2603.874016
235,23,2571.217753
235,24,2534.208448
235,25,2506.141139
235,26,2491.406224
236,10,3927.881834
236,11,3067.271857
236,12,2982.283687
236,13,2901.986606
236,14,2882.823147
236,15,2741.079455
236,15,2741.079455
236,15,2741.079455
236,16,2718.259789
236,16,2718.259789
236,18,2675.457565
236,18,2675.457565
236,22,2603.874016
236,23,2571.217753
236,24,2534.208448
236,25,2506.141139
236,26,2491.406224
237,10,3927.881834
237,11,3067.271857
237,12,2982.283687
237,13,2901.986606
237,14,2882.823147
237,15,2741.079455
237,15,2741.079455
237,15,2741.079455
237,16,2718.259789
237,16,2718.259789
237,18,2675.457565
237,18,2675.457565
237,22,2603.874016
237,23,2571.217753
237,24,2534.208448
237,25,2506.141139
237,26,2491.406224
238,10,3927.881834
238,11,3067.271857
238,12,2982.283687
238,13,2901.986606
238,14,2882.823147
238,15,2741.079455
238,15,2741.079455
238,15,2741.079455
238,16,2718.259789
238,16,2718.259789
238,18,2675.457565
238,18,2675.457565
238,22,2603.874016
238,23,2571.217753
238,24,2534.208448
238,25,2506.141139
238,26,2491.406224
239,10,3927.881834
239,11,3067.271857
239,12,2982.283687
239,13,2901.986606
239,14,2882.823147
239,15,2741.079455
239,15,2741.079455
239,15,2741.079455
239,16,2718.259789
239,16,2718.259789
239,18,2675.457565
239,18,2675.457565
239,22,2603.874016
239,23,2571.217753
239,24,2534.208448
239,25,2506.141139
239,26,2491.406224
240,10,3927.881834
240,11,3067.271857
240,12,2982.283687
240,13,2901.986606
240,14,2882.823147
240,15,2741.079455
240,15,2741.079455
240,15,2741.079455
240,16,2718.259789
240,16,2718.259789
240,18,2675.457565
240,18,2675.457565
240,22,2603.874016
240,23,2571.217753
240,24,2534.208448
240,25,2506.141139
240,26,2491.406224
241,10,3927.881834
241,11,3067.271857
241,12,2982.283687
241,13,2901.986606
241,14,2882.823147
241,15,2741.079455
241,15,2741.079455
241,15,2741.079455
241,16,2718.259789
241,16,2718.259789
241,18,2675.457565
241,18,2675.457565
241,22,2603.874016
241,23,2571.217753
241,24,2534.208448
241,25,2506.141139
241,26,2491.406224
242,10,3927.881834
242,11,3067.271857
242,12,2982.283687
242,13,2901.986606
242,14,2882.823147
242,15,2741.079455
242,15,2741.079455
242,15,2741.079455
242,16,2718.259789
242,16,2718.259789
242,18,2675.457565
242,18,2675.457565
242,22,2603.874016
242,23,2571.217753
242,24,2534.208448
242,25,2506.141139
242,26,2491.406224
243,10,3927.881834
243,11,3067.271857
243,12,2982.283687
243,13,2901.986606
243,14,2882.823147
243,15,2741.079455
243,15,2741.079455
243,15,2741.079455
243,16,2718.259789
243,16,2718.259789
243,18,2675.457565
243,18,2675.457565
243,22,2603.874016
243,23,2571.217753
243,24,2534.208448
243,25,2506.141139
243,26,2491.406224
244,10,3927.881834
244,11,3067.271857
244,12,2982.283687
244,13,2901.986606
244,14,2882.823147
244,15,2741.079455
244,15,2741.079455
244,15,2741.079455
244,16,2718.259789
244,16,2718.259789
244,18,2675.457565
244,18,2675.457565
244,22,2603.874016
244,23,2571.217753
244,24,2534.208448
244,25,2506.141139
244,26,2491.406224
245,10,3927.881834
245,11,3067.271857
245,12,2982.283687
245,13,2901.986606
245,14,2882.823147
245,15,2741.079455
245,15,2741.079455
245,15,2741.079455
245,16,2718.259789
245,16,2718.259789
245,18,2675.457565
245,18,2675.457565
245,22,2603.874016
245,23,2571.217753
245,24,2534.208448
245,25,2506.141139
245,26,2491.406224
246,10,3927.881834
246,11,3067.271857
246,12,2982.283687
246,13,2901.986606
246,14,2882.823147
246,15,2741.079455
246,15,2741.079455
246,15,2741.079455
246,16,2718.259789
246,16,2718.259789
246,18,2675.457565
246,18,2675.457565
246,22,2603.874016
246,23,2571.217753
246,24,2534.208448
246,25,2506.141139
246,26,2491.406224
247,10,3927.881834
247,11,3067.271857
247,12,2982.283687
247,13,2901.986606
247,14,2882.823147
247,15,2741.079455
247,15,2741.079455
247,15,2741.079455
247,16,2718.259789
247,16,2718.259789
247,18,2675.457565
247,18,2675.457565
247,22,2603.874016
247,23,2571.217753
247,24,2534.208448
247,25,2506.141139
247,26,2491.406224
248,10,3927.881834
248,11,3067.271857
248,12,2982.283687
248,13,2901.986606
248,14,2882.823147
248,15,2741.079455
248,15,2741.079455
248,15,2741.079455
248,16,2718.259789
248,16,2718.259789
248,18,2675.457565
248,18,2675.457565
248,22,2603.874016
248,23,2571.217753
248,24,2534.208448
248,25,2506.141139
248,26,2491.406224
249,10,3927.881834
249,11,3067.271857
249,12,2982.283687
249,13,2901.986606
249,14,2882.823147
249,15,2741.079455
249,15,2741.079455
249,15,2741.079455
249,16,2718.259789
249,16,2718.259789
249,18,2675.457565
249,18,2675.457565
249,22,2603.874016
249,23,2571.217753
249,24,2534.208448
249,25,2506.141139
249,26,2491.406224
250,10,3927.881834
250,11,3067.271857
250,12,2982.283687
250,13,2901.986606
250,14,2882.823147
250,15,2741.079455
250,15,2741.079455
250,15,2741.079455
250,16,2718.259789
250,16,2718.259789
250,18,2675.457565
250,18,2675.457565
250,22,2603.874016
250,23,2571.217753
250,24,2534.208448
250,25,2506.141139
250,26,2491.406224
251,10,3927.881834
251,11,3067.271857
251,12,2982.283687
251,13,2901.986606
251,14,2882.823147
251,15,2741.079455
251,15,2741.079455
251,15,2741.079455
251,16,2718.259789
251,16,2718.259789
251,18,2675.457565
251,18,2675.457565
251,22,2603.874016
251,23,2571.217753
251,24,2534.208448
251,25,2506.141139
251,26,2491.406224
252,10,3927.881834
252,11,3067.271857
252,12,2982.283687
252,13,2901.986606
252,14,2882.823147
252,15,2741.079455
252,15,2741.079455
252,15,2741.079455
252,16,2718.259789
252,16,2718.259789
252,18,2675.457565
252,18,2675.457565
252,22,2603.874016
252,23,2571.217753
252,24,2534.208448
252,25,2506.141139
252,26,2491.406224
253,10,3927.881834
253,11,3067.271857
253,12,2982.283687
253,13,2901.986606
253,14,2882.823147
253,15,2741.079455
253,15,2741.079455
253,15,2741.079455
253,16,2718.259789
253,16,2718.259789
253,18,2675.457565
253,18,2675.457565
253,22,2603.874016
253,23,2571.217753
253,24,2534.208448
253,25,2506.141139
253,26,2491.406224
254,10,3927.881834
254,11,3067.271857
254,12,2982.283687
254,13,2901.986606
254,14,2882.823147
254,15,2741.079455
254,15,2741.079455
254,15,2741.079455
254,16,2718.259789
254,16,2718.259789
254,18,2675.457565
254,18,2675.457565
254,22,2603.874016
254,23,2571.217753
254,24,2534.208448
254,25,2506.141139
254,26,2491.406224
255,10,3927.881834
255,11,3067.271857
255,12,2982.283687
255,13,2901.986606
255,14,2882.823147
255,15,2741.079455
255,15,2741.079455
255,15,2741.079455
255,16,2718.259789
255,16,2718.259789
255,18,2675.457565
255,18,2675.457565
255,22,2603.874016
255,23,2571.217753
255,24,2525.094250
255,25,2506.141139
255,25,2506.141139
255,26,2491.406224
256,10,3927.881834
256,11,3067.271857
256,12,2982.283687
256,13,2901.986606
256,14,2882.823147
256,15,2741.079455
256,15,2741.079455
256,15,2741.079455
256,16,2718.259789
256,16,2718.259789
256,18,2675.457565
256,18,2675.457565
256,22,2603.874016
256,23,2571.217753
256,24,2525.094250
256,25,2506.141139
256,25,2506.141139
256,26,2491.406224
257,10,3927.881834
257,11,3067.271857
257,12,2982.283687
257,13,2901.986606
257,14,2882.823147
257,15,2741.079455
257,15,2741.079455
257,15,2741.079455
257,16,2718.259789
257,16,2718.259789
257,18,2675.457565
257,18,2675.457565
257,22,2603.874016
257,23,2571.217753
257,24,2525.094250
257,25,2506.141139
257,25,2506.141139
257,26,2491.406224
258,10,3927.881834
258,11,3067.271857
258,12,2982.283687
258,13,2901.986606
258,14,2882.823147
258,15,2741.079455
258,15,2741.079455
258,15,2741.079455
258,16,2718.259789
258,16,2718.259789
258,18,2675.457565
258,18,2675.457565
258,22,2603.874016
258,23,2571.217753
258,24,2525.094250
258,25,2506.141139
258,25,2506.141139
258,26,2491.406224
259,10,3927.881834
259,11,3067.271857
259,12,2982.283687
259,13,2901.986606
259,14,2882.823147
259,15,2741.079455
259,15,2741.079455
259,15,2741.079455
259,16,2718.259789
259,16,2718.259789
259,18,2675.457565
259,18,2675.457565
259,22,2603.874016
259,23,2571.217753
259,24,2525.094250
259,25,2506.141139
259,25,2506.141139
259,26,2491.406224
260,10,3927.881834
260,11,3067.271857
260,12,2982.283687
260,13,2901.986606
260,14,2882.823147
260,15,2741.079455
260,15,2741.079455
260,15,2741.079455
260,16,2718.259789
260,16,2718.259789
260,18,2675.457565
260,18,2675.457565
260,22,2603.874016
260,23,2571.217753
260,24,2525.094250
260,25,2506.141139
260,25,2506.141139
260,26,2491.406224
261,10,3927.881834
261,11,3067.271857
261,12,2982.283687
261,13,2901.986606
261,14,2882.823147
261,15,2741.079455
261,15,2741.079455
261,15,2741.079455
261,16,2718.259789
261,16,2718.259789
261,18,2675.457565
261,18,2675.457565
261,22,2603.874016
261,23,2571.217753
261,24,2525.094250
261,25,2506.141139
261,25,2506.141139
261,26,2491.406224
262,10,3927.881834
262,11,3067.271857
262,12,2982.283687
262,13,2901.986606
262,14,2882.823147
262,15,2741.079455
262,15,2741.079455
262,15,2741.079455
262,16,2718.259789
262,16,2718.259789
262,18,2675.457565
262,18,2675.457565
262,22,2603.874016
262,23,2571.217753
262,24,2525.094250
262,25,2506.141139
262,25,2506.141139
262,26,2491.406224
263,10,3927.881834
263,11,3067.271857
263,12,2982.283687
263,13,2901.986606
263,14,2882.823147
263,15,2741.079455
263,15,2741.079455
263,15,2741.079455
263,16,2718.259789
263,16,2718.259789
263,18,2675.457565
263,18,2675.457565
263,22,2603.874016
263,23,2571.217753
263,24,2525.094250
263,25,2506.141139
263,25,2506.141139
263,26,2491.406224
264,10,3927.881834
264,11,3067.271857
264,12,2982.283687
264,13,2901.986606
264,14,2882.823147
264,15,2741.079455
264,15,2741.079455
264,15,2741.079455
264,16,2718.259789
264,16,2718.259789
264,18,2675.457565
264,18,2675.457565
264,22,2603.874016
264,23,2571.217753
264,24,2525.094250
264,25,2506.141139
264,25,2506.141139
264,26,2491.406224
265,10,3927.881834
265,11,3067.271857
265,12,2982.283687
265,13,2901.986606
265,14,2882.823147
265,15,2741.079455
265,15,2741.079455
265,15,2741.079455
265,16,2718.259789
265,16,2718.259789
265,18,2675.457565
265,18,2675.457565
265,22,2603.874016
265,23,2571.217753
265,24,2525.094250
265,25,2506.141139
265,25,2506.141139
265,26,2491.406224
266,10,3927.881834
266,11,3067.271857
266,12,2982.283687
266,13,2901.986606
266,14,2882.823147
266,15,2741.079455
266,15,2741.079455
266,15,2741.079455
266,16,2718.259789
266,16,2718.259789
266,18,2675.457565
266,18,2675.457565
266,22,2603.874016
266,23,2571.217753
266,24,2525.094250
266,25,2506.141139
266,25,2506.141139
266,26,2491.406224
267,10,3927.881834
267,11,3067.271857
267,12,2982.283687
267,13,2901.986606
267,14,2882.823147
267,15,2741.079455
267,15,2741.079455
267,15,2741.079455
267,16,2718.259789
267,16,2718.259789
267,18,2675.457565
267,18,2675.457565
267,22,2603.874016
267,23,2571.217753
267,24,2525.094250
267,25,2506.141139
267,25,2506.141139
267,26,2491.406224
268,10,3927.881834
268,11,3067.271857
268,12,2982.283687
268,13,2901.986606
268,14,2882.823147
268,15,2741.079455
268,15,2741.079455
268,15,2741.079455
268,16,2718.259789
268,16,2718.259789
268,18,2675.457565
268,18,2675.457565
268,22,2603.874016
268,23,2571.217753
268,24,2525.094250
268,25,2506.141139
268,25,2506.141139
268,26,2491.406224
269,10,3927.881834
269,11,3067.271857
269,12,2982.283687
269,13,2901.986606
269,14,2882.823147
269,15,2741.079455
269,15,2741.079455
269,15,2741.079455
269,16,2718.259789
269,16,2718.259789
269,18,2675.457565
269,18,2675.457565
269,22,2603.874016
269,23,2571.217753
269,24,2525.094250
269,25,2506.141139
269,25,2506.141139
269,26,2491.406224
270,10,3927.881834
270,11,3067.271857
270,12,2982.283687
270,13,2901.986606
270,14,2882.823147
270,15,2741.079455
270,15,2741.079455
270,15,2741.079455
270,16,2718.259789
270,16,2718.259789
270,18,2675.457565
270,18,2675.457565
270,22,2603.874016
270,23,2571.217753
270,24,2525.094250
270,25,2506.141139
270,25,2506.141139
270,26,2491.406224
271,10,3927.881834
271,11,3067.271857
271,12,2982.283687
271,13,2901.986606
271,14,2882.823147
271,15,2741.079455
271,15,2741.079455
271,15,2741.079455
271,16,2718.259789
271,16,2718.259789
271,18,2675.457565
271,18,2675.457565
271,22,2603.874016
271,23,2571.217753
271,24,2525.094250
271,25,2506.141139
271,25,2506.141139
271,26,2491.406224
272,10,3927.881834
272,11,3067.271857
272,12,2982.283687
272,13,2901.986606
272,14,2882.823147
272,15,2741.079455
272,15,2741.079455
272,15,2741.079455
272,16,2718.259789
272,16,2718.259789
272,18,2675.457565
272,18,2675.457565
272,22,2603.874016
272,23,2571.217753
272,24,2525.094250
272,25,2506.141139
272,25,2506.141139
272,26,2491.406224
273,10,3927.881834
273,11,3067.271857
273,12,2982.283687
273,13,2901.986606
273,14,2882.823147
273,15,2741.079455
273,15,2741.079455
273,15,2741.079455
273,16,2718.259789
273,16,2718.259789
273,18,2675.457565
273,18,2675.457565
273,22,2603.874016
273,23,2571.217753
273,24,2525.094250
273,25,2506.141139
273,25,2506.141139
273,26,2491.406224
274,10,3927.881834
274,11,3067.271857
274,12,2982.283687
274,13,2901.986606
274,14,2882.823147
274,15,2741.079455
274,15,2741.079455
274,15,2741.079455
274,16,2718.259789
274,16,2718.259789
274,18,2675.457565
274,18,2675.457565
274,22,2603.874016
274,23,2571.217753
274,24,2525.094250
274,25,2506.141139
274,25,2506.141139
274,26,2491.406224
275,10,3927.881834
275,11,3067.271857
275,12,2982.283687
275,13,2901.986606
275,14,2882.823147
275,15,2741.079455
275,15,2741.079455
275,15,2741.079455
275,16,2718.259789
275,16,2718.259789
275,18,2675.457565
275,18,2675.457565
275,22,2603.874016
275,23,2571.217753
275,24,2525.094250
275,25,2506.141139
275,25,2506.141139
275,26,2491.406224
276,10,3927.881834
276,11,3067.271857
276,12,2982.283687
276,13,2901.986606
276,14,2882.823147
276,15,2741.079455
276,15,2741.079455
276,15,2741.079455
276,16,2718.259789
276,16,2718.259789
276,18,2675.457565
276,18,2675.457565
276,22,2603.874016
276,23,2571.217753
276,24,2525.094250
276,25,2506.141139
276,25,2506.141139
276,26,2491.406224
277,10,3927.881834
277,11,3067.271857
277,12,2982.283687
277,13,2901.986606
277,14,2882.823147
277,15,2741.079455
277,15,2741.079455
277,15,2741.079455
277,16,2718.259789
277,16,2718.259789
277,18,2675.457565
277,18,2675.457565
277,22,2603.874016
277,23,2571.217753
277,24,2525.094250
277,25,2506.141139
277,25,2506.141139
277,26,2491.406224
278,10,3927.881834
278,11,3067.271857
278,12,2982.283687
278,13,2901.986606
278,14,2882.823147
278,15,2741.079455
278,15,2741.079455
278,15,2741.079455
278,16,2718.259789
278,16,2718.259789
278,18,2675.457565
278,18,2675.457565
278,22,2603.874016
278,23,2571.217753
278,24,2525.094250
278,25,2506.141139
278,25,2506.141139
278,26,2491.406224
279,10,3927.881834
279,11,3067.271857
279,12,2982.283687
279,13,2901.986606
279,14,2882.823147
279,15,2741.079455
279,15,2741.079455
279,15,2741.079455
279,16,2718.259789
279,16,2718.259789
279,18,2675.457565
279,18,2675.457565
279,22,2603.874016
279,23,2571.217753
279,24,2525.094250
279,25,2506.141139
279,25,2506.141139
279,26,2491.406224
280,10,3927.881834
280,11,3067.271857
280,12,2982.283687
280,13,2901.986606
280,14,2882.823147
280,15,2741.079455
280,15,2741.079455
280,15,2741.079455
280,16,2718.259789
280,16,2718.259789
280,18,2675.457565
280,18,2675.457565
280,22,2603.874016
280,23,2571.217753
280,24,2525.094250
280,25,2506.141139
280,25,2506.141139
280,26,2491.406224
281,10,3927.881834
281,11,3067.271857
281,12,2982.283687
281,13,2901.986606
281,14,2882.823147
281,15,2741.079455
281,15,2741.079455
281,15,2741.079455
281,16,2718.259789
281,16,2718.259789
281,18,2675.457565
281,18,2675.457565
281,22,2603.874016
281,23,2571.217753
281,24,2525.094250
281,25,2506.141139
281,25,2506.141139
281,26,2491.406224
282,10,3927.881834
282,11,3067.271857
282,12,2982.283687
282,13,2901.986606
282,14,2882.823147
282,15,2741.079455
282,15,2741.079455
282,15,2741.079455
282,16,2718.259789
282,16,2718.259789
282,18,2675.457565
282,18,2675.457565
282,22,2603.874016
282,23,2571.217753
282,24,2525.094250
282,25,2506.141139
282,25,2506.141139
282,26,2491.406224
283,10,3927.881834
283,11,3067.271857
283,12,2982.283687
283,13,2901.986606
283,14,2882.823147
283,15,2741.079455
283,15,2741.079455
283,15,2741.079455
283,16,2718.259789
283,16,2718.259789
283,18,2675.457565
283,18,2675.457565
283,22,2603.874016
283,23,2571.217753
283,24,2525.094250
283,25,2506.141139
283,25,2506.141139
283,26,2491.406224
284,10,3927.881834
284,11,3067.271857
284,12,2982.283687
284,13,2901.986606
284,14,2882.823147
284,15,2741.079455
284,15,2741.079455
284,15,2741.079455
284,16,2718.259789
284,16,2718.259789
284,18,2675.457565
284,18,2675.457565
284,22,2603.874016
284,23,2571.217753
284,24,2525.094250
284,25,2506.141139
284,25,2506.141139
284,26,2491.406224
285,10,3927.881834
285,11,3067.271857
285,12,2982.283687
285,13,2901.986606
285,14,2882.823147
285,15,2741.079455
285,15,2741.079455
285,15,2741.079455
285,16,2718.259789
285,16,2718.259789
285,18,2675.457565
285,18,2675.457565
285,22,2603.874016
285,23,2571.217753
285,24,2525.094250
285,25,2506.141139
285,25,2506.141139
285,26,2491.406224
286,10,3927.881834
286,11,3067.271857
286,12,2982.283687
286,13,2901.986606
286,14,2882.823147
286,15,2741.079455
286,15,2741.079455
286,15,2741.079455
286,16,2718.259789
286,16,2718.259789
286,18,2675.457565
286,18,2675.457565
286,22,2603.874016
286,23,2571.217753
286,24,2525.094250
286,25,2506.141139
286,25,2506.141139
286,26,2491.406224
287,10,3927.881834
287,11,3067.271857
287,12,2982.283687
287,13,2901.986606
287,14,2882.823147
287,15,2741.079455
287,15,2741.079455
287,15,2741.079455
287,16,2718.259789
287,16,2718.259789
287,18,2675.457565
287,18,2675.457565
287,22,2603.874016
287,23,2571.217753
287,24,2525.094250
287,25,2506.141139
287,25,2506.141139
287,26,2491.406224
288,10,3927.881834
288,11,3067.271857
288,12,2982.283687
288,13,2901.986606
288,14,2882.823147
288,15,2741.079455
288,15,2741.079455
288,15,2741.079455
288,16,2718.259789
288,16,2718.259789
288,18,2675.457565
288,18,2675.457565
288,22,2603.874016
288,23,2571.217753
288,24,2525.094250
288,25,2506.141139
288,25,2506.141139
288,26,2491.406224
289,10,3927.881834
289,11,3067.271857
289,12,2982.283687
289,13,2901.986606
289,14,2882.823147
289,15,2741.079455
289,15,2741.079455
289,15,2741.079455
289,16,2718.259789
289,16,2718.259789
289,18,2675.457565
289,18,2675.457565
289,22,2603.874016
289,23,2571.217753
289,24,2525.094250
289,25,2506.141139
289,25,2506.141139
289,26,2491.406224
290,10,3927.881834
290,11,3067.271857
290,12,2982.283687
290,13,2901.986606
290,14,2882.823147
290,15,2741.079455
290,15,2741.079455
290,15,2741.079455
290,16,2718.259789
290,16,2718.259789
290,18,2675.457565
290,18,2675.457565
290,22,2603.874016
290,23,2571.217753
290,24,2525.094250
290,25,2506.141139
290,25,2506.141139
290,26,2491.406224
291,10,3927.881834
291,11,3067.271857
291,12,2982.283687
291,13,2901.986606
291,14,2882.823147
291,15,2741.079455
291,15,2741.079455
291,15,2741.079455
291,16,2718.259789
291,16,2718.259789
291,18,2675.457565
291,18,2675.457565
291,22,2603.874016
291,23,2571.217753
291,24,2525.094250
291,25,2506.141139
291,25,2506.141139
291,26,2491.406224
292,10,3927.881834
292,11,3067.271857
292,12,2982.283687
292,13,2901.986606
292,14,2882.823147
292,15,2741.079455
292,15,2741.079455
292,15,2741.079455
292,16,2718.259789
292,16,2718.259789
292,18,2675.457565
292,18,2675.457565
292,22,2603.874016
292,23,2571.217753
292,24,2525.094250
292,25,2506.141139
292,25,2506.141139
292,26,2491.406224
293,10,3927.881834
293,11,3067.271857
293,12,2982.283687
293,13,2901.986606
293,14,2882.823147
293,15,2741.079455
293,15,2741.079455
293,15,2741.079455
293,16,2718.259789
293,16,2718.259789
293,18,2675.457565
293,18,2675.457565
293,22,2603.874016
293,23,2571.217753
293,24,2525.094250
293,25,2506.141139
293,25,2506.141139
293,26,2491.406224
294,10,3927.881834
294,11,3067.271857
294,12,2982.283687
294,13,2901.986606
294,14,2882.823147
294,15,2741.079455
294,15,2741.079455
294,15,2741.079455
294,16,2718.259789
294,16,2718.259789
294,18,2675.457565
294,18,2675.457565
294,22,2603.874016
294,23,2571.217753
294,24,2525.094250
294,25,2506.141139
294,25,2506.141139
294,26,2491.406224
295,10,3927.881834
295,11,3067.271857
295,12,2982.283687
295,13,2901.986606
295,14,2882.823147
295,15,2741.079455
295,15,2741.079455
295,15,2741.079455
295,16,2718.259789
295,16,2718.259789
295,18,2675.457565
295,18,2675.457565
295,22,2603.874016
295,23,2571.217753
295,24,2525.094250
295,25,2506.141139
295,25,2506.141139
295,26,2491.406224
296,10,3927.881834
296,11,3067.271857
296,12,2982.283687
296,13,2901.986606
296,14,2882.823147
296,15,2741.079455
296,15,2741.079455
296,15,2741.079455
296,16,2718.259789
296,16,2718.259789
296,18,2675.457565
296,18,2675.457565
296,22,2603.874016
296,23,2571.217753
296,24,2525.094250
296,25,2506.141139
296,25,2506.141139
296,26,2491.406224
297,10,3927.881834
297,11,3067.271857
297,12,2982.283687
297,13,2901.986606
297,14,2882.823147
297,15,2741.079455
297,15,2741.079455
297,15,2741.079455
297,16,2718.259789
297,16,2718.259789
297,18,2675.457565
297,18,2675.457565
297,22,2603.874016
297,23,2571.217753
297,24,2525.094250
297,25,2506.141139
297,25,2506.141139
297,26,2491.406224
298,10,3927.881834
298,11,3067.271857
298,12,2982.283687
298,13,2901.986606
298,14,2882.823147
298,15,2741.079455
298,15,2741.079455
298,15,2741.079455
298,16,2718.259789
298,16,2718.259789
298,18,2675.457565
298,18,2675.457565
298,22,2603.874016
298,23,2571.217753
298,24,2525.094250
298,25,2506.141139
298,25,2506.141139
298,26,2491.406224
299,10,3927.881834
299,11,3067.271857
299,12,2982.283687
299,13,2901.986606
299,14,2882.823147
299,15,2741.079455
299,15,2741.079455
299,15,2741.079455
299,16,2718.259789
299,16,2718.259789
299,18,2675.457565
299,18,2675.457565
299,22,2603.874016
299,23,2571.217753
299,24,2525.094250
299,25,2506.141139
299,25,2506.141139
299,26,2491.406224
300,10,3927.881834
300,11,3067.271857
300,12,2982.283687
300,13,2901.986606
300,14,2882.823147
300,15,2741.079455
300,15,2741.079455
300,15,2741.079455
300,16,2718.259789
300,16,2718.259789
300,18,2675.457565
300,18,2675.457565
300,22,2603.874016
300,23,2571.217753
300,24,2525.094250
300,25,2506.141139
300,25,2506.141139
300,26,2491.406224
301,10,3927.881834
301,11,3067.271857
301,12,2982.283687
301,13,2901.986606
301,14,2882.823147
301,15,2741.079455
301,15,2741.079455
301,15,2741.079455
301,16,2718.259789
301,16,2718.259789
301,18,2675.457565
301,18,2675.457565
301,22,2603.874016
301,23,2571.217753
301,24,2525.094250
301,25,2506.141139
301,25,2506.141139
301,26,2491.406224
302,10,3927.881834
302,11,3067.271857
302,12,2982.283687
302,13,2901.986606
302,14,2882.823147
302,15,2741.079455
302,15,2741.079455
302,15,2741.079455
302,16,2718.259789
302,16,2718.259789
302,18,2675.457565
302,18,2675.457565
302,22,2603.874016
302,23,2571.217753
302,24,2525.094250
302,25,2506.141139
302,25,2506.141139
302,26,2491.406224
303,10,3927.881834
303,11,3067.271857
303,12,2982.283687
303,13,2901.986606
303,14,2882.823147
303,15,2741.079455
303,15,2741.079455
303,15,2741.079455
303,16,2718.259789
303,16,2718.259789
303,18,2675.457565
303,18,2675.457565
303,22,2603.874016
303,23,2571.217753
303,24,2525.094250
303,25,2506.141139
303,25,2506.141139
303,26,2491.406224
304,10,3927.881834
304,11,3067.271857
304,12,2982.283687
304,13,2901.986606
304,14,2882.823147
304,15,2741.079455
304,15,2741.079455
304,15,2741.079455
304,16,2718.259789
304,16,2718.259789
304,18,2675.457565
304,18,2675.457565
304,22,2603.874016
304,23,2571.217753
304,24,2525.094250
304,25,2506.141139
304,25,2506.141139
304,26,2491.406224
305,10,3927.881834
305,11,3067.271857
305,12,2982.283687
305,13,2901.986606
305,14,2882.823147
305,15,2741.079455
305,15,2741.079455
305,15,2741.079455
305,16,2718.259789
305,16,2718.259789
305,18,2675.457565
305,18,2675.457565
305,22,2603.874016
305,23,2571.217753
305,24,2525.094250
305,25,2506.141139
305,25,2506.141139
305,26,2463.934246
306,10,3927.881834
306,11,3067.271857
306,12,2982.283687
306,13,2901.986606
306,14,2882.823147
306,15,2741.079455
306,15,2741.079455
306,15,2741.079455
306,16,2718.259789
306,16,2718.259789
306,18,2675.457565
306,18,2675.457565
306,22,2603.874016
306,23,2571.217753
306,24,2525.094250
306,25,2506.141139
306,25,2506.141139
306,26,2463.934246
307,10,3927.881834
307,11,3067.271857
307,12,2982.283687
307,13,2901.986606
307,14,2882.823147
307,15,2741.079455
307,15,2741.079455
307,15,2741.079455
307,16,2718.259789
307,16,2718.259789
307,18,2675.457565
307,18,2675.457565
307,22,2603.874016
307,23,2571.217753
307,24,2525.094250
307,25,2506.141139
307,25,2506.141139
307,26,2463.934246
308,10,3927.881834
308,11,3067.271857
308,12,2982.283687
308,13,2901.986606
308,14,2882.823147
308,15,2741.079455
308,15,2741.079455
308,15,2741.079455
308,16,2718.259789
308,16,2718.259789
308,18,2675.457565
308,18,2675.457565
308,22,2603.874016
308,23,2571.217753
308,24,2525.094250
308,25,2506.141139
308,25,2506.141139
308,26,2463.934246
309,10,3927.881834
309,11,3067.271857
309,12,2982.283687
309,13,2901.986606
309,14,2882.823147
309,15,2741.079455
309,15,2741.079455
309,15,2741.079455
309,16,2718.259789
309,16,2718.259789
309,18,2675.457565
309,18,2675.457565
309,22,2603.874016
309,23,2571.217753
309,24,2525.094250
309,25,2506.141139
309,25,2506.141139
309,26,2463.934246
310,10,3927.881834
310,11,3067.271857
310,12,2982.283687
310,13,2901.986606
310,14,2882.823147
310,15,2741.079455
310,15,2741.079455
310,15,2741.079455
310,16,2718.259789
310,16,2718.259789
310,18,2675.457565
310,18,2675.457565
310,22,2603.874016
310,23,2571.217753
310,24,2525.094250
310,25,2506.141139
310,25,2506.141139
310,26,2463.934246
311,10,3927.881834
311,11,3067.271857
311,12,2982.283687
311,13,2901.986606
311,14,2882.823147
311,15,2741.079455
311,15,2741.079455
311,15,2741.079455
311,16,2718.259789
311,16,2718.259789
311,18,2675.457565
311,18,2675.457565
311,22,2603.874016
311,23,2571.217753
311,24,2525.094250
311,25,2506.141139
311,25,2506.141139
311,26,2463.934246
312,10,3927.881834
312,11,3067.271857
312,12,2982.283687
312,13,2901.986606
312,14,2882.823147
312,15,2741.079455
312,15,2741.079455
312,15,2741.079455
312,16,2718.259789
312,16,2718.259789
312,18,2675.457565
312,18,2675.457565
312,22,2603.874016
312,23,2571.217753
312,24,2525.094250
312,25,2506.141139
312,25,2506.141139
312,26,2463.934246
313,10,3927.881834
313,11,3067.271857
313,12,2982.283687
313,13,2901.986606
313,14,2882.823147
313,15,2741.079455
313,15,2741.079455
313,15,2741.079455
313,16,2718.259789
313,16,2718.259789
313,18,2675.457565
313,18,2675.457565
313,22,2603.874016
313,23,2571.217753
313,24,2525.094250
313,25,2506.141139
313,25,2506.141139
313,26,2463.934246
314,10,3927.881834
314,11,3067.271857
314,12,2982.283687
314,13,2901.986606
314,14,2882.823147
314,15,2741.079455
314,15,2741.079455
314,15,2741.079455
314,16,2718.259789
314,16,2718.259789
314,18,2675.457565
314,18,2675.457565
314,22,2603.874016
314,23,2571.217753
314,24,2525.094250
314,25,2506.141139
314,25,2506.141139
314,26,2463.934246
315,10,3927.881834
315,11,3067.271857
315,12,2982.283687
315,13,2901.986606
315,14,2882.823147
315,15,2741.079455
315,15,2741.079455
315,15,2741.079455
315,16,2718.259789
315,16,2718.259789
315,18,2675.457565
315,18,2675.457565
315,22,2603.874016
315,23,2571.217753
315,24,2525.094250
315,25,2506.141139
315,25,2506.141139
315,26,2463.934246
316,10,3927.881834
316,11,3067.271857
316,12,2982.283687
316,13,2901.986606
316,14,2882.823147
316,15,2741.079455
316,15,2741.079455
316,15,2741.079455
316,16,2718.259789
316,16,2718.259789
316,18,2675.457565
316,18,2675.457565
316,22,2603.874016
316,23,2571.217753
316,24,2525.094250
316,25,2506.141139
316,25,2506.141139
316,26,2463.934246
317,10,3927.881834
317,11,3067.271857
317,12,2982.283687
317,13,2901.986606
317,14,2882.823147
317,15,2741.079455
317,15,2741.079455
317,15,2741.079455
317,16,2718.259789
317,16,2718.259789
317,18,2675.457565
317,18,2675.457565
317,22,2603.874016
317,23,2571.217753
317,24,2525.094250
317,25,2506.141139
317,25,2506.141139
317,26,2463.934246
318,10,3927.881834
318,11,3067.271857
318,12,2982.283687
318,13,2901.986606
318,14,2882.823147
318,15,2741.079455
318,15,2741.079455
318,15,2741.079455
318,16,2718.259789
318,16,2718.259789
318,18,2675.457565
318,18,2675.457565
318,22,2603.874016
318,23,2571.217753
318,24,2525.094250
318,25,2506.141139
318,25,2506.141139
318,26,2463.934246
319,10,3927.881834
319,11,3067.271857
319,12,2982.283687
319,13,2901.986606
319,14,2882.823147
319,15,2741.079455
319,15,2741.079455
319,15,2741.079455
319,16,2718.259789
319,16,2718.259789
319,18,2675.457565
319,18,2675.457565
319,22,2603.874016
319,23,2571.217753
319,24,2525.094250
319,25,2506.141139
319,25,2506.141139
319,26,2463.934246
320,10,3927.881834
320,11,3067.271857
320,12,2982.283687
320,13,2901.986606
320,14,2882.823147
320,15,2741.079455
320,15,2741.079455
320,15,2741.079455
320,16,2718.259789
320,16,2718.259789
320,18,2675.457565
320,18,2675.457565
320,22,2603.874016
320,23,2571.217753
320,24,2525.094250
320,25,2506.141139
320,25,2506.141139
320,26,2463.934246
321,10,3927.881834
321,11,3067.271857
321,12,2982.283687
321,13,2901.986606
321,14,2882.823147
321,15,2741.079455
321,15,2741.079455
321,15,2741.079455
321,16,2718.259789
321,16,2718.259789
321,18,2675.457565
321,18,2675.457565
321,22,2603.874016
321,23,2571.217753
321,24,2525.094250
321,25,2506.141139
321,25,2506.141139
321,26,2463.934246
322,10,3927.881834
322,11,3067.271857
322,12,2982.283687
322,13,2901.986606
322,14,2882.823147
322,15,2741.079455
322,15,2741.079455
322,15,2741.079455
322,16,2718.259789
322,16,2718.259789
322,18,2675.457565
322,18,2675.457565
322,22,2603.874016
322,23,2571.217753
322,24,2525.094250
322,25,2506.141139
322,25,2506.141139
322,26,2463.934246
323,10,3927.881834
323,11,3067.271857
323,12,2982.283687
323,13,2901.986606
323,14,2882.823147
323,15,2741.079455
323,15,2741.079455
323,15,2741.079455
323,16,2718.259789
323,16,2718.259789
323,18,2675.457565
323,18,2675.457565
323,22,2603.874016
323,23,2571.217753
323,24,2525.094250
323,25,2506.141139
323,25,2506.141139
323,26,2463.934246
324,10,3927.881834
324,11,3067.271857
324,12,2982.283687
324,13,2901.986606
324,14,2882.823147
324,15,2741.079455
324,15,2741.079455
324,15,2741.079455
324,16,2718.259789
324,16,2718.259789
324,18,2675.457565
324,18,2675.457565
324,22,2603.874016
324,23,2571.217753
324,24,2525.094250
324,25,2506.141139
324,25,2506.141139
324,26,2463.934246
325,10,3927.881834
325,11,3067.271857
325,12,2982.283687
325,13,2901.986606
325,14,2882.823147
325,15,2741.079455
325,15,2741.079455
325,15,2741.079455
325,16,2718.259789
325,16,2718.259789
325,18,2675.457565
325,18,2675.457565
325,22,2603.874016
325,23,2571.217753
325,24,2525.094250
325,25,2506.141139
325,25,2506.141139
325,26,2463.934246
326,10,3927.881834
326,11,3067.271857
326,12,2982.283687
326,13,2901.986606
326,14,2882.823147
326,15,2741.079455
326,15,2741.079455
326,15,2741.079455
326,16,2718.259789
326,16,2718.259789
326,18,2675.457565
326,18,2675.457565
326,22,2603.874016
326,23,2571.217753
326,24,2525.094250
326,25,2506.141139
326,25,2506.141139
326,26,2463.934246
327,10,3927.881834
327,11,3067.271857
327,12,2982.283687
327,13,2901.986606
327,14,2882.823147
327,15,2741.079455
327,15,2741.079455
327,15,2741.079455
327,16,2718.259789
327,16,2718.259789
327,18,2675.457565
327,18,2675.457565
327,22,2603.874016
327,23,2571.217753
327,24,2525.094250
327,25,2506.141139
327,25,2506.141139
327,26,2463.934246
