Iteration,NV,TOC
1,8,2394.660318
1,9,2298.097484
1,11,2180.488146
1,11,2180.488146
1,12,2151.170097
1,12,2151.170097
1,13,2125.886134
1,16,2083.368967
1,18,2065.661863
1,20,2031.619604
2,8,2394.660318
2,9,2298.097484
2,11,2180.488146
2,11,2180.488146
2,12,2151.170097
2,12,2151.170097
2,13,2125.886134
2,16,2083.368967
2,18,2065.661863
2,20,2031.619604
3,8,2394.660318
3,9,2298.097484
3,11,2180.488146
3,11,2180.488146
3,12,2151.170097
3,12,2151.170097
3,13,2125.886134
3,16,2083.368967
3,18,2065.661863
3,20,2031.619604
4,8,2394.660318
4,9,2298.097484
4,11,2180.488146
4,11,2180.488146
4,12,2151.170097
4,12,2151.170097
4,13,2125.886134
4,16,2083.368967
4,18,2065.661863
4,20,2031.619604
5,8,2394.660318
5,9,2298.097484
5,11,2180.488146
5,11,2180.488146
5,12,2151.170097
5,12,2151.170097
5,13,2125.886134
5,16,2083.368967
5,18,2065.661863
5,20,2031.619604
6,8,2394.660318
6,9,2298.097484
6,11,2180.488146
6,11,2180.488146
6,12,2151.170097
6,12,2151.170097
6,13,2125.886134
6,16,2083.368967
6,18,2065.661863
6,20,2031.619604
7,8,2394.660318
7,9,2298.097484
7,11,2180.488146
7,11,2180.488146
7,12,2151.170097
7,12,2151.170097
7,13,2125.886134
7,15,2102.461976
7,16,2083.368967
7,18,2065.661863
7,20,2031.619604
8,8,2394.660318
8,9,2298.097484
8,11,2180.488146
8,11,2180.488146
8,12,2151.170097
8,12,2151.170097
8,13,2125.886134
8,15,2102.461976
8,16,2083.368967
8,18,2065.661863
8,20,2031.619604
9,8,2394.660318
9,9,2298.097484
9,11,2180.488146
9,11,2180.488146
9,12,2151.170097
9,12,2151.170097
9,13,2125.886134
9,15,2102.461976
9,16,2083.368967
9,18,2065.661863
9,20,2031.619604
10,7,2585.542011
10,8,2394.660318
10,9,2298.097484
10,11,2180.488146
10,11,2180.488146
10,12,2151.170097
10,12,2151.170097
10,13,2125.886134
10,15,2102.461976
10,16,2083.368967
10,18,2065.661863
10,20,2031.619604
11,7,2585.542011
11,8,2394.660318
11,9,2298.097484
11,11,2180.488146
11,11,2180.488146
11,12,2151.170097
11,12,2151.170097
11,13,2125.886134
11,15,2102.461976
11,16,2083.368967
11,18,2065.661863
11,20,2031.619604
12,7,2585.542011
12,8,2394.660318
12,9,2298.097484
12,11,2180.488146
12,11,2180.488146
12,12,2151.170097
12,12,2151.170097
12,13,2125.886134
12,15,2102.461976
12,16,2083.368967
12,18,2065.661863
12,20,2031.619604
13,7,2585.542011
13,8,2394.660318
13,9,2298.097484
13,11,2180.488146
13,11,2180.488146
13,12,2151.170097
13,12,2151.170097
13,13,2125.886134
13,15,2102.461976
13,16,2083.368967
13,18,2065.661863
13,20,2031.619604
14,7,2585.542011
14,8,2394.660318
14,9,2298.097484
14,11,2180.488146
14,11,2180.488146
14,12,2151.170097
14,12,2151.170097
14,13,2125.886134
14,15,2102.461976
14,16,2083.368967
14,18,2065.661863
14,20,2031.619604
15,7,2585.542011
15,8,2394.660318
15,9,2298.097484
15,11,2180.488146
15,11,2180.488146
15,12,2151.170097
15,12,2151.170097
15,13,2125.886134
15,15,2102.461976
15,16,2083.368967
15,18,2065.661863
15,20,2031.619604
16,7,2585.542011
16,8,2394.660318
16,9,2298.097484
16,11,2180.488146
16,11,2180.488146
16,12,2151.170097
16,12,2151.170097
16,13,2125.886134
16,15,2102.461976
16,16,2083.368967
16,18,2065.661863
16,20,2031.619604
17,7,2585.542011
17,8,2394.660318
17,9,2298.097484
17,11,2180.488146
17,11,2180.488146
17,12,2151.170097
17,12,2151.170097
17,13,2125.886134
17,15,2102.461976
17,16,2083.368967
17,18,2065.661863
17,20,2031.619604
18,7,2585.542011
18,8,2394.660318
18,9,2298.097484
18,11,2180.488146
18,11,2180.488146
18,12,2151.170097
18,12,2151.170097
18,13,2125.886134
18,15,2102.461976
18,16,2083.368967
18,18,2065.661863
18,20,2031.619604
19,7,2585.542011
19,8,2394.660318
19,9,2298.097484
19,11,2180.488146
19,11,2180.488146
19,12,2151.170097
19,12,2151.170097
19,13,2125.886134
19,15,2102.461976
19,16,2083.368967
19,18,2065.661863
19,20,2031.619604
20,7,2585.542011
20,8,2394.660318
20,9,2298.097484
20,11,2180.488146
20,11,2180.488146
20,12,2151.170097
20,12,2151.170097
20,13,2125.886134
20,15,2102.461976
20,16,2083.368967
20,18,2065.661863
20,20,2031.619604
21,7,2585.542011
21,8,2394.660318
21,9,2298.097484
21,11,2180.488146
21,11,2180.488146
21,12,2151.170097
21,12,2151.170097
21,13,2125.886134
21,15,2102.461976
21,16,2083.368967
21,18,2065.661863
21,20,2031.619604
22,7,2585.542011
22,8,2394.660318
22,9,2298.097484
22,11,2180.488146
22,11,2180.488146
22,12,2151.170097
22,12,2151.170097
22,13,2125.886134
22,15,2102.461976
22,16,2083.368967
22,18,2065.661863
22,20,2031.619604
23,7,2585.542011
23,8,2394.660318
23,9,2298.097484
23,11,2180.488146
23,11,2180.488146
23,12,2151.170097
23,12,2151.170097
23,13,2125.886134
23,15,2102.461976
23,16,2083.368967
23,18,2065.661863
23,20,2031.619604
24,7,2585.542011
24,8,2394.660318
24,9,2298.097484
24,11,2180.488146
24,11,2180.488146
24,12,2151.170097
24,12,2151.170097
24,13,2125.886134
24,15,2102.461976
24,16,2083.368967
24,18,2065.661863
24,20,2031.619604
25,7,2585.542011
25,8,2394.660318
25,9,2298.097484
25,11,2180.488146
25,11,2180.488146
25,12,2151.170097
25,12,2151.170097
25,13,2125.886134
25,15,2102.461976
25,16,2083.368967
25,18,2065.661863
25,20,2031.619604
26,7,2585.542011
26,8,2390.512688
26,9,2298.097484
26,11,2180.488146
26,11,2180.488146
26,12,2151.170097
26,12,2151.170097
26,13,2125.886134
26,15,2102.461976
26,16,2083.368967
26,18,2065.661863
26,20,2031.619604
27,7,2585.542011
27,8,2390.512688
27,9,2298.097484
27,10,2260.844591
27,11,2180.488146
27,11,2180.488146
27,12,2151.170097
27,12,2151.170097
27,13,2125.886134
27,15,2102.461976
27,16,2083.368967
27,18,2065.661863
27,20,2031.619604
28,7,2585.542011
28,8,2390.512688
28,9,2224.473813
28,11,2180.488146
28,11,2180.488146
28,12,2151.170097
28,12,2151.170097
28,13,2125.886134
28,15,2102.461976
28,16,2079.319551
28,18,2065.661863
28,20,2031.619604
29,7,2585.542011
29,8,2390.512688
29,9,2224.473813
29,11,2180.488146
29,11,2180.488146
29,12,2151.170097
29,12,2151.170097
29,13,2125.886134
29,15,2102.461976
29,16,2079.319551
29,18,2065.661863
29,20,2031.619604
30,7,2585.542011
30,8,2390.512688
30,9,2224.473813
30,11,2180.488146
30,11,2180.488146
30,12,2151.170097
30,12,2151.170097
30,13,2125.886134
30,15,2102.461976
30,16,2079.319551
30,18,2065.661863
30,20,2031.619604
31,7,2585.542011
31,8,2390.512688
31,9,2224.473813
31,11,2180.488146
31,11,2180.488146
31,12,2151.170097
31,12,2151.170097
31,13,2125.886134
31,15,2082.012223
31,16,2079.319551
31,18,2065.661863
31,20,2031.619604
32,7,2585.542011
32,8,2390.512688
32,9,2224.473813
32,11,2180.488146
32,11,2180.488146
32,12,2151.170097
32,12,2151.170097
32,13,2125.886134
32,15,2082.012223
32,16,2079.319551
32,18,2065.661863
32,20,2031.619604
33,7,2585.542011
33,8,2390.512688
33,9,2224.473813
33,11,2180.488146
33,11,2180.488146
33,12,2151.170097
33,12,2151.170097
33,13,2125.886134
33,15,2082.012223
33,16,2079.319551
33,18,2065.661863
33,20,2031.619604
34,7,2585.542011
34,8,2390.512688
34,9,2224.473813
34,11,2180.488146
34,11,2180.488146
34,12,2151.170097
34,12,2151.170097
34,13,2125.886134
34,15,2082.012223
34,16,2079.319551
34,18,2065.661863
34,20,2031.619604
35,7,2585.542011
35,8,2390.512688
35,9,2224.473813
35,11,2180.488146
35,11,2180.488146
35,12,2151.170097
35,12,2151.170097
35,13,2125.886134
35,15,2082.012223
35,16,2079.319551
35,18,2065.661863
35,20,2031.619604
36,7,2585.542011
36,8,2390.512688
36,9,2224.473813
36,11,2180.488146
36,11,2180.488146
36,12,2151.170097
36,12,2151.170097
36,13,2125.886134
36,15,2082.012223
36,16,2079.319551
36,18,2065.661863
36,19,2058.837713
36,20,2031.619604
37,7,2585.542011
37,8,2390.512688
37,9,2224.473813
37,11,2180.488146
37,11,2180.488146
37,12,2151.170097
37,12,2151.170097
37,13,2125.886134
37,15,2082.012223
37,16,2079.319551
37,17,2039.658730
37,20,2031.619604
38,7,2585.542011
38,8,2390.512688
38,9,2224.473813
38,11,2180.488146
38,11,2180.488146
38,12,2151.170097
38,12,2151.170097
38,13,2125.886134
38,15,2082.012223
38,16,2079.319551
38,17,2039.658730
38,20,2031.619604
39,7,2585.542011
39,8,2390.512688
39,9,2224.473813
39,11,2180.488146
39,11,2180.488146
39,12,2151.170097
39,12,2151.170097
39,13,2125.886134
39,15,2082.012223
39,16,2079.319551
39,17,2039.658730
39,20,2031.619604
40,7,2585.542011
40,8,2390.512688
40,9,2224.473813
40,11,2180.488146
40,11,2180.488146
40,12,2151.170097
40,12,2151.170097
40,13,2125.886134
40,15,2082.012223
40,16,2079.319551
40,17,2039.658730
40,20,2031.619604
41,7,2585.542011
41,8,2390.512688
41,9,2224.473813
41,11,2180.488146
41,11,2180.488146
41,12,2151.170097
41,12,2151.170097
41,13,2125.886134
41,15,2082.012223
41,16,2079.319551
41,17,2039.658730
41,20,2031.619604
42,7,2585.542011
42,8,2390.512688
42,9,2224.473813
42,11,2180.488146
42,11,2180.488146
42,12,2151.170097
42,12,2151.170097
42,13,2125.886134
42,15,2082.012223
42,16,2079.319551
42,17,2039.658730
42,20,2031.619604
43,7,2585.542011
43,8,2390.512688
43,9,2224.473813
43,11,2180.488146
43,11,2180.488146
43,12,2151.170097
43,12,2151.170097
43,13,2125.886134
43,15,2082.012223
43,16,2079.319551
43,17,2039.658730
43,20,2031.619604
44,7,2585.542011
44,8,2390.512688
44,9,2224.473813
44,11,2180.488146
44,11,2180.488146
44,12,2151.170097
44,12,2151.170097
44,13,2125.886134
44,15,2082.012223
44,16,2079.319551
44,17,2039.658730
44,20,2031.619604
45,7,2585.542011
45,8,2390.512688
45,9,2224.473813
45,11,2180.488146
45,11,2180.488146
45,12,2151.170097
45,12,2151.170097
45,13,2125.886134
45,15,2082.012223
45,16,2079.319551
45,17,2039.658730
45,20,2031.619604
46,7,2585.542011
46,8,2390.512688
46,9,2224.473813
46,11,2180.488146
46,11,2180.488146
46,12,2134.771681
46,13,2125.886134
46,15,2082.012223
46,16,2079.319551
46,17,2039.658730
46,20,2031.619604
47,7,2585.542011
47,8,2390.512688
47,9,2224.473813
47,11,2180.488146
47,11,2180.488146
47,12,2134.771681
47,13,2097.008043
47,15,2082.012223
47,16,2079.319551
47,17,2039.658730
47,20,2031.619604
48,7,2585.542011
48,8,2372.929834
48,9,2224.473813
48,11,2180.488146
48,11,2180.488146
48,12,2134.771681
48,13,2097.008043
48,15,2082.012223
48,16,2079.319551
48,17,2039.658730
48,20,2031.619604
49,7,2585.542011
49,8,2372.929834
49,9,2224.473813
49,11,2180.488146
49,11,2180.488146
49,12,2134.771681
49,13,2097.008043
49,15,2082.012223
49,16,2079.319551
49,17,2039.658730
49,20,2031.619604
50,7,2585.542011
50,8,2372.929834
50,9,2224.473813
50,11,2180.488146
50,11,2180.488146
50,12,2134.771681
50,13,2097.008043
50,15,2082.012223
50,16,2079.319551
50,17,2039.658730
50,20,2031.619604
51,7,2585.542011
51,8,2372.929834
51,9,2224.473813
51,11,2178.067290
51,12,2134.771681
51,13,2097.008043
51,15,2082.012223
51,16,2079.319551
51,17,2039.658730
51,20,2031.619604
51,20,2031.619604
52,7,2585.542011
52,8,2372.929834
52,9,2224.473813
52,11,2178.067290
52,12,2134.771681
52,13,2097.008043
52,15,2082.012223
52,16,2079.319551
52,17,2039.658730
52,20,2031.619604
52,20,2031.619604
53,7,2585.542011
53,8,2372.929834
53,9,2224.473813
53,11,2178.067290
53,12,2134.771681
53,13,2097.008043
53,15,2082.012223
53,16,2079.319551
53,17,2039.658730
53,20,2031.619604
53,20,2031.619604
54,7,2585.542011
54,8,2372.929834
54,9,2224.473813
54,11,2178.067290
54,12,2134.771681
54,13,2097.008043
54,15,2082.012223
54,16,2079.319551
54,17,2039.658730
54,20,2031.619604
54,20,2031.619604
55,7,2585.542011
55,8,2372.929834
55,9,2224.473813
55,11,2178.067290
55,12,2134.771681
55,13,2097.008043
55,15,2082.012223
55,16,2079.319551
55,17,2039.658730
55,20,2031.619604
55,20,2031.619604
56,7,2585.542011
56,8,2372.929834
56,9,2224.473813
56,11,2178.067290
56,12,2134.771681
56,13,2097.008043
56,15,2082.012223
56,16,2079.319551
56,17,2039.658730
56,20,2031.619604
56,20,2031.619604
57,7,2585.542011
57,8,2372.929834
57,9,2224.473813
57,11,2178.067290
57,12,2134.771681
57,13,2097.008043
57,15,2082.012223
57,16,2079.319551
57,17,2039.658730
57,20,2031.619604
57,20,2031.619604
58,7,2585.542011
58,8,2372.929834
58,9,2224.473813
58,11,2178.067290
58,12,2134.771681
58,13,2097.008043
58,15,2082.012223
58,16,2079.319551
58,17,2039.658730
58,20,2031.619604
58,20,2031.619604
59,7,2464.535482
59,8,2372.929834
59,9,2224.473813
59,11,2178.067290
59,12,2134.771681
59,13,2097.008043
59,15,2082.012223
59,16,2079.319551
59,17,2039.658730
59,20,2031.619604
59,20,2031.619604
60,7,2464.535482
60,8,2372.929834
60,9,2224.473813
60,11,2178.067290
60,12,2134.771681
60,13,2097.008043
60,15,2082.012223
60,16,2079.319551
60,17,2039.658730
60,20,2031.619604
60,20,2031.619604
61,7,2464.535482
61,8,2372.929834
61,9,2224.473813
61,11,2178.067290
61,12,2134.771681
61,13,2097.008043
61,15,2082.012223
61,16,2079.319551
61,17,2039.658730
61,20,2031.619604
61,20,2031.619604
62,7,2464.535482
62,8,2372.929834
62,9,2224.473813
62,11,2178.067290
62,12,2134.771681
62,13,2097.008043
62,15,2082.012223
62,16,2079.319551
62,17,2039.658730
62,20,2031.619604
62,20,2031.619604
63,7,2464.535482
63,8,2372.929834
63,9,2224.473813
63,11,2178.067290
63,12,2134.771681
63,13,2097.008043
63,15,2082.012223
63,16,2079.319551
63,17,2039.658730
63,20,2031.619604
63,20,2031.619604
64,7,2464.535482
64,8,2372.929834
64,9,2224.473813
64,11,2178.067290
64,12,2134.771681
64,13,2097.008043
64,15,2082.012223
64,16,2079.319551
64,17,2039.658730
64,20,2031.619604
64,20,2031.619604
65,7,2464.535482
65,8,2372.929834
65,9,2224.473813
65,11,2178.067290
65,12,2134.771681
65,13,2097.008043
65,15,2082.012223
65,16,2079.319551
65,17,2039.658730
65,20,2031.619604
65,20,2031.619604
66,7,2464.535482
66,8,2372.929834
66,9,2224.473813
66,11,2178.067290
66,12,2134.771681
66,13,2097.008043
66,15,2082.012223
66,16,2079.319551
66,17,2039.658730
66,20,2031.619604
66,20,2031.619604
67,7,2464.535482
67,8,2372.929834
67,9,2224.473813
67,11,2178.067290
67,12,2134.771681
67,13,2097.008043
67,15,2082.012223
67,16,2079.319551
67,17,2039.658730
67,20,2031.619604
67,20,2031.619604
68,7,2464.535482
68,8,2372.929834
68,9,2224.473813
68,11,2178.067290
68,12,2134.771681
68,13,2097.008043
68,15,2082.012223
68,16,2079.319551
68,17,2039.658730
68,20,2031.619604
68,20,2031.619604
69,7,2464.535482
69,8,2372.929834
69,9,2224.473813
69,11,2178.067290
69,12,2134.771681
69,13,2097.008043
69,15,2082.012223
69,16,2079.319551
69,17,2039.658730
69,20,2031.619604
69,20,2031.619604
70,7,2464.535482
70,8,2372.929834
70,9,2224.473813
70,11,2178.067290
70,12,2134.771681
70,13,2097.008043
70,15,2082.012223
70,16,2079.319551
70,17,2039.658730
70,20,2031.619604
70,20,2031.619604
71,7,2464.535482
71,8,2372.929834
71,9,2224.473813
71,11,2178.067290
71,12,2134.771681
71,13,2097.008043
71,15,2082.012223
71,16,2079.319551
71,17,2039.658730
71,20,2031.619604
71,20,2031.619604
72,7,2464.535482
72,8,2372.929834
72,9,2224.473813
72,11,2178.067290
72,12,2134.771681
72,13,2097.008043
72,15,2082.012223
72,16,2079.319551
72,17,2039.658730
72,20,2031.619604
72,20,2031.619604
73,7,2464.535482
73,8,2372.929834
73,9,2224.473813
73,11,2178.067290
73,12,2134.771681
73,13,2097.008043
73,15,2082.012223
73,16,2079.319551
73,17,2039.658730
73,20,2031.619604
73,20,2031.619604
74,7,2464.535482
74,8,2372.929834
74,9,2224.473813
74,11,2178.067290
74,12,2134.771681
74,13,2097.008043
74,15,2082.012223
74,16,2079.319551
74,17,2039.658730
74,20,2031.619604
74,20,2031.619604
75,7,2464.535482
75,8,2372.929834
75,9,2224.473813
75,11,2178.067290
75,12,2134.771681
75,13,2097.008043
75,15,2082.012223
75,16,2079.319551
75,17,2039.658730
75,20,2031.619604
75,20,2031.619604
76,7,2464.535482
76,8,2372.929834
76,9,2224.473813
76,11,2178.067290
76,12,2134.771681
76,13,2097.008043
76,15,2082.012223
76,16,2079.319551
76,17,2039.658730
76,20,2031.619604
76,20,2031.619604
77,7,2464.535482
77,8,2372.929834
77,9,2224.473813
77,11,2178.067290
77,12,2134.771681
77,13,2097.008043
77,15,2082.012223
77,16,2079.319551
77,17,2039.658730
77,20,2031.619604
77,20,2031.619604
78,7,2464.535482
78,8,2372.929834
78,9,2224.473813
78,11,2178.067290
78,12,2134.771681
78,13,2097.008043
78,15,2082.012223
78,16,2079.319551
78,17,2039.658730
78,20,2031.619604
78,20,2031.619604
79,7,2464.535482
79,8,2372.929834
79,9,2224.473813
79,11,2178.067290
79,12,2134.771681
79,13,2097.008043
79,15,2082.012223
79,16,2079.319551
79,17,2039.658730
79,20,2031.619604
79,20,2031.619604
80,7,2464.535482
80,8,2372.929834
80,9,2224.473813
80,11,2178.067290
80,12,2134.771681
80,13,2097.008043
80,15,2082.012223
80,16,2079.319551
80,17,2039.658730
80,20,2031.619604
80,20,2031.619604
81,7,2464.535482
81,8,2372.929834
81,9,2224.473813
81,11,2178.067290
81,12,2134.771681
81,13,2097.008043
81,15,2082.012223
81,16,2079.319551
81,17,2039.658730
81,20,2031.619604
81,20,2031.619604
82,7,2464.535482
82,8,2372.929834
82,9,2224.473813
82,11,2178.067290
82,12,2134.771681
82,13,2097.008043
82,15,2082.012223
82,16,2079.319551
82,17,2039.658730
82,20,2031.619604
82,20,2031.619604
83,7,2464.535482
83,8,2372.929834
83,9,2224.473813
83,11,2178.067290
83,12,2134.771681
83,13,2097.008043
83,15,2082.012223
83,16,2079.319551
83,17,2039.658730
83,20,2031.619604
83,20,2031.619604
84,7,2464.535482
84,8,2372.929834
84,9,2224.473813
84,11,2178.067290
84,12,2134.771681
84,13,2097.008043
84,15,2082.012223
84,16,2079.319551
84,17,2039.658730
84,20,2031.619604
84,20,2031.619604
85,7,2464.535482
85,8,2372.929834
85,9,2224.473813
85,11,2178.067290
85,12,2134.771681
85,13,2097.008043
85,15,2082.012223
85,16,2079.319551
85,17,2039.658730
85,20,2031.619604
85,20,2031.619604
86,7,2464.535482
86,8,2372.929834
86,9,2224.473813
86,11,2178.067290
86,12,2134.771681
86,13,2097.008043
86,15,2082.012223
86,16,2079.319551
86,17,2039.658730
86,20,2031.619604
86,20,2031.619604
87,7,2464.535482
87,8,2372.929834
87,9,2224.473813
87,11,2178.067290
87,12,2134.771681
87,13,2097.008043
87,15,2082.012223
87,16,2079.319551
87,17,2039.658730
87,20,2031.619604
87,20,2031.619604
88,7,2464.535482
88,8,2372.929834
88,9,2224.473813
88,11,2178.067290
88,12,2134.771681
88,13,2097.008043
88,15,2082.012223
88,16,2079.319551
88,17,2039.658730
88,20,2031.619604
88,20,2031.619604
89,7,2464.535482
89,8,2372.929834
89,9,2224.473813
89,11,2178.067290
89,12,2134.771681
89,13,2097.008043
89,15,2082.012223
89,16,2079.319551
89,17,2039.658730
89,20,2031.619604
89,20,2031.619604
90,7,2464.535482
90,8,2325.411216
90,9,2224.473813
90,11,2178.067290
90,12,2134.771681
90,13,2097.008043
90,15,2082.012223
90,16,2079.319551
90,17,2039.658730
90,20,2031.619604
90,20,2031.619604
91,7,2464.535482
91,8,2325.411216
91,9,2224.473813
91,11,2178.067290
91,12,2134.771681
91,13,2097.008043
91,15,2082.012223
91,16,2079.319551
91,17,2039.658730
91,20,2031.619604
91,20,2031.619604
92,7,2464.535482
92,8,2325.411216
92,9,2224.473813
92,11,2178.067290
92,12,2134.771681
92,13,2097.008043
92,15,2082.012223
92,16,2079.319551
92,17,2039.658730
92,20,2031.619604
92,20,2031.619604
93,7,2464.535482
93,8,2325.411216
93,9,2224.473813
93,11,2178.067290
93,12,2134.771681
93,13,2097.008043
93,15,2082.012223
93,16,2079.319551
93,17,2039.658730
93,20,2031.619604
93,20,2031.619604
94,7,2464.535482
94,8,2325.411216
94,9,2224.473813
94,11,2178.067290
94,12,2134.771681
94,13,2097.008043
94,15,2082.012223
94,16,2079.319551
94,17,2039.658730
94,20,2031.619604
94,20,2031.619604
95,7,2464.535482
95,8,2325.411216
95,9,2224.473813
95,11,2178.067290
95,12,2134.771681
95,13,2097.008043
95,15,2082.012223
95,16,2079.319551
95,17,2039.658730
95,20,2031.619604
95,20,2031.619604
96,7,2464.535482
96,8,2325.411216
96,9,2224.473813
96,11,2178.067290
96,12,2134.771681
96,13,2097.008043
96,15,2082.012223
96,16,2079.319551
96,17,2039.658730
96,20,2031.619604
96,20,2031.619604
97,7,2464.535482
97,8,2325.411216
97,9,2224.473813
97,11,2178.067290
97,12,2134.771681
97,13,2097.008043
97,15,2082.012223
97,16,2079.319551
97,17,2039.658730
97,20,2031.619604
97,20,2031.619604
98,7,2464.535482
98,8,2325.411216
98,9,2224.473813
98,11,2178.067290
98,12,2134.771681
98,13,2097.008043
98,15,2082.012223
98,16,2079.319551
98,17,2039.658730
98,20,2031.619604
98,20,2031.619604
99,6,3107.542853
99,7,2464.535482
99,8,2325.411216
99,9,2224.473813
99,11,2178.067290
99,12,2134.771681
99,13,2097.008043
99,15,2082.012223
99,16,2079.319551
99,17,2039.658730
99,20,2031.619604
99,20,2031.619604
100,6,3107.542853
100,7,2464.535482
100,8,2325.411216
100,9,2224.473813
100,11,2178.067290
100,12,2134.771681
100,13,2097.008043
100,15,2082.012223
100,16,2079.319551
100,17,2039.658730
100,20,2031.619604
100,20,2031.619604
101,6,3107.542853
101,7,2464.535482
101,8,2325.411216
101,9,2224.473813
101,11,2178.067290
101,12,2134.771681
101,13,2097.008043
101,15,2082.012223
101,16,2079.319551
101,17,2039.658730
101,20,2031.619604
101,20,2031.619604
102,6,3107.542853
102,7,2464.535482
102,8,2325.411216
102,9,2224.473813
102,11,2178.067290
102,12,2134.771681
102,13,2097.008043
102,15,2082.012223
102,16,2076.675460
102,17,2039.658730
102,20,2031.619604
102,20,2031.619604
103,6,3107.542853
103,7,2464.535482
103,8,2325.411216
103,9,2224.473813
103,11,2178.067290
103,12,2134.771681
103,13,2097.008043
103,15,2082.012223
103,16,2076.675460
103,17,2039.658730
103,20,2031.619604
103,20,2031.619604
104,6,3107.542853
104,7,2464.535482
104,8,2325.411216
104,9,2224.473813
104,11,2178.067290
104,12,2134.771681
104,13,2097.008043
104,15,2082.012223
104,16,2076.675460
104,17,2039.658730
104,20,2031.619604
104,20,2031.619604
105,6,3107.542853
105,7,2464.535482
105,8,2325.411216
105,9,2224.473813
105,11,2178.067290
105,12,2134.771681
105,13,2097.008043
105,15,2082.012223
105,16,2076.675460
105,17,2039.658730
105,20,2031.619604
105,20,2031.619604
106,6,3107.542853
106,7,2464.535482
106,8,2325.411216
106,9,2224.473813
106,11,2178.067290
106,12,2134.771681
106,13,2097.008043
106,15,2082.012223
106,16,2076.675460
106,17,2039.658730
106,20,2031.619604
106,20,2031.619604
107,6,3107.542853
107,7,2464.535482
107,8,2325.411216
107,9,2224.473813
107,11,2178.067290
107,12,2134.771681
107,13,2097.008043
107,15,2082.012223
107,16,2076.675460
107,17,2039.658730
107,20,2031.619604
107,20,2031.619604
108,6,3107.542853
108,7,2464.535482
108,8,2325.411216
108,9,2224.473813
108,11,2178.067290
108,12,2134.771681
108,13,2097.008043
108,15,2082.012223
108,16,2076.675460
108,17,2039.658730
108,20,2031.619604
108,20,2031.619604
109,6,2649.576919
109,7,2464.535482
109,8,2325.411216
109,9,2224.473813
109,11,2178.067290
109,12,2134.771681
109,13,2097.008043
109,15,2082.012223
109,16,2076.675460
109,17,2039.658730
109,20,2031.619604
109,20,2031.619604
110,6,2649.576919
110,7,2464.535482
110,8,2325.411216
110,9,2224.473813
110,11,2178.067290
110,12,2134.771681
110,13,2097.008043
110,15,2082.012223
110,16,2076.675460
110,17,2039.658730
110,20,2031.619604
110,20,2031.619604
111,6,2649.576919
111,7,2464.535482
111,8,2325.411216
111,9,2224.473813
111,11,2178.067290
111,12,2134.771681
111,13,2097.008043
111,15,2082.012223
111,16,2076.675460
111,17,2039.658730
111,20,2031.619604
111,20,2031.619604
112,6,2649.576919
112,7,2464.535482
112,8,2325.411216
112,9,2224.473813
112,11,2178.067290
112,12,2134.771681
112,13,2097.008043
112,15,2082.012223
112,16,2076.675460
112,17,2039.658730
112,20,2031.619604
112,20,2031.619604
113,6,2649.576919
113,7,2464.535482
113,8,2325.411216
113,9,2224.473813
113,11,2178.067290
113,12,2134.771681
113,13,2097.008043
113,15,2082.012223
113,16,2076.675460
113,17,2039.658730
113,20,2031.619604
113,20,2031.619604
114,6,2649.576919
114,7,2464.535482
114,8,2325.411216
114,9,2224.473813
114,11,2178.067290
114,12,2134.771681
114,13,2097.008043
114,15,2082.012223
114,16,2076.675460
114,17,2039.658730
114,20,2031.619604
114,20,2031.619604
115,6,2649.576919
115,7,2464.535482
115,8,2325.411216
115,9,2224.473813
115,11,2178.067290
115,12,2134.771681
115,13,2097.008043
115,15,2082.012223
115,16,2076.675460
115,17,2039.658730
115,20,2031.619604
115,20,2031.619604
116,6,2649.576919
116,7,2464.535482
116,8,2325.411216
116,9,2224.473813
116,11,2178.067290
116,12,2134.771681
116,13,2097.008043
116,15,2082.012223
116,16,2076.675460
116,17,2039.658730
116,20,2031.619604
116,20,2031.619604
117,6,2649.576919
117,7,2464.535482
117,8,2325.411216
117,9,2224.473813
117,11,2178.067290
117,12,2134.771681
117,13,2097.008043
117,15,2082.012223
117,16,2076.675460
117,17,2039.658730
117,20,2031.619604
117,20,2031.619604
118,6,2649.576919
118,7,2464.535482
118,8,2325.411216
118,9,2224.473813
118,11,2178.067290
118,12,2134.771681
118,13,2097.008043
118,15,2082.012223
118,16,2076.675460
118,17,2039.658730
118,20,2031.619604
118,20,2031.619604
119,6,2649.576919
119,7,2464.535482
119,8,2325.411216
119,9,2224.473813
119,11,2178.067290
119,12,2134.771681
119,13,2097.008043
119,15,2082.012223
119,16,2076.675460
119,17,2039.658730
119,20,2031.619604
119,20,2031.619604
120,6,2649.576919
120,7,2464.535482
120,8,2325.411216
120,9,2224.473813
120,11,2178.067290
120,12,2134.771681
120,13,2097.008043
120,15,2082.012223
120,16,2076.675460
120,17,2039.658730
120,20,2031.619604
120,20,2031.619604
121,6,2649.576919
121,7,2464.535482
121,8,2325.411216
121,9,2224.473813
121,11,2178.067290
121,12,2134.771681
121,13,2097.008043
121,15,2082.012223
121,16,2076.675460
121,17,2039.658730
121,20,2031.619604
121,20,2031.619604
122,6,2649.576919
122,7,2464.535482
122,8,2325.411216
122,9,2224.473813
122,11,2178.067290
122,12,2134.771681
122,13,2097.008043
122,15,2082.012223
122,16,2076.675460
122,17,2039.658730
122,20,2031.619604
122,20,2031.619604
123,6,2649.576919
123,7,2464.535482
123,8,2325.411216
123,9,2224.473813
123,11,2178.067290
123,12,2134.771681
123,13,2097.008043
123,15,2082.012223
123,16,2076.675460
123,17,2039.658730
123,20,2031.619604
123,20,2031.619604
124,6,2649.576919
124,7,2464.535482
124,8,2325.411216
124,9,2224.473813
124,11,2178.067290
124,12,2134.771681
124,13,2097.008043
124,15,2082.012223
124,16,2076.675460
124,17,2039.658730
124,20,2031.619604
124,20,2031.619604
125,6,2649.576919
125,7,2464.535482
125,8,2325.411216
125,9,2224.473813
125,11,2178.067290
125,12,2134.771681
125,13,2097.008043
125,15,2082.012223
125,16,2076.675460
125,17,2039.658730
125,20,2031.619604
125,20,2031.619604
126,6,2649.576919
126,7,2464.535482
126,8,2325.411216
126,9,2224.473813
126,11,2178.067290
126,12,2134.771681
126,13,2097.008043
126,15,2082.012223
126,16,2076.675460
126,17,2039.658730
126,20,2031.619604
126,20,2031.619604
127,6,2649.576919
127,7,2464.535482
127,8,2325.411216
127,9,2224.473813
127,11,2178.067290
127,12,2134.771681
127,13,2097.008043
127,15,2082.012223
127,16,2076.675460
127,17,2039.658730
127,20,2031.619604
127,20,2031.619604
128,6,2649.576919
128,7,2464.535482
128,8,2325.411216
128,9,2224.473813
128,11,2178.067290
128,12,2134.771681
128,13,2097.008043
128,15,2082.012223
128,16,2076.675460
128,17,2039.658730
128,20,2031.619604
128,20,2031.619604
129,6,2649.576919
129,7,2464.535482
129,8,2325.411216
129,9,2224.473813
129,11,2178.067290
129,12,2134.771681
129,13,2097.008043
129,15,2082.012223
129,16,2076.675460
129,17,2039.658730
129,20,2031.619604
129,20,2031.619604
130,6,2649.576919
130,7,2464.535482
130,8,2325.411216
130,9,2224.473813
130,11,2178.067290
130,12,2134.771681
130,13,2097.008043
130,15,2082.012223
130,16,2076.675460
130,17,2039.658730
130,20,2031.619604
130,20,2031.619604
131,6,2649.576919
131,7,2464.535482
131,8,2325.411216
131,9,2224.473813
131,11,2178.067290
131,12,2134.771681
131,13,2097.008043
131,15,2082.012223
131,16,2076.675460
131,17,2039.658730
131,20,2031.619604
131,20,2031.619604
132,6,2649.576919
132,7,2464.535482
132,8,2325.411216
132,9,2224.473813
132,11,2178.067290
132,12,2134.771681
132,13,2097.008043
132,15,2082.012223
132,16,2076.675460
132,17,2039.658730
132,20,2031.619604
132,20,2031.619604
133,6,2649.576919
133,7,2464.535482
133,8,2325.411216
133,9,2224.473813
133,11,2178.067290
133,12,2134.771681
133,13,2097.008043
133,15,2082.012223
133,16,2076.675460
133,17,2039.658730
133,20,2031.619604
133,20,2031.619604
134,6,2649.576919
134,7,2464.535482
134,8,2325.411216
134,9,2224.473813
134,11,2178.067290
134,12,2134.771681
134,13,2097.008043
134,15,2082.012223
134,16,2076.675460
134,17,2039.658730
134,20,2031.619604
134,20,2031.619604
135,6,2649.576919
135,7,2464.535482
135,8,2325.411216
135,9,2224.473813
135,11,2178.067290
135,12,2134.771681
135,13,2097.008043
135,15,2082.012223
135,16,2076.675460
135,17,2039.658730
135,20,2031.619604
135,20,2031.619604
136,6,2649.576919
136,7,2464.535482
136,8,2325.411216
136,9,2224.473813
136,11,2178.067290
136,12,2134.771681
136,13,2097.008043
136,15,2082.012223
136,16,2076.675460
136,17,2039.658730
136,20,2031.619604
136,20,2031.619604
137,6,2649.576919
137,7,2464.535482
137,8,2325.411216
137,9,2224.473813
137,11,2178.067290
137,12,2134.771681
137,13,2097.008043
137,15,2082.012223
137,16,2076.675460
137,17,2039.658730
137,20,2031.619604
137,20,2031.619604
138,6,2649.576919
138,7,2464.535482
138,8,2325.411216
138,9,2224.473813
138,11,2178.067290
138,12,2134.771681
138,13,2097.008043
138,15,2082.012223
138,16,2076.675460
138,17,2039.658730
138,20,2031.619604
138,20,2031.619604
139,6,2649.576919
139,7,2464.535482
139,8,2325.411216
139,9,2224.473813
139,11,2178.067290
139,12,2134.771681
139,13,2097.008043
139,15,2082.012223
139,16,2076.675460
139,17,2039.658730
139,20,2031.619604
139,20,2031.619604
140,6,2649.576919
140,7,2464.535482
140,8,2325.411216
140,9,2224.473813
140,11,2178.067290
140,12,2134.771681
140,13,2097.008043
140,15,2082.012223
140,16,2076.675460
140,17,2039.658730
140,20,2031.619604
140,20,2031.619604
141,6,2649.576919
141,7,2464.535482
141,8,2325.411216
141,9,2224.473813
141,11,2178.067290
141,12,2134.771681
141,13,2097.008043
141,15,2082.012223
141,16,2076.675460
141,17,2039.658730
141,20,2031.619604
141,20,2031.619604
142,6,2649.576919
142,7,2464.535482
142,8,2325.411216
142,9,2224.473813
142,11,2178.067290
142,12,2134.771681
142,13,2097.008043
142,15,2082.012223
142,16,2076.675460
142,17,2039.658730
142,20,2031.619604
142,20,2031.619604
143,6,2649.576919
143,7,2464.535482
143,8,2325.411216
143,9,2224.473813
143,11,2178.067290
143,12,2134.771681
143,13,2097.008043
143,15,2082.012223
143,16,2076.675460
143,17,2039.658730
143,20,2031.619604
143,20,2031.619604
144,6,2649.576919
144,7,2464.535482
144,8,2325.411216
144,9,2224.473813
144,10,2208.111262
144,11,2178.067290
144,12,2134.771681
144,13,2097.008043
144,15,2082.012223
144,16,2076.675460
144,17,2039.658730
144,20,2031.619604
144,20,2031.619604
145,6,2649.576919
145,7,2464.535482
145,8,2325.411216
145,9,2224.473813
145,10,2208.111262
145,11,2178.067290
145,12,2134.771681
145,13,2097.008043
145,15,2082.012223
145,16,2076.675460
145,17,2039.658730
145,20,2031.619604
145,20,2031.619604
146,6,2649.576919
146,7,2464.535482
146,8,2325.411216
146,9,2224.473813
146,10,2208.111262
146,11,2178.067290
146,12,2134.771681
146,13,2097.008043
146,15,2082.012223
146,16,2076.675460
146,17,2039.658730
146,20,2031.619604
146,20,2031.619604
147,6,2649.576919
147,7,2464.535482
147,8,2325.411216
147,9,2224.473813
147,10,2208.111262
147,11,2178.067290
147,12,2134.771681
147,13,2097.008043
147,15,2082.012223
147,16,2076.675460
147,17,2039.658730
147,20,2031.619604
147,20,2031.619604
148,6,2649.576919
148,7,2464.535482
148,8,2325.411216
148,9,2224.473813
148,10,2208.111262
148,11,2178.067290
148,12,2134.771681
148,13,2097.008043
148,15,2082.012223
148,16,2076.675460
148,17,2039.658730
148,20,2031.619604
148,20,2031.619604
149,6,2649.576919
149,7,2464.535482
149,8,2325.411216
149,9,2224.473813
149,10,2208.111262
149,11,2178.067290
149,12,2134.771681
149,13,2097.008043
149,15,2082.012223
149,16,2076.675460
149,17,2039.658730
149,20,2031.619604
149,20,2031.619604
150,6,2649.576919
150,7,2464.535482
150,8,2325.411216
150,9,2224.473813
150,10,2208.111262
150,11,2178.067290
150,12,2134.771681
150,13,2097.008043
150,15,2082.012223
150,16,2076.675460
150,17,2039.658730
150,20,2031.619604
150,20,2031.619604
151,6,2649.576919
151,7,2464.535482
151,8,2325.411216
151,9,2224.473813
151,10,2208.111262
151,11,2178.067290
151,12,2134.771681
151,13,2097.008043
151,15,2082.012223
151,16,2076.675460
151,17,2039.658730
151,20,2031.619604
151,20,2031.619604
152,6,2649.576919
152,7,2464.535482
152,8,2325.411216
152,9,2224.473813
152,10,2208.111262
152,11,2178.067290
152,12,2134.771681
152,13,2097.008043
152,15,2082.012223
152,16,2076.675460
152,17,2039.658730
152,20,2031.619604
152,20,2031.619604
153,6,2649.576919
153,7,2464.535482
153,8,2325.411216
153,9,2224.473813
153,10,2208.111262
153,11,2178.067290
153,12,2134.771681
153,13,2097.008043
153,15,2082.012223
153,16,2076.675460
153,17,2039.658730
153,20,2031.619604
153,20,2031.619604
154,6,2649.576919
154,7,2464.535482
154,8,2325.411216
154,9,2224.473813
154,10,2208.111262
154,11,2178.067290
154,12,2134.771681
154,13,2097.008043
154,15,2082.012223
154,16,2076.675460
154,17,2039.658730
154,20,2031.619604
154,20,2031.619604
155,6,2649.576919
155,7,2464.535482
155,8,2325.411216
155,9,2224.473813
155,10,2208.111262
155,11,2178.067290
155,12,2134.771681
155,13,2097.008043
155,15,2082.012223
155,16,2076.675460
155,17,2039.658730
155,20,2031.619604
155,20,2031.619604
156,6,2649.576919
156,7,2464.535482
156,8,2325.411216
156,9,2224.473813
156,10,2208.111262
156,11,2178.067290
156,12,2134.771681
156,13,2097.008043
156,15,2082.012223
156,16,2076.675460
156,17,2039.658730
156,20,2031.619604
156,20,2031.619604
157,6,2649.576919
157,7,2464.535482
157,8,2325.411216
157,9,2224.473813
157,10,2208.111262
157,11,2178.067290
157,12,2134.771681
157,13,2097.008043
157,15,2082.012223
157,16,2076.675460
157,17,2039.658730
157,20,2031.619604
157,20,2031.619604
158,6,2649.576919
158,7,2464.535482
158,8,2325.411216
158,9,2224.473813
158,10,2208.111262
158,11,2178.067290
158,12,2134.771681
158,13,2097.008043
158,15,2082.012223
158,16,2076.675460
158,17,2039.658730
158,20,2031.619604
158,20,2031.619604
159,6,2649.576919
159,7,2464.535482
159,8,2325.411216
159,9,2224.473813
159,10,2208.111262
159,11,2178.067290
159,12,2134.771681
159,13,2097.008043
159,15,2082.012223
159,16,2076.675460
159,17,2039.658730
159,20,2031.619604
159,20,2031.619604
160,6,2649.576919
160,7,2464.535482
160,8,2325.411216
160,9,2224.473813
160,10,2208.111262
160,11,2178.067290
160,12,2134.771681
160,13,2097.008043
160,15,2082.012223
160,16,2076.675460
160,17,2039.658730
160,20,2031.619604
160,20,2031.619604
161,6,2649.576919
161,7,2464.535482
161,8,2325.411216
161,9,2224.473813
161,10,2208.111262
161,11,2178.067290
161,12,2134.771681
161,13,2097.008043
161,15,2082.012223
161,16,2076.675460
161,17,2039.658730
161,20,2031.619604
161,20,2031.619604
162,6,2649.576919
162,7,2464.535482
162,8,2325.411216
162,9,2224.473813
162,10,2208.111262
162,11,2178.067290
162,12,2134.771681
162,13,2097.008043
162,15,2082.012223
162,16,2076.675460
162,17,2039.658730
162,20,2031.619604
162,20,2031.619604
163,6,2649.576919
163,7,2464.535482
163,8,2325.411216
163,9,2224.473813
163,10,2208.111262
163,11,2178.067290
163,12,2134.771681
163,13,2097.008043
163,15,2082.012223
163,16,2076.675460
163,17,2039.658730
163,20,2031.619604
163,20,2031.619604
164,6,2649.576919
164,7,2464.535482
164,8,2325.411216
164,9,2224.473813
164,10,2208.111262
164,11,2178.067290
164,12,2134.771681
164,13,2097.008043
164,15,2082.012223
164,16,2076.675460
164,17,2039.658730
164,20,2031.619604
164,20,2031.619604
165,6,2649.576919
165,7,2464.535482
165,8,2325.411216
165,9,2224.473813
165,10,2208.111262
165,11,2178.067290
165,12,2134.771681
165,13,2097.008043
165,15,2082.012223
165,16,2076.675460
165,17,2039.658730
165,20,2031.619604
165,20,2031.619604
166,6,2649.576919
166,7,2464.535482
166,8,2325.411216
166,9,2224.473813
166,10,2208.111262
166,11,2178.067290
166,12,2134.771681
166,13,2097.008043
166,15,2082.012223
166,16,2076.675460
166,17,2039.658730
166,20,2031.619604
166,20,2031.619604
167,6,2649.576919
167,7,2464.535482
167,8,2325.411216
167,9,2224.473813
167,10,2208.111262
167,11,2178.067290
167,12,2134.771681
167,13,2097.008043
167,15,2082.012223
167,16,2076.675460
167,17,2039.658730
167,20,2031.619604
167,20,2031.619604
168,6,2649.576919
168,7,2464.535482
168,8,2325.411216
168,9,2224.473813
168,10,2208.111262
168,11,2178.067290
168,12,2134.771681
168,13,2097.008043
168,15,2082.012223
168,16,2076.675460
168,17,2039.658730
168,20,2031.619604
168,20,2031.619604
169,6,2649.576919
169,7,2464.535482
169,8,2325.411216
169,9,2224.473813
169,10,2208.111262
169,11,2178.067290
169,12,2134.771681
169,13,2097.008043
169,15,2082.012223
169,16,2076.675460
169,17,2039.658730
169,20,2031.619604
169,20,2031.619604
170,6,2649.576919
170,7,2464.535482
170,8,2325.411216
170,9,2224.473813
170,10,2208.111262
170,11,2178.067290
170,12,2134.771681
170,13,2097.008043
170,15,2082.012223
170,16,2076.675460
170,17,2039.658730
170,20,2031.619604
170,20,2031.619604
171,6,2649.576919
171,7,2464.535482
171,8,2325.411216
171,9,2224.473813
171,10,2208.111262
171,11,2178.067290
171,12,2134.771681
171,13,2097.008043
171,15,2082.012223
171,16,2076.675460
171,17,2039.658730
171,20,2031.619604
171,20,2031.619604
172,6,2649.576919
172,7,2464.535482
172,8,2325.411216
172,9,2224.473813
172,10,2208.111262
172,11,2178.067290
172,12,2134.771681
172,13,2097.008043
172,15,2082.012223
172,16,2076.675460
172,17,2039.658730
172,20,2031.619604
172,20,2031.619604
173,6,2649.576919
173,7,2464.535482
173,8,2325.411216
173,9,2224.473813
173,10,2208.111262
173,11,2178.067290
173,12,2134.771681
173,13,2097.008043
173,15,2082.012223
173,16,2076.675460
173,17,2039.658730
173,20,2031.619604
173,20,2031.619604
174,6,2649.576919
174,7,2464.535482
174,8,2325.411216
174,9,2224.473813
174,10,2208.111262
174,11,2178.067290
174,12,2134.771681
174,13,2097.008043
174,15,2082.012223
174,16,2076.675460
174,17,2039.658730
174,20,2031.619604
174,20,2031.619604
175,6,2649.576919
175,7,2464.535482
175,8,2325.411216
175,9,2224.473813
175,10,2208.111262
175,11,2178.067290
175,12,2134.771681
175,13,2097.008043
175,15,2082.012223
175,16,2076.675460
175,17,2039.658730
175,20,2031.619604
175,20,2031.619604
176,6,2649.576919
176,7,2464.535482
176,8,2325.411216
176,9,2224.473813
176,10,2208.111262
176,11,2178.067290
176,12,2134.771681
176,13,2097.008043
176,15,2082.012223
176,16,2076.675460
176,17,2039.658730
176,20,2031.619604
176,20,2031.619604
177,6,2649.576919
177,7,2464.535482
177,8,2325.411216
177,9,2224.473813
177,10,2208.111262
177,11,2178.067290
177,12,2134.771681
177,13,2097.008043
177,15,2082.012223
177,16,2076.675460
177,17,2039.658730
177,20,2031.619604
177,20,2031.619604
178,6,2649.576919
178,7,2464.535482
178,8,2325.411216
178,9,2224.473813
178,10,2208.111262
178,11,2178.067290
178,12,2134.771681
178,13,2097.008043
178,15,2082.012223
178,16,2076.675460
178,17,2039.658730
178,20,2031.619604
178,20,2031.619604
179,6,2649.576919
179,7,2464.535482
179,8,2325.411216
179,9,2224.473813
179,10,2208.111262
179,11,2178.067290
179,12,2134.771681
179,13,2097.008043
179,15,2082.012223
179,16,2076.675460
179,17,2039.658730
179,20,2031.619604
179,20,2031.619604
180,6,2649.576919
180,7,2464.535482
180,8,2325.411216
180,9,2224.473813
180,10,2208.111262
180,11,2178.067290
180,12,2134.771681
180,13,2097.008043
180,15,2082.012223
180,16,2076.675460
180,17,2039.658730
180,20,2031.619604
180,20,2031.619604
181,6,2649.576919
181,7,2464.535482
181,8,2325.411216
181,9,2224.473813
181,10,2208.111262
181,11,2178.067290
181,12,2134.771681
181,13,2097.008043
181,15,2082.012223
181,16,2076.675460
181,17,2039.658730
181,20,2031.619604
181,20,2031.619604
182,6,2649.576919
182,7,2464.535482
182,8,2325.411216
182,9,2224.473813
182,10,2208.111262
182,11,2178.067290
182,12,2134.771681
182,13,2097.008043
182,15,2082.012223
182,16,2076.675460
182,17,2039.658730
182,20,2031.619604
182,20,2031.619604
183,6,2649.576919
183,7,2464.535482
183,8,2325.411216
183,9,2224.473813
183,10,2208.111262
183,11,2178.067290
183,12,2134.771681
183,13,2097.008043
183,15,2082.012223
183,16,2076.675460
183,17,2039.658730
183,20,2031.619604
183,20,2031.619604
184,6,2649.576919
184,7,2464.535482
184,8,2325.411216
184,9,2224.473813
184,10,2208.111262
184,11,2178.067290
184,12,2134.771681
184,13,2097.008043
184,15,2082.012223
184,16,2076.675460
184,17,2039.658730
184,20,2031.619604
184,20,2031.619604
185,6,2649.576919
185,7,2464.535482
185,8,2325.411216
185,9,2224.473813
185,10,2208.111262
185,11,2178.067290
185,12,2128.376244
185,13,2097.008043
185,15,2082.012223
185,16,2076.675460
185,17,2039.658730
185,20,2031.619604
185,20,2031.619604
186,6,2649.576919
186,7,2464.535482
186,8,2325.411216
186,9,2224.473813
186,10,2140.295810
186,12,2128.376244
186,13,2097.008043
186,15,2082.012223
186,16,2076.675460
186,17,2039.658730
186,20,2031.619604
186,20,2031.619604
187,6,2649.576919
187,7,2464.535482
187,8,2325.411216
187,9,2224.473813
187,10,2140.295810
187,12,2128.376244
187,13,2097.008043
187,15,2082.012223
187,16,2076.675460
187,17,2039.658730
187,20,2031.619604
187,20,2031.619604
188,6,2649.576919
188,7,2464.535482
188,8,2325.411216
188,9,2224.473813
188,10,2140.295810
188,12,2128.376244
188,13,2097.008043
188,15,2082.012223
188,16,2076.675460
188,17,2039.658730
188,20,2031.619604
188,20,2031.619604
189,6,2649.576919
189,7,2464.535482
189,8,2325.411216
189,9,2224.473813
189,10,2140.295810
189,12,2128.376244
189,13,2097.008043
189,15,2082.012223
189,16,2076.675460
189,17,2039.658730
189,20,2031.619604
189,20,2031.619604
190,6,2649.576919
190,7,2464.535482
190,8,2325.411216
190,9,2224.473813
190,10,2140.295810
190,12,2128.376244
190,13,2097.008043
190,15,2082.012223
190,16,2076.675460
190,17,2039.658730
190,20,2031.619604
190,20,2031.619604
191,6,2649.576919
191,7,2464.535482
191,8,2325.411216
191,9,2224.473813
191,10,2140.295810
191,12,2128.376244
191,13,2097.008043
191,15,2082.012223
191,16,2076.675460
191,17,2039.658730
191,20,2031.619604
191,20,2031.619604
192,6,2649.576919
192,7,2464.535482
192,8,2325.411216
192,9,2224.473813
192,10,2140.295810
192,12,2128.376244
192,13,2097.008043
192,15,2082.012223
192,16,2076.675460
192,17,2039.658730
192,20,2031.619604
192,20,2031.619604
193,6,2649.576919
193,7,2464.535482
193,8,2325.411216
193,9,2224.473813
193,10,2140.295810
193,12,2128.376244
193,13,2097.008043
193,15,2082.012223
193,16,2076.675460
193,17,2039.658730
193,19,2020.435935
194,6,2649.576919
194,7,2464.535482
194,8,2325.411216
194,9,2224.473813
194,10,2140.295810
194,12,2128.376244
194,13,2097.008043
194,15,2082.012223
194,16,2076.675460
194,17,2039.658730
194,19,2020.435935
195,6,2649.576919
195,7,2464.535482
195,8,2325.411216
195,9,2224.473813
195,10,2140.295810
195,12,2128.376244
195,13,2097.008043
195,15,2082.012223
195,16,2076.675460
195,17,2039.658730
195,19,2020.435935
196,6,2649.576919
196,7,2464.535482
196,8,2325.411216
196,9,2224.473813
196,10,2140.295810
196,12,2128.376244
196,13,2097.008043
196,15,2082.012223
196,16,2076.675460
196,17,2039.658730
196,19,2020.435935
197,6,2649.576919
197,7,2464.535482
197,8,2325.411216
197,9,2224.473813
197,10,2140.295810
197,12,2128.376244
197,13,2097.008043
197,15,2082.012223
197,16,2076.675460
197,17,2039.658730
197,19,2020.435935
198,6,2649.576919
198,7,2464.535482
198,8,2325.411216
198,9,2224.473813
198,10,2140.295810
198,12,2128.376244
198,13,2097.008043
198,15,2082.012223
198,16,2076.675460
198,17,2039.658730
198,19,2020.435935
199,6,2649.576919
199,7,2464.535482
199,8,2325.411216
199,9,2224.473813
199,10,2140.295810
199,12,2128.376244
199,13,2097.008043
199,15,2082.012223
199,16,2076.675460
199,17,2039.658730
199,19,2020.435935
200,6,2649.576919
200,7,2464.535482
200,8,2325.411216
200,9,2224.473813
200,10,2140.295810
200,12,2128.376244
200,13,2097.008043
200,15,2082.012223
200,16,2076.675460
200,17,2039.658730
200,19,2020.435935
201,6,2649.576919
201,7,2464.535482
201,8,2325.411216
201,9,2224.473813
201,10,2140.295810
201,12,2128.376244
201,13,2097.008043
201,15,2082.012223
201,16,2076.675460
201,17,2039.658730
201,19,2020.435935
202,6,2649.576919
202,7,2464.535482
202,8,2325.411216
202,9,2224.473813
202,10,2140.295810
202,12,2128.376244
202,13,2097.008043
202,15,2082.012223
202,16,2076.675460
202,17,2039.658730
202,19,2020.435935
203,6,2649.576919
203,7,2447.364059
203,8,2325.411216
203,9,2224.473813
203,10,2140.295810
203,12,2128.376244
203,13,2097.008043
203,15,2082.012223
203,16,2076.675460
203,17,2039.658730
203,19,2020.435935
204,6,2649.576919
204,7,2447.364059
204,8,2325.411216
204,9,2224.473813
204,10,2140.295810
204,12,2128.376244
204,13,2097.008043
204,15,2082.012223
204,16,2076.675460
204,17,2039.658730
204,19,2020.435935
205,6,2649.576919
205,7,2447.364059
205,8,2325.411216
205,9,2224.473813
205,10,2140.295810
205,12,2128.376244
205,13,2097.008043
205,15,2082.012223
205,16,2076.675460
205,17,2039.658730
205,19,2020.435935
206,6,2649.576919
206,7,2447.364059
206,8,2325.411216
206,9,2224.473813
206,10,2140.295810
206,12,2128.376244
206,13,2097.008043
206,15,2082.012223
206,16,2076.675460
206,17,2039.658730
206,19,2020.435935
207,6,2649.576919
207,7,2447.364059
207,8,2325.411216
207,9,2224.473813
207,10,2140.295810
207,12,2128.376244
207,13,2097.008043
207,15,2082.012223
207,16,2076.675460
207,17,2039.658730
207,19,2020.435935
208,6,2649.576919
208,7,2447.364059
208,8,2325.411216
208,9,2224.473813
208,10,2140.295810
208,12,2128.376244
208,13,2097.008043
208,15,2082.012223
208,16,2076.675460
208,17,2039.658730
208,19,2020.435935
209,6,2649.576919
209,7,2447.364059
209,8,2325.411216
209,9,2224.473813
209,10,2140.295810
209,12,2128.376244
209,13,2097.008043
209,15,2082.012223
209,16,2076.675460
209,17,2039.658730
209,19,2020.435935
210,6,2649.576919
210,7,2447.364059
210,8,2325.411216
210,9,2224.473813
210,10,2140.295810
210,12,2128.376244
210,13,2097.008043
210,15,2082.012223
210,16,2076.675460
210,17,2039.658730
210,19,2020.435935
211,6,2649.576919
211,7,2447.364059
211,8,2325.411216
211,9,2224.473813
211,10,2140.295810
211,12,2128.376244
211,13,2097.008043
211,15,2082.012223
211,16,2076.675460
211,17,2039.658730
211,19,2020.435935
212,6,2649.576919
212,7,2447.364059
212,8,2325.411216
212,9,2224.473813
212,10,2140.295810
212,12,2128.376244
212,13,2097.008043
212,15,2082.012223
212,16,2076.675460
212,17,2039.658730
212,19,2020.435935
213,6,2649.576919
213,7,2447.364059
213,8,2325.411216
213,9,2224.473813
213,10,2140.295810
213,12,2128.376244
213,13,2097.008043
213,15,2082.012223
213,16,2076.675460
213,17,2039.658730
213,19,2020.435935
214,6,2649.576919
214,7,2447.364059
214,8,2325.411216
214,9,2224.473813
214,10,2140.295810
214,12,2128.376244
214,13,2097.008043
214,15,2082.012223
214,16,2076.675460
214,17,2039.658730
214,19,2020.435935
215,6,2649.576919
215,7,2447.364059
215,8,2325.411216
215,9,2224.473813
215,10,2140.295810
215,12,2128.376244
215,13,2097.008043
215,15,2082.012223
215,16,2076.675460
215,17,2039.658730
215,19,2020.435935
216,6,2649.576919
216,7,2447.364059
216,8,2325.411216
216,9,2224.473813
216,10,2140.295810
216,12,2128.376244
216,13,2097.008043
216,15,2082.012223
216,16,2076.675460
216,17,2039.658730
216,19,2020.435935
217,6,2649.576919
217,7,2447.364059
217,8,2325.411216
217,9,2224.473813
217,10,2140.295810
217,12,2128.376244
217,13,2097.008043
217,15,2082.012223
217,16,2076.675460
217,17,2039.658730
217,19,2020.435935
218,6,2649.576919
218,7,2447.364059
218,8,2325.411216
218,9,2224.473813
218,10,2140.295810
218,12,2128.376244
218,13,2097.008043
218,15,2082.012223
218,16,2076.675460
218,17,2039.658730
218,19,2020.435935
219,6,2649.576919
219,7,2447.364059
219,8,2325.411216
219,9,2224.473813
219,10,2140.295810
219,12,2128.376244
219,13,2097.008043
219,15,2082.012223
219,16,2076.675460
219,17,2039.658730
219,19,2020.435935
220,6,2649.576919
220,7,2447.364059
220,8,2325.411216
220,9,2224.473813
220,10,2140.295810
220,12,2128.376244
220,13,2097.008043
220,15,2082.012223
220,16,2076.675460
220,17,2039.658730
220,19,2020.435935
221,6,2649.576919
221,7,2447.364059
221,8,2325.411216
221,9,2224.473813
221,10,2140.295810
221,12,2128.376244
221,13,2097.008043
221,15,2082.012223
221,16,2076.675460
221,17,2039.658730
221,19,2020.435935
222,6,2649.576919
222,7,2447.364059
222,8,2325.411216
222,9,2224.473813
222,10,2140.295810
222,12,2128.376244
222,13,2097.008043
222,15,2082.012223
222,16,2076.675460
222,17,2039.658730
222,19,2020.435935
223,6,2649.576919
223,7,2447.364059
223,8,2239.558096
223,9,2224.473813
223,10,2140.295810
223,12,2128.376244
223,13,2097.008043
223,15,2082.012223
223,16,2076.675460
223,17,2039.658730
223,19,2020.435935
224,6,2649.576919
224,7,2447.364059
224,8,2239.558096
224,9,2224.473813
224,10,2140.295810
224,12,2128.376244
224,13,2097.008043
224,15,2082.012223
224,16,2076.675460
224,17,2039.658730
224,19,2020.435935
225,6,2649.576919
225,7,2447.364059
225,8,2239.558096
225,9,2224.473813
225,10,2140.295810
225,12,2128.376244
225,13,2097.008043
225,15,2082.012223
225,16,2076.675460
225,17,2039.658730
225,19,2020.435935
226,6,2649.576919
226,7,2447.364059
226,8,2239.558096
226,9,2224.473813
226,10,2140.295810
226,12,2128.376244
226,13,2097.008043
226,15,2082.012223
226,16,2076.675460
226,17,2039.658730
226,19,2020.435935
227,6,2649.576919
227,7,2447.364059
227,8,2239.558096
227,9,2224.473813
227,10,2140.295810
227,12,2128.376244
227,13,2097.008043
227,15,2082.012223
227,16,2076.675460
227,17,2039.658730
227,19,2020.435935
228,6,2649.576919
228,7,2447.364059
228,8,2239.558096
228,9,2224.473813
228,10,2140.295810
228,12,2128.376244
228,13,2097.008043
228,15,2082.012223
228,16,2076.675460
228,17,2039.658730
228,19,2020.435935
229,6,2649.576919
229,7,2447.364059
229,8,2239.558096
229,9,2224.473813
229,10,2140.295810
229,12,2128.376244
229,13,2097.008043
229,15,2082.012223
229,16,2076.675460
229,17,2039.658730
229,19,2020.435935
230,6,2649.576919
230,7,2447.364059
230,8,2239.558096
230,9,2224.473813
230,10,2140.295810
230,12,2128.376244
230,13,2097.008043
230,15,2082.012223
230,16,2076.675460
230,17,2039.658730
230,19,2020.435935
231,6,2649.576919
231,7,2447.364059
231,8,2239.558096
231,9,2224.473813
231,10,2140.295810
231,12,2128.376244
231,13,2097.008043
231,15,2082.012223
231,16,2076.675460
231,17,2039.658730
231,19,2020.435935
232,6,2649.576919
232,7,2447.364059
232,8,2239.558096
232,9,2224.473813
232,10,2140.295810
232,12,2128.376244
232,13,2097.008043
232,15,2082.012223
232,16,2076.675460
232,17,2039.658730
232,19,2020.435935
233,6,2649.576919
233,7,2447.364059
233,8,2239.558096
233,9,2224.473813
233,10,2140.295810
233,12,2128.376244
233,13,2097.008043
233,15,2082.012223
233,16,2076.675460
233,17,2039.658730
233,19,2020.435935
234,6,2649.576919
234,7,2447.364059
234,8,2239.558096
234,9,2224.473813
234,10,2140.295810
234,12,2128.376244
234,13,2097.008043
234,15,2082.012223
234,16,2076.675460
234,17,2039.658730
234,19,2020.435935
235,6,2649.576919
235,7,2447.364059
235,8,2239.558096
235,9,2224.473813
235,10,2140.295810
235,12,2128.376244
235,13,2097.008043
235,15,2082.012223
235,16,2076.675460
235,17,2039.658730
235,19,2020.435935
236,6,2649.576919
236,7,2447.364059
236,8,2239.558096
236,9,2224.473813
236,10,2140.295810
236,12,2128.376244
236,13,2097.008043
236,15,2082.012223
236,16,2076.675460
236,17,2039.658730
236,19,2020.435935
237,6,2649.576919
237,7,2447.364059
237,8,2239.558096
237,9,2224.473813
237,10,2140.295810
237,12,2128.376244
237,13,2097.008043
237,15,2082.012223
237,16,2076.675460
237,17,2039.658730
237,19,2020.435935
238,6,2649.576919
238,7,2447.364059
238,8,2239.558096
238,9,2224.473813
238,10,2140.295810
238,12,2128.376244
238,13,2097.008043
238,15,2082.012223
238,16,2076.675460
238,17,2039.658730
238,19,2020.435935
239,6,2649.576919
239,7,2447.364059
239,8,2239.558096
239,9,2224.473813
239,10,2140.295810
239,12,2128.376244
239,13,2097.008043
239,15,2082.012223
239,16,2076.675460
239,17,2039.658730
239,19,2020.435935
240,6,2649.576919
240,7,2447.364059
240,8,2239.558096
240,9,2224.473813
240,10,2140.295810
240,12,2128.376244
240,13,2097.008043
240,15,2082.012223
240,16,2076.675460
240,17,2039.658730
240,19,2020.435935
241,6,2649.576919
241,7,2447.364059
241,8,2239.558096
241,9,2224.473813
241,10,2140.295810
241,12,2128.376244
241,13,2097.008043
241,15,2082.012223
241,16,2076.675460
241,17,2039.658730
241,19,2020.435935
242,6,2649.576919
242,7,2447.364059
242,8,2239.558096
242,9,2224.473813
242,10,2140.295810
242,12,2128.376244
242,13,2097.008043
242,15,2082.012223
242,16,2076.675460
242,17,2039.658730
242,19,2020.435935
243,6,2649.576919
243,7,2447.364059
243,8,2239.558096
243,9,2224.473813
243,10,2140.295810
243,12,2128.376244
243,13,2097.008043
243,15,2082.012223
243,16,2076.675460
243,17,2039.658730
243,19,2020.435935
244,6,2649.576919
244,7,2447.364059
244,8,2239.558096
244,9,2224.473813
244,10,2140.295810
244,12,2128.376244
244,13,2097.008043
244,15,2082.012223
244,16,2076.675460
244,17,2039.658730
244,19,2020.435935
245,6,2649.576919
245,7,2447.364059
245,8,2239.558096
245,9,2224.473813
245,10,2140.295810
245,12,2128.376244
245,13,2097.008043
245,15,2082.012223
245,16,2076.675460
245,17,2039.658730
245,19,2020.435935
246,6,2649.576919
246,7,2447.364059
246,8,2239.558096
246,9,2224.473813
246,10,2140.295810
246,12,2128.376244
246,13,2097.008043
246,15,2082.012223
246,16,2076.675460
246,17,2039.658730
246,19,2020.435935
247,6,2649.576919
247,7,2447.364059
247,8,2239.558096
247,9,2224.473813
247,10,2140.295810
247,12,2128.376244
247,13,2097.008043
247,15,2082.012223
247,16,2076.675460
247,17,2039.658730
247,19,2020.435935
248,6,2649.576919
248,7,2447.364059
248,8,2239.558096
248,9,2224.473813
248,10,2140.295810
248,12,2128.376244
248,13,2097.008043
248,15,2082.012223
248,16,2076.675460
248,17,2039.658730
248,19,2020.435935
249,6,2649.576919
249,7,2397.507383
249,8,2239.558096
249,9,2224.473813
249,10,2140.295810
249,12,2128.376244
249,13,2097.008043
249,15,2082.012223
249,16,2076.675460
249,17,2039.658730
249,19,2020.435935
250,6,2649.576919
250,7,2397.507383
250,8,2239.558096
250,9,2224.473813
250,10,2140.295810
250,12,2128.376244
250,13,2097.008043
250,15,2082.012223
250,16,2076.675460
250,17,2039.658730
250,19,2020.435935
251,6,2649.576919
251,7,2397.507383
251,8,2239.558096
251,9,2224.473813
251,10,2140.295810
251,12,2128.376244
251,13,2097.008043
251,15,2082.012223
251,16,2076.675460
251,17,2039.658730
251,19,2020.435935
252,6,2649.576919
252,7,2397.507383
252,8,2239.558096
252,9,2224.473813
252,10,2140.295810
252,12,2128.376244
252,13,2097.008043
252,15,2082.012223
252,16,2076.675460
252,17,2039.658730
252,19,2020.435935
253,6,2649.576919
253,7,2397.507383
253,8,2239.558096
253,9,2224.473813
253,10,2140.295810
253,12,2128.376244
253,13,2097.008043
253,15,2082.012223
253,16,2076.675460
253,17,2039.658730
253,19,2020.435935
254,6,2649.576919
254,7,2397.507383
254,8,2239.558096
254,9,2224.473813
254,10,2140.295810
254,12,2128.376244
254,13,2097.008043
254,15,2082.012223
254,16,2076.675460
254,17,2039.658730
254,19,2020.435935
255,6,2649.576919
255,7,2397.507383
255,8,2239.558096
255,9,2224.473813
255,10,2140.295810
255,12,2128.376244
255,13,2097.008043
255,15,2082.012223
255,16,2076.675460
255,17,2039.658730
255,19,2020.435935
256,6,2649.576919
256,7,2397.507383
256,8,2239.558096
256,9,2224.473813
256,10,2140.295810
256,12,2128.376244
256,13,2097.008043
256,15,2082.012223
256,16,2076.675460
256,17,2039.658730
256,19,2020.435935
257,6,2649.576919
257,7,2397.507383
257,8,2239.558096
257,9,2224.473813
257,10,2140.295810
257,12,2128.376244
257,13,2097.008043
257,15,2082.012223
257,16,2076.675460
257,17,2039.658730
257,19,2020.435935
258,6,2649.576919
258,7,2397.507383
258,8,2239.558096
258,9,2224.473813
258,10,2140.295810
258,12,2128.376244
258,13,2097.008043
258,15,2082.012223
258,16,2076.675460
258,17,2039.658730
258,19,2020.435935
259,6,2649.576919
259,7,2397.507383
259,8,2239.558096
259,9,2224.473813
259,10,2140.295810
259,12,2128.376244
259,13,2097.008043
259,15,2082.012223
259,16,2076.675460
259,17,2039.658730
259,19,2020.435935
260,6,2649.576919
260,7,2397.507383
260,8,2239.558096
260,9,2224.473813
260,10,2140.295810
260,12,2128.376244
260,13,2097.008043
260,15,2082.012223
260,16,2076.675460
260,17,2039.658730
260,19,2020.435935
261,6,2649.576919
261,7,2397.507383
261,8,2239.558096
261,9,2224.473813
261,10,2140.295810
261,12,2128.376244
261,13,2097.008043
261,15,2082.012223
261,16,2076.675460
261,17,2039.658730
261,19,2020.435935
262,6,2649.576919
262,7,2397.507383
262,8,2239.558096
262,9,2224.473813
262,10,2140.295810
262,12,2128.376244
262,13,2097.008043
262,15,2082.012223
262,16,2076.675460
262,17,2039.658730
262,19,2020.435935
263,6,2649.576919
263,7,2397.507383
263,8,2239.558096
263,9,2224.473813
263,10,2140.295810
263,12,2128.376244
263,13,2097.008043
263,15,2082.012223
263,16,2076.675460
263,17,2039.658730
263,19,2020.435935
264,6,2649.576919
264,7,2397.507383
264,8,2239.558096
264,9,2224.473813
264,10,2140.295810
264,12,2128.376244
264,13,2097.008043
264,15,2082.012223
264,16,2076.675460
264,17,2039.658730
264,19,2020.435935
265,6,2649.576919
265,7,2397.507383
265,8,2239.558096
265,9,2224.473813
265,10,2140.295810
265,12,2128.376244
265,13,2097.008043
265,15,2082.012223
265,16,2076.675460
265,17,2039.658730
265,19,2020.435935
266,6,2649.576919
266,7,2397.507383
266,8,2239.558096
266,9,2224.473813
266,10,2140.295810
266,12,2128.376244
266,13,2097.008043
266,15,2082.012223
266,16,2076.675460
266,17,2039.658730
266,19,2020.435935
267,6,2649.576919
267,7,2397.507383
267,8,2239.558096
267,9,2224.473813
267,10,2140.295810
267,12,2128.376244
267,13,2097.008043
267,15,2082.012223
267,16,2076.675460
267,17,2039.658730
267,19,2020.435935
268,6,2649.576919
268,7,2397.507383
268,8,2239.558096
268,9,2224.473813
268,10,2140.295810
268,12,2128.376244
268,13,2097.008043
268,15,2082.012223
268,16,2076.675460
268,17,2039.658730
268,19,2020.435935
269,6,2649.576919
269,7,2397.507383
269,8,2239.558096
269,9,2224.473813
269,10,2140.295810
269,12,2128.376244
269,13,2097.008043
269,15,2082.012223
269,16,2076.675460
269,17,2039.658730
269,19,2020.435935
270,6,2649.576919
270,7,2397.507383
270,8,2239.558096
270,9,2224.473813
270,10,2140.295810
270,12,2128.376244
270,13,2097.008043
270,15,2082.012223
270,16,2076.675460
270,17,2039.658730
270,19,2020.435935
271,6,2649.576919
271,7,2397.507383
271,8,2239.558096
271,9,2224.473813
271,10,2140.295810
271,12,2128.376244
271,13,2097.008043
271,15,2082.012223
271,16,2076.675460
271,17,2039.658730
271,19,2020.435935
272,6,2649.576919
272,7,2397.507383
272,8,2239.558096
272,9,2224.473813
272,10,2140.295810
272,12,2128.376244
272,13,2097.008043
272,15,2082.012223
272,16,2076.675460
272,17,2039.658730
272,19,2020.435935
273,6,2649.576919
273,7,2397.507383
273,8,2239.558096
273,9,2224.473813
273,10,2140.295810
273,12,2128.376244
273,13,2097.008043
273,15,2082.012223
273,16,2076.675460
273,17,2039.658730
273,19,2020.435935
274,6,2649.576919
274,7,2397.507383
274,8,2239.558096
274,9,2224.473813
274,10,2140.295810
274,12,2128.376244
274,13,2097.008043
274,15,2082.012223
274,16,2076.675460
274,17,2039.658730
274,19,2020.435935
275,6,2649.576919
275,7,2397.507383
275,8,2239.558096
275,9,2224.473813
275,10,2140.295810
275,12,2128.376244
275,13,2097.008043
275,15,2082.012223
275,16,2076.675460
275,17,2039.658730
275,19,2020.435935
276,6,2649.576919
276,7,2397.507383
276,8,2239.558096
276,9,2224.473813
276,10,2140.295810
276,12,2128.376244
276,13,2097.008043
276,15,2082.012223
276,16,2076.675460
276,17,2039.658730
276,19,2020.435935
277,6,2649.576919
277,7,2397.507383
277,8,2239.558096
277,9,2224.473813
277,10,2140.295810
277,12,2128.376244
277,13,2097.008043
277,15,2082.012223
277,16,2076.675460
277,17,2039.658730
277,19,2020.435935
278,6,2649.576919
278,7,2397.507383
278,8,2239.558096
278,9,2224.473813
278,10,2140.295810
278,12,2128.376244
278,13,2097.008043
278,15,2082.012223
278,16,2076.675460
278,17,2039.658730
278,19,2020.435935
279,6,2649.576919
279,7,2397.507383
279,8,2239.558096
279,9,2224.473813
279,10,2140.295810
279,12,2128.376244
279,13,2097.008043
279,15,2082.012223
279,16,2076.675460
279,17,2039.658730
279,19,2020.435935
280,6,2649.576919
280,7,2397.507383
280,8,2239.558096
280,9,2224.473813
280,10,2140.295810
280,12,2128.376244
280,13,2097.008043
280,15,2082.012223
280,16,2076.675460
280,17,2039.658730
280,19,2020.435935
281,6,2649.576919
281,7,2397.507383
281,8,2239.558096
281,9,2224.473813
281,10,2140.295810
281,12,2128.376244
281,13,2097.008043
281,15,2082.012223
281,16,2076.675460
281,17,2039.658730
281,19,2020.435935
282,6,2649.576919
282,7,2397.507383
282,8,2239.558096
282,9,2224.473813
282,10,2140.295810
282,12,2128.376244
282,13,2097.008043
282,15,2082.012223
282,16,2076.675460
282,17,2039.658730
282,19,2020.435935
283,6,2649.576919
283,7,2397.507383
283,8,2239.558096
283,9,2224.473813
283,10,2140.295810
283,12,2128.376244
283,13,2097.008043
283,15,2082.012223
283,16,2076.675460
283,17,2039.658730
283,19,2020.435935
284,6,2649.576919
284,7,2397.507383
284,8,2239.558096
284,9,2224.473813
284,10,2140.295810
284,12,2128.376244
284,13,2097.008043
284,15,2082.012223
284,16,2076.675460
284,17,2039.658730
284,19,2020.435935
285,6,2649.576919
285,7,2397.507383
285,8,2239.558096
285,9,2224.473813
285,10,2140.295810
285,12,2128.376244
285,13,2097.008043
285,15,2082.012223
285,16,2076.675460
285,17,2039.658730
285,19,2020.435935
286,6,2649.576919
286,7,2397.507383
286,8,2239.558096
286,9,2224.473813
286,10,2140.295810
286,12,2128.376244
286,13,2097.008043
286,15,2082.012223
286,16,2076.675460
286,17,2039.658730
286,19,2020.435935
287,6,2649.576919
287,7,2397.507383
287,8,2239.558096
287,9,2224.473813
287,10,2140.295810
287,12,2128.376244
287,13,2097.008043
287,15,2082.012223
287,16,2076.675460
287,17,2039.658730
287,19,2020.435935
288,6,2649.576919
288,7,2397.507383
288,8,2239.558096
288,9,2224.473813
288,10,2140.295810
288,12,2128.376244
288,13,2097.008043
288,15,2082.012223
288,16,2076.675460
288,17,2039.658730
288,19,2020.435935
289,6,2649.576919
289,7,2397.507383
289,8,2239.558096
289,9,2224.473813
289,10,2140.295810
289,12,2128.376244
289,13,2097.008043
289,15,2082.012223
289,16,2076.675460
289,17,2039.658730
289,19,2020.435935
290,6,2649.576919
290,7,2397.507383
290,8,2239.558096
290,9,2224.473813
290,10,2140.295810
290,12,2128.376244
290,13,2097.008043
290,15,2082.012223
290,16,2076.675460
290,17,2039.658730
290,19,2020.435935
291,6,2649.576919
291,7,2397.507383
291,8,2239.558096
291,9,2224.473813
291,10,2140.295810
291,12,2128.376244
291,13,2097.008043
291,15,2082.012223
291,16,2076.675460
291,17,2039.658730
291,19,2020.435935
292,6,2649.576919
292,7,2397.507383
292,8,2239.558096
292,9,2224.473813
292,10,2140.295810
292,12,2128.376244
292,13,2097.008043
292,15,2082.012223
292,16,2076.675460
292,17,2039.658730
292,19,2020.435935
293,6,2649.576919
293,7,2397.507383
293,8,2239.558096
293,9,2224.473813
293,10,2140.295810
293,12,2128.376244
293,13,2097.008043
293,15,2082.012223
293,16,2076.675460
293,17,2039.658730
293,19,2020.435935
294,6,2649.576919
294,7,2397.507383
294,8,2239.558096
294,9,2224.473813
294,10,2140.295810
294,12,2128.376244
294,13,2097.008043
294,15,2082.012223
294,16,2076.675460
294,17,2039.658730
294,19,2020.435935
295,6,2649.576919
295,7,2397.507383
295,8,2239.558096
295,9,2224.473813
295,10,2140.295810
295,12,2128.376244
295,13,2097.008043
295,15,2082.012223
295,16,2076.675460
295,17,2039.658730
295,19,2020.435935
296,6,2649.576919
296,7,2397.507383
296,8,2239.558096
296,9,2224.473813
296,10,2140.295810
296,12,2128.376244
296,13,2097.008043
296,15,2082.012223
296,16,2076.675460
296,17,2039.658730
296,19,2020.435935
297,6,2649.576919
297,7,2397.507383
297,8,2239.558096
297,9,2224.473813
297,10,2140.295810
297,12,2128.376244
297,13,2097.008043
297,15,2082.012223
297,16,2076.675460
297,17,2039.658730
297,19,2020.435935
298,6,2649.576919
298,7,2397.507383
298,8,2239.558096
298,9,2224.473813
298,10,2140.295810
298,12,2128.376244
298,13,2097.008043
298,15,2082.012223
298,16,2076.675460
298,17,2039.658730
298,19,2020.435935
299,6,2649.576919
299,7,2397.507383
299,8,2239.558096
299,9,2224.473813
299,10,2140.295810
299,12,2128.376244
299,13,2097.008043
299,15,2082.012223
299,16,2076.675460
299,17,2039.658730
299,19,2020.435935
300,6,2649.576919
300,7,2397.507383
300,8,2239.558096
300,9,2224.473813
300,10,2140.295810
300,12,2128.376244
300,13,2097.008043
300,15,2082.012223
300,16,2076.675460
300,17,2039.658730
300,19,2020.435935
301,6,2649.576919
301,7,2397.507383
301,8,2239.558096
301,9,2224.473813
301,10,2140.295810
301,12,2128.376244
301,13,2097.008043
301,15,2082.012223
301,16,2076.675460
301,17,2039.658730
301,19,2020.435935
302,6,2649.576919
302,7,2397.507383
302,8,2239.558096
302,9,2224.473813
302,10,2140.295810
302,12,2128.376244
302,13,2097.008043
302,15,2082.012223
302,16,2076.675460
302,17,2039.658730
302,19,2020.435935
303,6,2649.576919
303,7,2397.507383
303,8,2239.558096
303,9,2224.473813
303,10,2140.295810
303,12,2128.376244
303,13,2097.008043
303,15,2082.012223
303,16,2076.675460
303,17,2039.658730
303,19,2020.435935
304,6,2649.576919
304,7,2397.507383
304,8,2239.558096
304,9,2224.473813
304,10,2140.295810
304,12,2128.376244
304,13,2097.008043
304,15,2082.012223
304,16,2076.675460
304,17,2039.658730
304,19,2020.435935
305,6,2649.576919
305,7,2397.507383
305,8,2239.558096
305,9,2224.473813
305,10,2140.295810
305,12,2128.376244
305,13,2097.008043
305,15,2082.012223
305,16,2076.675460
305,17,2039.658730
305,19,2020.435935
306,6,2649.576919
306,7,2397.507383
306,8,2239.558096
306,9,2224.473813
306,10,2140.295810
306,12,2128.376244
306,13,2097.008043
306,15,2082.012223
306,16,2076.675460
306,17,2039.658730
306,19,2020.435935
307,6,2649.576919
307,7,2397.507383
307,8,2239.558096
307,9,2224.473813
307,10,2140.295810
307,12,2128.376244
307,13,2097.008043
307,15,2082.012223
307,16,2076.675460
307,17,2039.658730
307,19,2020.435935
308,6,2649.576919
308,7,2397.507383
308,8,2239.558096
308,9,2224.473813
308,10,2140.295810
308,12,2128.376244
308,13,2097.008043
308,15,2082.012223
308,16,2076.675460
308,17,2039.658730
308,19,2020.435935
309,6,2649.576919
309,7,2397.507383
309,8,2239.558096
309,9,2224.473813
309,10,2140.295810
309,12,2128.376244
309,13,2097.008043
309,15,2082.012223
309,16,2076.675460
309,17,2039.658730
309,19,2020.435935
310,6,2649.576919
310,7,2397.507383
310,8,2239.558096
310,9,2224.473813
310,10,2140.295810
310,12,2128.376244
310,13,2097.008043
310,15,2082.012223
310,16,2076.675460
310,17,2039.658730
310,19,2020.435935
311,6,2649.576919
311,7,2397.507383
311,8,2239.558096
311,9,2224.473813
311,10,2140.295810
311,12,2128.376244
311,13,2097.008043
311,15,2082.012223
311,16,2076.675460
311,17,2039.658730
311,19,2020.435935
312,6,2649.576919
312,7,2397.507383
312,8,2239.558096
312,9,2224.473813
312,10,2140.295810
312,12,2128.376244
312,13,2097.008043
312,15,2082.012223
312,16,2076.675460
312,17,2039.658730
312,19,2020.435935
313,6,2649.576919
313,7,2397.507383
313,8,2239.558096
313,9,2224.473813
313,10,2140.295810
313,12,2128.376244
313,13,2097.008043
313,15,2082.012223
313,16,2076.675460
313,17,2039.658730
313,19,2020.435935
314,6,2649.576919
314,7,2397.507383
314,8,2239.558096
314,9,2224.473813
314,10,2140.295810
314,12,2128.376244
314,13,2097.008043
314,15,2082.012223
314,16,2076.675460
314,17,2039.658730
314,19,2020.435935
315,6,2649.576919
315,7,2397.507383
315,8,2239.558096
315,9,2224.473813
315,10,2140.295810
315,12,2128.376244
315,13,2097.008043
315,15,2082.012223
315,16,2076.675460
315,17,2039.658730
315,19,2020.435935
316,6,2649.576919
316,7,2397.507383
316,8,2239.558096
316,9,2224.473813
316,10,2140.295810
316,12,2128.376244
316,13,2097.008043
316,15,2082.012223
316,16,2076.675460
316,17,2039.658730
316,19,2020.435935
317,6,2649.576919
317,7,2397.507383
317,8,2239.558096
317,9,2224.473813
317,10,2140.295810
317,12,2128.376244
317,13,2097.008043
317,15,2082.012223
317,16,2076.675460
317,17,2039.658730
317,19,2020.435935
318,6,2649.576919
318,7,2397.507383
318,8,2239.558096
318,9,2224.473813
318,10,2140.295810
318,12,2128.376244
318,13,2097.008043
318,15,2082.012223
318,16,2076.675460
318,17,2039.658730
318,19,2020.435935
319,6,2649.576919
319,7,2397.507383
319,8,2239.558096
319,9,2224.473813
319,10,2140.295810
319,12,2128.376244
319,13,2097.008043
319,15,2082.012223
319,16,2076.675460
319,17,2039.658730
319,19,2020.435935
320,6,2649.576919
320,7,2397.507383
320,8,2239.558096
320,9,2224.473813
320,10,2140.295810
320,12,2128.376244
320,13,2097.008043
320,15,2082.012223
320,16,2076.675460
320,17,2039.658730
320,19,2020.435935
321,6,2649.576919
321,7,2397.507383
321,8,2239.558096
321,9,2224.473813
321,10,2140.295810
321,12,2128.376244
321,13,2097.008043
321,15,2082.012223
321,16,2076.675460
321,17,2039.658730
321,19,2020.435935
322,6,2649.576919
322,7,2397.507383
322,8,2239.558096
322,9,2224.473813
322,10,2140.295810
322,12,2128.376244
322,13,2097.008043
322,15,2082.012223
322,16,2076.675460
322,17,2039.658730
322,19,2020.435935
323,6,2649.576919
323,7,2397.507383
323,8,2239.558096
323,9,2224.473813
323,10,2140.295810
323,12,2128.376244
323,13,2097.008043
323,15,2082.012223
323,16,2076.675460
323,17,2039.658730
323,19,2020.435935
324,6,2649.576919
324,7,2397.507383
324,8,2239.558096
324,9,2224.473813
324,10,2140.295810
324,12,2128.376244
324,13,2097.008043
324,15,2082.012223
324,16,2076.675460
324,17,2039.658730
324,19,2020.435935
325,6,2649.576919
325,7,2397.507383
325,8,2239.558096
325,9,2224.473813
325,10,2140.295810
325,12,2128.376244
325,13,2097.008043
325,15,2082.012223
325,16,2076.675460
325,17,2039.658730
325,19,2020.435935
326,6,2649.576919
326,7,2370.490319
326,8,2239.558096
326,9,2224.473813
326,10,2140.295810
326,12,2128.376244
326,13,2097.008043
326,15,2082.012223
326,16,2076.675460
326,17,2039.658730
326,19,2020.435935
327,6,2649.576919
327,7,2370.490319
327,8,2239.558096
327,9,2224.473813
327,10,2140.295810
327,12,2128.376244
327,13,2097.008043
327,15,2082.012223
327,16,2076.675460
327,17,2039.658730
327,19,2020.435935
