Iteration,NV,TOC
1,9,4464.434418
1,11,4167.672376
1,12,3615.615907
1,14,3402.974095
1,15,3246.898564
1,16,3133.433235
1,17,3093.194664
1,18,3006.393316
1,21,2974.672937
1,23,2937.085574
1,24,2935.755535
1,25,2921.285751
1,26,2883.993136
1,27,2871.647217
1,28,2770.851941
1,30,2758.750591
2,9,4464.434418
2,9,4464.434418
2,11,4167.672376
2,11,4167.672376
2,12,3615.615907
2,12,3615.615907
2,13,3588.218033
2,14,3402.974095
2,14,3402.974095
2,15,3246.898564
2,15,3246.898564
2,16,3133.433235
2,16,3133.433235
2,17,2986.187381
2,21,2974.672937
2,21,2974.672937
2,23,2937.085574
2,23,2937.085574
2,24,2935.755535
2,24,2935.755535
2,25,2888.381405
2,26,2883.993136
2,26,2883.993136
2,27,2871.647217
2,27,2871.647217
2,28,2770.851941
2,28,2770.851941
2,30,2758.750591
2,30,2758.750591
3,9,4464.434418
3,9,4464.434418
3,9,4464.434418
3,11,4167.672376
3,11,4167.672376
3,11,4167.672376
3,12,3615.615907
3,12,3615.615907
3,12,3615.615907
3,13,3588.218033
3,13,3588.218033
3,14,3327.417935
3,15,3246.898564
3,15,3246.898564
3,15,3246.898564
3,16,3133.433235
3,16,3133.433235
3,16,3133.433235
3,17,2983.679836
3,19,2948.350606
3,23,2911.803520
3,25,2888.381405
3,25,2888.381405
3,26,2883.993136
3,26,2883.993136
3,26,2883.993136
3,27,2871.647217
3,27,2871.647217
3,27,2871.647217
3,28,2770.851941
3,28,2770.851941
3,28,2770.851941
3,30,2758.750591
3,30,2758.750591
3,30,2758.750591
4,9,4464.434418
4,9,4464.434418
4,9,4464.434418
4,9,4464.434418
4,11,4167.672376
4,11,4167.672376
4,11,4167.672376
4,11,4167.672376
4,12,3615.615907
4,12,3615.615907
4,12,3615.615907
4,12,3615.615907
4,13,3499.717011
4,14,3313.397045
4,15,3246.898564
4,15,3246.898564
4,15,3246.898564
4,15,3246.898564
4,16,3133.433235
4,16,3133.433235
4,16,3133.433235
4,16,3133.433235
4,17,2983.679836
4,17,2983.679836
4,19,2948.350606
4,19,2948.350606
4,23,2911.803520
4,23,2911.803520
4,25,2888.381405
4,25,2888.381405
4,25,2888.381405
4,26,2883.993136
4,26,2883.993136
4,26,2883.993136
4,26,2883.993136
4,27,2871.647217
4,27,2871.647217
4,27,2871.647217
4,27,2871.647217
4,28,2770.851941
4,28,2770.851941
4,28,2770.851941
4,28,2770.851941
4,30,2758.750591
4,30,2758.750591
4,30,2758.750591
4,30,2758.750591
5,9,4464.434418
5,9,4464.434418
5,9,4464.434418
5,9,4464.434418
5,9,4464.434418
5,11,4038.664264
5,12,3615.615907
5,12,3615.615907
5,12,3615.615907
5,12,3615.615907
5,12,3615.615907
5,13,3499.717011
5,13,3499.717011
5,14,3313.397045
5,14,3313.397045
5,15,3195.988587
5,16,3133.433235
5,16,3133.433235
5,16,3133.433235
5,16,3133.433235
5,16,3133.433235
5,17,2983.679836
5,17,2983.679836
5,17,2983.679836
5,19,2932.845615
5,23,2911.803520
5,23,2911.803520
5,23,2911.803520
5,25,2888.381405
5,25,2888.381405
5,25,2888.381405
5,25,2888.381405
5,26,2883.993136
5,26,2883.993136
5,26,2883.993136
5,26,2883.993136
5,26,2883.993136
5,27,2871.647217
5,27,2871.647217
5,27,2871.647217
5,27,2871.647217
5,27,2871.647217
5,28,2770.851941
5,28,2770.851941
5,28,2770.851941
5,28,2770.851941
5,28,2770.851941
5,30,2758.750591
5,30,2758.750591
5,30,2758.750591
5,30,2758.750591
5,30,2758.750591
6,9,4459.070984
6,10,4418.530115
6,11,4038.664264
6,11,4038.664264
6,12,3615.615907
6,12,3615.615907
6,12,3615.615907
6,12,3615.615907
6,12,3615.615907
6,12,3615.615907
6,13,3363.533335
6,14,3313.397045
6,14,3313.397045
6,14,3313.397045
6,15,3195.988587
6,15,3195.988587
6,16,3133.433235
6,16,3133.433235
6,16,3133.433235
6,16,3133.433235
6,16,3133.433235
6,16,3133.433235
6,17,2983.679836
6,17,2983.679836
6,17,2983.679836
6,17,2983.679836
6,19,2932.845615
6,19,2932.845615
6,20,2927.601513
6,22,2875.689236
6,25,2872.548570
6,26,2861.166348
6,27,2859.012425
6,28,2770.851941
6,28,2770.851941
6,28,2770.851941
6,28,2770.851941
6,28,2770.851941
6,28,2770.851941
6,30,2758.750591
6,30,2758.750591
6,30,2758.750591
6,30,2758.750591
6,30,2758.750591
6,30,2758.750591
7,8,4862.332413
7,9,4454.727587
7,10,4418.530115
7,10,4418.530115
7,11,4038.664264
7,11,4038.664264
7,11,4038.664264
7,12,3615.615907
7,12,3615.615907
7,12,3615.615907
7,12,3615.615907
7,12,3615.615907
7,12,3615.615907
7,12,3615.615907
7,13,3363.533335
7,13,3363.533335
7,14,3313.397045
7,14,3313.397045
7,14,3313.397045
7,14,3313.397045
7,15,3195.988587
7,15,3195.988587
7,15,3195.988587
7,16,3133.433235
7,16,3133.433235
7,16,3133.433235
7,16,3133.433235
7,16,3133.433235
7,16,3133.433235
7,16,3133.433235
7,17,2983.679836
7,17,2983.679836
7,17,2983.679836
7,17,2983.679836
7,17,2983.679836
7,19,2932.845615
7,19,2932.845615
7,19,2932.845615
7,20,2927.601513
7,20,2927.601513
7,22,2875.689236
7,22,2875.689236
7,25,2847.028102
7,26,2846.750667
7,28,2770.851941
7,28,2770.851941
7,28,2770.851941
7,28,2770.851941
7,28,2770.851941
7,28,2770.851941
7,28,2770.851941
7,30,2758.750591
7,30,2758.750591
7,30,2758.750591
7,30,2758.750591
7,30,2758.750591
7,30,2758.750591
7,30,2758.750591
8,8,4734.296538
8,9,4454.727587
8,9,4454.727587
8,10,4351.415162
8,11,4038.664264
8,11,4038.664264
8,11,4038.664264
8,11,4038.664264
8,12,3615.615907
8,12,3615.615907
8,12,3615.615907
8,12,3615.615907
8,12,3615.615907
8,12,3615.615907
8,12,3615.615907
8,12,3615.615907
8,13,3360.494588
8,14,3300.544699
8,15,3195.988587
8,15,3195.988587
8,15,3195.988587
8,15,3195.988587
8,16,3133.433235
8,16,3133.433235
8,16,3133.433235
8,16,3133.433235
8,16,3133.433235
8,16,3133.433235
8,16,3133.433235
8,16,3133.433235
8,17,2983.679836
8,17,2983.679836
8,17,2983.679836
8,17,2983.679836
8,17,2983.679836
8,17,2983.679836
8,19,2932.845615
8,19,2932.845615
8,19,2932.845615
8,19,2932.845615
8,20,2927.601513
8,20,2927.601513
8,20,2927.601513
8,22,2875.689236
8,22,2875.689236
8,22,2875.689236
8,25,2847.028102
8,25,2847.028102
8,26,2846.750667
8,26,2846.750667
8,28,2770.851941
8,28,2770.851941
8,28,2770.851941
8,28,2770.851941
8,28,2770.851941
8,28,2770.851941
8,28,2770.851941
8,28,2770.851941
8,30,2758.750591
8,30,2758.750591
8,30,2758.750591
8,30,2758.750591
8,30,2758.750591
8,30,2758.750591
8,30,2758.750591
8,30,2758.750591
9,7,4764.582849
9,8,4398.091636
9,9,4127.776192
9,10,3865.573697
9,11,3371.679674
9,12,3200.547961
9,13,3061.368686
9,15,2975.835481
9,16,2857.274816
9,18,2811.945837
9,21,2792.333902
9,22,2740.667115
9,25,2651.223183
9,27,2636.781673
10,7,4570.315362
10,8,4239.277203
10,9,3807.068947
10,10,3753.399800
10,11,3194.686374
10,12,3072.773786
10,13,2996.100949
10,14,2967.860480
10,15,2843.435496
10,16,2775.926847
10,17,2757.390974
10,18,2720.252299
10,19,2672.559841
10,23,2622.224239
10,25,2613.754537
10,27,2573.008445
11,7,4570.315362
11,7,4570.315362
11,8,4239.277203
11,8,4239.277203
11,9,3807.068947
11,9,3807.068947
11,10,3672.367422
11,11,3194.686374
11,11,3194.686374
11,12,3072.773786
11,12,3072.773786
11,13,2974.070396
11,14,2967.860480
11,14,2967.860480
11,15,2843.435496
11,15,2843.435496
11,16,2775.926847
11,16,2775.926847
11,17,2757.390974
11,17,2757.390974
11,18,2720.252299
11,18,2720.252299
11,19,2672.559841
11,19,2672.559841
11,23,2622.224239
11,23,2622.224239
11,25,2613.754537
11,25,2613.754537
11,27,2573.008445
11,27,2573.008445
12,7,4570.315362
12,7,4570.315362
12,7,4570.315362
12,8,4239.277203
12,8,4239.277203
12,8,4239.277203
12,9,3807.068947
12,9,3807.068947
12,9,3807.068947
12,10,3672.367422
12,10,3672.367422
12,11,3194.686374
12,11,3194.686374
12,11,3194.686374
12,12,3072.773786
12,12,3072.773786
12,12,3072.773786
12,13,2974.070396
12,13,2974.070396
12,14,2967.860480
12,14,2967.860480
12,14,2967.860480
12,15,2843.435496
12,15,2843.435496
12,15,2843.435496
12,16,2775.926847
12,16,2775.926847
12,16,2775.926847
12,17,2757.390974
12,17,2757.390974
12,17,2757.390974
12,18,2720.252299
12,18,2720.252299
12,18,2720.252299
12,19,2672.559841
12,19,2672.559841
12,19,2672.559841
12,23,2622.224239
12,23,2622.224239
12,23,2622.224239
12,25,2613.754537
12,25,2613.754537
12,25,2613.754537
12,27,2573.008445
12,27,2573.008445
12,27,2573.008445
13,7,4570.315362
13,7,4570.315362
13,7,4570.315362
13,7,4570.315362
13,8,4239.277203
13,8,4239.277203
13,8,4239.277203
13,8,4239.277203
13,9,3807.068947
13,9,3807.068947
13,9,3807.068947
13,9,3807.068947
13,10,3672.367422
13,10,3672.367422
13,10,3672.367422
13,11,3194.686374
13,11,3194.686374
13,11,3194.686374
13,11,3194.686374
13,12,3072.773786
13,12,3072.773786
13,12,3072.773786
13,12,3072.773786
13,13,2974.070396
13,13,2974.070396
13,13,2974.070396
13,14,2967.860480
13,14,2967.860480
13,14,2967.860480
13,14,2967.860480
13,15,2843.435496
13,15,2843.435496
13,15,2843.435496
13,15,2843.435496
13,16,2775.926847
13,16,2775.926847
13,16,2775.926847
13,16,2775.926847
13,17,2757.390974
13,17,2757.390974
13,17,2757.390974
13,17,2757.390974
13,18,2720.252299
13,18,2720.252299
13,18,2720.252299
13,18,2720.252299
13,19,2672.559841
13,19,2672.559841
13,19,2672.559841
13,19,2672.559841
13,23,2622.224239
13,23,2622.224239
13,23,2622.224239
13,23,2622.224239
13,25,2613.754537
13,25,2613.754537
13,25,2613.754537
13,25,2613.754537
13,26,2584.284040
13,27,2573.008445
13,27,2573.008445
13,27,2573.008445
13,27,2573.008445
14,7,4570.315362
14,7,4570.315362
14,7,4570.315362
14,7,4570.315362
14,7,4570.315362
14,8,3857.233419
14,9,3807.068947
14,9,3807.068947
14,9,3807.068947
14,9,3807.068947
14,9,3807.068947
14,10,3672.367422
14,10,3672.367422
14,10,3672.367422
14,10,3672.367422
14,11,3194.686374
14,11,3194.686374
14,11,3194.686374
14,11,3194.686374
14,11,3194.686374
14,12,3072.773786
14,12,3072.773786
14,12,3072.773786
14,12,3072.773786
14,12,3072.773786
14,13,2974.070396
14,13,2974.070396
14,13,2974.070396
14,13,2974.070396
14,14,2967.860480
14,14,2967.860480
14,14,2967.860480
14,14,2967.860480
14,14,2967.860480
14,15,2843.435496
14,15,2843.435496
14,15,2843.435496
14,15,2843.435496
14,15,2843.435496
14,16,2775.926847
14,16,2775.926847
14,16,2775.926847
14,16,2775.926847
14,16,2775.926847
14,17,2757.390974
14,17,2757.390974
14,17,2757.390974
14,17,2757.390974
14,17,2757.390974
14,18,2720.252299
14,18,2720.252299
14,18,2720.252299
14,18,2720.252299
14,18,2720.252299
14,19,2672.559841
14,19,2672.559841
14,19,2672.559841
14,19,2672.559841
14,19,2672.559841
14,23,2622.224239
14,23,2622.224239
14,23,2622.224239
14,23,2622.224239
14,23,2622.224239
14,25,2613.754537
14,25,2613.754537
14,25,2613.754537
14,25,2613.754537
14,25,2613.754537
14,26,2584.284040
14,26,2584.284040
14,27,2573.008445
14,27,2573.008445
14,27,2573.008445
14,27,2573.008445
14,27,2573.008445
15,7,4570.315362
15,7,4570.315362
15,7,4570.315362
15,7,4570.315362
15,7,4570.315362
15,7,4570.315362
15,8,3857.233419
15,8,3857.233419
15,9,3807.068947
15,9,3807.068947
15,9,3807.068947
15,9,3807.068947
15,9,3807.068947
15,9,3807.068947
15,10,3672.367422
15,10,3672.367422
15,10,3672.367422
15,10,3672.367422
15,10,3672.367422
15,11,3194.686374
15,11,3194.686374
15,11,3194.686374
15,11,3194.686374
15,11,3194.686374
15,11,3194.686374
15,12,3072.773786
15,12,3072.773786
15,12,3072.773786
15,12,3072.773786
15,12,3072.773786
15,12,3072.773786
15,13,2974.070396
15,13,2974.070396
15,13,2974.070396
15,13,2974.070396
15,13,2974.070396
15,14,2967.860480
15,14,2967.860480
15,14,2967.860480
15,14,2967.860480
15,14,2967.860480
15,14,2967.860480
15,15,2843.435496
15,15,2843.435496
15,15,2843.435496
15,15,2843.435496
15,15,2843.435496
15,15,2843.435496
15,16,2775.926847
15,16,2775.926847
15,16,2775.926847
15,16,2775.926847
15,16,2775.926847
15,16,2775.926847
15,17,2757.390974
15,17,2757.390974
15,17,2757.390974
15,17,2757.390974
15,17,2757.390974
15,17,2757.390974
15,18,2720.252299
15,18,2720.252299
15,18,2720.252299
15,18,2720.252299
15,18,2720.252299
15,18,2720.252299
15,19,2672.559841
15,19,2672.559841
15,19,2672.559841
15,19,2672.559841
15,19,2672.559841
15,19,2672.559841
15,23,2622.224239
15,23,2622.224239
15,23,2622.224239
15,23,2622.224239
15,23,2622.224239
15,23,2622.224239
15,25,2613.754537
15,25,2613.754537
15,25,2613.754537
15,25,2613.754537
15,25,2613.754537
15,25,2613.754537
15,26,2584.284040
15,26,2584.284040
15,26,2584.284040
15,27,2573.008445
15,27,2573.008445
15,27,2573.008445
15,27,2573.008445
15,27,2573.008445
15,27,2573.008445
16,7,4570.315362
16,7,4570.315362
16,7,4570.315362
16,7,4570.315362
16,7,4570.315362
16,7,4570.315362
16,7,4570.315362
16,8,3857.233419
16,8,3857.233419
16,8,3857.233419
16,9,3807.068947
16,9,3807.068947
16,9,3807.068947
16,9,3807.068947
16,9,3807.068947
16,9,3807.068947
16,9,3807.068947
16,10,3672.367422
16,10,3672.367422
16,10,3672.367422
16,10,3672.367422
16,10,3672.367422
16,10,3672.367422
16,11,3194.686374
16,11,3194.686374
16,11,3194.686374
16,11,3194.686374
16,11,3194.686374
16,11,3194.686374
16,11,3194.686374
16,12,3072.773786
16,12,3072.773786
16,12,3072.773786
16,12,3072.773786
16,12,3072.773786
16,12,3072.773786
16,12,3072.773786
16,13,2974.070396
16,13,2974.070396
16,13,2974.070396
16,13,2974.070396
16,13,2974.070396
16,13,2974.070396
16,14,2928.583257
16,15,2843.435496
16,15,2843.435496
16,15,2843.435496
16,15,2843.435496
16,15,2843.435496
16,15,2843.435496
16,15,2843.435496
16,16,2775.926847
16,16,2775.926847
16,16,2775.926847
16,16,2775.926847
16,16,2775.926847
16,16,2775.926847
16,16,2775.926847
16,17,2757.390974
16,17,2757.390974
16,17,2757.390974
16,17,2757.390974
16,17,2757.390974
16,17,2757.390974
16,17,2757.390974
16,18,2720.252299
16,18,2720.252299
16,18,2720.252299
16,18,2720.252299
16,18,2720.252299
16,18,2720.252299
16,18,2720.252299
16,19,2672.559841
16,19,2672.559841
16,19,2672.559841
16,19,2672.559841
16,19,2672.559841
16,19,2672.559841
16,19,2672.559841
16,23,2622.224239
16,23,2622.224239
16,23,2622.224239
16,23,2622.224239
16,23,2622.224239
16,23,2622.224239
16,23,2622.224239
16,25,2613.754537
16,25,2613.754537
16,25,2613.754537
16,25,2613.754537
16,25,2613.754537
16,25,2613.754537
16,25,2613.754537
16,26,2584.284040
16,26,2584.284040
16,26,2584.284040
16,26,2584.284040
16,27,2573.008445
16,27,2573.008445
16,27,2573.008445
16,27,2573.008445
16,27,2573.008445
16,27,2573.008445
16,27,2573.008445
16,28,2551.669552
17,7,4247.169125
17,8,3503.423241
17,10,3463.062553
17,11,3045.525563
17,12,2899.983818
17,13,2800.483428
17,14,2750.943162
17,15,2722.601878
17,16,2693.706454
17,17,2599.754838
17,21,2571.959118
17,22,2570.801919
17,24,2550.747047
17,25,2536.176769
17,26,2500.420631
18,7,4047.795626
18,8,3322.075734
18,9,3234.264841
18,11,2928.809681
18,12,2823.836731
18,13,2751.008821
18,14,2691.911140
18,15,2621.947892
18,17,2548.263619
18,23,2494.585241
18,24,2485.933716
19,7,3836.407364
19,8,3236.203506
19,9,3083.955298
19,11,2928.809681
19,11,2928.809681
19,11,2928.809681
19,12,2823.836731
19,12,2823.836731
19,12,2823.836731
19,13,2654.057651
19,14,2570.885078
19,17,2531.202382
19,23,2473.325119
19,24,2465.852885
20,7,3767.657554
20,8,3208.396737
20,9,2853.021660
20,11,2783.540085
20,12,2776.496883
20,13,2554.804932
20,14,2547.746382
20,17,2531.202382
20,17,2531.202382
20,17,2531.202382
20,22,2463.137576
20,23,2453.214157
21,7,3564.067942
21,8,3208.396737
21,8,3208.396737
21,9,2853.021660
21,9,2853.021660
21,11,2783.540085
21,11,2783.540085
21,12,2776.496883
21,12,2776.496883
21,13,2554.804932
21,13,2554.804932
21,14,2547.746382
21,14,2547.746382
21,17,2531.202382
21,17,2531.202382
21,17,2531.202382
21,17,2531.202382
21,17,2531.202382
21,17,2531.202382
21,22,2463.137576
21,22,2463.137576
21,23,2453.214157
21,23,2453.214157
22,7,3564.067942
22,7,3564.067942
22,8,3208.396737
22,8,3208.396737
22,8,3208.396737
22,9,2853.021660
22,9,2853.021660
22,9,2853.021660
22,11,2783.540085
22,11,2783.540085
22,11,2783.540085
22,12,2776.496883
22,12,2776.496883
22,12,2776.496883
22,13,2554.804932
22,13,2554.804932
22,13,2554.804932
22,14,2547.746382
22,14,2547.746382
22,14,2547.746382
22,17,2531.202382
22,17,2531.202382
22,17,2531.202382
22,17,2531.202382
22,17,2531.202382
22,17,2531.202382
22,17,2531.202382
22,17,2531.202382
22,17,2531.202382
22,22,2463.137576
22,22,2463.137576
22,22,2463.137576
22,23,2453.214157
22,23,2453.214157
22,23,2453.214157
23,7,3564.067942
23,7,3564.067942
23,7,3564.067942
23,8,3208.396737
23,8,3208.396737
23,8,3208.396737
23,8,3208.396737
23,9,2853.021660
23,9,2853.021660
23,9,2853.021660
23,9,2853.021660
23,11,2783.540085
23,11,2783.540085
23,11,2783.540085
23,11,2783.540085
23,12,2776.496883
23,12,2776.496883
23,12,2776.496883
23,12,2776.496883
23,13,2554.804932
23,13,2554.804932
23,13,2554.804932
23,13,2554.804932
23,14,2547.746382
23,14,2547.746382
23,14,2547.746382
23,14,2547.746382
23,17,2529.583211
23,22,2463.137576
23,22,2463.137576
23,22,2463.137576
23,22,2463.137576
23,23,2453.214157
23,23,2453.214157
23,23,2453.214157
23,23,2453.214157
24,7,3374.476854
24,8,3117.197524
24,9,2736.940965
24,12,2730.767399
24,13,2521.569806
24,17,2519.822884
24,20,2444.375590
24,21,2444.108089
24,22,2425.644896
25,7,3374.476854
25,7,3374.476854
25,8,3117.197524
25,8,3117.197524
25,9,2736.940965
25,9,2736.940965
25,12,2730.767399
25,12,2730.767399
25,13,2521.569806
25,13,2521.569806
25,17,2519.822884
25,17,2519.822884
25,20,2444.375590
25,20,2444.375590
25,21,2444.108089
25,21,2444.108089
25,22,2425.644896
25,22,2425.644896
26,7,3374.476854
26,7,3374.476854
26,7,3374.476854
26,8,3117.197524
26,8,3117.197524
26,8,3117.197524
26,9,2736.940965
26,9,2736.940965
26,9,2736.940965
26,12,2730.767399
26,12,2730.767399
26,12,2730.767399
26,13,2521.569806
26,13,2521.569806
26,13,2521.569806
26,17,2519.822884
26,17,2519.822884
26,17,2519.822884
26,20,2444.375590
26,20,2444.375590
26,20,2444.375590
26,21,2444.108089
26,21,2444.108089
26,21,2444.108089
26,22,2425.644896
26,22,2425.644896
26,22,2425.644896
27,7,3374.476854
27,7,3374.476854
27,7,3374.476854
27,7,3374.476854
27,8,3117.197524
27,8,3117.197524
27,8,3117.197524
27,8,3117.197524
27,9,2736.940965
27,9,2736.940965
27,9,2736.940965
27,9,2736.940965
27,11,2718.819051
27,13,2521.569806
27,13,2521.569806
27,13,2521.569806
27,13,2521.569806
27,17,2519.822884
27,17,2519.822884
27,17,2519.822884
27,17,2519.822884
27,20,2444.375590
27,20,2444.375590
27,20,2444.375590
27,20,2444.375590
27,21,2444.108089
27,21,2444.108089
27,21,2444.108089
27,21,2444.108089
27,22,2425.644896
27,22,2425.644896
27,22,2425.644896
27,22,2425.644896
28,7,3272.674682
28,8,3045.296991
28,9,2679.616921
28,11,2633.376664
28,12,2486.737652
28,17,2483.356665
28,18,2434.284393
28,19,2428.597204
28,20,2394.797001
28,21,2394.444234
29,7,3272.674682
29,7,3272.674682
29,8,3045.296991
29,8,3045.296991
29,9,2679.616921
29,9,2679.616921
29,11,2633.376664
29,11,2633.376664
29,12,2486.737652
29,12,2486.737652
29,17,2483.356665
29,17,2483.356665
29,18,2434.284393
29,18,2434.284393
29,19,2428.597204
29,19,2428.597204
29,20,2394.797001
29,20,2394.797001
29,21,2394.444234
29,21,2394.444234
30,7,3158.954179
30,8,2898.786571
30,9,2587.947864
30,11,2573.703137
30,12,2486.737652
30,12,2486.737652
30,12,2486.737652
30,12,2486.737652
30,16,2470.048166
30,17,2432.525864
30,18,2406.294845
30,20,2394.797001
30,20,2394.797001
30,20,2394.797001
30,21,2384.816178
31,7,3158.954179
31,7,3158.954179
31,8,2898.786571
31,8,2898.786571
31,9,2587.947864
31,9,2587.947864
31,11,2573.703137
31,11,2573.703137
31,12,2486.737652
31,12,2486.737652
31,12,2486.737652
31,12,2486.737652
31,12,2486.737652
31,12,2486.737652
31,12,2486.737652
31,12,2486.737652
31,16,2470.048166
31,16,2470.048166
31,17,2432.525864
31,17,2432.525864
31,18,2406.294845
31,18,2406.294845
31,20,2394.797001
31,20,2394.797001
31,20,2394.797001
31,20,2394.797001
31,20,2394.797001
31,20,2394.797001
31,21,2384.816178
31,21,2384.816178
32,7,3158.954179
32,7,3158.954179
32,7,3158.954179
32,8,2898.786571
32,8,2898.786571
32,8,2898.786571
32,9,2587.947864
32,9,2587.947864
32,9,2587.947864
32,11,2573.703137
32,11,2573.703137
32,11,2573.703137
32,12,2486.737652
32,12,2486.737652
32,12,2486.737652
32,12,2486.737652
32,12,2486.737652
32,12,2486.737652
32,12,2486.737652
32,12,2486.737652
32,12,2486.737652
32,12,2486.737652
32,12,2486.737652
32,12,2486.737652
32,16,2405.159166
32,20,2394.797001
32,20,2394.797001
32,20,2394.797001
32,20,2394.797001
32,20,2394.797001
32,20,2394.797001
32,20,2394.797001
32,20,2394.797001
32,20,2394.797001
32,21,2384.816178
32,21,2384.816178
32,21,2384.816178
33,7,3158.954179
33,7,3158.954179
33,7,3158.954179
33,7,3158.954179
33,8,2898.786571
33,8,2898.786571
33,8,2898.786571
33,8,2898.786571
33,9,2587.947864
33,9,2587.947864
33,9,2587.947864
33,9,2587.947864
33,11,2573.703137
33,11,2573.703137
33,11,2573.703137
33,11,2573.703137
33,12,2486.737652
33,12,2486.737652
33,12,2486.737652
33,12,2486.737652
33,12,2486.737652
33,12,2486.737652
33,12,2486.737652
33,12,2486.737652
33,12,2486.737652
33,12,2486.737652
33,12,2486.737652
33,12,2486.737652
33,12,2486.737652
33,12,2486.737652
33,12,2486.737652
33,12,2486.737652
33,16,2405.159166
33,16,2405.159166
33,20,2394.797001
33,20,2394.797001
33,20,2394.797001
33,20,2394.797001
33,20,2394.797001
33,20,2394.797001
33,20,2394.797001
33,20,2394.797001
33,20,2394.797001
33,20,2394.797001
33,20,2394.797001
33,20,2394.797001
33,21,2384.816178
33,21,2384.816178
33,21,2384.816178
33,21,2384.816178
34,7,2995.399108
34,8,2581.150323
34,9,2564.792495
34,11,2473.949335
34,12,2459.893581
34,15,2386.131252
34,16,2380.698535
34,20,2372.024612
35,7,2995.399108
35,7,2995.399108
35,8,2581.150323
35,8,2581.150323
35,9,2564.792495
35,9,2564.792495
35,11,2473.949335
35,11,2473.949335
35,12,2459.893581
35,12,2459.893581
35,15,2386.131252
35,15,2386.131252
35,16,2380.698535
35,16,2380.698535
35,20,2372.024612
35,20,2372.024612
36,7,2995.399108
36,7,2995.399108
36,7,2995.399108
36,8,2581.150323
36,8,2581.150323
36,8,2581.150323
36,9,2564.792495
36,9,2564.792495
36,9,2564.792495
36,11,2473.949335
36,11,2473.949335
36,11,2473.949335
36,12,2459.893581
36,12,2459.893581
36,12,2459.893581
36,13,2420.376472
36,15,2386.131252
36,15,2386.131252
36,15,2386.131252
36,16,2380.698535
36,16,2380.698535
36,16,2380.698535
36,20,2372.024612
36,20,2372.024612
36,20,2372.024612
37,7,2995.399108
37,7,2995.399108
37,7,2995.399108
37,7,2995.399108
37,8,2581.150323
37,8,2581.150323
37,8,2581.150323
37,8,2581.150323
37,9,2564.792495
37,9,2564.792495
37,9,2564.792495
37,9,2564.792495
37,11,2473.949335
37,11,2473.949335
37,11,2473.949335
37,11,2473.949335
37,12,2459.893581
37,12,2459.893581
37,12,2459.893581
37,12,2459.893581
37,13,2420.376472
37,13,2420.376472
37,15,2386.131252
37,15,2386.131252
37,15,2386.131252
37,15,2386.131252
37,16,2380.698535
37,16,2380.698535
37,16,2380.698535
37,16,2380.698535
37,20,2372.024612
37,20,2372.024612
37,20,2372.024612
37,20,2372.024612
38,7,2839.631413
38,8,2550.714668
38,9,2516.699500
38,11,2447.334946
38,12,2413.937023
38,13,2397.782438
38,15,2357.904234
38,18,2356.476902
39,7,2839.631413
39,7,2839.631413
39,8,2550.714668
39,8,2550.714668
39,9,2516.699500
39,9,2516.699500
39,11,2447.334946
39,11,2447.334946
39,12,2413.937023
39,12,2413.937023
39,13,2397.782438
39,13,2397.782438
39,15,2357.904234
39,15,2357.904234
39,18,2356.476902
39,18,2356.476902
40,7,2839.631413
40,7,2839.631413
40,7,2839.631413
40,8,2550.714668
40,8,2550.714668
40,8,2550.714668
40,9,2516.699500
40,9,2516.699500
40,9,2516.699500
40,11,2447.334946
40,11,2447.334946
40,11,2447.334946
40,12,2413.937023
40,12,2413.937023
40,12,2413.937023
40,13,2397.782438
40,13,2397.782438
40,13,2397.782438
40,15,2357.904234
40,15,2357.904234
40,15,2357.904234
40,18,2356.476902
40,18,2356.476902
40,18,2356.476902
41,7,2839.631413
41,7,2839.631413
41,7,2839.631413
41,7,2839.631413
41,8,2550.714668
41,8,2550.714668
41,8,2550.714668
41,8,2550.714668
41,9,2516.699500
41,9,2516.699500
41,9,2516.699500
41,9,2516.699500
41,11,2447.334946
41,11,2447.334946
41,11,2447.334946
41,11,2447.334946
41,12,2413.937023
41,12,2413.937023
41,12,2413.937023
41,12,2413.937023
41,13,2397.782438
41,13,2397.782438
41,13,2397.782438
41,13,2397.782438
41,15,2357.904234
41,15,2357.904234
41,15,2357.904234
41,15,2357.904234
41,18,2356.476902
41,18,2356.476902
41,18,2356.476902
41,18,2356.476902
42,7,2820.535916
42,8,2490.017469
42,9,2478.513612
42,11,2423.838332
42,12,2392.619359
42,15,2356.898079
42,16,2348.337637
43,7,2820.535916
43,7,2820.535916
43,8,2490.017469
43,8,2490.017469
43,9,2478.513612
43,9,2478.513612
43,11,2423.838332
43,11,2423.838332
43,12,2392.619359
43,12,2392.619359
43,15,2356.898079
43,15,2356.898079
43,16,2348.337637
43,16,2348.337637
44,7,2820.535916
44,7,2820.535916
44,7,2820.535916
44,8,2490.017469
44,8,2490.017469
44,8,2490.017469
44,9,2478.513612
44,9,2478.513612
44,9,2478.513612
44,11,2423.838332
44,11,2423.838332
44,11,2423.838332
44,12,2392.619359
44,12,2392.619359
44,12,2392.619359
44,15,2356.898079
44,15,2356.898079
44,15,2356.898079
44,16,2348.337637
44,16,2348.337637
44,16,2348.337637
45,7,2820.535916
45,7,2820.535916
45,7,2820.535916
45,7,2820.535916
45,8,2490.017469
45,8,2490.017469
45,8,2490.017469
45,8,2490.017469
45,9,2478.513612
45,9,2478.513612
45,9,2478.513612
45,9,2478.513612
45,11,2423.838332
45,11,2423.838332
45,11,2423.838332
45,11,2423.838332
45,12,2392.619359
45,12,2392.619359
45,12,2392.619359
45,12,2392.619359
45,15,2356.898079
45,15,2356.898079
45,15,2356.898079
45,15,2356.898079
45,16,2348.337637
45,16,2348.337637
45,16,2348.337637
45,16,2348.337637
46,7,2792.986483
46,8,2478.488072
46,9,2472.313385
46,11,2404.608969
46,12,2384.697186
46,14,2343.413391
46,16,2332.047779
47,7,2761.549792
47,8,2466.860989
47,9,2466.476852
47,11,2404.608969
47,11,2404.608969
47,11,2404.608969
47,12,2345.713060
47,14,2343.413391
47,14,2343.413391
47,14,2343.413391
47,15,2343.371938
47,16,2329.032414
48,7,2715.620418
48,8,2455.642517
48,11,2395.146583
48,12,2341.258801
48,15,2318.174225
49,7,2715.620418
49,7,2715.620418
49,8,2455.642517
49,8,2455.642517
49,11,2395.146583
49,11,2395.146583
49,12,2341.258801
49,12,2341.258801
49,15,2318.174225
49,15,2318.174225
50,7,2715.620418
50,7,2715.620418
50,7,2715.620418
50,8,2455.642517
50,8,2455.642517
50,8,2455.642517
50,11,2395.146583
50,11,2395.146583
50,11,2395.146583
50,12,2341.258801
50,12,2341.258801
50,12,2341.258801
50,15,2318.174225
50,15,2318.174225
50,15,2318.174225
51,7,2715.620418
51,7,2715.620418
51,7,2715.620418
51,7,2715.620418
51,8,2455.642517
51,8,2455.642517
51,8,2455.642517
51,8,2455.642517
51,11,2395.146583
51,11,2395.146583
51,11,2395.146583
51,11,2395.146583
51,12,2341.258801
51,12,2341.258801
51,12,2341.258801
51,12,2341.258801
51,15,2318.174225
51,15,2318.174225
51,15,2318.174225
51,15,2318.174225
52,7,2707.134938
52,8,2437.955780
52,11,2395.146583
52,11,2395.146583
52,11,2395.146583
52,11,2395.146583
52,11,2395.146583
52,11,2395.146583
52,12,2327.288083
52,14,2317.424789
52,15,2313.491239
53,7,2707.134938
53,7,2707.134938
53,8,2437.955780
53,8,2437.955780
53,11,2395.146583
53,11,2395.146583
53,11,2395.146583
53,11,2395.146583
53,11,2395.146583
53,11,2395.146583
53,11,2395.146583
53,11,2395.146583
53,11,2395.146583
53,11,2395.146583
53,11,2395.146583
53,11,2395.146583
53,12,2327.288083
53,12,2327.288083
53,14,2317.424789
53,14,2317.424789
53,15,2313.491239
53,15,2313.491239
54,7,2707.134938
54,7,2707.134938
54,7,2707.134938
54,8,2437.955780
54,8,2437.955780
54,8,2437.955780
54,11,2395.146583
54,11,2395.146583
54,11,2395.146583
54,11,2395.146583
54,11,2395.146583
54,11,2395.146583
54,11,2395.146583
54,11,2395.146583
54,11,2395.146583
54,11,2395.146583
54,11,2395.146583
54,11,2395.146583
54,11,2395.146583
54,11,2395.146583
54,11,2395.146583
54,11,2395.146583
54,11,2395.146583
54,11,2395.146583
54,12,2327.288083
54,12,2327.288083
54,12,2327.288083
54,14,2317.424789
54,14,2317.424789
54,14,2317.424789
54,15,2313.491239
54,15,2313.491239
54,15,2313.491239
55,7,2707.134938
55,7,2707.134938
55,7,2707.134938
55,7,2707.134938
55,8,2437.955780
55,8,2437.955780
55,8,2437.955780
55,8,2437.955780
55,11,2395.146583
55,11,2395.146583
55,11,2395.146583
55,11,2395.146583
55,11,2395.146583
55,11,2395.146583
55,11,2395.146583
55,11,2395.146583
55,11,2395.146583
55,11,2395.146583
55,11,2395.146583
55,11,2395.146583
55,11,2395.146583
55,11,2395.146583
55,11,2395.146583
55,11,2395.146583
55,11,2395.146583
55,11,2395.146583
55,11,2395.146583
55,11,2395.146583
55,11,2395.146583
55,11,2395.146583
55,11,2395.146583
55,11,2395.146583
55,12,2327.288083
55,12,2327.288083
55,12,2327.288083
55,12,2327.288083
55,14,2317.424789
55,14,2317.424789
55,14,2317.424789
55,14,2317.424789
55,15,2313.491239
55,15,2313.491239
55,15,2313.491239
55,15,2313.491239
56,7,2690.389650
56,8,2413.022805
56,10,2390.808656
56,11,2380.056693
56,12,2320.006487
56,13,2303.583633
57,7,2690.389650
57,7,2690.389650
57,8,2413.022805
57,8,2413.022805
57,10,2390.808656
57,10,2390.808656
57,11,2380.056693
57,11,2380.056693
57,12,2320.006487
57,12,2320.006487
57,13,2303.583633
57,13,2303.583633
58,7,2690.389650
58,7,2690.389650
58,7,2690.389650
58,8,2413.022805
58,8,2413.022805
58,8,2413.022805
58,10,2390.808656
58,10,2390.808656
58,10,2390.808656
58,11,2380.056693
58,11,2380.056693
58,11,2380.056693
58,12,2320.006487
58,12,2320.006487
58,12,2320.006487
58,13,2303.583633
58,13,2303.583633
58,13,2303.583633
59,7,2690.389650
59,7,2690.389650
59,7,2690.389650
59,7,2690.389650
59,8,2413.022805
59,8,2413.022805
59,8,2413.022805
59,8,2413.022805
59,10,2390.808656
59,10,2390.808656
59,10,2390.808656
59,10,2390.808656
59,11,2380.056693
59,11,2380.056693
59,11,2380.056693
59,11,2380.056693
59,12,2320.006487
59,12,2320.006487
59,12,2320.006487
59,12,2320.006487
59,13,2303.583633
59,13,2303.583633
59,13,2303.583633
59,13,2303.583633
60,7,2686.427441
60,8,2401.504735
60,10,2378.122429
60,11,2375.340704
60,12,2315.718081
60,13,2300.973734
61,6,2929.611529
61,7,2686.427441
61,7,2686.427441
61,8,2401.504735
61,8,2401.504735
61,10,2378.122429
61,10,2378.122429
61,11,2372.671768
61,12,2315.718081
61,12,2315.718081
61,13,2300.973734
61,13,2300.973734
62,6,2929.611529
62,6,2929.611529
62,7,2686.427441
62,7,2686.427441
62,7,2686.427441
62,8,2401.504735
62,8,2401.504735
62,8,2401.504735
62,10,2378.122429
62,10,2378.122429
62,10,2378.122429
62,11,2372.671768
62,11,2372.671768
62,12,2315.718081
62,12,2315.718081
62,12,2315.718081
62,13,2300.973734
62,13,2300.973734
62,13,2300.973734
63,6,2929.611529
63,6,2929.611529
63,6,2929.611529
63,7,2686.427441
63,7,2686.427441
63,7,2686.427441
63,7,2686.427441
63,8,2401.504735
63,8,2401.504735
63,8,2401.504735
63,8,2401.504735
63,10,2378.122429
63,10,2378.122429
63,10,2378.122429
63,10,2378.122429
63,11,2372.671768
63,11,2372.671768
63,11,2372.671768
63,12,2315.718081
63,12,2315.718081
63,12,2315.718081
63,12,2315.718081
63,13,2300.973734
63,13,2300.973734
63,13,2300.973734
63,13,2300.973734
64,6,2878.423030
64,7,2651.013405
64,8,2390.163405
64,9,2372.226613
64,10,2360.045443
64,11,2309.607189
64,12,2293.782502
65,6,2877.890253
65,7,2651.013405
65,7,2651.013405
65,8,2390.163405
65,8,2390.163405
65,9,2372.226613
65,9,2372.226613
65,10,2360.045443
65,10,2360.045443
65,11,2309.607189
65,11,2309.607189
65,12,2293.782502
65,12,2293.782502
66,6,2825.010761
66,7,2651.013405
66,7,2651.013405
66,7,2651.013405
66,8,2390.163405
66,8,2390.163405
66,8,2390.163405
66,9,2372.226613
66,9,2372.226613
66,9,2372.226613
66,10,2360.045443
66,10,2360.045443
66,10,2360.045443
66,11,2309.607189
66,11,2309.607189
66,11,2309.607189
66,12,2293.782502
66,12,2293.782502
66,12,2293.782502
67,6,2825.010761
67,6,2825.010761
67,7,2651.013405
67,7,2651.013405
67,7,2651.013405
67,7,2651.013405
67,8,2390.163405
67,8,2390.163405
67,8,2390.163405
67,8,2390.163405
67,9,2372.226613
67,9,2372.226613
67,9,2372.226613
67,9,2372.226613
67,10,2360.045443
67,10,2360.045443
67,10,2360.045443
67,10,2360.045443
67,11,2309.607189
67,11,2309.607189
67,11,2309.607189
67,11,2309.607189
67,12,2293.782502
67,12,2293.782502
67,12,2293.782502
67,12,2293.782502
68,6,2825.010761
68,6,2825.010761
68,6,2825.010761
68,7,2651.013405
68,7,2651.013405
68,7,2651.013405
68,7,2651.013405
68,7,2651.013405
68,8,2390.163405
68,8,2390.163405
68,8,2390.163405
68,8,2390.163405
68,8,2390.163405
68,9,2372.226613
68,9,2372.226613
68,9,2372.226613
68,9,2372.226613
68,9,2372.226613
68,10,2360.045443
68,10,2360.045443
68,10,2360.045443
68,10,2360.045443
68,10,2360.045443
68,11,2309.607189
68,11,2309.607189
68,11,2309.607189
68,11,2309.607189
68,11,2309.607189
68,12,2293.782502
68,12,2293.782502
68,12,2293.782502
68,12,2293.782502
68,12,2293.782502
69,6,2798.347681
69,7,2575.871237
69,8,2378.427017
69,9,2350.867012
69,10,2339.383043
69,11,2306.799982
69,12,2292.398379
70,6,2798.347681
70,6,2798.347681
70,7,2575.871237
70,7,2575.871237
70,8,2378.427017
70,8,2378.427017
70,9,2350.867012
70,9,2350.867012
70,10,2339.383043
70,10,2339.383043
70,11,2306.799982
70,11,2306.799982
70,12,2292.398379
70,12,2292.398379
71,6,2798.347681
71,6,2798.347681
71,6,2798.347681
71,7,2575.871237
71,7,2575.871237
71,7,2575.871237
71,8,2378.427017
71,8,2378.427017
71,8,2378.427017
71,9,2350.867012
71,9,2350.867012
71,9,2350.867012
71,10,2339.383043
71,10,2339.383043
71,10,2339.383043
71,11,2306.799982
71,11,2306.799982
71,11,2306.799982
71,12,2292.398379
71,12,2292.398379
71,12,2292.398379
72,6,2796.927410
72,7,2575.871237
72,7,2575.871237
72,7,2575.871237
72,7,2575.871237
72,8,2378.427017
72,8,2378.427017
72,8,2378.427017
72,8,2378.427017
72,9,2350.867012
72,9,2350.867012
72,9,2350.867012
72,9,2350.867012
72,10,2339.383043
72,10,2339.383043
72,10,2339.383043
72,10,2339.383043
72,11,2306.799982
72,11,2306.799982
72,11,2306.799982
72,11,2306.799982
72,12,2292.398379
72,12,2292.398379
72,12,2292.398379
72,12,2292.398379
73,6,2781.979320
73,7,2555.413155
73,8,2376.775187
73,9,2348.487388
73,10,2300.910540
73,11,2298.137500
73,12,2291.378375
74,6,2781.979320
74,6,2781.979320
74,7,2555.413155
74,7,2555.413155
74,8,2376.775187
74,8,2376.775187
74,9,2348.487388
74,9,2348.487388
74,10,2300.910540
74,10,2300.910540
74,11,2298.137500
74,11,2298.137500
74,12,2291.378375
74,12,2291.378375
75,6,2781.979320
75,6,2781.979320
75,6,2781.979320
75,7,2555.413155
75,7,2555.413155
75,7,2555.413155
75,8,2376.775187
75,8,2376.775187
75,8,2376.775187
75,9,2348.487388
75,9,2348.487388
75,9,2348.487388
75,10,2300.910540
75,10,2300.910540
75,10,2300.910540
75,11,2298.137500
75,11,2298.137500
75,11,2298.137500
75,12,2291.378375
75,12,2291.378375
75,12,2291.378375
76,6,2781.979320
76,6,2781.979320
76,6,2781.979320
76,6,2781.979320
76,7,2555.413155
76,7,2555.413155
76,7,2555.413155
76,7,2555.413155
76,8,2376.775187
76,8,2376.775187
76,8,2376.775187
76,8,2376.775187
76,9,2348.487388
76,9,2348.487388
76,9,2348.487388
76,9,2348.487388
76,10,2300.910540
76,10,2300.910540
76,10,2300.910540
76,10,2300.910540
76,11,2298.137500
76,11,2298.137500
76,11,2298.137500
76,11,2298.137500
76,12,2291.378375
76,12,2291.378375
76,12,2291.378375
76,12,2291.378375
77,6,2771.391068
77,7,2546.250347
77,8,2375.918501
77,9,2335.071879
77,10,2293.339571
77,11,2282.851025
77,12,2274.356076
78,6,2771.391068
78,6,2771.391068
78,7,2546.250347
78,7,2546.250347
78,8,2375.918501
78,8,2375.918501
78,9,2335.071879
78,9,2335.071879
78,10,2293.339571
78,10,2293.339571
78,11,2282.851025
78,11,2282.851025
78,12,2274.356076
78,12,2274.356076
79,6,2771.391068
79,6,2771.391068
79,6,2771.391068
79,7,2546.250347
79,7,2546.250347
79,7,2546.250347
79,8,2375.918501
79,8,2375.918501
79,8,2375.918501
79,9,2335.071879
79,9,2335.071879
79,9,2335.071879
79,10,2293.339571
79,10,2293.339571
79,10,2293.339571
79,11,2282.851025
79,11,2282.851025
79,11,2282.851025
79,12,2274.356076
79,12,2274.356076
79,12,2274.356076
80,6,2771.391068
80,6,2771.391068
80,6,2771.391068
80,6,2771.391068
80,7,2546.250347
80,7,2546.250347
80,7,2546.250347
80,7,2546.250347
80,8,2375.918501
80,8,2375.918501
80,8,2375.918501
80,8,2375.918501
80,9,2335.071879
80,9,2335.071879
80,9,2335.071879
80,9,2335.071879
80,10,2293.339571
80,10,2293.339571
80,10,2293.339571
80,10,2293.339571
80,11,2282.851025
80,11,2282.851025
80,11,2282.851025
80,11,2282.851025
80,12,2274.356076
80,12,2274.356076
80,12,2274.356076
80,12,2274.356076
81,6,2690.395649
81,7,2546.250347
81,7,2546.250347
81,7,2546.250347
81,7,2546.250347
81,7,2546.250347
81,8,2375.918501
81,8,2375.918501
81,8,2375.918501
81,8,2375.918501
81,8,2375.918501
81,9,2335.071879
81,9,2335.071879
81,9,2335.071879
81,9,2335.071879
81,9,2335.071879
81,10,2293.339571
81,10,2293.339571
81,10,2293.339571
81,10,2293.339571
81,10,2293.339571
81,11,2282.851025
81,11,2282.851025
81,11,2282.851025
81,11,2282.851025
81,11,2282.851025
81,12,2274.356076
81,12,2274.356076
81,12,2274.356076
81,12,2274.356076
81,12,2274.356076
82,6,2690.395649
82,6,2690.395649
82,7,2546.250347
82,7,2546.250347
82,7,2546.250347
82,7,2546.250347
82,7,2546.250347
82,7,2546.250347
82,8,2375.918501
82,8,2375.918501
82,8,2375.918501
82,8,2375.918501
82,8,2375.918501
82,8,2375.918501
82,9,2335.071879
82,9,2335.071879
82,9,2335.071879
82,9,2335.071879
82,9,2335.071879
82,9,2335.071879
82,10,2293.339571
82,10,2293.339571
82,10,2293.339571
82,10,2293.339571
82,10,2293.339571
82,10,2293.339571
82,11,2282.851025
82,11,2282.851025
82,11,2282.851025
82,11,2282.851025
82,11,2282.851025
82,11,2282.851025
82,12,2274.356076
82,12,2274.356076
82,12,2274.356076
82,12,2274.356076
82,12,2274.356076
82,12,2274.356076
83,6,2690.395649
83,6,2690.395649
83,6,2690.395649
83,7,2546.250347
83,7,2546.250347
83,7,2546.250347
83,7,2546.250347
83,7,2546.250347
83,7,2546.250347
83,7,2546.250347
83,8,2375.918501
83,8,2375.918501
83,8,2375.918501
83,8,2375.918501
83,8,2375.918501
83,8,2375.918501
83,8,2375.918501
83,9,2335.071879
83,9,2335.071879
83,9,2335.071879
83,9,2335.071879
83,9,2335.071879
83,9,2335.071879
83,9,2335.071879
83,10,2293.339571
83,10,2293.339571
83,10,2293.339571
83,10,2293.339571
83,10,2293.339571
83,10,2293.339571
83,10,2293.339571
83,11,2282.851025
83,11,2282.851025
83,11,2282.851025
83,11,2282.851025
83,11,2282.851025
83,11,2282.851025
83,11,2282.851025
83,12,2274.356076
83,12,2274.356076
83,12,2274.356076
83,12,2274.356076
83,12,2274.356076
83,12,2274.356076
83,12,2274.356076
84,6,2590.698976
84,7,2546.250347
84,7,2546.250347
84,7,2546.250347
84,7,2546.250347
84,7,2546.250347
84,7,2546.250347
84,7,2546.250347
84,7,2546.250347
84,8,2375.918501
84,8,2375.918501
84,8,2375.918501
84,8,2375.918501
84,8,2375.918501
84,8,2375.918501
84,8,2375.918501
84,8,2375.918501
84,9,2335.071879
84,9,2335.071879
84,9,2335.071879
84,9,2335.071879
84,9,2335.071879
84,9,2335.071879
84,9,2335.071879
84,9,2335.071879
84,10,2293.339571
84,10,2293.339571
84,10,2293.339571
84,10,2293.339571
84,10,2293.339571
84,10,2293.339571
84,10,2293.339571
84,10,2293.339571
84,11,2282.851025
84,11,2282.851025
84,11,2282.851025
84,11,2282.851025
84,11,2282.851025
84,11,2282.851025
84,11,2282.851025
84,11,2282.851025
84,12,2274.356076
84,12,2274.356076
84,12,2274.356076
84,12,2274.356076
84,12,2274.356076
84,12,2274.356076
84,12,2274.356076
84,12,2274.356076
85,6,2590.698976
85,6,2590.698976
85,7,2546.250347
85,7,2546.250347
85,7,2546.250347
85,7,2546.250347
85,7,2546.250347
85,7,2546.250347
85,7,2546.250347
85,7,2546.250347
85,7,2546.250347
85,8,2375.918501
85,8,2375.918501
85,8,2375.918501
85,8,2375.918501
85,8,2375.918501
85,8,2375.918501
85,8,2375.918501
85,8,2375.918501
85,8,2375.918501
85,9,2335.071879
85,9,2335.071879
85,9,2335.071879
85,9,2335.071879
85,9,2335.071879
85,9,2335.071879
85,9,2335.071879
85,9,2335.071879
85,9,2335.071879
85,10,2293.339571
85,10,2293.339571
85,10,2293.339571
85,10,2293.339571
85,10,2293.339571
85,10,2293.339571
85,10,2293.339571
85,10,2293.339571
85,10,2293.339571
85,11,2282.851025
85,11,2282.851025
85,11,2282.851025
85,11,2282.851025
85,11,2282.851025
85,11,2282.851025
85,11,2282.851025
85,11,2282.851025
85,11,2282.851025
85,12,2274.356076
85,12,2274.356076
85,12,2274.356076
85,12,2274.356076
85,12,2274.356076
85,12,2274.356076
85,12,2274.356076
85,12,2274.356076
85,12,2274.356076
86,6,2590.698976
86,6,2590.698976
86,6,2590.698976
86,7,2546.250347
86,7,2546.250347
86,7,2546.250347
86,7,2546.250347
86,7,2546.250347
86,7,2546.250347
86,7,2546.250347
86,7,2546.250347
86,7,2546.250347
86,7,2546.250347
86,8,2375.918501
86,8,2375.918501
86,8,2375.918501
86,8,2375.918501
86,8,2375.918501
86,8,2375.918501
86,8,2375.918501
86,8,2375.918501
86,8,2375.918501
86,8,2375.918501
86,9,2335.071879
86,9,2335.071879
86,9,2335.071879
86,9,2335.071879
86,9,2335.071879
86,9,2335.071879
86,9,2335.071879
86,9,2335.071879
86,9,2335.071879
86,9,2335.071879
86,10,2293.339571
86,10,2293.339571
86,10,2293.339571
86,10,2293.339571
86,10,2293.339571
86,10,2293.339571
86,10,2293.339571
86,10,2293.339571
86,10,2293.339571
86,10,2293.339571
86,11,2282.851025
86,11,2282.851025
86,11,2282.851025
86,11,2282.851025
86,11,2282.851025
86,11,2282.851025
86,11,2282.851025
86,11,2282.851025
86,11,2282.851025
86,11,2282.851025
86,12,2274.356076
86,12,2274.356076
86,12,2274.356076
86,12,2274.356076
86,12,2274.356076
86,12,2274.356076
86,12,2274.356076
86,12,2274.356076
86,12,2274.356076
86,12,2274.356076
87,6,2539.484417
87,7,2520.907959
87,8,2367.217402
87,9,2310.759962
87,10,2277.293355
87,11,2276.061487
87,12,2264.154944
88,6,2539.484417
88,6,2539.484417
88,7,2520.907959
88,7,2520.907959
88,8,2367.217402
88,8,2367.217402
88,9,2310.759962
88,9,2310.759962
88,10,2277.293355
88,10,2277.293355
88,11,2276.061487
88,11,2276.061487
88,12,2264.154944
88,12,2264.154944
89,6,2539.484417
89,6,2539.484417
89,6,2539.484417
89,7,2520.907959
89,7,2520.907959
89,7,2520.907959
89,8,2367.217402
89,8,2367.217402
89,8,2367.217402
89,9,2310.759962
89,9,2310.759962
89,9,2310.759962
89,10,2277.293355
89,10,2277.293355
89,10,2277.293355
89,11,2276.061487
89,11,2276.061487
89,11,2276.061487
89,12,2264.154944
89,12,2264.154944
89,12,2264.154944
90,6,2539.484417
90,6,2539.484417
90,6,2539.484417
90,6,2539.484417
90,7,2520.907959
90,7,2520.907959
90,7,2520.907959
90,7,2520.907959
90,8,2367.217402
90,8,2367.217402
90,8,2367.217402
90,8,2367.217402
90,9,2310.759962
90,9,2310.759962
90,9,2310.759962
90,9,2310.759962
90,10,2277.293355
90,10,2277.293355
90,10,2277.293355
90,10,2277.293355
90,11,2276.061487
90,11,2276.061487
90,11,2276.061487
90,11,2276.061487
90,12,2264.154944
90,12,2264.154944
90,12,2264.154944
90,12,2264.154944
91,6,2524.116736
91,7,2497.976228
91,8,2357.258808
91,9,2310.666537
91,10,2277.293355
91,10,2277.293355
91,10,2277.293355
91,10,2277.293355
91,10,2277.293355
91,11,2274.883943
91,12,2262.950486
92,6,2520.993030
92,7,2492.900434
92,8,2357.258808
92,8,2357.258808
92,9,2310.666537
92,9,2310.666537
92,10,2275.189199
92,11,2271.006770
92,12,2261.962842
93,6,2519.322403
93,7,2492.900434
93,7,2492.900434
93,7,2492.900434
93,8,2357.257101
93,9,2297.939201
93,10,2274.859469
93,11,2271.006770
93,11,2271.006770
93,11,2271.006770
93,12,2261.962842
94,6,2519.322403
94,6,2519.322403
94,7,2492.900434
94,7,2492.900434
94,7,2492.900434
94,7,2492.900434
94,7,2492.900434
94,7,2492.900434
94,8,2357.257101
94,8,2357.257101
94,9,2297.939201
94,9,2297.939201
94,10,2274.859469
94,10,2274.859469
94,11,2271.006770
94,11,2271.006770
94,11,2271.006770
94,11,2271.006770
94,11,2271.006770
94,11,2271.006770
94,12,2261.962842
94,12,2261.962842
95,6,2489.663556
95,8,2356.814066
95,9,2290.954846
95,10,2267.250003
95,12,2260.751004
96,6,2489.663556
96,6,2489.663556
96,8,2356.814066
96,8,2356.814066
96,9,2290.954846
96,9,2290.954846
96,10,2267.250003
96,10,2267.250003
96,12,2260.751004
96,12,2260.751004
97,6,2489.663556
97,6,2489.663556
97,6,2489.663556
97,8,2356.814066
97,8,2356.814066
97,8,2356.814066
97,9,2290.954846
97,9,2290.954846
97,9,2290.954846
97,10,2267.250003
97,10,2267.250003
97,10,2267.250003
97,12,2260.751004
97,12,2260.751004
97,12,2260.751004
98,6,2489.663556
98,6,2489.663556
98,6,2489.663556
98,6,2489.663556
98,8,2356.814066
98,8,2356.814066
98,8,2356.814066
98,8,2356.814066
98,9,2290.954846
98,9,2290.954846
98,9,2290.954846
98,9,2290.954846
98,10,2267.250003
98,10,2267.250003
98,10,2267.250003
98,10,2267.250003
98,12,2260.751004
98,12,2260.751004
98,12,2260.751004
98,12,2260.751004
99,6,2471.936299
99,8,2342.034992
99,9,2279.004427
99,10,2267.250003
99,10,2267.250003
99,10,2267.250003
99,10,2267.250003
99,12,2257.937999
100,6,2462.408620
100,8,2340.598561
100,9,2278.963352
100,10,2267.250003
100,10,2267.250003
100,10,2267.250003
100,10,2267.250003
100,10,2267.250003
100,10,2267.250003
100,10,2267.250003
100,10,2267.250003
100,12,2256.560748
101,6,2451.243416
101,8,2332.071012
101,9,2278.963352
101,9,2278.963352
101,9,2278.963352
101,10,2258.294237
101,12,2255.834973
102,6,2451.243416
102,6,2451.243416
102,8,2332.071012
102,8,2332.071012
102,9,2278.963352
102,9,2278.963352
102,9,2278.963352
102,9,2278.963352
102,9,2278.963352
102,9,2278.963352
102,10,2258.294237
102,10,2258.294237
102,12,2255.834973
102,12,2255.834973
103,6,2451.243416
103,6,2451.243416
103,6,2451.243416
103,8,2332.071012
103,8,2332.071012
103,8,2332.071012
103,9,2278.963352
103,9,2278.963352
103,9,2278.963352
103,9,2278.963352
103,9,2278.963352
103,9,2278.963352
103,9,2278.963352
103,9,2278.963352
103,9,2278.963352
103,10,2258.294237
103,10,2258.294237
103,10,2258.294237
103,12,2255.834973
103,12,2255.834973
103,12,2255.834973
104,6,2451.243416
104,6,2451.243416
104,6,2451.243416
104,6,2451.243416
104,8,2332.071012
104,8,2332.071012
104,8,2332.071012
104,8,2332.071012
104,9,2278.963352
104,9,2278.963352
104,9,2278.963352
104,9,2278.963352
104,9,2278.963352
104,9,2278.963352
104,9,2278.963352
104,9,2278.963352
104,9,2278.963352
104,9,2278.963352
104,9,2278.963352
104,9,2278.963352
104,10,2258.294237
104,10,2258.294237
104,10,2258.294237
104,10,2258.294237
104,12,2255.834973
104,12,2255.834973
104,12,2255.834973
104,12,2255.834973
105,6,2439.878160
105,8,2327.595774
105,9,2278.607952
105,10,2254.953344
106,6,2439.878160
106,6,2439.878160
106,8,2327.595774
106,8,2327.595774
106,9,2278.607952
106,9,2278.607952
106,10,2254.953344
106,10,2254.953344
107,6,2439.878160
107,6,2439.878160
107,6,2439.878160
107,8,2327.595774
107,8,2327.595774
107,8,2327.595774
107,9,2278.607952
107,9,2278.607952
107,9,2278.607952
107,10,2254.953344
107,10,2254.953344
107,10,2254.953344
108,6,2439.878160
108,6,2439.878160
108,6,2439.878160
108,6,2439.878160
108,8,2327.595774
108,8,2327.595774
108,8,2327.595774
108,8,2327.595774
108,9,2278.607952
108,9,2278.607952
108,9,2278.607952
108,9,2278.607952
108,10,2254.953344
108,10,2254.953344
108,10,2254.953344
108,10,2254.953344
109,6,2432.060206
109,8,2303.833267
109,9,2271.562461
109,10,2250.250880
110,6,2432.060206
110,6,2432.060206
110,8,2303.833267
110,8,2303.833267
110,9,2271.562461
110,9,2271.562461
110,10,2250.250880
110,10,2250.250880
111,6,2432.060206
111,6,2432.060206
111,6,2432.060206
111,8,2303.833267
111,8,2303.833267
111,8,2303.833267
111,9,2271.562461
111,9,2271.562461
111,9,2271.562461
111,10,2250.250880
111,10,2250.250880
111,10,2250.250880
112,6,2432.060206
112,6,2432.060206
112,6,2432.060206
112,6,2432.060206
112,8,2303.833267
112,8,2303.833267
112,8,2303.833267
112,8,2303.833267
112,9,2271.562461
112,9,2271.562461
112,9,2271.562461
112,9,2271.562461
112,10,2250.250880
112,10,2250.250880
112,10,2250.250880
112,10,2250.250880
113,6,2427.637141
113,8,2298.398588
113,9,2271.562461
113,9,2271.562461
113,9,2271.562461
113,9,2271.562461
113,9,2271.562461
113,10,2249.225763
114,6,2418.676256
114,8,2298.398588
114,8,2298.398588
114,9,2271.562461
114,9,2271.562461
114,9,2271.562461
114,9,2271.562461
114,9,2271.562461
114,9,2271.562461
114,9,2271.562461
114,9,2271.562461
114,9,2271.562461
114,9,2271.562461
114,9,2271.562461
114,10,2247.760461
115,6,2417.346622
115,8,2260.554582
115,10,2247.760461
115,10,2247.760461
116,6,2417.346622
116,6,2417.346622
116,8,2260.554582
116,8,2260.554582
116,10,2247.760461
116,10,2247.760461
116,10,2247.760461
116,10,2247.760461
117,6,2417.346622
117,6,2417.346622
117,6,2417.346622
117,8,2260.554582
117,8,2260.554582
117,8,2260.554582
117,10,2247.760461
117,10,2247.760461
117,10,2247.760461
117,10,2247.760461
117,10,2247.760461
117,10,2247.760461
118,6,2417.346622
118,6,2417.346622
118,6,2417.346622
118,6,2417.346622
118,8,2260.554582
118,8,2260.554582
118,8,2260.554582
118,8,2260.554582
118,10,2247.760461
118,10,2247.760461
118,10,2247.760461
118,10,2247.760461
118,10,2247.760461
118,10,2247.760461
118,10,2247.760461
118,10,2247.760461
119,6,2410.256042
119,8,2259.422774
119,10,2246.945101
120,6,2410.256042
120,6,2410.256042
120,6,2410.256042
120,8,2259.422774
120,8,2259.422774
120,9,2244.592736
121,6,2410.256042
121,6,2410.256042
121,6,2410.256042
121,6,2410.256042
121,6,2410.256042
121,6,2410.256042
121,8,2259.422774
121,8,2259.422774
121,8,2259.422774
121,8,2259.422774
121,9,2244.592736
121,9,2244.592736
122,6,2410.256042
122,6,2410.256042
122,6,2410.256042
122,6,2410.256042
122,6,2410.256042
122,6,2410.256042
122,6,2410.256042
122,6,2410.256042
122,6,2410.256042
122,8,2259.422774
122,8,2259.422774
122,8,2259.422774
122,8,2259.422774
122,8,2259.422774
122,8,2259.422774
122,9,2244.592736
122,9,2244.592736
122,9,2244.592736
123,6,2410.256042
123,6,2410.256042
123,6,2410.256042
123,6,2410.256042
123,6,2410.256042
123,6,2410.256042
123,6,2410.256042
123,6,2410.256042
123,6,2410.256042
123,6,2410.256042
123,6,2410.256042
123,6,2410.256042
123,8,2259.422774
123,8,2259.422774
123,8,2259.422774
123,8,2259.422774
123,8,2259.422774
123,8,2259.422774
123,8,2259.422774
123,8,2259.422774
123,9,2244.592736
123,9,2244.592736
123,9,2244.592736
123,9,2244.592736
124,6,2409.369923
124,8,2258.953625
124,9,2237.088214
125,6,2409.369923
125,6,2409.369923
125,8,2258.953625
125,8,2258.953625
125,9,2237.088214
125,9,2237.088214
126,6,2409.369923
126,6,2409.369923
126,6,2409.369923
126,8,2258.953625
126,8,2258.953625
126,8,2258.953625
126,9,2237.088214
126,9,2237.088214
126,9,2237.088214
127,6,2409.369923
127,6,2409.369923
127,6,2409.369923
127,6,2409.369923
127,8,2258.953625
127,8,2258.953625
127,8,2258.953625
127,8,2258.953625
127,9,2237.088214
127,9,2237.088214
127,9,2237.088214
127,9,2237.088214
128,6,2385.839647
128,8,2234.478406
129,6,2385.839647
129,6,2385.839647
129,8,2234.478406
129,8,2234.478406
130,6,2385.839647
130,6,2385.839647
130,6,2385.839647
130,8,2234.478406
130,8,2234.478406
130,8,2234.478406
131,6,2385.839647
131,6,2385.839647
131,6,2385.839647
131,6,2385.839647
131,8,2234.478406
131,8,2234.478406
131,8,2234.478406
131,8,2234.478406
132,6,2350.879983
132,8,2233.649866
133,6,2350.879983
133,6,2350.879983
133,7,2264.294574
133,8,2233.649866
133,8,2233.649866
134,6,2350.879983
134,6,2350.879983
134,6,2350.879983
134,7,2264.294574
134,7,2264.294574
134,8,2233.649866
134,8,2233.649866
134,8,2233.649866
135,6,2350.879983
135,6,2350.879983
135,6,2350.879983
135,6,2350.879983
135,7,2264.294574
135,7,2264.294574
135,7,2264.294574
135,8,2233.649866
135,8,2233.649866
135,8,2233.649866
135,8,2233.649866
136,6,2344.235867
136,7,2263.231514
136,8,2233.649866
136,8,2233.649866
136,8,2233.649866
137,6,2344.112262
137,7,2261.196039
137,8,2233.649866
137,8,2233.649866
137,8,2233.649866
137,8,2233.649866
137,8,2233.649866
138,6,2312.773780
138,7,2261.026030
138,8,2233.649866
138,8,2233.649866
138,8,2233.649866
138,8,2233.649866
138,8,2233.649866
138,8,2233.649866
138,8,2233.649866
138,8,2233.649866
138,8,2233.649866
139,6,2312.773780
139,6,2312.773780
139,7,2261.026030
139,7,2261.026030
139,8,2233.649866
139,8,2233.649866
139,8,2233.649866
139,8,2233.649866
139,8,2233.649866
139,8,2233.649866
139,8,2233.649866
139,8,2233.649866
139,8,2233.649866
139,8,2233.649866
139,8,2233.649866
139,8,2233.649866
139,8,2233.649866
139,8,2233.649866
139,8,2233.649866
139,8,2233.649866
139,8,2233.649866
139,8,2233.649866
140,6,2312.773780
140,6,2312.773780
140,6,2312.773780
140,7,2261.026030
140,7,2261.026030
140,7,2261.026030
140,8,2233.649866
140,8,2233.649866
140,8,2233.649866
140,8,2233.649866
140,8,2233.649866
140,8,2233.649866
140,8,2233.649866
140,8,2233.649866
140,8,2233.649866
140,8,2233.649866
140,8,2233.649866
140,8,2233.649866
140,8,2233.649866
140,8,2233.649866
140,8,2233.649866
140,8,2233.649866
140,8,2233.649866
140,8,2233.649866
140,8,2233.649866
140,8,2233.649866
140,8,2233.649866
140,8,2233.649866
140,8,2233.649866
140,8,2233.649866
140,8,2233.649866
140,8,2233.649866
140,8,2233.649866
141,6,2312.773780
141,6,2312.773780
141,6,2312.773780
141,6,2312.773780
141,7,2261.026030
141,7,2261.026030
141,7,2261.026030
141,7,2261.026030
141,8,2233.649866
141,8,2233.649866
141,8,2233.649866
141,8,2233.649866
141,8,2233.649866
141,8,2233.649866
141,8,2233.649866
141,8,2233.649866
141,8,2233.649866
141,8,2233.649866
141,8,2233.649866
141,8,2233.649866
141,8,2233.649866
141,8,2233.649866
141,8,2233.649866
141,8,2233.649866
141,8,2233.649866
141,8,2233.649866
141,8,2233.649866
141,8,2233.649866
141,8,2233.649866
141,8,2233.649866
141,8,2233.649866
141,8,2233.649866
141,8,2233.649866
141,8,2233.649866
141,8,2233.649866
141,8,2233.649866
141,8,2233.649866
141,8,2233.649866
141,8,2233.649866
141,8,2233.649866
141,8,2233.649866
141,8,2233.649866
141,8,2233.649866
141,8,2233.649866
142,6,2312.773780
142,6,2312.773780
142,6,2312.773780
142,6,2312.773780
142,6,2312.773780
142,7,2248.991837
142,8,2233.649866
142,8,2233.649866
142,8,2233.649866
142,8,2233.649866
142,8,2233.649866
142,8,2233.649866
142,8,2233.649866
142,8,2233.649866
142,8,2233.649866
142,8,2233.649866
142,8,2233.649866
142,8,2233.649866
142,8,2233.649866
142,8,2233.649866
142,8,2233.649866
142,8,2233.649866
142,8,2233.649866
142,8,2233.649866
142,8,2233.649866
142,8,2233.649866
142,8,2233.649866
142,8,2233.649866
142,8,2233.649866
142,8,2233.649866
142,8,2233.649866
142,8,2233.649866
142,8,2233.649866
142,8,2233.649866
142,8,2233.649866
142,8,2233.649866
142,8,2233.649866
142,8,2233.649866
142,8,2233.649866
142,8,2233.649866
142,8,2233.649866
142,8,2233.649866
142,8,2233.649866
142,8,2233.649866
142,8,2233.649866
142,8,2233.649866
142,8,2233.649866
142,8,2233.649866
142,8,2233.649866
142,8,2233.649866
142,8,2233.649866
143,6,2312.773780
143,6,2312.773780
143,6,2312.773780
143,6,2312.773780
143,6,2312.773780
143,6,2312.773780
143,7,2248.991837
143,7,2248.991837
143,8,2233.649866
143,8,2233.649866
143,8,2233.649866
143,8,2233.649866
143,8,2233.649866
143,8,2233.649866
143,8,2233.649866
143,8,2233.649866
143,8,2233.649866
143,8,2233.649866
143,8,2233.649866
143,8,2233.649866
143,8,2233.649866
143,8,2233.649866
143,8,2233.649866
143,8,2233.649866
143,8,2233.649866
143,8,2233.649866
143,8,2233.649866
143,8,2233.649866
143,8,2233.649866
143,8,2233.649866
143,8,2233.649866
143,8,2233.649866
143,8,2233.649866
143,8,2233.649866
143,8,2233.649866
143,8,2233.649866
143,8,2233.649866
143,8,2233.649866
143,8,2233.649866
143,8,2233.649866
143,8,2233.649866
143,8,2233.649866
143,8,2233.649866
143,8,2233.649866
143,8,2233.649866
143,8,2233.649866
143,8,2233.649866
143,8,2233.649866
143,8,2233.649866
143,8,2233.649866
143,8,2233.649866
143,8,2233.649866
143,8,2233.649866
143,8,2233.649866
143,8,2233.649866
143,8,2233.649866
143,8,2233.649866
143,8,2233.649866
143,8,2233.649866
143,8,2233.649866
143,8,2233.649866
143,8,2233.649866
144,6,2312.773780
144,6,2312.773780
144,6,2312.773780
144,6,2312.773780
144,6,2312.773780
144,6,2312.773780
144,6,2312.773780
144,7,2248.991837
144,7,2248.991837
144,7,2248.991837
144,8,2233.649866
144,8,2233.649866
144,8,2233.649866
144,8,2233.649866
144,8,2233.649866
144,8,2233.649866
144,8,2233.649866
144,8,2233.649866
144,8,2233.649866
144,8,2233.649866
144,8,2233.649866
144,8,2233.649866
144,8,2233.649866
144,8,2233.649866
144,8,2233.649866
144,8,2233.649866
144,8,2233.649866
144,8,2233.649866
144,8,2233.649866
144,8,2233.649866
144,8,2233.649866
144,8,2233.649866
144,8,2233.649866
144,8,2233.649866
144,8,2233.649866
144,8,2233.649866
144,8,2233.649866
144,8,2233.649866
144,8,2233.649866
144,8,2233.649866
144,8,2233.649866
144,8,2233.649866
144,8,2233.649866
144,8,2233.649866
144,8,2233.649866
144,8,2233.649866
144,8,2233.649866
144,8,2233.649866
144,8,2233.649866
144,8,2233.649866
144,8,2233.649866
144,8,2233.649866
144,8,2233.649866
144,8,2233.649866
144,8,2233.649866
144,8,2233.649866
144,8,2233.649866
144,8,2233.649866
144,8,2233.649866
144,8,2233.649866
144,8,2233.649866
144,8,2233.649866
144,8,2233.649866
144,8,2233.649866
144,8,2233.649866
144,8,2233.649866
144,8,2233.649866
144,8,2233.649866
144,8,2233.649866
144,8,2233.649866
144,8,2233.649866
144,8,2233.649866
144,8,2233.649866
145,6,2301.471418
145,7,2247.656519
145,8,2232.442931
146,6,2301.471418
146,6,2301.471418
146,7,2247.656519
146,7,2247.656519
146,8,2232.442931
146,8,2232.442931
147,6,2301.471418
147,6,2301.471418
147,6,2301.471418
147,7,2247.656519
147,7,2247.656519
147,7,2247.656519
147,8,2232.442931
147,8,2232.442931
147,8,2232.442931
148,6,2300.343953
148,7,2239.079469
148,8,2231.370443
149,6,2300.343953
149,6,2300.343953
149,7,2239.079469
149,7,2239.079469
149,8,2231.370443
149,8,2231.370443
150,6,2300.343953
150,6,2300.343953
150,6,2300.343953
150,7,2239.079469
150,7,2239.079469
150,7,2239.079469
150,8,2231.370443
150,8,2231.370443
150,8,2231.370443
151,6,2300.343953
151,6,2300.343953
151,6,2300.343953
151,6,2300.343953
151,7,2239.079469
151,7,2239.079469
151,7,2239.079469
151,7,2239.079469
151,8,2231.370443
151,8,2231.370443
151,8,2231.370443
151,8,2231.370443
152,6,2298.321475
152,7,2237.408451
152,8,2221.463227
153,6,2298.321475
153,6,2298.321475
153,7,2237.408451
153,7,2237.408451
153,8,2221.463227
153,8,2221.463227
154,6,2298.321475
154,6,2298.321475
154,6,2298.321475
154,7,2237.408451
154,7,2237.408451
154,7,2237.408451
154,8,2221.463227
154,8,2221.463227
154,8,2221.463227
155,6,2298.321475
155,6,2298.321475
155,6,2298.321475
155,6,2298.321475
155,7,2237.408451
155,7,2237.408451
155,7,2237.408451
155,7,2237.408451
155,8,2221.463227
155,8,2221.463227
155,8,2221.463227
155,8,2221.463227
156,6,2298.321475
156,6,2298.321475
156,6,2298.321475
156,6,2298.321475
156,7,2236.974127
156,8,2219.161366
157,6,2282.685297
157,7,2236.974127
157,8,2219.062648
158,6,2282.685297
158,6,2282.685297
158,7,2236.974127
158,7,2236.974127
158,8,2219.062648
158,8,2219.062648
159,6,2282.685297
159,6,2282.685297
159,6,2282.685297
159,7,2236.974127
159,7,2236.974127
159,7,2236.974127
159,8,2219.062648
159,8,2219.062648
159,8,2219.062648
160,6,2282.685297
160,6,2282.685297
160,6,2282.685297
160,6,2282.685297
160,7,2236.974127
160,7,2236.974127
160,7,2236.974127
160,7,2236.974127
160,8,2219.062648
160,8,2219.062648
160,8,2219.062648
160,8,2219.062648
161,6,2280.058549
161,7,2236.974127
161,7,2236.974127
161,7,2236.974127
161,8,2218.724388
162,6,2280.058549
162,7,2236.769278
162,8,2218.639569
163,6,2272.485487
163,7,2236.101312
163,8,2216.306912
164,6,2272.485487
164,6,2272.485487
164,7,2236.101312
164,7,2236.101312
164,8,2216.306912
164,8,2216.306912
165,6,2272.485487
165,6,2272.485487
165,6,2272.485487
165,7,2236.101312
165,7,2236.101312
165,7,2236.101312
165,8,2216.306912
165,8,2216.306912
165,8,2216.306912
166,6,2272.485487
166,6,2272.485487
166,6,2272.485487
166,6,2272.485487
166,7,2236.101312
166,7,2236.101312
166,7,2236.101312
166,7,2236.101312
166,8,2216.306912
166,8,2216.306912
166,8,2216.306912
166,8,2216.306912
167,6,2269.934344
167,7,2236.101312
167,7,2236.101312
167,8,2216.298006
168,6,2269.934344
168,6,2269.934344
168,7,2234.604395
168,8,2214.531384
169,6,2269.450021
169,7,2233.834443
169,8,2214.531384
169,8,2214.531384
170,6,2269.450021
170,6,2269.450021
170,7,2233.805761
170,8,2214.531384
170,8,2214.531384
170,8,2214.531384
170,8,2214.531384
170,8,2214.531384
170,8,2214.531384
171,6,2268.480399
171,7,2233.698136
171,8,2214.531384
171,8,2214.531384
171,8,2214.531384
171,8,2214.531384
171,8,2214.531384
171,8,2214.531384
171,8,2214.531384
171,8,2214.531384
171,8,2214.531384
171,8,2214.531384
172,6,2268.480399
172,6,2268.480399
172,7,2233.698136
172,8,2214.235736
173,6,2268.011618
173,7,2233.391609
173,8,2214.235736
173,8,2214.235736
174,6,2264.826776
174,7,2233.080188
174,8,2210.974596
175,6,2264.826776
175,6,2264.826776
175,7,2233.080188
175,7,2233.080188
175,8,2210.974596
175,8,2210.974596
176,6,2264.826776
176,6,2264.826776
176,6,2264.826776
176,7,2233.080188
176,7,2233.080188
176,7,2233.080188
176,8,2210.974596
176,8,2210.974596
176,8,2210.974596
177,6,2264.826776
177,6,2264.826776
177,6,2264.826776
177,6,2264.826776
177,7,2233.080188
177,7,2233.080188
177,7,2233.080188
177,7,2233.080188
177,8,2210.974596
177,8,2210.974596
177,8,2210.974596
177,8,2210.974596
178,6,2264.034822
178,7,2233.080188
178,7,2233.080188
178,7,2233.080188
178,8,2209.819311
179,6,2264.034822
179,6,2264.034822
179,7,2233.080188
179,7,2233.080188
179,7,2233.080188
179,7,2233.080188
179,7,2233.080188
179,8,2209.819311
179,8,2209.819311
179,8,2209.819311
180,6,2253.230544
180,7,2233.080188
180,7,2233.080188
180,7,2233.080188
180,7,2233.080188
180,7,2233.080188
180,7,2233.080188
180,7,2233.080188
180,8,2209.819311
180,8,2209.819311
180,8,2209.819311
180,8,2209.819311
180,8,2209.819311
180,8,2209.819311
180,8,2209.819311
180,8,2209.819311
180,8,2209.819311
181,6,2253.230544
181,6,2253.230544
181,7,2233.080188
181,7,2233.080188
181,7,2233.080188
181,7,2233.080188
181,7,2233.080188
181,7,2233.080188
181,7,2233.080188
181,7,2233.080188
181,7,2233.080188
181,7,2233.080188
181,7,2233.080188
181,7,2233.080188
181,7,2233.080188
181,7,2233.080188
181,8,2209.819311
181,8,2209.819311
181,8,2209.819311
181,8,2209.819311
181,8,2209.819311
181,8,2209.819311
181,8,2209.819311
181,8,2209.819311
181,8,2209.819311
181,8,2209.819311
181,8,2209.819311
181,8,2209.819311
181,8,2209.819311
181,8,2209.819311
181,8,2209.819311
181,8,2209.819311
181,8,2209.819311
181,8,2209.819311
182,6,2253.230544
182,6,2253.230544
182,6,2253.230544
182,7,2233.080188
182,7,2233.080188
182,7,2233.080188
182,7,2233.080188
182,7,2233.080188
182,7,2233.080188
182,7,2233.080188
182,7,2233.080188
182,7,2233.080188
182,7,2233.080188
182,7,2233.080188
182,7,2233.080188
182,7,2233.080188
182,7,2233.080188
182,7,2233.080188
182,7,2233.080188
182,7,2233.080188
182,7,2233.080188
182,7,2233.080188
182,7,2233.080188
182,7,2233.080188
182,8,2209.819311
182,8,2209.819311
182,8,2209.819311
182,8,2209.819311
182,8,2209.819311
182,8,2209.819311
182,8,2209.819311
182,8,2209.819311
182,8,2209.819311
182,8,2209.819311
182,8,2209.819311
182,8,2209.819311
182,8,2209.819311
182,8,2209.819311
182,8,2209.819311
182,8,2209.819311
182,8,2209.819311
182,8,2209.819311
182,8,2209.819311
182,8,2209.819311
182,8,2209.819311
182,8,2209.819311
182,8,2209.819311
182,8,2209.819311
182,8,2209.819311
182,8,2209.819311
182,8,2209.819311
183,6,2253.230544
183,6,2253.230544
183,6,2253.230544
183,6,2253.230544
183,7,2228.122907
183,8,2209.819311
183,8,2209.819311
183,8,2209.819311
183,8,2209.819311
183,8,2209.819311
183,8,2209.819311
183,8,2209.819311
183,8,2209.819311
183,8,2209.819311
183,8,2209.819311
183,8,2209.819311
183,8,2209.819311
183,8,2209.819311
183,8,2209.819311
183,8,2209.819311
183,8,2209.819311
183,8,2209.819311
183,8,2209.819311
183,8,2209.819311
183,8,2209.819311
183,8,2209.819311
183,8,2209.819311
183,8,2209.819311
183,8,2209.819311
183,8,2209.819311
183,8,2209.819311
183,8,2209.819311
183,8,2209.819311
183,8,2209.819311
183,8,2209.819311
183,8,2209.819311
183,8,2209.819311
183,8,2209.819311
183,8,2209.819311
183,8,2209.819311
183,8,2209.819311
184,6,2253.230544
184,6,2253.230544
184,6,2253.230544
184,6,2253.230544
184,6,2253.230544
184,7,2228.122907
184,7,2228.122907
184,8,2209.819311
184,8,2209.819311
184,8,2209.819311
184,8,2209.819311
184,8,2209.819311
184,8,2209.819311
184,8,2209.819311
184,8,2209.819311
184,8,2209.819311
184,8,2209.819311
184,8,2209.819311
184,8,2209.819311
184,8,2209.819311
184,8,2209.819311
184,8,2209.819311
184,8,2209.819311
184,8,2209.819311
184,8,2209.819311
184,8,2209.819311
184,8,2209.819311
184,8,2209.819311
184,8,2209.819311
184,8,2209.819311
184,8,2209.819311
184,8,2209.819311
184,8,2209.819311
184,8,2209.819311
184,8,2209.819311
184,8,2209.819311
184,8,2209.819311
184,8,2209.819311
184,8,2209.819311
184,8,2209.819311
184,8,2209.819311
184,8,2209.819311
184,8,2209.819311
184,8,2209.819311
184,8,2209.819311
184,8,2209.819311
184,8,2209.819311
184,8,2209.819311
184,8,2209.819311
184,8,2209.819311
184,8,2209.819311
184,8,2209.819311
185,6,2253.230544
185,6,2253.230544
185,6,2253.230544
185,6,2253.230544
185,6,2253.230544
185,6,2253.230544
185,7,2228.122907
185,7,2228.122907
185,7,2228.122907
185,8,2209.819311
185,8,2209.819311
185,8,2209.819311
185,8,2209.819311
185,8,2209.819311
185,8,2209.819311
185,8,2209.819311
185,8,2209.819311
185,8,2209.819311
185,8,2209.819311
185,8,2209.819311
185,8,2209.819311
185,8,2209.819311
185,8,2209.819311
185,8,2209.819311
185,8,2209.819311
185,8,2209.819311
185,8,2209.819311
185,8,2209.819311
185,8,2209.819311
185,8,2209.819311
185,8,2209.819311
185,8,2209.819311
185,8,2209.819311
185,8,2209.819311
185,8,2209.819311
185,8,2209.819311
185,8,2209.819311
185,8,2209.819311
185,8,2209.819311
185,8,2209.819311
185,8,2209.819311
185,8,2209.819311
185,8,2209.819311
185,8,2209.819311
185,8,2209.819311
185,8,2209.819311
185,8,2209.819311
185,8,2209.819311
185,8,2209.819311
185,8,2209.819311
185,8,2209.819311
185,8,2209.819311
185,8,2209.819311
185,8,2209.819311
185,8,2209.819311
185,8,2209.819311
185,8,2209.819311
185,8,2209.819311
185,8,2209.819311
185,8,2209.819311
185,8,2209.819311
185,8,2209.819311
185,8,2209.819311
186,6,2251.266760
186,7,2228.068770
186,8,2205.426850
187,6,2251.266760
187,6,2251.266760
187,7,2228.068770
187,7,2228.068770
187,8,2205.426850
187,8,2205.426850
188,6,2251.266760
188,6,2251.266760
188,6,2251.266760
188,7,2228.068770
188,7,2228.068770
188,7,2228.068770
188,8,2205.426850
188,8,2205.426850
188,8,2205.426850
189,6,2251.266760
189,6,2251.266760
189,6,2251.266760
189,6,2251.266760
189,7,2214.804507
189,8,2205.426850
189,8,2205.426850
189,8,2205.426850
189,8,2205.426850
190,6,2251.266760
190,6,2251.266760
190,6,2251.266760
190,6,2251.266760
190,6,2251.266760
190,7,2214.804507
190,7,2214.804507
190,8,2205.426850
190,8,2205.426850
190,8,2205.426850
190,8,2205.426850
190,8,2205.426850
191,6,2251.266760
191,6,2251.266760
191,6,2251.266760
191,6,2251.266760
191,6,2251.266760
191,6,2251.266760
191,7,2214.804507
191,7,2214.804507
191,7,2214.804507
191,8,2205.426850
191,8,2205.426850
191,8,2205.426850
191,8,2205.426850
191,8,2205.426850
191,8,2205.426850
192,6,2251.124984
192,7,2214.426166
192,8,2205.426850
192,8,2205.426850
192,8,2205.426850
193,6,2251.124984
193,6,2251.124984
193,7,2214.426166
193,8,2205.426850
193,8,2205.426850
193,8,2205.426850
193,8,2205.426850
193,8,2205.426850
193,8,2205.426850
193,8,2205.426850
193,8,2205.426850
194,6,2239.784681
194,7,2210.098305
194,8,2205.426850
194,8,2205.426850
194,8,2205.426850
194,8,2205.426850
194,8,2205.426850
194,8,2205.426850
194,8,2205.426850
194,8,2205.426850
194,8,2205.426850
194,8,2205.426850
194,8,2205.426850
194,8,2205.426850
194,8,2205.426850
194,8,2205.426850
194,8,2205.426850
194,8,2205.426850
194,8,2205.426850
194,8,2205.426850
194,8,2205.426850
195,6,2239.784681
195,6,2239.784681
195,7,2210.098305
195,7,2210.098305
195,8,2205.426850
195,8,2205.426850
195,8,2205.426850
195,8,2205.426850
195,8,2205.426850
195,8,2205.426850
195,8,2205.426850
195,8,2205.426850
195,8,2205.426850
195,8,2205.426850
195,8,2205.426850
195,8,2205.426850
195,8,2205.426850
195,8,2205.426850
195,8,2205.426850
195,8,2205.426850
195,8,2205.426850
195,8,2205.426850
195,8,2205.426850
195,8,2205.426850
195,8,2205.426850
195,8,2205.426850
195,8,2205.426850
195,8,2205.426850
195,8,2205.426850
195,8,2205.426850
195,8,2205.426850
195,8,2205.426850
195,8,2205.426850
195,8,2205.426850
195,8,2205.426850
195,8,2205.426850
195,8,2205.426850
195,8,2205.426850
195,8,2205.426850
195,8,2205.426850
195,8,2205.426850
195,8,2205.426850
196,6,2239.784681
196,6,2239.784681
196,6,2239.784681
196,7,2210.098305
196,7,2210.098305
196,7,2210.098305
196,8,2205.426850
196,8,2205.426850
196,8,2205.426850
196,8,2205.426850
196,8,2205.426850
196,8,2205.426850
196,8,2205.426850
196,8,2205.426850
196,8,2205.426850
196,8,2205.426850
196,8,2205.426850
196,8,2205.426850
196,8,2205.426850
196,8,2205.426850
196,8,2205.426850
196,8,2205.426850
196,8,2205.426850
196,8,2205.426850
196,8,2205.426850
196,8,2205.426850
196,8,2205.426850
196,8,2205.426850
196,8,2205.426850
196,8,2205.426850
196,8,2205.426850
196,8,2205.426850
196,8,2205.426850
196,8,2205.426850
196,8,2205.426850
196,8,2205.426850
196,8,2205.426850
196,8,2205.426850
196,8,2205.426850
196,8,2205.426850
196,8,2205.426850
196,8,2205.426850
196,8,2205.426850
196,8,2205.426850
196,8,2205.426850
196,8,2205.426850
196,8,2205.426850
196,8,2205.426850
196,8,2205.426850
196,8,2205.426850
196,8,2205.426850
196,8,2205.426850
196,8,2205.426850
196,8,2205.426850
196,8,2205.426850
196,8,2205.426850
196,8,2205.426850
196,8,2205.426850
196,8,2205.426850
196,8,2205.426850
196,8,2205.426850
196,8,2205.426850
196,8,2205.426850
197,6,2239.784681
197,6,2239.784681
197,6,2239.784681
197,6,2239.784681
197,7,2210.098305
197,7,2210.098305
197,7,2210.098305
197,7,2210.098305
197,8,2205.426850
197,8,2205.426850
197,8,2205.426850
197,8,2205.426850
197,8,2205.426850
197,8,2205.426850
197,8,2205.426850
197,8,2205.426850
197,8,2205.426850
197,8,2205.426850
197,8,2205.426850
197,8,2205.426850
197,8,2205.426850
197,8,2205.426850
197,8,2205.426850
197,8,2205.426850
197,8,2205.426850
197,8,2205.426850
197,8,2205.426850
197,8,2205.426850
197,8,2205.426850
197,8,2205.426850
197,8,2205.426850
197,8,2205.426850
197,8,2205.426850
197,8,2205.426850
197,8,2205.426850
197,8,2205.426850
197,8,2205.426850
197,8,2205.426850
197,8,2205.426850
197,8,2205.426850
197,8,2205.426850
197,8,2205.426850
197,8,2205.426850
197,8,2205.426850
197,8,2205.426850
197,8,2205.426850
197,8,2205.426850
197,8,2205.426850
197,8,2205.426850
197,8,2205.426850
197,8,2205.426850
197,8,2205.426850
197,8,2205.426850
197,8,2205.426850
197,8,2205.426850
197,8,2205.426850
197,8,2205.426850
197,8,2205.426850
197,8,2205.426850
197,8,2205.426850
197,8,2205.426850
197,8,2205.426850
197,8,2205.426850
197,8,2205.426850
197,8,2205.426850
197,8,2205.426850
197,8,2205.426850
197,8,2205.426850
197,8,2205.426850
197,8,2205.426850
197,8,2205.426850
197,8,2205.426850
197,8,2205.426850
197,8,2205.426850
197,8,2205.426850
197,8,2205.426850
197,8,2205.426850
197,8,2205.426850
197,8,2205.426850
197,8,2205.426850
197,8,2205.426850
197,8,2205.426850
197,8,2205.426850
197,8,2205.426850
198,6,2239.642906
198,7,2210.098305
198,7,2210.098305
198,8,2204.428638
199,6,2239.642906
199,6,2239.642906
199,7,2210.098305
199,7,2210.098305
199,7,2210.098305
199,7,2210.098305
199,8,2204.428638
199,8,2204.428638
200,6,2239.642906
200,6,2239.642906
200,6,2239.642906
200,7,2210.098305
200,7,2210.098305
200,7,2210.098305
200,7,2210.098305
200,7,2210.098305
200,7,2210.098305
200,8,2204.428638
200,8,2204.428638
200,8,2204.428638
201,6,2239.642906
201,6,2239.642906
201,6,2239.642906
201,6,2239.642906
201,7,2210.098305
201,7,2210.098305
201,7,2210.098305
201,7,2210.098305
201,7,2210.098305
201,7,2210.098305
201,7,2210.098305
201,7,2210.098305
201,8,2204.428638
201,8,2204.428638
201,8,2204.428638
201,8,2204.428638
202,6,2239.350913
202,7,2209.643005
202,8,2204.428638
202,8,2204.428638
202,8,2204.428638
203,6,2239.350913
203,6,2239.350913
203,7,2209.643005
203,7,2209.643005
203,8,2204.428638
203,8,2204.428638
203,8,2204.428638
203,8,2204.428638
203,8,2204.428638
203,8,2204.428638
203,8,2204.428638
204,6,2238.337755
204,7,2209.643005
204,7,2209.643005
204,7,2209.643005
204,8,2204.428638
204,8,2204.428638
204,8,2204.428638
204,8,2204.428638
204,8,2204.428638
204,8,2204.428638
204,8,2204.428638
204,8,2204.428638
204,8,2204.428638
204,8,2204.428638
204,8,2204.428638
204,8,2204.428638
205,6,2238.000322
205,7,2206.699550
205,8,2199.288411
206,6,2238.000322
206,6,2238.000322
206,7,2206.699550
206,7,2206.699550
206,8,2199.288411
206,8,2199.288411
207,6,2238.000322
207,6,2238.000322
207,6,2238.000322
207,7,2206.699550
207,7,2206.699550
207,7,2206.699550
207,8,2199.288411
207,8,2199.288411
207,8,2199.288411
208,6,2238.000322
208,6,2238.000322
208,6,2238.000322
208,6,2238.000322
208,7,2206.699550
208,7,2206.699550
208,7,2206.699550
208,7,2206.699550
208,8,2199.288411
208,8,2199.288411
208,8,2199.288411
208,8,2199.288411
209,6,2238.000322
209,6,2238.000322
209,7,2204.341736
209,8,2196.710742
210,6,2238.000322
210,6,2238.000322
210,6,2238.000322
210,6,2238.000322
210,7,2204.302181
210,8,2196.710742
210,8,2196.710742
211,6,2238.000322
211,6,2238.000322
211,6,2238.000322
211,6,2238.000322
211,6,2238.000322
211,6,2238.000322
211,6,2238.000322
211,7,2204.302181
211,8,2196.091928
212,6,2238.000322
212,6,2238.000322
212,6,2238.000322
212,6,2238.000322
212,6,2238.000322
212,6,2238.000322
212,6,2238.000322
212,6,2238.000322
212,6,2238.000322
212,6,2238.000322
212,6,2238.000322
212,6,2238.000322
212,6,2238.000322
212,6,2238.000322
212,7,2204.302181
212,8,2195.889656
212,8,2195.889656
213,6,2237.762660
213,7,2204.302181
213,7,2204.302181
213,7,2204.302181
213,8,2195.889656
213,8,2195.889656
213,8,2195.889656
213,8,2195.889656
214,6,2235.423114
214,7,2204.302181
214,7,2204.302181
214,7,2204.302181
214,7,2204.302181
214,7,2204.302181
214,7,2204.302181
214,8,2195.889656
214,8,2195.889656
214,8,2195.889656
214,8,2195.889656
214,8,2195.889656
214,8,2195.889656
214,8,2195.889656
214,8,2195.889656
214,8,2195.889656
214,8,2195.889656
215,6,2234.880567
215,7,2202.473043
215,8,2195.889656
215,8,2195.889656
215,8,2195.889656
215,8,2195.889656
215,8,2195.889656
215,8,2195.889656
215,8,2195.889656
215,8,2195.889656
215,8,2195.889656
215,8,2195.889656
215,8,2195.889656
215,8,2195.889656
215,8,2195.889656
215,8,2195.889656
215,8,2195.889656
215,8,2195.889656
215,8,2195.889656
215,8,2195.889656
215,8,2195.889656
215,8,2195.889656
216,6,2234.880567
216,6,2234.880567
216,7,2202.473043
216,7,2202.473043
216,8,2195.889656
216,8,2195.889656
216,8,2195.889656
216,8,2195.889656
216,8,2195.889656
216,8,2195.889656
216,8,2195.889656
216,8,2195.889656
216,8,2195.889656
216,8,2195.889656
216,8,2195.889656
216,8,2195.889656
216,8,2195.889656
216,8,2195.889656
216,8,2195.889656
216,8,2195.889656
216,8,2195.889656
216,8,2195.889656
216,8,2195.889656
216,8,2195.889656
216,8,2195.889656
216,8,2195.889656
216,8,2195.889656
216,8,2195.889656
216,8,2195.889656
216,8,2195.889656
216,8,2195.889656
216,8,2195.889656
216,8,2195.889656
216,8,2195.889656
216,8,2195.889656
216,8,2195.889656
216,8,2195.889656
216,8,2195.889656
216,8,2195.889656
216,8,2195.889656
216,8,2195.889656
216,8,2195.889656
216,8,2195.889656
216,8,2195.889656
217,6,2234.880567
217,6,2234.880567
217,6,2234.880567
217,7,2202.473043
217,7,2202.473043
217,7,2202.473043
217,8,2195.889656
217,8,2195.889656
217,8,2195.889656
217,8,2195.889656
217,8,2195.889656
217,8,2195.889656
217,8,2195.889656
217,8,2195.889656
217,8,2195.889656
217,8,2195.889656
217,8,2195.889656
217,8,2195.889656
217,8,2195.889656
217,8,2195.889656
217,8,2195.889656
217,8,2195.889656
217,8,2195.889656
217,8,2195.889656
217,8,2195.889656
217,8,2195.889656
217,8,2195.889656
217,8,2195.889656
217,8,2195.889656
217,8,2195.889656
217,8,2195.889656
217,8,2195.889656
217,8,2195.889656
217,8,2195.889656
217,8,2195.889656
217,8,2195.889656
217,8,2195.889656
217,8,2195.889656
217,8,2195.889656
217,8,2195.889656
217,8,2195.889656
217,8,2195.889656
217,8,2195.889656
217,8,2195.889656
217,8,2195.889656
217,8,2195.889656
217,8,2195.889656
217,8,2195.889656
217,8,2195.889656
217,8,2195.889656
217,8,2195.889656
217,8,2195.889656
217,8,2195.889656
217,8,2195.889656
217,8,2195.889656
217,8,2195.889656
217,8,2195.889656
217,8,2195.889656
217,8,2195.889656
217,8,2195.889656
217,8,2195.889656
217,8,2195.889656
217,8,2195.889656
217,8,2195.889656
217,8,2195.889656
217,8,2195.889656
218,6,2234.880567
218,6,2234.880567
218,6,2234.880567
218,6,2234.880567
218,7,2202.473043
218,7,2202.473043
218,7,2202.473043
218,7,2202.473043
218,8,2195.889656
218,8,2195.889656
218,8,2195.889656
218,8,2195.889656
218,8,2195.889656
218,8,2195.889656
218,8,2195.889656
218,8,2195.889656
218,8,2195.889656
218,8,2195.889656
218,8,2195.889656
218,8,2195.889656
218,8,2195.889656
218,8,2195.889656
218,8,2195.889656
218,8,2195.889656
218,8,2195.889656
218,8,2195.889656
218,8,2195.889656
218,8,2195.889656
218,8,2195.889656
218,8,2195.889656
218,8,2195.889656
218,8,2195.889656
218,8,2195.889656
218,8,2195.889656
218,8,2195.889656
218,8,2195.889656
218,8,2195.889656
218,8,2195.889656
218,8,2195.889656
218,8,2195.889656
218,8,2195.889656
218,8,2195.889656
218,8,2195.889656
218,8,2195.889656
218,8,2195.889656
218,8,2195.889656
218,8,2195.889656
218,8,2195.889656
218,8,2195.889656
218,8,2195.889656
218,8,2195.889656
218,8,2195.889656
218,8,2195.889656
218,8,2195.889656
218,8,2195.889656
218,8,2195.889656
218,8,2195.889656
218,8,2195.889656
218,8,2195.889656
218,8,2195.889656
218,8,2195.889656
218,8,2195.889656
218,8,2195.889656
218,8,2195.889656
218,8,2195.889656
218,8,2195.889656
218,8,2195.889656
218,8,2195.889656
218,8,2195.889656
218,8,2195.889656
218,8,2195.889656
218,8,2195.889656
218,8,2195.889656
218,8,2195.889656
218,8,2195.889656
218,8,2195.889656
218,8,2195.889656
218,8,2195.889656
218,8,2195.889656
218,8,2195.889656
218,8,2195.889656
218,8,2195.889656
218,8,2195.889656
218,8,2195.889656
218,8,2195.889656
218,8,2195.889656
218,8,2195.889656
218,8,2195.889656
219,6,2234.356594
219,7,2202.094702
219,8,2193.311987
220,6,2234.356594
220,6,2234.356594
220,7,2202.094702
220,7,2202.094702
220,8,2193.311987
220,8,2193.311987
221,6,2234.356594
221,6,2234.356594
221,6,2234.356594
221,7,2202.094702
221,7,2202.094702
221,7,2202.094702
221,8,2193.311987
221,8,2193.311987
221,8,2193.311987
222,6,2234.356594
222,6,2234.356594
222,6,2234.356594
222,6,2234.356594
222,7,2202.094702
222,7,2202.094702
222,7,2202.094702
222,7,2202.094702
222,8,2193.311987
222,8,2193.311987
222,8,2193.311987
222,8,2193.311987
223,6,2234.356594
223,6,2234.356594
223,7,2202.079524
223,8,2193.311987
223,8,2193.311987
223,8,2193.311987
223,8,2193.311987
224,6,2234.103192
224,7,2202.079524
224,7,2202.079524
224,8,2192.904165
225,6,2232.736831
225,7,2202.055147
225,7,2202.055147
225,8,2192.904165
225,8,2192.904165
225,8,2192.904165
226,6,2232.736831
226,6,2232.736831
226,7,2202.055147
226,7,2202.055147
226,7,2202.055147
226,7,2202.055147
226,8,2192.891821
227,6,2232.736831
227,6,2232.736831
227,6,2232.736831
227,6,2232.736831
227,7,2202.055147
227,7,2202.055147
227,7,2202.055147
227,7,2202.055147
227,7,2202.055147
227,7,2202.055147
227,7,2202.055147
227,8,2192.879930
228,6,2232.736831
228,6,2232.736831
228,6,2232.736831
228,6,2232.736831
228,6,2232.736831
228,6,2232.736831
228,6,2232.736831
228,6,2232.736831
228,6,2232.736831
228,6,2232.736831
228,7,2202.055147
228,7,2202.055147
228,7,2202.055147
228,7,2202.055147
228,7,2202.055147
228,7,2202.055147
228,7,2202.055147
228,7,2202.055147
228,7,2202.055147
228,7,2202.055147
228,7,2202.055147
228,7,2202.055147
228,7,2202.055147
228,8,2192.879930
228,8,2192.879930
229,6,2232.126631
229,7,2196.238574
229,8,2192.879930
229,8,2192.879930
229,8,2192.879930
229,8,2192.879930
229,8,2192.879930
230,6,2232.126631
230,6,2232.126631
230,7,2196.238574
230,7,2196.238574
230,8,2192.879930
230,8,2192.879930
230,8,2192.879930
230,8,2192.879930
230,8,2192.879930
230,8,2192.879930
230,8,2192.879930
230,8,2192.879930
230,8,2192.879930
230,8,2192.879930
231,6,2232.126631
231,6,2232.126631
231,6,2232.126631
231,7,2196.238574
231,7,2196.238574
231,7,2196.238574
231,8,2192.879930
231,8,2192.879930
231,8,2192.879930
231,8,2192.879930
231,8,2192.879930
231,8,2192.879930
231,8,2192.879930
231,8,2192.879930
231,8,2192.879930
231,8,2192.879930
231,8,2192.879930
231,8,2192.879930
231,8,2192.879930
231,8,2192.879930
231,8,2192.879930
232,6,2232.126631
232,6,2232.126631
232,6,2232.126631
232,6,2232.126631
232,7,2196.238574
232,7,2196.238574
232,7,2196.238574
232,7,2196.238574
232,8,2192.879930
232,8,2192.879930
232,8,2192.879930
232,8,2192.879930
232,8,2192.879930
232,8,2192.879930
232,8,2192.879930
232,8,2192.879930
232,8,2192.879930
232,8,2192.879930
232,8,2192.879930
232,8,2192.879930
232,8,2192.879930
232,8,2192.879930
232,8,2192.879930
232,8,2192.879930
232,8,2192.879930
232,8,2192.879930
232,8,2192.879930
232,8,2192.879930
233,6,2231.721985
233,7,2194.873471
233,8,2190.930708
234,6,2231.721985
234,7,2194.224331
234,8,2190.930708
234,8,2190.930708
234,8,2190.930708
235,6,2231.721985
235,6,2231.721985
235,6,2231.721985
235,7,2192.993592
235,8,2190.930708
235,8,2190.930708
235,8,2190.930708
235,8,2190.930708
235,8,2190.930708
235,8,2190.930708
235,8,2190.930708
235,8,2190.930708
235,8,2190.930708
236,6,2231.721985
236,6,2231.721985
236,6,2231.721985
236,6,2231.721985
236,6,2231.721985
236,6,2231.721985
236,7,2192.993592
236,7,2192.993592
236,8,2190.930708
236,8,2190.930708
236,8,2190.930708
236,8,2190.930708
236,8,2190.930708
236,8,2190.930708
236,8,2190.930708
236,8,2190.930708
236,8,2190.930708
236,8,2190.930708
236,8,2190.930708
236,8,2190.930708
236,8,2190.930708
236,8,2190.930708
236,8,2190.930708
236,8,2190.930708
236,8,2190.930708
236,8,2190.930708
237,6,2231.721985
237,6,2231.721985
237,6,2231.721985
237,6,2231.721985
237,6,2231.721985
237,6,2231.721985
237,6,2231.721985
237,6,2231.721985
237,6,2231.721985
237,7,2192.993592
237,7,2192.993592
237,7,2192.993592
237,8,2190.930708
237,8,2190.930708
237,8,2190.930708
237,8,2190.930708
237,8,2190.930708
237,8,2190.930708
237,8,2190.930708
237,8,2190.930708
237,8,2190.930708
237,8,2190.930708
237,8,2190.930708
237,8,2190.930708
237,8,2190.930708
237,8,2190.930708
237,8,2190.930708
237,8,2190.930708
237,8,2190.930708
237,8,2190.930708
237,8,2190.930708
237,8,2190.930708
237,8,2190.930708
237,8,2190.930708
237,8,2190.930708
237,8,2190.930708
237,8,2190.930708
237,8,2190.930708
237,8,2190.930708
238,6,2231.721985
238,6,2231.721985
238,6,2231.721985
238,6,2231.721985
238,6,2231.721985
238,6,2231.721985
238,6,2231.721985
238,6,2231.721985
238,6,2231.721985
238,6,2231.721985
238,6,2231.721985
238,6,2231.721985
238,7,2192.993592
238,7,2192.993592
238,7,2192.993592
238,7,2192.993592
238,8,2190.930708
238,8,2190.930708
238,8,2190.930708
238,8,2190.930708
238,8,2190.930708
238,8,2190.930708
238,8,2190.930708
238,8,2190.930708
238,8,2190.930708
238,8,2190.930708
238,8,2190.930708
238,8,2190.930708
238,8,2190.930708
238,8,2190.930708
238,8,2190.930708
238,8,2190.930708
238,8,2190.930708
238,8,2190.930708
238,8,2190.930708
238,8,2190.930708
238,8,2190.930708
238,8,2190.930708
238,8,2190.930708
238,8,2190.930708
238,8,2190.930708
238,8,2190.930708
238,8,2190.930708
238,8,2190.930708
238,8,2190.930708
238,8,2190.930708
238,8,2190.930708
238,8,2190.930708
238,8,2190.930708
238,8,2190.930708
238,8,2190.930708
238,8,2190.930708
239,6,2231.721985
239,6,2231.721985
239,6,2231.721985
239,6,2231.721985
239,6,2231.721985
239,6,2231.721985
239,6,2231.721985
239,6,2231.721985
239,6,2231.721985
239,7,2192.328458
239,8,2190.662387
240,6,2231.721985
240,6,2231.721985
240,6,2231.721985
240,6,2231.721985
240,6,2231.721985
240,6,2231.721985
240,6,2231.721985
240,6,2231.721985
240,6,2231.721985
240,6,2231.721985
240,6,2231.721985
240,6,2231.721985
240,6,2231.721985
240,6,2231.721985
240,6,2231.721985
240,6,2231.721985
240,7,2191.965509
240,8,2190.662387
240,8,2190.662387
241,6,2231.721985
241,6,2231.721985
241,6,2231.721985
241,6,2231.721985
241,6,2231.721985
241,6,2231.721985
241,6,2231.721985
241,6,2231.721985
241,6,2231.721985
241,6,2231.721985
241,6,2231.721985
241,6,2231.721985
241,6,2231.721985
241,6,2231.721985
241,6,2231.721985
241,6,2231.721985
241,6,2231.721985
241,6,2231.721985
241,6,2231.721985
241,6,2231.721985
241,6,2231.721985
241,6,2231.721985
241,6,2231.721985
241,6,2231.721985
241,6,2231.721985
241,6,2231.721985
241,6,2231.721985
241,6,2231.721985
241,6,2231.721985
241,6,2231.721985
241,6,2231.721985
241,6,2231.721985
241,7,2191.965509
241,7,2191.965509
241,8,2190.600921
242,6,2231.176616
242,7,2191.381152
242,8,2190.600921
242,8,2190.600921
243,6,2231.176616
243,6,2231.176616
243,7,2191.381152
243,7,2191.381152
243,8,2190.600921
243,8,2190.600921
243,8,2190.600921
243,8,2190.600921
244,6,2231.176616
244,6,2231.176616
244,7,2191.381152
244,7,2191.381152
244,8,2190.588110
245,6,2231.176616
245,6,2231.176616
245,6,2231.176616
245,7,2191.381152
245,7,2191.381152
245,7,2191.381152
245,7,2191.381152
245,8,2190.588110
246,6,2231.176616
246,6,2231.176616
246,6,2231.176616
246,6,2231.176616
246,6,2231.176616
246,6,2231.176616
246,7,2191.381152
246,7,2191.381152
246,7,2191.381152
246,7,2191.381152
246,7,2191.381152
246,8,2190.588110
246,8,2190.588110
247,6,2231.176616
247,6,2231.176616
247,6,2231.176616
247,6,2231.176616
247,6,2231.176616
247,6,2231.176616
247,6,2231.176616
247,6,2231.176616
247,7,2187.677762
248,6,2231.176616
248,6,2231.176616
248,6,2231.176616
248,6,2231.176616
248,6,2231.176616
248,6,2231.176616
248,6,2231.176616
248,6,2231.176616
248,6,2231.176616
248,6,2231.176616
248,6,2231.176616
248,6,2231.176616
248,6,2231.176616
248,6,2231.176616
248,6,2231.176616
248,6,2231.176616
248,7,2187.677762
248,7,2187.677762
249,6,2231.176616
249,6,2231.176616
249,6,2231.176616
249,6,2231.176616
249,6,2231.176616
249,6,2231.176616
249,6,2231.176616
249,6,2231.176616
249,6,2231.176616
249,6,2231.176616
249,6,2231.176616
249,6,2231.176616
249,6,2231.176616
249,6,2231.176616
249,6,2231.176616
249,6,2231.176616
249,6,2231.176616
249,6,2231.176616
249,6,2231.176616
249,6,2231.176616
249,6,2231.176616
249,6,2231.176616
249,6,2231.176616
249,6,2231.176616
249,7,2187.677762
249,7,2187.677762
249,7,2187.677762
250,6,2231.176616
250,6,2231.176616
250,6,2231.176616
250,6,2231.176616
250,6,2231.176616
250,6,2231.176616
250,6,2231.176616
250,6,2231.176616
250,6,2231.176616
250,6,2231.176616
250,6,2231.176616
250,6,2231.176616
250,6,2231.176616
250,6,2231.176616
250,6,2231.176616
250,6,2231.176616
250,6,2231.176616
250,6,2231.176616
250,6,2231.176616
250,6,2231.176616
250,6,2231.176616
250,6,2231.176616
250,6,2231.176616
250,6,2231.176616
250,6,2231.176616
250,6,2231.176616
250,6,2231.176616
250,6,2231.176616
250,6,2231.176616
250,6,2231.176616
250,6,2231.176616
250,6,2231.176616
250,7,2187.677762
250,7,2187.677762
250,7,2187.677762
250,7,2187.677762
251,6,2231.176616
251,6,2231.176616
251,6,2231.176616
251,6,2231.176616
251,6,2231.176616
251,6,2231.176616
251,6,2231.176616
251,6,2231.176616
251,6,2231.176616
251,6,2231.176616
251,6,2231.176616
251,6,2231.176616
251,6,2231.176616
251,6,2231.176616
251,6,2231.176616
251,6,2231.176616
251,6,2231.176616
251,7,2186.860771
252,6,2229.969532
252,7,2186.494215
253,6,2229.969532
253,7,2186.494215
253,7,2186.494215
253,7,2186.494215
254,6,2228.850038
254,7,2186.494215
254,7,2186.494215
254,7,2186.494215
254,7,2186.494215
254,7,2186.494215
254,7,2186.494215
255,6,2227.000704
255,7,2183.590461
256,6,2227.000704
256,6,2227.000704
256,7,2183.590461
256,7,2183.590461
257,6,2227.000704
257,6,2227.000704
257,6,2227.000704
257,7,2183.590461
257,7,2183.590461
257,7,2183.590461
257,7,2183.590461
258,6,2227.000704
258,6,2227.000704
258,6,2227.000704
258,6,2227.000704
258,6,2227.000704
258,6,2227.000704
258,6,2227.000704
258,6,2227.000704
258,7,2182.072454
259,6,2227.000704
259,6,2227.000704
259,6,2227.000704
259,6,2227.000704
259,6,2227.000704
259,6,2227.000704
259,6,2227.000704
259,6,2227.000704
259,6,2227.000704
259,6,2227.000704
259,6,2227.000704
259,6,2227.000704
259,6,2227.000704
259,6,2227.000704
259,7,2182.072454
260,6,2226.641464
260,7,2182.072454
260,7,2182.072454
261,6,2225.583336
261,7,2182.072454
261,7,2182.072454
261,7,2182.072454
261,7,2182.072454
261,7,2182.072454
262,6,2225.583336
262,7,2182.067216
263,6,2225.490376
263,7,2182.067216
263,7,2182.067216
264,6,2225.337599
264,7,2182.067216
264,7,2182.067216
264,7,2182.067216
264,7,2182.067216
264,7,2182.067216
265,6,2225.337599
265,7,2182.067216
265,7,2182.067216
265,7,2182.067216
265,7,2182.067216
265,7,2182.067216
265,7,2182.067216
265,7,2182.067216
265,7,2182.067216
266,6,2224.944971
266,7,2182.067216
266,7,2182.067216
266,7,2182.067216
266,7,2182.067216
266,7,2182.067216
266,7,2182.067216
266,7,2182.067216
266,7,2182.067216
266,7,2182.067216
266,7,2182.067216
266,7,2182.067216
266,7,2182.067216
266,7,2182.067216
266,7,2182.067216
266,7,2182.067216
266,7,2182.067216
267,6,2224.944971
267,6,2224.944971
267,7,2182.009382
268,6,2224.944971
268,6,2224.944971
268,6,2224.944971
268,6,2224.944971
268,7,2182.009382
269,6,2224.944971
269,6,2224.944971
269,6,2224.944971
269,6,2224.944971
269,6,2224.944971
269,6,2224.944971
269,6,2224.944971
269,7,2182.009382
270,6,2224.944971
270,6,2224.944971
270,6,2224.944971
270,6,2224.944971
270,6,2224.944971
270,6,2224.944971
270,6,2224.944971
270,6,2224.944971
270,6,2224.944971
270,6,2224.944971
270,6,2224.944971
270,6,2224.944971
270,7,2181.251684
271,6,2224.944971
271,6,2224.944971
271,6,2224.944971
271,6,2224.944971
271,6,2224.944971
271,6,2224.944971
271,6,2224.944971
271,6,2224.944971
271,6,2224.944971
271,6,2224.944971
271,6,2224.944971
271,6,2224.944971
271,6,2224.944971
271,6,2224.944971
271,6,2224.944971
271,6,2224.944971
271,6,2224.944971
271,6,2224.944971
271,6,2224.944971
271,7,2181.251684
271,7,2181.251684
271,7,2181.251684
272,6,2224.944971
272,6,2224.944971
272,6,2224.944971
272,6,2224.944971
272,6,2224.944971
272,6,2224.944971
272,6,2224.944971
272,6,2224.944971
272,6,2224.944971
272,6,2224.944971
272,6,2224.944971
272,6,2224.944971
272,6,2224.944971
272,6,2224.944971
272,6,2224.944971
272,6,2224.944971
272,6,2224.944971
272,6,2224.944971
272,6,2224.944971
272,6,2224.944971
272,6,2224.944971
272,6,2224.944971
272,6,2224.944971
272,6,2224.944971
272,6,2224.944971
272,6,2224.944971
272,6,2224.944971
272,6,2224.944971
272,6,2224.944971
272,6,2224.944971
272,6,2224.944971
272,6,2224.944971
272,6,2224.944971
272,7,2181.251684
272,7,2181.251684
272,7,2181.251684
272,7,2181.251684
272,7,2181.251684
272,7,2181.251684
273,6,2224.944971
273,6,2224.944971
273,6,2224.944971
273,6,2224.944971
273,6,2224.944971
273,6,2224.944971
273,6,2224.944971
273,6,2224.944971
273,6,2224.944971
273,6,2224.944971
273,6,2224.944971
273,6,2224.944971
273,6,2224.944971
273,6,2224.944971
273,6,2224.944971
273,6,2224.944971
273,6,2224.944971
273,6,2224.944971
273,6,2224.944971
273,6,2224.944971
273,6,2224.944971
273,6,2224.944971
273,6,2224.944971
273,6,2224.944971
273,6,2224.944971
273,6,2224.944971
273,6,2224.944971
273,6,2224.944971
273,6,2224.944971
273,6,2224.944971
273,6,2224.944971
273,6,2224.944971
273,6,2224.944971
273,6,2224.944971
273,6,2224.944971
273,6,2224.944971
273,6,2224.944971
273,6,2224.944971
273,6,2224.944971
273,6,2224.944971
273,6,2224.944971
273,6,2224.944971
273,6,2224.944971
273,6,2224.944971
273,6,2224.944971
273,6,2224.944971
273,6,2224.944971
273,6,2224.944971
273,6,2224.944971
273,6,2224.944971
273,6,2224.944971
273,6,2224.944971
273,6,2224.944971
273,6,2224.944971
273,6,2224.944971
273,6,2224.944971
273,6,2224.944971
273,6,2224.944971
273,6,2224.944971
273,6,2224.944971
273,7,2181.251684
273,7,2181.251684
273,7,2181.251684
273,7,2181.251684
273,7,2181.251684
273,7,2181.251684
273,7,2181.251684
273,7,2181.251684
273,7,2181.251684
273,7,2181.251684
273,7,2181.251684
273,7,2181.251684
273,7,2181.251684
273,7,2181.251684
274,6,2224.944971
274,6,2224.944971
274,6,2224.944971
274,6,2224.944971
274,6,2224.944971
274,6,2224.944971
274,6,2224.944971
274,6,2224.944971
274,6,2224.944971
274,6,2224.944971
274,6,2224.944971
274,6,2224.944971
274,6,2224.944971
274,6,2224.944971
274,6,2224.944971
274,6,2224.944971
274,6,2224.944971
274,6,2224.944971
274,6,2224.944971
274,6,2224.944971
274,6,2224.944971
274,6,2224.944971
274,6,2224.944971
274,6,2224.944971
274,6,2224.944971
274,6,2224.944971
274,6,2224.944971
274,6,2224.944971
274,6,2224.944971
274,6,2224.944971
274,6,2224.944971
274,6,2224.944971
274,6,2224.944971
274,6,2224.944971
274,6,2224.944971
274,6,2224.944971
274,6,2224.944971
274,6,2224.944971
274,6,2224.944971
274,6,2224.944971
274,6,2224.944971
274,6,2224.944971
274,6,2224.944971
274,6,2224.944971
274,6,2224.944971
274,6,2224.944971
274,6,2224.944971
274,6,2224.944971
274,6,2224.944971
274,6,2224.944971
274,6,2224.944971
274,6,2224.944971
274,6,2224.944971
274,6,2224.944971
274,6,2224.944971
274,6,2224.944971
274,6,2224.944971
274,6,2224.944971
274,6,2224.944971
274,6,2224.944971
274,6,2224.944971
274,6,2224.944971
274,6,2224.944971
274,6,2224.944971
274,6,2224.944971
274,6,2224.944971
274,6,2224.944971
274,6,2224.944971
274,6,2224.944971
274,6,2224.944971
274,6,2224.944971
274,6,2224.944971
274,6,2224.944971
274,6,2224.944971
274,6,2224.944971
274,6,2224.944971
274,6,2224.944971
274,6,2224.944971
274,6,2224.944971
274,6,2224.944971
274,6,2224.944971
274,6,2224.944971
274,6,2224.944971
274,6,2224.944971
274,6,2224.944971
274,6,2224.944971
274,6,2224.944971
274,6,2224.944971
274,6,2224.944971
274,6,2224.944971
274,6,2224.944971
274,6,2224.944971
274,6,2224.944971
274,6,2224.944971
274,6,2224.944971
274,6,2224.944971
274,6,2224.944971
274,6,2224.944971
274,6,2224.944971
274,6,2224.944971
274,6,2224.944971
274,6,2224.944971
274,6,2224.944971
274,6,2224.944971
274,6,2224.944971
274,6,2224.944971
274,6,2224.944971
274,6,2224.944971
274,6,2224.944971
274,6,2224.944971
274,6,2224.944971
274,6,2224.944971
274,6,2224.944971
274,6,2224.944971
274,6,2224.944971
274,7,2181.251684
274,7,2181.251684
274,7,2181.251684
274,7,2181.251684
274,7,2181.251684
274,7,2181.251684
274,7,2181.251684
274,7,2181.251684
274,7,2181.251684
274,7,2181.251684
274,7,2181.251684
274,7,2181.251684
274,7,2181.251684
274,7,2181.251684
274,7,2181.251684
274,7,2181.251684
274,7,2181.251684
274,7,2181.251684
274,7,2181.251684
274,7,2181.251684
274,7,2181.251684
274,7,2181.251684
274,7,2181.251684
274,7,2181.251684
274,7,2181.251684
274,7,2181.251684
274,7,2181.251684
274,7,2181.251684
275,6,2224.786147
275,7,2181.251684
275,7,2181.251684
275,7,2181.251684
275,7,2181.251684
275,7,2181.251684
275,7,2181.251684
275,7,2181.251684
275,7,2181.251684
275,7,2181.251684
275,7,2181.251684
275,7,2181.251684
275,7,2181.251684
275,7,2181.251684
275,7,2181.251684
275,7,2181.251684
275,7,2181.251684
275,7,2181.251684
275,7,2181.251684
275,7,2181.251684
275,7,2181.251684
275,7,2181.251684
275,7,2181.251684
275,7,2181.251684
275,7,2181.251684
275,7,2181.251684
275,7,2181.251684
275,7,2181.251684
275,7,2181.251684
275,7,2181.251684
275,7,2181.251684
275,7,2181.251684
275,7,2181.251684
275,7,2181.251684
275,7,2181.251684
275,7,2181.251684
275,7,2181.251684
275,7,2181.251684
275,7,2181.251684
275,7,2181.251684
275,7,2181.251684
275,7,2181.251684
275,7,2181.251684
275,7,2181.251684
275,7,2181.251684
275,7,2181.251684
275,7,2181.251684
275,7,2181.251684
275,7,2181.251684
275,7,2181.251684
275,7,2181.251684
275,7,2181.251684
276,6,2224.786147
276,7,2179.969138
277,6,2224.718284
277,7,2179.969138
278,6,2224.718284
278,6,2224.718284
278,7,2179.969138
279,6,2224.718284
279,6,2224.718284
279,7,2179.969138
280,6,2224.674024
280,7,2179.915094
281,6,2224.674024
281,7,2179.915094
282,6,2224.674024
282,7,2179.915094
282,7,2179.915094
283,6,2224.674024
283,6,2224.674024
283,7,2179.915094
283,7,2179.915094
284,6,2224.674024
284,6,2224.674024
284,7,2179.915094
284,7,2179.915094
284,7,2179.915094
284,7,2179.915094
285,6,2224.674024
285,6,2224.674024
285,6,2224.674024
285,7,2179.915094
285,7,2179.915094
285,7,2179.915094
285,7,2179.915094
285,7,2179.915094
285,7,2179.915094
285,7,2179.915094
285,7,2179.915094
286,6,2224.674024
286,6,2224.674024
286,6,2224.674024
286,6,2224.674024
286,6,2224.674024
286,7,2176.461380
287,6,2224.674024
287,6,2224.674024
287,6,2224.674024
287,6,2224.674024
287,6,2224.674024
287,6,2224.674024
287,6,2224.674024
287,6,2224.674024
287,6,2224.674024
287,7,2176.461380
287,7,2176.461380
288,6,2224.674024
288,6,2224.674024
288,6,2224.674024
288,6,2224.674024
288,6,2224.674024
288,6,2224.674024
288,6,2224.674024
288,6,2224.674024
288,6,2224.674024
288,6,2224.674024
288,6,2224.674024
288,6,2224.674024
288,6,2224.674024
288,6,2224.674024
288,6,2224.674024
288,7,2176.407336
289,6,2224.674024
289,6,2224.674024
289,6,2224.674024
289,6,2224.674024
289,6,2224.674024
289,6,2224.674024
289,6,2224.674024
289,6,2224.674024
289,6,2224.674024
289,6,2224.674024
289,6,2224.674024
289,6,2224.674024
289,6,2224.674024
289,6,2224.674024
289,6,2224.674024
289,6,2224.674024
289,6,2224.674024
289,6,2224.674024
289,6,2224.674024
289,6,2224.674024
289,6,2224.674024
289,6,2224.674024
289,6,2224.674024
289,6,2224.674024
289,6,2224.674024
289,6,2224.674024
289,6,2224.674024
289,6,2224.674024
289,6,2224.674024
289,7,2176.407336
290,6,2224.674024
290,6,2224.674024
290,6,2224.674024
290,6,2224.674024
290,6,2224.674024
290,6,2224.674024
290,6,2224.674024
290,6,2224.674024
290,6,2224.674024
290,6,2224.674024
290,6,2224.674024
290,6,2224.674024
290,6,2224.674024
290,6,2224.674024
290,6,2224.674024
290,6,2224.674024
290,6,2224.674024
290,6,2224.674024
290,6,2224.674024
290,6,2224.674024
290,6,2224.674024
290,6,2224.674024
290,6,2224.674024
290,6,2224.674024
290,6,2224.674024
290,6,2224.674024
290,6,2224.674024
290,6,2224.674024
290,6,2224.674024
290,6,2224.674024
290,6,2224.674024
290,6,2224.674024
290,6,2224.674024
290,6,2224.674024
290,6,2224.674024
290,6,2224.674024
290,6,2224.674024
290,6,2224.674024
290,6,2224.674024
290,6,2224.674024
290,6,2224.674024
290,6,2224.674024
290,6,2224.674024
290,6,2224.674024
290,6,2224.674024
290,6,2224.674024
290,6,2224.674024
290,6,2224.674024
290,6,2224.674024
290,7,2176.407336
290,7,2176.407336
291,6,2224.674024
291,6,2224.674024
291,6,2224.674024
291,6,2224.674024
291,6,2224.674024
291,6,2224.674024
291,6,2224.674024
291,6,2224.674024
291,6,2224.674024
291,6,2224.674024
291,6,2224.674024
291,6,2224.674024
291,6,2224.674024
291,6,2224.674024
291,6,2224.674024
291,6,2224.674024
291,6,2224.674024
291,6,2224.674024
291,6,2224.674024
291,6,2224.674024
291,6,2224.674024
291,6,2224.674024
291,6,2224.674024
291,6,2224.674024
291,6,2224.674024
291,6,2224.674024
291,6,2224.674024
291,6,2224.674024
291,6,2224.674024
291,6,2224.674024
291,6,2224.674024
291,6,2224.674024
291,6,2224.674024
291,6,2224.674024
291,6,2224.674024
291,6,2224.674024
291,6,2224.674024
291,6,2224.674024
291,6,2224.674024
291,6,2224.674024
291,6,2224.674024
291,6,2224.674024
291,6,2224.674024
291,6,2224.674024
291,6,2224.674024
291,6,2224.674024
291,6,2224.674024
291,6,2224.674024
291,6,2224.674024
291,6,2224.674024
291,6,2224.674024
291,6,2224.674024
291,6,2224.674024
291,6,2224.674024
291,6,2224.674024
291,6,2224.674024
291,6,2224.674024
291,6,2224.674024
291,6,2224.674024
291,6,2224.674024
291,6,2224.674024
291,6,2224.674024
291,6,2224.674024
291,6,2224.674024
291,6,2224.674024
291,6,2224.674024
291,6,2224.674024
291,6,2224.674024
291,6,2224.674024
291,6,2224.674024
291,6,2224.674024
291,6,2224.674024
291,6,2224.674024
291,6,2224.674024
291,6,2224.674024
291,6,2224.674024
291,6,2224.674024
291,6,2224.674024
291,6,2224.674024
291,6,2224.674024
291,6,2224.674024
291,6,2224.674024
291,6,2224.674024
291,6,2224.674024
291,6,2224.674024
291,6,2224.674024
291,6,2224.674024
291,6,2224.674024
291,6,2224.674024
291,6,2224.674024
291,6,2224.674024
291,6,2224.674024
291,7,2176.407336
291,7,2176.407336
