Iteration,NV,TOC
1,17,3087.638255
1,18,3042.345471
1,19,2955.567995
1,21,2845.839997
2,17,3087.638255
2,17,3087.638255
2,18,3042.345471
2,18,3042.345471
2,19,2955.567995
2,19,2955.567995
2,21,2845.839997
2,21,2845.839997
3,17,3087.638255
3,17,3087.638255
3,17,3087.638255
3,18,3008.111335
3,19,2955.567995
3,19,2955.567995
3,19,2955.567995
3,21,2845.839997
3,21,2845.839997
3,21,2845.839997
4,17,3087.638255
4,17,3087.638255
4,17,3087.638255
4,17,3087.638255
4,18,3008.111335
4,18,3008.111335
4,19,2955.567995
4,19,2955.567995
4,19,2955.567995
4,19,2955.567995
4,21,2845.839997
4,21,2845.839997
4,21,2845.839997
4,21,2845.839997
4,23,2832.852450
5,17,3087.638255
5,17,3087.638255
5,17,3087.638255
5,17,3087.638255
5,17,3087.638255
5,18,3008.111335
5,18,3008.111335
5,18,3008.111335
5,19,2948.567416
5,21,2845.839997
5,21,2845.839997
5,21,2845.839997
5,21,2845.839997
5,21,2845.839997
5,23,2832.852450
5,23,2832.852450
6,17,3004.584274
6,19,2948.567416
6,19,2948.567416
6,21,2845.537623
6,23,2832.852450
6,23,2832.852450
6,23,2832.852450
7,17,3004.584274
7,17,3004.584274
7,18,2994.276265
7,19,2948.567416
7,19,2948.567416
7,19,2948.567416
7,20,2935.627834
7,21,2845.537623
7,21,2845.537623
7,23,2832.852450
7,23,2832.852450
7,23,2832.852450
7,23,2832.852450
7,25,2831.237357
8,16,3191.627797
8,17,3004.584274
8,17,3004.584274
8,17,3004.584274
8,18,2994.276265
8,18,2994.276265
8,19,2922.112212
8,21,2805.501905
9,16,3191.627797
9,16,3191.627797
9,17,3004.584274
9,17,3004.584274
9,17,3004.584274
9,17,3004.584274
9,18,2994.276265
9,18,2994.276265
9,18,2994.276265
9,19,2922.112212
9,19,2922.112212
9,21,2805.501905
9,21,2805.501905
10,16,3180.510810
10,17,3004.584274
10,17,3004.584274
10,17,3004.584274
10,17,3004.584274
10,17,3004.584274
10,18,2979.352023
10,19,2922.112212
10,19,2922.112212
10,19,2922.112212
10,21,2805.501905
10,21,2805.501905
10,21,2805.501905
11,16,3180.510810
11,16,3180.510810
11,17,3004.584274
11,17,3004.584274
11,17,3004.584274
11,17,3004.584274
11,17,3004.584274
11,17,3004.584274
11,18,2949.373161
11,19,2922.112212
11,19,2922.112212
11,19,2922.112212
11,19,2922.112212
11,21,2805.501905
11,21,2805.501905
11,21,2805.501905
11,21,2805.501905
12,16,3180.510810
12,16,3180.510810
12,16,3180.510810
12,17,3004.584274
12,17,3004.584274
12,17,3004.584274
12,17,3004.584274
12,17,3004.584274
12,17,3004.584274
12,17,3004.584274
12,18,2918.307695
12,21,2805.501905
12,21,2805.501905
12,21,2805.501905
12,21,2805.501905
12,21,2805.501905
13,16,3180.510810
13,16,3180.510810
13,16,3180.510810
13,16,3180.510810
13,17,3004.584274
13,17,3004.584274
13,17,3004.584274
13,17,3004.584274
13,17,3004.584274
13,17,3004.584274
13,17,3004.584274
13,17,3004.584274
13,18,2918.307695
13,18,2918.307695
13,20,2894.927016
13,21,2805.501905
13,21,2805.501905
13,21,2805.501905
13,21,2805.501905
13,21,2805.501905
13,21,2805.501905
14,16,3180.510810
14,16,3180.510810
14,16,3180.510810
14,16,3180.510810
14,16,3180.510810
14,17,3004.584274
14,17,3004.584274
14,17,3004.584274
14,17,3004.584274
14,17,3004.584274
14,17,3004.584274
14,17,3004.584274
14,17,3004.584274
14,17,3004.584274
14,18,2918.307695
14,18,2918.307695
14,18,2918.307695
14,20,2880.117667
14,21,2805.501905
14,21,2805.501905
14,21,2805.501905
14,21,2805.501905
14,21,2805.501905
14,21,2805.501905
14,21,2805.501905
15,15,3389.402145
15,16,3180.510810
15,16,3180.510810
15,16,3180.510810
15,16,3180.510810
15,16,3180.510810
15,16,3180.510810
15,17,3004.584274
15,17,3004.584274
15,17,3004.584274
15,17,3004.584274
15,17,3004.584274
15,17,3004.584274
15,17,3004.584274
15,17,3004.584274
15,17,3004.584274
15,17,3004.584274
15,18,2876.848862
15,20,2869.498396
15,21,2805.501905
15,21,2805.501905
15,21,2805.501905
15,21,2805.501905
15,21,2805.501905
15,21,2805.501905
15,21,2805.501905
15,21,2805.501905
16,15,3389.402145
16,15,3389.402145
16,16,3173.890882
16,17,2944.563296
16,18,2876.848862
16,18,2876.848862
16,20,2854.916565
16,21,2805.501905
16,21,2805.501905
16,21,2805.501905
16,21,2805.501905
16,21,2805.501905
16,21,2805.501905
16,21,2805.501905
16,21,2805.501905
16,21,2805.501905
17,15,3389.402145
17,15,3389.402145
17,15,3389.402145
17,16,3086.596090
17,17,2944.563296
17,17,2944.563296
17,18,2876.848862
17,18,2876.848862
17,18,2876.848862
17,19,2875.475185
17,20,2798.897608
18,15,3389.402145
18,15,3389.402145
18,15,3389.402145
18,15,3389.402145
18,16,3086.596090
18,16,3086.596090
18,17,2944.563296
18,17,2944.563296
18,17,2944.563296
18,18,2876.848862
18,18,2876.848862
18,18,2876.848862
18,18,2876.848862
18,19,2875.475185
18,19,2875.475185
18,20,2798.897608
18,20,2798.897608
18,21,2798.556009
18,24,2792.502444
19,15,3389.402145
19,15,3389.402145
19,15,3389.402145
19,15,3389.402145
19,15,3389.402145
19,16,2950.602214
19,17,2944.563296
19,17,2944.563296
19,17,2944.563296
19,17,2944.563296
19,18,2876.848862
19,18,2876.848862
19,18,2876.848862
19,18,2876.848862
19,18,2876.848862
19,19,2875.475185
19,19,2875.475185
19,19,2875.475185
19,20,2798.897608
19,20,2798.897608
19,20,2798.897608
19,21,2798.556009
19,21,2798.556009
19,24,2792.502444
19,24,2792.502444
20,15,3389.402145
20,15,3389.402145
20,15,3389.402145
20,15,3389.402145
20,15,3389.402145
20,15,3389.402145
20,16,2950.602214
20,16,2950.602214
20,17,2944.563296
20,17,2944.563296
20,17,2944.563296
20,17,2944.563296
20,17,2944.563296
20,18,2876.848862
20,18,2876.848862
20,18,2876.848862
20,18,2876.848862
20,18,2876.848862
20,18,2876.848862
20,19,2875.475185
20,19,2875.475185
20,19,2875.475185
20,19,2875.475185
20,20,2798.897608
20,20,2798.897608
20,20,2798.897608
20,20,2798.897608
20,21,2798.556009
20,21,2798.556009
20,21,2798.556009
20,22,2779.085628
20,23,2777.811547
21,15,3389.402145
21,15,3389.402145
21,15,3389.402145
21,15,3389.402145
21,15,3389.402145
21,15,3389.402145
21,15,3389.402145
21,16,2950.602214
21,16,2950.602214
21,16,2950.602214
21,17,2908.293745
21,18,2866.541971
21,19,2841.648382
21,20,2798.897608
21,20,2798.897608
21,20,2798.897608
21,20,2798.897608
21,20,2798.897608
21,21,2798.556009
21,21,2798.556009
21,21,2798.556009
21,21,2798.556009
21,22,2766.855637
21,23,2762.768632
22,15,3389.402145
22,15,3389.402145
22,15,3389.402145
22,15,3389.402145
22,15,3389.402145
22,15,3389.402145
22,15,3389.402145
22,15,3389.402145
22,16,2950.602214
22,16,2950.602214
22,16,2950.602214
22,16,2950.602214
22,17,2908.293745
22,17,2908.293745
22,18,2866.541971
22,18,2866.541971
22,19,2762.242703
22,22,2733.328255
23,15,3347.821697
23,16,2950.602214
23,16,2950.602214
23,16,2950.602214
23,16,2950.602214
23,16,2950.602214
23,17,2908.293745
23,17,2908.293745
23,17,2908.293745
23,18,2804.797398
23,19,2762.242703
23,19,2762.242703
23,21,2757.179299
23,22,2733.328255
23,22,2733.328255
24,15,3347.821697
24,15,3347.821697
24,16,2950.602214
24,16,2950.602214
24,16,2950.602214
24,16,2950.602214
24,16,2950.602214
24,16,2950.602214
24,17,2908.293745
24,17,2908.293745
24,17,2908.293745
24,17,2908.293745
24,18,2804.797398
24,18,2804.797398
24,19,2762.242703
24,19,2762.242703
24,19,2762.242703
24,21,2755.279108
24,22,2733.328255
24,22,2733.328255
24,22,2733.328255
25,15,3347.821697
25,15,3347.821697
25,15,3347.821697
25,16,2950.602214
25,16,2950.602214
25,16,2950.602214
25,16,2950.602214
25,16,2950.602214
25,16,2950.602214
25,16,2950.602214
25,17,2825.182395
25,18,2804.797398
25,18,2804.797398
25,18,2804.797398
25,19,2710.814970
26,15,3347.821697
26,15,3347.821697
26,15,3347.821697
26,15,3347.821697
26,16,2950.602214
26,16,2950.602214
26,16,2950.602214
26,16,2950.602214
26,16,2950.602214
26,16,2950.602214
26,16,2950.602214
26,16,2950.602214
26,17,2825.182395
26,17,2825.182395
26,18,2804.797398
26,18,2804.797398
26,18,2804.797398
26,18,2804.797398
26,19,2710.814970
26,19,2710.814970
27,15,3347.821697
27,15,3347.821697
27,15,3347.821697
27,15,3347.821697
27,15,3347.821697
27,16,2886.471567
27,17,2825.182395
27,17,2825.182395
27,17,2825.182395
27,18,2804.797398
27,18,2804.797398
27,18,2804.797398
27,18,2804.797398
27,18,2804.797398
27,19,2710.814970
27,19,2710.814970
27,19,2710.814970
28,15,3347.821697
28,15,3347.821697
28,15,3347.821697
28,15,3347.821697
28,15,3347.821697
28,15,3347.821697
28,16,2886.471567
28,16,2886.471567
28,17,2819.640204
28,18,2804.797398
28,18,2804.797398
28,18,2804.797398
28,18,2804.797398
28,18,2804.797398
28,18,2804.797398
28,19,2710.814970
28,19,2710.814970
28,19,2710.814970
28,19,2710.814970
28,21,2709.873686
29,15,3347.821697
29,15,3347.821697
29,15,3347.821697
29,15,3347.821697
29,15,3347.821697
29,15,3347.821697
29,15,3347.821697
29,16,2886.471567
29,16,2886.471567
29,16,2886.471567
29,17,2819.640204
29,17,2819.640204
29,18,2774.274331
29,19,2710.814970
29,19,2710.814970
29,19,2710.814970
29,19,2710.814970
29,19,2710.814970
29,21,2709.873686
29,21,2709.873686
29,23,2682.159606
30,15,3347.821697
30,15,3347.821697
30,15,3347.821697
30,15,3347.821697
30,15,3347.821697
30,15,3347.821697
30,15,3347.821697
30,15,3347.821697
30,16,2886.471567
30,16,2886.471567
30,16,2886.471567
30,16,2886.471567
30,17,2819.640204
30,17,2819.640204
30,17,2819.640204
30,18,2757.727697
30,19,2710.814970
30,19,2710.814970
30,19,2710.814970
30,19,2710.814970
30,19,2710.814970
30,19,2710.814970
30,21,2709.873686
30,21,2709.873686
30,21,2709.873686
30,23,2682.159606
30,23,2682.159606
31,15,3347.821697
31,15,3347.821697
31,15,3347.821697
31,15,3347.821697
31,15,3347.821697
31,15,3347.821697
31,15,3347.821697
31,15,3347.821697
31,15,3347.821697
31,16,2886.471567
31,16,2886.471567
31,16,2886.471567
31,16,2886.471567
31,16,2886.471567
31,17,2819.640204
31,17,2819.640204
31,17,2819.640204
31,17,2819.640204
31,18,2757.727697
31,18,2757.727697
31,19,2710.814970
31,19,2710.814970
31,19,2710.814970
31,19,2710.814970
31,19,2710.814970
31,19,2710.814970
31,19,2710.814970
31,20,2685.110098
31,23,2682.159606
31,23,2682.159606
31,23,2682.159606
32,15,3347.821697
32,15,3347.821697
32,15,3347.821697
32,15,3347.821697
32,15,3347.821697
32,15,3347.821697
32,15,3347.821697
32,15,3347.821697
32,15,3347.821697
32,15,3347.821697
32,16,2886.471567
32,16,2886.471567
32,16,2886.471567
32,16,2886.471567
32,16,2886.471567
32,16,2886.471567
32,17,2819.640204
32,17,2819.640204
32,17,2819.640204
32,17,2819.640204
32,17,2819.640204
32,18,2757.727697
32,18,2757.727697
32,18,2757.727697
32,19,2710.814970
32,19,2710.814970
32,19,2710.814970
32,19,2710.814970
32,19,2710.814970
32,19,2710.814970
32,19,2710.814970
32,19,2710.814970
32,20,2685.110098
32,20,2685.110098
32,23,2682.159606
32,23,2682.159606
32,23,2682.159606
32,23,2682.159606
33,15,3184.047738
33,16,2856.525514
33,17,2819.640204
33,17,2819.640204
33,17,2819.640204
33,17,2819.640204
33,17,2819.640204
33,17,2819.640204
33,18,2757.727697
33,18,2757.727697
33,18,2757.727697
33,18,2757.727697
33,19,2710.814970
33,19,2710.814970
33,19,2710.814970
33,19,2710.814970
33,19,2710.814970
33,19,2710.814970
33,19,2710.814970
33,19,2710.814970
33,19,2710.814970
33,20,2685.110098
33,20,2685.110098
33,20,2685.110098
33,23,2682.159606
33,23,2682.159606
33,23,2682.159606
33,23,2682.159606
33,23,2682.159606
34,15,3184.047738
34,15,3184.047738
34,16,2856.525514
34,16,2856.525514
34,17,2819.640204
34,17,2819.640204
34,17,2819.640204
34,17,2819.640204
34,17,2819.640204
34,17,2819.640204
34,17,2819.640204
34,18,2757.727697
34,18,2757.727697
34,18,2757.727697
34,18,2757.727697
34,18,2757.727697
34,19,2710.814970
34,19,2710.814970
34,19,2710.814970
34,19,2710.814970
34,19,2710.814970
34,19,2710.814970
34,19,2710.814970
34,19,2710.814970
34,19,2710.814970
34,19,2710.814970
34,20,2685.110098
34,20,2685.110098
34,20,2685.110098
34,20,2685.110098
34,23,2680.353837
35,15,3183.493631
35,16,2786.011160
35,18,2757.727697
35,18,2757.727697
35,18,2757.727697
35,18,2757.727697
35,18,2757.727697
35,18,2757.727697
35,19,2710.814970
35,19,2710.814970
35,19,2710.814970
35,19,2710.814970
35,19,2710.814970
35,19,2710.814970
35,19,2710.814970
35,19,2710.814970
35,19,2710.814970
35,19,2710.814970
35,19,2710.814970
35,20,2685.110098
35,20,2685.110098
35,20,2685.110098
35,20,2685.110098
35,20,2685.110098
35,21,2674.486423
36,15,3119.838723
36,16,2786.011160
36,16,2786.011160
36,18,2757.727697
36,18,2757.727697
36,18,2757.727697
36,18,2757.727697
36,18,2757.727697
36,18,2757.727697
36,18,2757.727697
36,19,2703.693334
36,20,2645.969428
37,15,3119.838723
37,15,3119.838723
37,16,2786.011160
37,16,2786.011160
37,16,2786.011160
37,18,2748.900288
37,19,2691.051252
37,20,2645.969428
37,20,2645.969428
38,15,3119.838723
38,15,3119.838723
38,15,3119.838723
38,16,2786.011160
38,16,2786.011160
38,16,2786.011160
38,16,2786.011160
38,18,2748.900288
38,18,2748.900288
38,19,2691.051252
38,19,2691.051252
38,20,2645.969428
38,20,2645.969428
38,20,2645.969428
39,15,2970.448666
39,16,2786.011160
39,16,2786.011160
39,16,2786.011160
39,16,2786.011160
39,16,2786.011160
39,18,2748.900288
39,18,2748.900288
39,18,2748.900288
39,19,2691.051252
39,19,2691.051252
39,19,2691.051252
39,20,2645.969428
39,20,2645.969428
39,20,2645.969428
39,20,2645.969428
40,15,2970.448666
40,15,2970.448666
40,16,2786.011160
40,16,2786.011160
40,16,2786.011160
40,16,2786.011160
40,16,2786.011160
40,16,2786.011160
40,18,2748.900288
40,18,2748.900288
40,18,2748.900288
40,18,2748.900288
40,19,2691.051252
40,19,2691.051252
40,19,2691.051252
40,19,2691.051252
40,20,2645.969428
40,20,2645.969428
40,20,2645.969428
40,20,2645.969428
40,20,2645.969428
41,15,2970.448666
41,15,2970.448666
41,15,2970.448666
41,16,2786.011160
41,16,2786.011160
41,16,2786.011160
41,16,2786.011160
41,16,2786.011160
41,16,2786.011160
41,16,2786.011160
41,18,2748.900288
41,18,2748.900288
41,18,2748.900288
41,18,2748.900288
41,18,2748.900288
41,19,2691.051252
41,19,2691.051252
41,19,2691.051252
41,19,2691.051252
41,19,2691.051252
41,20,2645.969428
41,20,2645.969428
41,20,2645.969428
41,20,2645.969428
41,20,2645.969428
41,20,2645.969428
42,14,2980.563799
42,15,2771.214917
42,16,2737.629107
42,17,2725.362262
42,18,2652.399973
42,19,2606.497321
42,20,2599.407116
43,14,2980.563799
43,14,2980.563799
43,15,2771.214917
43,15,2771.214917
43,16,2737.629107
43,16,2737.629107
43,17,2725.362262
43,17,2725.362262
43,18,2652.399973
43,18,2652.399973
43,19,2606.497321
43,19,2606.497321
43,20,2599.407116
43,20,2599.407116
44,14,2980.563799
44,14,2980.563799
44,14,2980.563799
44,15,2771.214917
44,15,2771.214917
44,15,2771.214917
44,16,2737.629107
44,16,2737.629107
44,16,2737.629107
44,17,2725.362262
44,17,2725.362262
44,17,2725.362262
44,18,2652.399973
44,18,2652.399973
44,18,2652.399973
44,19,2606.497321
44,19,2606.497321
44,19,2606.497321
44,20,2599.407116
44,20,2599.407116
44,20,2599.407116
45,14,2980.563799
45,14,2980.563799
45,14,2980.563799
45,14,2980.563799
45,15,2771.214917
45,15,2771.214917
45,15,2771.214917
45,15,2771.214917
45,16,2737.629107
45,16,2737.629107
45,16,2737.629107
45,16,2737.629107
45,17,2686.020614
45,18,2652.399973
45,18,2652.399973
45,18,2652.399973
45,18,2652.399973
45,19,2606.497321
45,19,2606.497321
45,19,2606.497321
45,19,2606.497321
45,20,2599.407116
45,20,2599.407116
45,20,2599.407116
45,20,2599.407116
46,14,2980.563799
46,14,2980.563799
46,14,2980.563799
46,14,2980.563799
46,14,2980.563799
46,15,2771.214917
46,15,2771.214917
46,15,2771.214917
46,15,2771.214917
46,15,2771.214917
46,16,2737.561591
46,17,2686.020614
46,17,2686.020614
46,18,2652.399973
46,18,2652.399973
46,18,2652.399973
46,18,2652.399973
46,18,2652.399973
46,19,2606.497321
46,19,2606.497321
46,19,2606.497321
46,19,2606.497321
46,19,2606.497321
46,20,2599.407116
46,20,2599.407116
46,20,2599.407116
46,20,2599.407116
46,20,2599.407116
47,14,2980.563799
47,14,2980.563799
47,14,2980.563799
47,14,2980.563799
47,14,2980.563799
47,14,2980.563799
47,15,2771.214917
47,15,2771.214917
47,15,2771.214917
47,15,2771.214917
47,15,2771.214917
47,15,2771.214917
47,16,2737.561591
47,16,2737.561591
47,17,2686.020614
47,17,2686.020614
47,17,2686.020614
47,18,2604.289878
47,20,2599.407116
47,20,2599.407116
47,20,2599.407116
47,20,2599.407116
47,20,2599.407116
47,20,2599.407116
48,14,2980.563799
48,14,2980.563799
48,14,2980.563799
48,14,2980.563799
48,14,2980.563799
48,14,2980.563799
48,14,2980.563799
48,15,2771.214917
48,15,2771.214917
48,15,2771.214917
48,15,2771.214917
48,15,2771.214917
48,15,2771.214917
48,15,2771.214917
48,16,2737.561591
48,16,2737.561591
48,16,2737.561591
48,17,2686.020614
48,17,2686.020614
48,17,2686.020614
48,17,2686.020614
48,18,2604.289878
48,18,2604.289878
48,20,2599.407116
48,20,2599.407116
48,20,2599.407116
48,20,2599.407116
48,20,2599.407116
48,20,2599.407116
48,20,2599.407116
49,14,2980.563799
49,14,2980.563799
49,14,2980.563799
49,14,2980.563799
49,14,2980.563799
49,14,2980.563799
49,14,2980.563799
49,14,2980.563799
49,15,2771.214917
49,15,2771.214917
49,15,2771.214917
49,15,2771.214917
49,15,2771.214917
49,15,2771.214917
49,15,2771.214917
49,15,2771.214917
49,16,2737.561591
49,16,2737.561591
49,16,2737.561591
49,16,2737.561591
49,17,2686.020614
49,17,2686.020614
49,17,2686.020614
49,17,2686.020614
49,17,2686.020614
49,18,2604.289878
49,18,2604.289878
49,18,2604.289878
49,20,2599.407116
49,20,2599.407116
49,20,2599.407116
49,20,2599.407116
49,20,2599.407116
49,20,2599.407116
49,20,2599.407116
49,20,2599.407116
50,14,2980.563799
50,14,2980.563799
50,14,2980.563799
50,14,2980.563799
50,14,2980.563799
50,14,2980.563799
50,14,2980.563799
50,14,2980.563799
50,14,2980.563799
50,15,2771.214917
50,15,2771.214917
50,15,2771.214917
50,15,2771.214917
50,15,2771.214917
50,15,2771.214917
50,15,2771.214917
50,15,2771.214917
50,15,2771.214917
50,16,2737.561591
50,16,2737.561591
50,16,2737.561591
50,16,2737.561591
50,16,2737.561591
50,17,2686.020614
50,17,2686.020614
50,17,2686.020614
50,17,2686.020614
50,17,2686.020614
50,17,2686.020614
50,18,2577.731340
51,14,2980.563799
51,14,2980.563799
51,14,2980.563799
51,14,2980.563799
51,14,2980.563799
51,14,2980.563799
51,14,2980.563799
51,14,2980.563799
51,14,2980.563799
51,14,2980.563799
51,15,2771.214917
51,15,2771.214917
51,15,2771.214917
51,15,2771.214917
51,15,2771.214917
51,15,2771.214917
51,15,2771.214917
51,15,2771.214917
51,15,2771.214917
51,15,2771.214917
51,16,2737.561591
51,16,2737.561591
51,16,2737.561591
51,16,2737.561591
51,16,2737.561591
51,16,2737.561591
51,17,2686.020614
51,17,2686.020614
51,17,2686.020614
51,17,2686.020614
51,17,2686.020614
51,17,2686.020614
51,17,2686.020614
51,18,2577.731340
51,18,2577.731340
52,14,2980.563799
52,14,2980.563799
52,14,2980.563799
52,14,2980.563799
52,14,2980.563799
52,14,2980.563799
52,14,2980.563799
52,14,2980.563799
52,14,2980.563799
52,14,2980.563799
52,14,2980.563799
52,15,2771.214917
52,15,2771.214917
52,15,2771.214917
52,15,2771.214917
52,15,2771.214917
52,15,2771.214917
52,15,2771.214917
52,15,2771.214917
52,15,2771.214917
52,15,2771.214917
52,15,2771.214917
52,16,2736.417353
52,17,2686.020614
52,17,2686.020614
52,17,2686.020614
52,17,2686.020614
52,17,2686.020614
52,17,2686.020614
52,17,2686.020614
52,17,2686.020614
52,18,2577.731340
52,18,2577.731340
52,18,2577.731340
53,14,2980.563799
53,14,2980.563799
53,14,2980.563799
53,14,2980.563799
53,14,2980.563799
53,14,2980.563799
53,14,2980.563799
53,14,2980.563799
53,14,2980.563799
53,14,2980.563799
53,14,2980.563799
53,14,2980.563799
53,15,2771.214917
53,15,2771.214917
53,15,2771.214917
53,15,2771.214917
53,15,2771.214917
53,15,2771.214917
53,15,2771.214917
53,15,2771.214917
53,15,2771.214917
53,15,2771.214917
53,15,2771.214917
53,15,2771.214917
53,16,2736.417353
53,16,2736.417353
53,17,2634.449297
53,18,2577.731340
53,18,2577.731340
53,18,2577.731340
53,18,2577.731340
54,14,2980.563799
54,14,2980.563799
54,14,2980.563799
54,14,2980.563799
54,14,2980.563799
54,14,2980.563799
54,14,2980.563799
54,14,2980.563799
54,14,2980.563799
54,14,2980.563799
54,14,2980.563799
54,14,2980.563799
54,14,2980.563799
54,15,2771.214917
54,15,2771.214917
54,15,2771.214917
54,15,2771.214917
54,15,2771.214917
54,15,2771.214917
54,15,2771.214917
54,15,2771.214917
54,15,2771.214917
54,15,2771.214917
54,15,2771.214917
54,15,2771.214917
54,15,2771.214917
54,16,2736.417353
54,16,2736.417353
54,16,2736.417353
54,17,2634.449297
54,17,2634.449297
54,18,2577.731340
54,18,2577.731340
54,18,2577.731340
54,18,2577.731340
54,18,2577.731340
55,14,2980.563799
55,14,2980.563799
55,14,2980.563799
55,14,2980.563799
55,14,2980.563799
55,14,2980.563799
55,14,2980.563799
55,14,2980.563799
55,14,2980.563799
55,14,2980.563799
55,14,2980.563799
55,14,2980.563799
55,14,2980.563799
55,14,2980.563799
55,15,2771.214917
55,15,2771.214917
55,15,2771.214917
55,15,2771.214917
55,15,2771.214917
55,15,2771.214917
55,15,2771.214917
55,15,2771.214917
55,15,2771.214917
55,15,2771.214917
55,15,2771.214917
55,15,2771.214917
55,15,2771.214917
55,15,2771.214917
55,16,2736.417353
55,16,2736.417353
55,16,2736.417353
55,16,2736.417353
55,17,2634.449297
55,17,2634.449297
55,17,2634.449297
55,18,2577.731340
55,18,2577.731340
55,18,2577.731340
55,18,2577.731340
55,18,2577.731340
55,18,2577.731340
56,13,2965.522044
56,14,2840.143520
56,15,2698.884552
56,16,2621.161084
56,17,2546.352142
56,18,2533.846306
57,13,2965.522044
57,13,2965.522044
57,14,2840.143520
57,14,2840.143520
57,15,2698.884552
57,15,2698.884552
57,16,2621.161084
57,16,2621.161084
57,17,2546.352142
57,17,2546.352142
57,18,2533.846306
57,18,2533.846306
58,13,2965.522044
58,13,2965.522044
58,13,2965.522044
58,14,2840.143520
58,14,2840.143520
58,14,2840.143520
58,15,2698.884552
58,15,2698.884552
58,15,2698.884552
58,16,2621.161084
58,16,2621.161084
58,16,2621.161084
58,17,2546.352142
58,17,2546.352142
58,17,2546.352142
58,18,2533.846306
58,18,2533.846306
58,18,2533.846306
59,13,2965.522044
59,13,2965.522044
59,13,2965.522044
59,13,2965.522044
59,14,2840.143520
59,14,2840.143520
59,14,2840.143520
59,14,2840.143520
59,15,2698.884552
59,15,2698.884552
59,15,2698.884552
59,15,2698.884552
59,16,2621.161084
59,16,2621.161084
59,16,2621.161084
59,16,2621.161084
59,17,2546.352142
59,17,2546.352142
59,17,2546.352142
59,17,2546.352142
59,18,2533.846306
59,18,2533.846306
59,18,2533.846306
59,18,2533.846306
60,12,2960.496379
60,13,2818.876241
60,14,2734.023473
60,15,2640.248326
60,16,2481.788019
60,18,2478.579206
61,12,2960.496379
61,12,2960.496379
61,13,2818.876241
61,13,2818.876241
61,14,2734.023473
61,14,2734.023473
61,15,2640.248326
61,15,2640.248326
61,16,2481.788019
61,16,2481.788019
61,18,2478.579206
61,18,2478.579206
62,12,2960.496379
62,12,2960.496379
62,12,2960.496379
62,13,2818.876241
62,13,2818.876241
62,13,2818.876241
62,14,2734.023473
62,14,2734.023473
62,14,2734.023473
62,15,2640.248326
62,15,2640.248326
62,15,2640.248326
62,16,2481.788019
62,16,2481.788019
62,16,2481.788019
62,18,2478.579206
62,18,2478.579206
62,18,2478.579206
63,12,2960.496379
63,12,2960.496379
63,12,2960.496379
63,12,2960.496379
63,13,2818.876241
63,13,2818.876241
63,13,2818.876241
63,13,2818.876241
63,14,2734.023473
63,14,2734.023473
63,14,2734.023473
63,14,2734.023473
63,15,2640.248326
63,15,2640.248326
63,15,2640.248326
63,15,2640.248326
63,16,2481.788019
63,16,2481.788019
63,16,2481.788019
63,16,2481.788019
63,18,2478.579206
63,18,2478.579206
63,18,2478.579206
63,18,2478.579206
64,12,2788.890166
64,13,2696.380613
64,14,2660.738020
64,15,2464.333177
64,16,2445.849551
64,17,2440.480966
64,18,2436.488689
65,12,2788.890166
65,12,2788.890166
65,13,2696.380613
65,13,2696.380613
65,14,2660.738020
65,14,2660.738020
65,15,2464.333177
65,15,2464.333177
65,16,2445.849551
65,16,2445.849551
65,17,2440.480966
65,17,2440.480966
65,18,2436.488689
65,18,2436.488689
66,12,2788.890166
66,12,2788.890166
66,12,2788.890166
66,13,2696.380613
66,13,2696.380613
66,13,2696.380613
66,14,2660.738020
66,14,2660.738020
66,14,2660.738020
66,15,2464.333177
66,15,2464.333177
66,15,2464.333177
66,16,2445.849551
66,16,2445.849551
66,16,2445.849551
66,17,2440.480966
66,17,2440.480966
66,17,2440.480966
66,18,2436.488689
66,18,2436.488689
66,18,2436.488689
67,12,2788.890166
67,12,2788.890166
67,12,2788.890166
67,12,2788.890166
67,13,2696.380613
67,13,2696.380613
67,13,2696.380613
67,13,2696.380613
67,14,2660.738020
67,14,2660.738020
67,14,2660.738020
67,14,2660.738020
67,15,2464.333177
67,15,2464.333177
67,15,2464.333177
67,15,2464.333177
67,16,2445.849551
67,16,2445.849551
67,16,2445.849551
67,16,2445.849551
67,17,2440.480966
67,17,2440.480966
67,17,2440.480966
67,17,2440.480966
67,18,2436.488689
67,18,2436.488689
67,18,2436.488689
67,18,2436.488689
68,12,2676.256031
68,13,2626.003832
68,14,2609.379802
68,15,2403.145105
69,12,2676.256031
69,12,2676.256031
69,13,2626.003832
69,13,2626.003832
69,14,2609.379802
69,14,2609.379802
69,15,2403.145105
69,15,2403.145105
70,12,2676.256031
70,12,2676.256031
70,12,2676.256031
70,13,2626.003832
70,13,2626.003832
70,13,2626.003832
70,14,2609.379802
70,14,2609.379802
70,14,2609.379802
70,15,2403.145105
70,15,2403.145105
70,15,2403.145105
71,12,2676.256031
71,12,2676.256031
71,12,2676.256031
71,12,2676.256031
71,13,2592.958056
71,15,2403.145105
71,15,2403.145105
71,15,2403.145105
71,15,2403.145105
72,12,2676.256031
72,12,2676.256031
72,12,2676.256031
72,12,2676.256031
72,12,2676.256031
72,13,2592.958056
72,13,2592.958056
72,14,2573.222253
72,15,2403.145105
72,15,2403.145105
72,15,2403.145105
72,15,2403.145105
72,15,2403.145105
73,12,2676.256031
73,12,2676.256031
73,12,2676.256031
73,12,2676.256031
73,12,2676.256031
73,12,2676.256031
73,13,2592.958056
73,13,2592.958056
73,13,2592.958056
73,14,2573.222253
73,14,2573.222253
73,15,2403.145105
73,15,2403.145105
73,15,2403.145105
73,15,2403.145105
73,15,2403.145105
73,15,2403.145105
74,12,2676.256031
74,12,2676.256031
74,12,2676.256031
74,12,2676.256031
74,12,2676.256031
74,12,2676.256031
74,12,2676.256031
74,13,2592.958056
74,13,2592.958056
74,13,2592.958056
74,13,2592.958056
74,14,2573.222253
74,14,2573.222253
74,14,2573.222253
74,15,2403.145105
74,15,2403.145105
74,15,2403.145105
74,15,2403.145105
74,15,2403.145105
74,15,2403.145105
74,15,2403.145105
75,12,2511.011738
75,13,2489.801528
75,14,2354.093930
76,12,2511.011738
76,12,2511.011738
76,13,2489.801528
76,13,2489.801528
76,14,2354.093930
76,14,2354.093930
77,12,2511.011738
77,12,2511.011738
77,12,2511.011738
77,13,2489.801528
77,13,2489.801528
77,13,2489.801528
77,14,2354.093930
77,14,2354.093930
77,14,2354.093930
78,12,2511.011738
78,12,2511.011738
78,12,2511.011738
78,12,2511.011738
78,13,2489.801528
78,13,2489.801528
78,13,2489.801528
78,13,2489.801528
78,14,2354.093930
78,14,2354.093930
78,14,2354.093930
78,14,2354.093930
79,12,2449.888954
79,13,2443.894844
79,14,2322.237989
80,12,2439.152314
80,13,2274.446610
81,12,2439.152314
81,12,2439.152314
81,13,2274.446610
81,13,2274.446610
82,12,2439.152314
82,12,2439.152314
82,12,2439.152314
82,13,2274.446610
82,13,2274.446610
82,13,2274.446610
83,12,2439.152314
83,12,2439.152314
83,12,2439.152314
83,12,2439.152314
83,13,2274.446610
83,13,2274.446610
83,13,2274.446610
83,13,2274.446610
84,12,2377.877218
84,13,2257.929275
85,12,2336.193630
85,13,2257.929275
85,13,2257.929275
85,13,2257.929275
86,12,2320.354652
86,13,2236.147468
87,12,2291.449256
87,13,2223.004508
88,12,2291.449256
88,12,2291.449256
88,13,2173.341603
89,11,2471.009749
89,12,2291.449256
89,12,2291.449256
89,12,2291.449256
89,12,2291.449256
89,13,2173.341603
89,13,2173.341603
90,11,2471.009749
90,11,2471.009749
90,12,2291.449256
90,12,2291.449256
90,12,2291.449256
90,12,2291.449256
90,12,2291.449256
90,12,2291.449256
90,13,2173.341603
90,13,2173.341603
90,13,2173.341603
91,11,2471.009749
91,11,2471.009749
91,11,2471.009749
91,12,2291.449256
91,12,2291.449256
91,12,2291.449256
91,12,2291.449256
91,12,2291.449256
91,12,2291.449256
91,12,2291.449256
91,12,2291.449256
91,13,2173.341603
91,13,2173.341603
91,13,2173.341603
91,13,2173.341603
92,11,2410.295457
92,12,2272.333246
92,13,2166.324892
93,11,2410.295457
93,11,2410.295457
93,12,2272.333246
93,12,2272.333246
93,13,2166.324892
93,13,2166.324892
94,11,2410.295457
94,11,2410.295457
94,11,2410.295457
94,12,2272.333246
94,12,2272.333246
94,12,2272.333246
94,13,2166.324892
94,13,2166.324892
94,13,2166.324892
95,11,2410.295457
95,11,2410.295457
95,11,2410.295457
95,11,2410.295457
95,12,2272.333246
95,12,2272.333246
95,12,2272.333246
95,12,2272.333246
95,13,2166.324892
95,13,2166.324892
95,13,2166.324892
95,13,2166.324892
96,11,2356.807725
96,12,2270.418738
96,13,2156.784098
97,11,2356.807725
97,11,2356.807725
97,12,2270.418738
97,12,2270.418738
97,13,2156.784098
97,13,2156.784098
98,11,2356.807725
98,11,2356.807725
98,11,2356.807725
98,12,2270.418738
98,12,2270.418738
98,12,2270.418738
98,13,2156.784098
98,13,2156.784098
98,13,2156.784098
99,11,2356.807725
99,11,2356.807725
99,11,2356.807725
99,11,2356.807725
99,12,2270.418738
99,12,2270.418738
99,12,2270.418738
99,12,2270.418738
99,13,2156.784098
99,13,2156.784098
99,13,2156.784098
99,13,2156.784098
100,11,2315.360819
100,12,2250.147610
100,13,2150.787661
101,10,2723.646310
101,11,2315.360819
101,11,2315.360819
101,12,2250.147610
101,12,2250.147610
101,13,2150.787661
101,13,2150.787661
102,10,2579.542231
102,11,2315.360819
102,11,2315.360819
102,11,2315.360819
102,12,2250.147610
102,12,2250.147610
102,12,2250.147610
102,13,2150.787661
102,13,2150.787661
102,13,2150.787661
103,10,2579.542231
103,10,2579.542231
103,11,2315.360819
103,11,2315.360819
103,11,2315.360819
103,11,2315.360819
103,12,2250.147610
103,12,2250.147610
103,12,2250.147610
103,12,2250.147610
103,13,2150.787661
103,13,2150.787661
103,13,2150.787661
103,13,2150.787661
104,10,2579.542231
104,10,2579.542231
104,10,2579.542231
104,11,2315.360819
104,11,2315.360819
104,11,2315.360819
104,11,2315.360819
104,11,2315.360819
104,12,2250.147610
104,12,2250.147610
104,12,2250.147610
104,12,2250.147610
104,12,2250.147610
104,13,2150.787661
104,13,2150.787661
104,13,2150.787661
104,13,2150.787661
104,13,2150.787661
105,10,2511.574167
105,11,2298.486907
105,12,2246.065467
105,13,2142.862262
106,10,2511.574167
106,10,2511.574167
106,11,2298.486907
106,11,2298.486907
106,12,2246.065467
106,12,2246.065467
106,13,2142.862262
106,13,2142.862262
107,10,2511.574167
107,10,2511.574167
107,10,2511.574167
107,11,2298.486907
107,11,2298.486907
107,11,2298.486907
107,12,2246.065467
107,12,2246.065467
107,12,2246.065467
107,13,2142.862262
107,13,2142.862262
107,13,2142.862262
108,10,2511.574167
108,10,2511.574167
108,10,2511.574167
108,10,2511.574167
108,11,2298.486907
108,11,2298.486907
108,11,2298.486907
108,11,2298.486907
108,12,2246.065467
108,12,2246.065467
108,12,2246.065467
108,12,2246.065467
108,13,2142.862262
108,13,2142.862262
108,13,2142.862262
108,13,2142.862262
109,10,2391.340146
109,11,2277.197186
109,12,2232.555723
109,13,2139.354633
110,10,2391.340146
110,10,2391.340146
110,11,2277.197186
110,11,2277.197186
110,12,2232.555723
110,12,2232.555723
110,13,2139.354633
110,13,2139.354633
111,10,2391.340146
111,10,2391.340146
111,10,2391.340146
111,11,2277.197186
111,11,2277.197186
111,11,2277.197186
111,12,2232.555723
111,12,2232.555723
111,12,2232.555723
111,13,2139.354633
111,13,2139.354633
111,13,2139.354633
112,10,2391.340146
112,10,2391.340146
112,10,2391.340146
112,10,2391.340146
112,11,2277.197186
112,11,2277.197186
112,11,2277.197186
112,11,2277.197186
112,12,2232.555723
112,12,2232.555723
112,12,2232.555723
112,12,2232.555723
112,13,2139.354633
112,13,2139.354633
112,13,2139.354633
112,13,2139.354633
113,10,2354.275736
113,11,2246.382794
113,12,2221.854186
113,13,2130.933663
114,10,2354.275736
114,10,2354.275736
114,10,2354.275736
114,11,2235.191200
114,12,2221.854186
114,12,2221.854186
114,12,2221.854186
114,13,2128.519052
115,10,2354.275736
115,10,2354.275736
115,10,2354.275736
115,10,2354.275736
115,10,2354.275736
115,10,2354.275736
115,11,2235.191200
115,11,2235.191200
115,12,2221.854186
115,12,2221.854186
115,12,2221.854186
115,12,2221.854186
115,12,2221.854186
115,12,2221.854186
115,13,2128.519052
115,13,2128.519052
116,10,2354.275736
116,10,2354.275736
116,10,2354.275736
116,10,2354.275736
116,10,2354.275736
116,10,2354.275736
116,10,2354.275736
116,10,2354.275736
116,10,2354.275736
116,11,2235.191200
116,11,2235.191200
116,11,2235.191200
116,12,2221.854186
116,12,2221.854186
116,12,2221.854186
116,12,2221.854186
116,12,2221.854186
116,12,2221.854186
116,12,2221.854186
116,12,2221.854186
116,12,2221.854186
116,13,2128.519052
116,13,2128.519052
116,13,2128.519052
117,10,2354.275736
117,10,2354.275736
117,10,2354.275736
117,10,2354.275736
117,10,2354.275736
117,10,2354.275736
117,10,2354.275736
117,10,2354.275736
117,10,2354.275736
117,10,2354.275736
117,10,2354.275736
117,10,2354.275736
117,11,2235.191200
117,11,2235.191200
117,11,2235.191200
117,11,2235.191200
117,12,2221.854186
117,12,2221.854186
117,12,2221.854186
117,12,2221.854186
117,12,2221.854186
117,12,2221.854186
117,12,2221.854186
117,12,2221.854186
117,12,2221.854186
117,12,2221.854186
117,12,2221.854186
117,12,2221.854186
117,13,2128.519052
117,13,2128.519052
117,13,2128.519052
117,13,2128.519052
118,10,2333.637017
118,11,2228.244292
118,12,2217.152710
118,13,2127.985045
119,10,2333.637017
119,10,2333.637017
119,11,2228.244292
119,11,2228.244292
119,12,2217.152710
119,12,2217.152710
119,13,2127.985045
119,13,2127.985045
120,10,2333.637017
120,10,2333.637017
120,10,2333.637017
120,11,2228.244292
120,11,2228.244292
120,11,2228.244292
120,12,2217.152710
120,12,2217.152710
120,12,2217.152710
120,13,2127.985045
120,13,2127.985045
120,13,2127.985045
121,10,2333.637017
121,10,2333.637017
121,10,2333.637017
121,10,2333.637017
121,11,2228.244292
121,11,2228.244292
121,11,2228.244292
121,11,2228.244292
121,12,2217.152710
121,12,2217.152710
121,12,2217.152710
121,12,2217.152710
121,13,2127.985045
121,13,2127.985045
121,13,2127.985045
121,13,2127.985045
122,10,2298.794393
122,11,2226.346217
122,12,2216.458435
122,13,2120.136504
123,10,2298.794393
123,10,2298.794393
123,11,2226.346217
123,11,2226.346217
123,12,2216.458435
123,12,2216.458435
123,13,2120.136504
123,13,2120.136504
124,10,2298.794393
124,10,2298.794393
124,10,2298.794393
124,11,2226.346217
124,11,2226.346217
124,11,2226.346217
124,12,2216.458435
124,12,2216.458435
124,12,2216.458435
124,13,2120.136504
124,13,2120.136504
124,13,2120.136504
125,10,2298.794393
125,10,2298.794393
125,10,2298.794393
125,10,2298.794393
125,11,2226.346217
125,11,2226.346217
125,11,2226.346217
125,11,2226.346217
125,12,2216.458435
125,12,2216.458435
125,12,2216.458435
125,12,2216.458435
125,13,2120.136504
125,13,2120.136504
125,13,2120.136504
125,13,2120.136504
126,10,2266.075018
126,11,2221.418647
126,12,2206.750665
126,13,2112.153456
127,10,2266.075018
127,10,2266.075018
127,11,2221.418647
127,11,2221.418647
127,12,2206.750665
127,12,2206.750665
127,13,2112.153456
127,13,2112.153456
128,10,2266.075018
128,10,2266.075018
128,10,2266.075018
128,11,2221.418647
128,11,2221.418647
128,11,2221.418647
128,12,2206.750665
128,12,2206.750665
128,12,2206.750665
128,13,2112.153456
128,13,2112.153456
128,13,2112.153456
129,10,2266.075018
129,10,2266.075018
129,10,2266.075018
129,10,2266.075018
129,11,2221.418647
129,11,2221.418647
129,11,2221.418647
129,11,2221.418647
129,12,2206.750665
129,12,2206.750665
129,12,2206.750665
129,12,2206.750665
129,13,2112.153456
129,13,2112.153456
129,13,2112.153456
129,13,2112.153456
130,10,2251.068401
130,11,2213.706540
130,12,2187.375171
130,13,2112.153456
130,13,2112.153456
130,13,2112.153456
131,10,2251.068401
131,10,2251.068401
131,11,2213.706540
131,11,2213.706540
131,12,2187.375171
131,12,2187.375171
131,13,2112.153456
131,13,2112.153456
131,13,2112.153456
131,13,2112.153456
131,13,2112.153456
131,13,2112.153456
132,10,2251.068401
132,10,2251.068401
132,10,2251.068401
132,11,2213.706540
132,11,2213.706540
132,11,2213.706540
132,12,2187.375171
132,12,2187.375171
132,12,2187.375171
132,13,2112.153456
132,13,2112.153456
132,13,2112.153456
132,13,2112.153456
132,13,2112.153456
132,13,2112.153456
132,13,2112.153456
132,13,2112.153456
132,13,2112.153456
133,10,2251.068401
133,10,2251.068401
133,10,2251.068401
133,10,2251.068401
133,11,2213.706540
133,11,2213.706540
133,11,2213.706540
133,11,2213.706540
133,12,2187.375171
133,12,2187.375171
133,12,2187.375171
133,12,2187.375171
133,13,2112.153456
133,13,2112.153456
133,13,2112.153456
133,13,2112.153456
133,13,2112.153456
133,13,2112.153456
133,13,2112.153456
133,13,2112.153456
133,13,2112.153456
133,13,2112.153456
133,13,2112.153456
133,13,2112.153456
134,10,2237.173312
134,11,2203.263930
134,12,2108.597115
134,13,2108.209704
135,10,2237.173312
135,10,2237.173312
135,11,2203.263930
135,11,2203.263930
135,12,2108.597115
135,12,2108.597115
135,13,2108.209704
135,13,2108.209704
136,10,2237.173312
136,10,2237.173312
136,10,2237.173312
136,11,2203.263930
136,11,2203.263930
136,11,2203.263930
136,12,2108.597115
136,12,2108.597115
136,12,2108.597115
136,13,2108.209704
136,13,2108.209704
136,13,2108.209704
137,10,2237.173312
137,10,2237.173312
137,10,2237.173312
137,10,2237.173312
137,11,2203.263930
137,11,2203.263930
137,11,2203.263930
137,11,2203.263930
137,12,2108.597115
137,12,2108.597115
137,12,2108.597115
137,12,2108.597115
137,13,2108.209704
137,13,2108.209704
137,13,2108.209704
137,13,2108.209704
138,10,2207.615202
138,11,2199.771019
138,12,2107.579514
139,10,2207.615202
139,10,2207.615202
139,11,2199.771019
139,11,2199.771019
139,12,2107.579514
139,12,2107.579514
140,10,2207.615202
140,10,2207.615202
140,10,2207.615202
140,11,2199.771019
140,11,2199.771019
140,11,2199.771019
140,12,2107.579514
140,12,2107.579514
140,12,2107.579514
141,9,2507.918481
141,10,2207.615202
141,10,2207.615202
141,10,2207.615202
141,10,2207.615202
141,11,2199.771019
141,11,2199.771019
141,11,2199.771019
141,11,2199.771019
141,12,2107.579514
141,12,2107.579514
141,12,2107.579514
141,12,2107.579514
142,9,2507.918481
142,9,2507.918481
142,10,2207.615202
142,10,2207.615202
142,10,2207.615202
142,10,2207.615202
142,10,2207.615202
142,11,2199.771019
142,11,2199.771019
142,11,2199.771019
142,11,2199.771019
142,11,2199.771019
142,12,2107.579514
142,12,2107.579514
142,12,2107.579514
142,12,2107.579514
142,12,2107.579514
143,9,2507.918481
143,9,2507.918481
143,9,2507.918481
143,10,2207.615202
143,10,2207.615202
143,10,2207.615202
143,10,2207.615202
143,10,2207.615202
143,10,2207.615202
143,11,2199.771019
143,11,2199.771019
143,11,2199.771019
143,11,2199.771019
143,11,2199.771019
143,11,2199.771019
143,12,2107.579514
143,12,2107.579514
143,12,2107.579514
143,12,2107.579514
143,12,2107.579514
143,12,2107.579514
144,9,2416.922382
144,10,2177.971071
144,12,2088.777001
145,9,2416.922382
145,9,2416.922382
145,10,2177.971071
145,10,2177.971071
145,12,2088.777001
145,12,2088.777001
146,9,2416.922382
146,9,2416.922382
146,9,2416.922382
146,10,2177.971071
146,10,2177.971071
146,10,2177.971071
146,12,2088.777001
146,12,2088.777001
146,12,2088.777001
147,9,2416.922382
147,9,2416.922382
147,9,2416.922382
147,9,2416.922382
147,10,2177.971071
147,10,2177.971071
147,10,2177.971071
147,10,2177.971071
147,12,2088.777001
147,12,2088.777001
147,12,2088.777001
147,12,2088.777001
148,9,2416.922382
148,9,2416.922382
148,9,2416.922382
148,9,2416.922382
148,9,2416.922382
148,10,2177.971071
148,10,2177.971071
148,10,2177.971071
148,10,2177.971071
148,10,2177.971071
148,11,2138.496219
148,12,2088.777001
148,12,2088.777001
148,12,2088.777001
148,12,2088.777001
148,12,2088.777001
149,9,2416.922382
149,9,2416.922382
149,9,2416.922382
149,9,2416.922382
149,9,2416.922382
149,9,2416.922382
149,10,2177.971071
149,10,2177.971071
149,10,2177.971071
149,10,2177.971071
149,10,2177.971071
149,10,2177.971071
149,11,2138.496219
149,11,2138.496219
149,12,2088.777001
149,12,2088.777001
149,12,2088.777001
149,12,2088.777001
149,12,2088.777001
149,12,2088.777001
150,9,2416.922382
150,9,2416.922382
150,9,2416.922382
150,9,2416.922382
150,9,2416.922382
150,9,2416.922382
150,9,2416.922382
150,10,2177.971071
150,10,2177.971071
150,10,2177.971071
150,10,2177.971071
150,10,2177.971071
150,10,2177.971071
150,10,2177.971071
150,11,2138.496219
150,11,2138.496219
150,11,2138.496219
150,12,2088.777001
150,12,2088.777001
150,12,2088.777001
150,12,2088.777001
150,12,2088.777001
150,12,2088.777001
150,12,2088.777001
151,9,2351.440511
151,10,2140.098574
151,11,2125.811520
151,12,2084.833250
152,9,2351.440511
152,9,2351.440511
152,10,2140.098574
152,10,2140.098574
152,11,2125.811520
152,11,2125.811520
152,12,2084.833250
152,12,2084.833250
153,9,2351.440511
153,9,2351.440511
153,9,2351.440511
153,10,2140.098574
153,10,2140.098574
153,10,2140.098574
153,11,2125.811520
153,11,2125.811520
153,11,2125.811520
153,12,2084.833250
153,12,2084.833250
153,12,2084.833250
154,9,2351.440511
154,9,2351.440511
154,9,2351.440511
154,9,2351.440511
154,10,2140.098574
154,10,2140.098574
154,10,2140.098574
154,10,2140.098574
154,11,2125.811520
154,11,2125.811520
154,11,2125.811520
154,11,2125.811520
154,12,2084.833250
154,12,2084.833250
154,12,2084.833250
154,12,2084.833250
155,9,2243.706943
155,10,2128.413133
155,11,2108.207263
155,12,2078.976060
156,9,2243.706943
156,9,2243.706943
156,10,2128.413133
156,10,2128.413133
156,11,2108.207263
156,11,2108.207263
156,12,2078.976060
156,12,2078.976060
157,9,2243.706943
157,9,2243.706943
157,9,2243.706943
157,10,2128.413133
157,10,2128.413133
157,10,2128.413133
157,11,2108.207263
157,11,2108.207263
157,11,2108.207263
157,12,2078.976060
157,12,2078.976060
157,12,2078.976060
158,9,2243.706943
158,9,2243.706943
158,9,2243.706943
158,9,2243.706943
158,10,2128.413133
158,10,2128.413133
158,10,2128.413133
158,10,2128.413133
158,11,2108.207263
158,11,2108.207263
158,11,2108.207263
158,11,2108.207263
158,12,2078.976060
158,12,2078.976060
158,12,2078.976060
158,12,2078.976060
159,9,2209.145918
159,10,2124.858686
159,11,2108.207263
159,11,2108.207263
159,11,2108.207263
159,11,2108.207263
159,12,2074.453552
160,9,2209.145918
160,9,2209.145918
160,10,2124.858686
160,10,2124.858686
160,11,2108.207263
160,11,2108.207263
160,11,2108.207263
160,11,2108.207263
160,11,2108.207263
160,11,2108.207263
160,11,2108.207263
160,11,2108.207263
160,12,2074.453552
160,12,2074.453552
161,9,2209.145918
161,9,2209.145918
161,9,2209.145918
161,10,2124.858686
161,10,2124.858686
161,10,2124.858686
161,11,2108.207263
161,11,2108.207263
161,11,2108.207263
161,11,2108.207263
161,11,2108.207263
161,11,2108.207263
161,11,2108.207263
161,11,2108.207263
161,11,2108.207263
161,11,2108.207263
161,11,2108.207263
161,11,2108.207263
161,12,2074.453552
161,12,2074.453552
161,12,2074.453552
162,9,2209.145918
162,9,2209.145918
162,9,2209.145918
162,9,2209.145918
162,10,2124.858686
162,10,2124.858686
162,10,2124.858686
162,10,2124.858686
162,11,2108.207263
162,11,2108.207263
162,11,2108.207263
162,11,2108.207263
162,11,2108.207263
162,11,2108.207263
162,11,2108.207263
162,11,2108.207263
162,11,2108.207263
162,11,2108.207263
162,11,2108.207263
162,11,2108.207263
162,11,2108.207263
162,11,2108.207263
162,11,2108.207263
162,11,2108.207263
162,12,2074.453552
162,12,2074.453552
162,12,2074.453552
162,12,2074.453552
163,9,2151.587063
163,10,2113.985019
163,11,2106.810431
163,12,2071.224277
164,9,2151.587063
164,9,2151.587063
164,10,2113.985019
164,10,2113.985019
164,11,2106.810431
164,11,2106.810431
164,12,2071.224277
164,12,2071.224277
165,9,2151.587063
165,9,2151.587063
165,9,2151.587063
165,10,2113.985019
165,10,2113.985019
165,10,2113.985019
165,11,2106.810431
165,11,2106.810431
165,11,2106.810431
165,12,2071.224277
165,12,2071.224277
165,12,2071.224277
166,9,2151.587063
166,9,2151.587063
166,9,2151.587063
166,9,2151.587063
166,10,2113.985019
166,10,2113.985019
166,10,2113.985019
166,10,2113.985019
166,11,2106.810431
166,11,2106.810431
166,11,2106.810431
166,11,2106.810431
166,12,2071.224277
166,12,2071.224277
166,12,2071.224277
166,12,2071.224277
167,9,2122.590726
167,10,2103.385139
167,12,2070.583650
168,9,2122.590726
168,9,2122.590726
168,10,2103.385139
168,10,2103.385139
168,12,2070.583650
168,12,2070.583650
169,9,2122.590726
169,9,2122.590726
169,9,2122.590726
169,10,2103.385139
169,10,2103.385139
169,10,2103.385139
169,12,2070.583650
169,12,2070.583650
169,12,2070.583650
170,9,2122.590726
170,9,2122.590726
170,9,2122.590726
170,9,2122.590726
170,10,2103.385139
170,10,2103.385139
170,10,2103.385139
170,10,2103.385139
170,12,2070.583650
170,12,2070.583650
170,12,2070.583650
170,12,2070.583650
171,9,2109.872245
171,10,2093.933247
171,12,2068.716312
172,9,2109.872245
172,9,2109.872245
172,10,2093.933247
172,10,2093.933247
172,12,2068.716312
172,12,2068.716312
173,9,2109.872245
173,9,2109.872245
173,9,2109.872245
173,10,2093.933247
173,10,2093.933247
173,10,2093.933247
173,12,2068.716312
173,12,2068.716312
173,12,2068.716312
174,9,2109.872245
174,9,2109.872245
174,9,2109.872245
174,9,2109.872245
174,10,2093.933247
174,10,2093.933247
174,10,2093.933247
174,10,2093.933247
174,12,2068.716312
174,12,2068.716312
174,12,2068.716312
174,12,2068.716312
175,9,2101.713024
175,10,2092.943817
175,12,2064.439499
176,9,2101.713024
176,9,2101.713024
176,10,2092.943817
176,10,2092.943817
176,12,2064.439499
176,12,2064.439499
177,9,2101.713024
177,9,2101.713024
177,9,2101.713024
177,10,2092.943817
177,10,2092.943817
177,10,2092.943817
177,12,2064.439499
177,12,2064.439499
177,12,2064.439499
178,9,2101.713024
178,9,2101.713024
178,9,2101.713024
178,9,2101.713024
178,10,2092.943817
178,10,2092.943817
178,10,2092.943817
178,10,2092.943817
178,12,2064.439499
178,12,2064.439499
178,12,2064.439499
178,12,2064.439499
179,9,2094.766511
179,10,2092.943817
179,10,2092.943817
179,10,2092.943817
179,10,2092.943817
179,12,2062.843027
180,9,2094.766511
180,9,2094.766511
180,10,2092.943817
180,10,2092.943817
180,10,2092.943817
180,10,2092.943817
180,10,2092.943817
180,10,2092.943817
180,10,2092.943817
180,10,2092.943817
180,12,2062.843027
180,12,2062.843027
181,9,2094.766511
181,9,2094.766511
181,9,2094.766511
181,10,2092.943817
181,10,2092.943817
181,10,2092.943817
181,10,2092.943817
181,10,2092.943817
181,10,2092.943817
181,10,2092.943817
181,10,2092.943817
181,10,2092.943817
181,10,2092.943817
181,10,2092.943817
181,10,2092.943817
181,12,2062.843027
181,12,2062.843027
181,12,2062.843027
182,9,2094.766511
182,9,2094.766511
182,9,2094.766511
182,9,2094.766511
182,10,2092.943817
182,10,2092.943817
182,10,2092.943817
182,10,2092.943817
182,10,2092.943817
182,10,2092.943817
182,10,2092.943817
182,10,2092.943817
182,10,2092.943817
182,10,2092.943817
182,10,2092.943817
182,10,2092.943817
182,10,2092.943817
182,10,2092.943817
182,10,2092.943817
182,10,2092.943817
182,12,2062.843027
182,12,2062.843027
182,12,2062.843027
182,12,2062.843027
183,9,2092.798071
183,10,2080.210967
183,12,2062.843027
183,12,2062.843027
183,12,2062.843027
183,12,2062.843027
184,9,2092.798071
184,9,2092.798071
184,10,2080.210967
184,10,2080.210967
184,12,2062.843027
184,12,2062.843027
184,12,2062.843027
184,12,2062.843027
184,12,2062.843027
184,12,2062.843027
184,12,2062.843027
184,12,2062.843027
185,9,2092.798071
185,9,2092.798071
185,9,2092.798071
185,10,2080.210967
185,10,2080.210967
185,10,2080.210967
185,12,2062.843027
185,12,2062.843027
185,12,2062.843027
185,12,2062.843027
185,12,2062.843027
185,12,2062.843027
185,12,2062.843027
185,12,2062.843027
185,12,2062.843027
185,12,2062.843027
185,12,2062.843027
185,12,2062.843027
186,9,2092.798071
186,9,2092.798071
186,9,2092.798071
186,9,2092.798071
186,10,2080.210967
186,10,2080.210967
186,10,2080.210967
186,10,2080.210967
186,12,2062.843027
186,12,2062.843027
186,12,2062.843027
186,12,2062.843027
186,12,2062.843027
186,12,2062.843027
186,12,2062.843027
186,12,2062.843027
186,12,2062.843027
186,12,2062.843027
186,12,2062.843027
186,12,2062.843027
186,12,2062.843027
186,12,2062.843027
186,12,2062.843027
186,12,2062.843027
187,9,2088.412957
187,10,2080.210967
187,10,2080.210967
187,12,2055.773750
188,9,2088.412957
188,9,2088.412957
188,10,2080.210967
188,10,2080.210967
188,10,2080.210967
188,10,2080.210967
188,12,2055.773750
188,12,2055.773750
189,9,2088.412957
189,9,2088.412957
189,9,2088.412957
189,10,2080.210967
189,10,2080.210967
189,10,2080.210967
189,10,2080.210967
189,10,2080.210967
189,10,2080.210967
189,12,2055.773750
189,12,2055.773750
189,12,2055.773750
190,9,2088.412957
190,9,2088.412957
190,9,2088.412957
190,9,2088.412957
190,10,2080.210967
190,10,2080.210967
190,10,2080.210967
190,10,2080.210967
190,10,2080.210967
190,10,2080.210967
190,10,2080.210967
190,10,2080.210967
190,12,2055.773750
190,12,2055.773750
190,12,2055.773750
190,12,2055.773750
191,9,2081.345625
191,10,2074.474110
191,12,2055.773750
192,9,2081.345625
192,9,2081.345625
192,10,2074.474110
192,10,2074.474110
192,12,2055.773750
192,12,2055.773750
193,9,2081.345625
193,9,2081.345625
193,9,2081.345625
193,10,2074.474110
193,10,2074.474110
193,10,2074.474110
193,12,2055.773750
193,12,2055.773750
193,12,2055.773750
194,9,2081.345625
194,9,2081.345625
194,9,2081.345625
194,9,2081.345625
194,10,2074.474110
194,10,2074.474110
194,10,2074.474110
194,10,2074.474110
194,12,2055.773750
194,12,2055.773750
194,12,2055.773750
194,12,2055.773750
195,9,2081.345625
195,9,2081.345625
195,9,2081.345625
195,9,2081.345625
195,9,2081.345625
195,10,2066.252835
195,12,2055.773750
195,12,2055.773750
196,9,2081.345625
196,9,2081.345625
196,9,2081.345625
196,9,2081.345625
196,9,2081.345625
196,9,2081.345625
196,9,2081.345625
196,9,2081.345625
196,9,2081.345625
196,9,2081.345625
196,10,2066.252835
196,10,2066.252835
196,12,2055.773750
196,12,2055.773750
196,12,2055.773750
196,12,2055.773750
197,9,2081.345625
197,9,2081.345625
197,9,2081.345625
197,9,2081.345625
197,9,2081.345625
197,9,2081.345625
197,9,2081.345625
197,9,2081.345625
197,9,2081.345625
197,9,2081.345625
197,9,2081.345625
197,9,2081.345625
197,9,2081.345625
197,9,2081.345625
197,9,2081.345625
197,10,2066.252835
197,10,2066.252835
197,10,2066.252835
197,12,2055.773750
197,12,2055.773750
197,12,2055.773750
197,12,2055.773750
197,12,2055.773750
197,12,2055.773750
198,9,2081.345625
198,9,2081.345625
198,9,2081.345625
198,9,2081.345625
198,9,2081.345625
198,9,2081.345625
198,9,2081.345625
198,9,2081.345625
198,9,2081.345625
198,9,2081.345625
198,9,2081.345625
198,9,2081.345625
198,9,2081.345625
198,9,2081.345625
198,9,2081.345625
198,9,2081.345625
198,9,2081.345625
198,9,2081.345625
198,9,2081.345625
198,9,2081.345625
198,10,2066.252835
198,10,2066.252835
198,10,2066.252835
198,10,2066.252835
198,12,2055.773750
198,12,2055.773750
198,12,2055.773750
198,12,2055.773750
198,12,2055.773750
198,12,2055.773750
198,12,2055.773750
198,12,2055.773750
199,9,2066.174634
199,12,2052.814864
200,9,2066.174634
200,9,2066.174634
200,12,2052.814864
200,12,2052.814864
201,9,2066.174634
201,9,2066.174634
201,9,2066.174634
201,12,2052.814864
201,12,2052.814864
201,12,2052.814864
202,9,2066.174634
202,9,2066.174634
202,9,2066.174634
202,9,2066.174634
202,12,2052.814864
202,12,2052.814864
202,12,2052.814864
202,12,2052.814864
203,9,2063.833055
203,12,2052.814864
203,12,2052.814864
203,12,2052.814864
203,12,2052.814864
203,12,2052.814864
204,9,2061.002035
204,12,2052.424883
205,9,2061.002035
205,12,2049.334869
206,9,2061.002035
206,9,2061.002035
206,9,2061.002035
206,12,2040.047481
207,9,2061.002035
207,9,2061.002035
207,9,2061.002035
207,9,2061.002035
207,9,2061.002035
207,9,2061.002035
207,12,2040.047481
207,12,2040.047481
207,12,2040.047481
208,9,2048.915820
208,12,2038.853958
209,8,2413.922432
209,9,2048.915820
209,9,2048.915820
209,12,2038.853958
209,12,2038.853958
210,8,2289.580114
210,9,2048.915820
210,9,2048.915820
210,9,2048.915820
210,12,2038.853958
210,12,2038.853958
210,12,2038.853958
211,8,2289.580114
211,8,2289.580114
211,9,2048.915820
211,9,2048.915820
211,9,2048.915820
211,9,2048.915820
211,12,2038.853958
211,12,2038.853958
211,12,2038.853958
211,12,2038.853958
212,8,2263.430327
212,9,2043.708128
212,12,2038.853958
212,12,2038.853958
212,12,2038.853958
213,8,2263.430327
213,8,2263.430327
213,9,2043.708128
213,9,2043.708128
213,12,2038.853958
213,12,2038.853958
213,12,2038.853958
213,12,2038.853958
213,12,2038.853958
213,12,2038.853958
214,8,2263.430327
214,8,2263.430327
214,8,2263.430327
214,9,2043.708128
214,9,2043.708128
214,9,2043.708128
214,12,2038.853958
214,12,2038.853958
214,12,2038.853958
214,12,2038.853958
214,12,2038.853958
214,12,2038.853958
214,12,2038.853958
214,12,2038.853958
214,12,2038.853958
215,8,2263.430327
215,8,2263.430327
215,8,2263.430327
215,8,2263.430327
215,9,2043.708128
215,9,2043.708128
215,9,2043.708128
215,9,2043.708128
215,12,2038.853958
215,12,2038.853958
215,12,2038.853958
215,12,2038.853958
215,12,2038.853958
215,12,2038.853958
215,12,2038.853958
215,12,2038.853958
215,12,2038.853958
215,12,2038.853958
215,12,2038.853958
215,12,2038.853958
216,8,2259.225978
216,9,2037.575919
216,12,2033.914716
217,8,2244.376867
217,9,2037.575919
217,12,2033.914716
218,8,2244.376867
218,8,2244.376867
218,9,2037.575919
218,12,2033.213265
219,8,2242.312932
219,9,2037.444383
219,12,2032.823285
220,8,2242.312932
220,8,2242.312932
220,9,2034.713865
220,12,2032.823285
221,8,2220.820434
221,9,2032.598620
222,8,2220.820434
222,8,2220.820434
222,9,2032.598620
222,9,2032.598620
223,8,2220.820434
223,8,2220.820434
223,8,2220.820434
223,9,2032.598620
223,9,2032.598620
223,9,2032.598620
224,8,2220.820434
224,8,2220.820434
224,8,2220.820434
224,8,2220.820434
224,9,2032.598620
224,9,2032.598620
224,9,2032.598620
224,9,2032.598620
225,8,2204.648832
225,9,2032.349103
226,8,2193.604666
226,9,2032.349103
226,9,2032.349103
227,8,2193.604666
227,8,2193.604666
227,9,2032.349103
227,9,2032.349103
227,9,2032.349103
228,8,2193.407693
228,9,2032.349103
228,9,2032.349103
228,9,2032.349103
228,9,2032.349103
228,9,2032.349103
228,9,2032.349103
229,8,2184.749572
229,9,2032.349103
229,9,2032.349103
229,9,2032.349103
229,9,2032.349103
229,9,2032.349103
229,9,2032.349103
229,9,2032.349103
229,9,2032.349103
229,9,2032.349103
229,9,2032.349103
230,8,2180.762280
230,9,2031.001371
231,8,2159.967110
231,9,2030.178928
232,8,2159.365666
232,9,2030.178928
232,9,2030.178928
233,8,2152.720624
233,9,2030.178928
233,9,2030.178928
233,9,2030.178928
234,8,2150.076038
234,9,2030.178928
234,9,2030.178928
234,9,2030.178928
234,9,2030.178928
234,9,2030.178928
235,8,2149.668029
235,9,2030.178928
235,9,2030.178928
235,9,2030.178928
235,9,2030.178928
235,9,2030.178928
235,9,2030.178928
235,9,2030.178928
235,9,2030.178928
235,9,2030.178928
235,9,2030.178928
235,9,2030.178928
236,8,2148.414898
236,9,2030.178928
236,9,2030.178928
236,9,2030.178928
236,9,2030.178928
236,9,2030.178928
236,9,2030.178928
236,9,2030.178928
236,9,2030.178928
236,9,2030.178928
236,9,2030.178928
236,9,2030.178928
236,9,2030.178928
236,9,2030.178928
236,9,2030.178928
236,9,2030.178928
236,9,2030.178928
236,9,2030.178928
236,9,2030.178928
236,9,2030.178928
236,9,2030.178928
236,9,2030.178928
236,9,2030.178928
236,9,2030.178928
236,9,2030.178928
236,9,2030.178928
237,8,2148.414898
237,9,2024.897498
238,8,2142.157135
238,9,2024.897498
238,9,2024.897498
239,8,2142.157135
239,9,2024.828049
240,8,2142.157135
240,9,2024.828049
240,9,2024.828049
241,8,2142.157135
241,8,2142.157135
241,9,2024.828049
241,9,2024.828049
241,9,2024.828049
242,8,2139.594939
242,9,2024.828049
242,9,2024.828049
242,9,2024.828049
242,9,2024.828049
242,9,2024.828049
243,8,2139.594939
243,8,2139.594939
243,9,2024.668456
244,8,2130.617536
244,9,2024.599007
245,8,2129.139621
245,9,2024.599007
246,8,2129.139621
246,9,2024.599007
247,8,2129.139621
247,8,2129.139621
247,9,2024.599007
247,9,2024.599007
248,8,2127.911164
248,9,2024.599007
248,9,2024.599007
248,9,2024.599007
249,8,2127.911164
249,8,2127.911164
249,9,2024.599007
249,9,2024.599007
249,9,2024.599007
249,9,2024.599007
249,9,2024.599007
249,9,2024.599007
250,8,2126.826884
250,9,2024.599007
250,9,2024.599007
250,9,2024.599007
250,9,2024.599007
250,9,2024.599007
250,9,2024.599007
250,9,2024.599007
250,9,2024.599007
251,8,2126.826884
251,8,2126.826884
251,8,2126.826884
251,9,2022.531555
252,8,2112.348822
252,9,2022.462106
253,8,2111.651972
253,9,2022.462106
253,9,2022.462106
254,8,2111.264541
254,9,2022.462106
254,9,2022.462106
254,9,2022.462106
255,8,2110.440444
255,9,2022.462106
255,9,2022.462106
255,9,2022.462106
255,9,2022.462106
255,9,2022.462106
256,8,2110.440444
256,8,2110.440444
256,8,2110.440444
256,9,2022.462106
256,9,2022.462106
256,9,2022.462106
256,9,2022.462106
256,9,2022.462106
256,9,2022.462106
256,9,2022.462106
256,9,2022.462106
257,8,2110.440444
257,8,2110.440444
257,8,2110.440444
257,8,2110.440444
257,8,2110.440444
257,8,2110.440444
257,8,2110.440444
257,8,2110.440444
257,9,2022.462106
257,9,2022.462106
257,9,2022.462106
257,9,2022.462106
257,9,2022.462106
257,9,2022.462106
257,9,2022.462106
257,9,2022.462106
257,9,2022.462106
257,9,2022.462106
257,9,2022.462106
257,9,2022.462106
257,9,2022.462106
257,9,2022.462106
258,8,2107.432303
258,9,2022.462106
258,9,2022.462106
258,9,2022.462106
258,9,2022.462106
258,9,2022.462106
258,9,2022.462106
258,9,2022.462106
258,9,2022.462106
258,9,2022.462106
258,9,2022.462106
258,9,2022.462106
258,9,2022.462106
258,9,2022.462106
258,9,2022.462106
258,9,2022.462106
258,9,2022.462106
258,9,2022.462106
258,9,2022.462106
258,9,2022.462106
258,9,2022.462106
258,9,2022.462106
258,9,2022.462106
258,9,2022.462106
258,9,2022.462106
259,8,2107.432303
259,8,2107.432303
259,9,2019.014895
260,8,2107.432303
260,8,2107.432303
260,8,2107.432303
260,8,2107.432303
260,9,2019.014895
261,8,2107.432303
261,8,2107.432303
261,8,2107.432303
261,8,2107.432303
261,8,2107.432303
261,8,2107.432303
261,8,2107.432303
261,8,2107.432303
261,8,2107.432303
261,9,2018.192452
262,8,2103.513434
262,9,2018.192452
262,9,2018.192452
263,8,2100.254796
263,9,2018.192452
263,9,2018.192452
263,9,2018.192452
263,9,2018.192452
264,8,2100.254796
264,8,2100.254796
264,9,2018.192452
264,9,2018.192452
264,9,2018.192452
264,9,2018.192452
264,9,2018.192452
264,9,2018.192452
265,8,2096.080406
265,9,2018.192452
265,9,2018.192452
265,9,2018.192452
265,9,2018.192452
265,9,2018.192452
265,9,2018.192452
265,9,2018.192452
265,9,2018.192452
265,9,2018.192452
265,9,2018.192452
265,9,2018.192452
266,8,2096.080406
266,8,2096.080406
266,9,2018.192452
266,9,2018.192452
266,9,2018.192452
266,9,2018.192452
266,9,2018.192452
266,9,2018.192452
266,9,2018.192452
266,9,2018.192452
266,9,2018.192452
266,9,2018.192452
266,9,2018.192452
266,9,2018.192452
266,9,2018.192452
266,9,2018.192452
266,9,2018.192452
266,9,2018.192452
266,9,2018.192452
266,9,2018.192452
266,9,2018.192452
266,9,2018.192452
266,9,2018.192452
267,8,2083.199459
267,9,2018.192452
267,9,2018.192452
267,9,2018.192452
267,9,2018.192452
267,9,2018.192452
267,9,2018.192452
267,9,2018.192452
267,9,2018.192452
267,9,2018.192452
267,9,2018.192452
267,9,2018.192452
267,9,2018.192452
267,9,2018.192452
267,9,2018.192452
267,9,2018.192452
267,9,2018.192452
267,9,2018.192452
267,9,2018.192452
267,9,2018.192452
267,9,2018.192452
267,9,2018.192452
267,9,2018.192452
267,9,2018.192452
267,9,2018.192452
267,9,2018.192452
267,9,2018.192452
267,9,2018.192452
267,9,2018.192452
267,9,2018.192452
267,9,2018.192452
267,9,2018.192452
267,9,2018.192452
267,9,2018.192452
267,9,2018.192452
267,9,2018.192452
267,9,2018.192452
267,9,2018.192452
267,9,2018.192452
268,8,2081.601989
268,9,2018.192452
268,9,2018.192452
268,9,2018.192452
268,9,2018.192452
268,9,2018.192452
268,9,2018.192452
268,9,2018.192452
268,9,2018.192452
268,9,2018.192452
268,9,2018.192452
268,9,2018.192452
268,9,2018.192452
268,9,2018.192452
268,9,2018.192452
268,9,2018.192452
268,9,2018.192452
268,9,2018.192452
268,9,2018.192452
268,9,2018.192452
268,9,2018.192452
268,9,2018.192452
268,9,2018.192452
268,9,2018.192452
268,9,2018.192452
268,9,2018.192452
268,9,2018.192452
268,9,2018.192452
268,9,2018.192452
268,9,2018.192452
268,9,2018.192452
268,9,2018.192452
268,9,2018.192452
268,9,2018.192452
268,9,2018.192452
268,9,2018.192452
268,9,2018.192452
268,9,2018.192452
268,9,2018.192452
268,9,2018.192452
268,9,2018.192452
268,9,2018.192452
268,9,2018.192452
268,9,2018.192452
268,9,2018.192452
268,9,2018.192452
268,9,2018.192452
268,9,2018.192452
268,9,2018.192452
268,9,2018.192452
268,9,2018.192452
268,9,2018.192452
268,9,2018.192452
268,9,2018.192452
268,9,2018.192452
268,9,2018.192452
268,9,2018.192452
268,9,2018.192452
268,9,2018.192452
268,9,2018.192452
268,9,2018.192452
268,9,2018.192452
268,9,2018.192452
268,9,2018.192452
268,9,2018.192452
268,9,2018.192452
268,9,2018.192452
268,9,2018.192452
268,9,2018.192452
268,9,2018.192452
268,9,2018.192452
268,9,2018.192452
268,9,2018.192452
268,9,2018.192452
268,9,2018.192452
268,9,2018.192452
268,9,2018.192452
268,9,2018.192452
268,9,2018.192452
268,9,2018.192452
268,9,2018.192452
268,9,2018.192452
268,9,2018.192452
268,9,2018.192452
268,9,2018.192452
268,9,2018.192452
268,9,2018.192452
268,9,2018.192452
268,9,2018.192452
268,9,2018.192452
269,8,2081.601989
269,8,2081.601989
269,9,2018.192452
269,9,2018.192452
269,9,2018.192452
269,9,2018.192452
269,9,2018.192452
269,9,2018.192452
269,9,2018.192452
269,9,2018.192452
269,9,2018.192452
269,9,2018.192452
269,9,2018.192452
269,9,2018.192452
269,9,2018.192452
269,9,2018.192452
269,9,2018.192452
269,9,2018.192452
269,9,2018.192452
269,9,2018.192452
269,9,2018.192452
269,9,2018.192452
269,9,2018.192452
269,9,2018.192452
269,9,2018.192452
269,9,2018.192452
269,9,2018.192452
269,9,2018.192452
269,9,2018.192452
269,9,2018.192452
269,9,2018.192452
269,9,2018.192452
269,9,2018.192452
269,9,2018.192452
269,9,2018.192452
269,9,2018.192452
269,9,2018.192452
269,9,2018.192452
269,9,2018.192452
269,9,2018.192452
269,9,2018.192452
269,9,2018.192452
269,9,2018.192452
269,9,2018.192452
269,9,2018.192452
269,9,2018.192452
269,9,2018.192452
269,9,2018.192452
269,9,2018.192452
269,9,2018.192452
269,9,2018.192452
269,9,2018.192452
269,9,2018.192452
269,9,2018.192452
269,9,2018.192452
269,9,2018.192452
269,9,2018.192452
269,9,2018.192452
269,9,2018.192452
269,9,2018.192452
269,9,2018.192452
269,9,2018.192452
269,9,2018.192452
269,9,2018.192452
269,9,2018.192452
269,9,2018.192452
269,9,2018.192452
269,9,2018.192452
269,9,2018.192452
269,9,2018.192452
269,9,2018.192452
269,9,2018.192452
269,9,2018.192452
269,9,2018.192452
269,9,2018.192452
269,9,2018.192452
269,9,2018.192452
269,9,2018.192452
269,9,2018.192452
269,9,2018.192452
269,9,2018.192452
269,9,2018.192452
269,9,2018.192452
269,9,2018.192452
269,9,2018.192452
269,9,2018.192452
269,9,2018.192452
269,9,2018.192452
269,9,2018.192452
269,9,2018.192452
269,9,2018.192452
269,9,2018.192452
269,9,2018.192452
269,9,2018.192452
269,9,2018.192452
269,9,2018.192452
269,9,2018.192452
269,9,2018.192452
269,9,2018.192452
269,9,2018.192452
269,9,2018.192452
269,9,2018.192452
269,9,2018.192452
269,9,2018.192452
269,9,2018.192452
269,9,2018.192452
269,9,2018.192452
269,9,2018.192452
269,9,2018.192452
269,9,2018.192452
269,9,2018.192452
269,9,2018.192452
269,9,2018.192452
269,9,2018.192452
269,9,2018.192452
269,9,2018.192452
269,9,2018.192452
269,9,2018.192452
269,9,2018.192452
269,9,2018.192452
269,9,2018.192452
269,9,2018.192452
269,9,2018.192452
269,9,2018.192452
269,9,2018.192452
269,9,2018.192452
269,9,2018.192452
269,9,2018.192452
269,9,2018.192452
269,9,2018.192452
269,9,2018.192452
269,9,2018.192452
269,9,2018.192452
269,9,2018.192452
269,9,2018.192452
269,9,2018.192452
269,9,2018.192452
269,9,2018.192452
269,9,2018.192452
269,9,2018.192452
269,9,2018.192452
269,9,2018.192452
269,9,2018.192452
269,9,2018.192452
269,9,2018.192452
269,9,2018.192452
269,9,2018.192452
269,9,2018.192452
269,9,2018.192452
269,9,2018.192452
270,8,2074.610337
270,9,2018.192452
270,9,2018.192452
270,9,2018.192452
270,9,2018.192452
270,9,2018.192452
270,9,2018.192452
270,9,2018.192452
270,9,2018.192452
270,9,2018.192452
270,9,2018.192452
270,9,2018.192452
270,9,2018.192452
270,9,2018.192452
270,9,2018.192452
270,9,2018.192452
270,9,2018.192452
270,9,2018.192452
270,9,2018.192452
270,9,2018.192452
270,9,2018.192452
270,9,2018.192452
270,9,2018.192452
270,9,2018.192452
270,9,2018.192452
270,9,2018.192452
270,9,2018.192452
270,9,2018.192452
270,9,2018.192452
270,9,2018.192452
270,9,2018.192452
270,9,2018.192452
270,9,2018.192452
270,9,2018.192452
270,9,2018.192452
270,9,2018.192452
270,9,2018.192452
270,9,2018.192452
270,9,2018.192452
270,9,2018.192452
270,9,2018.192452
270,9,2018.192452
270,9,2018.192452
270,9,2018.192452
270,9,2018.192452
270,9,2018.192452
270,9,2018.192452
270,9,2018.192452
270,9,2018.192452
270,9,2018.192452
270,9,2018.192452
270,9,2018.192452
270,9,2018.192452
270,9,2018.192452
270,9,2018.192452
270,9,2018.192452
270,9,2018.192452
270,9,2018.192452
270,9,2018.192452
270,9,2018.192452
270,9,2018.192452
270,9,2018.192452
270,9,2018.192452
270,9,2018.192452
270,9,2018.192452
270,9,2018.192452
270,9,2018.192452
270,9,2018.192452
270,9,2018.192452
270,9,2018.192452
270,9,2018.192452
270,9,2018.192452
270,9,2018.192452
270,9,2018.192452
270,9,2018.192452
270,9,2018.192452
270,9,2018.192452
270,9,2018.192452
270,9,2018.192452
270,9,2018.192452
270,9,2018.192452
270,9,2018.192452
270,9,2018.192452
270,9,2018.192452
270,9,2018.192452
270,9,2018.192452
270,9,2018.192452
270,9,2018.192452
270,9,2018.192452
270,9,2018.192452
270,9,2018.192452
270,9,2018.192452
270,9,2018.192452
270,9,2018.192452
270,9,2018.192452
270,9,2018.192452
270,9,2018.192452
270,9,2018.192452
270,9,2018.192452
270,9,2018.192452
270,9,2018.192452
270,9,2018.192452
270,9,2018.192452
270,9,2018.192452
270,9,2018.192452
270,9,2018.192452
270,9,2018.192452
270,9,2018.192452
270,9,2018.192452
270,9,2018.192452
270,9,2018.192452
270,9,2018.192452
270,9,2018.192452
270,9,2018.192452
270,9,2018.192452
270,9,2018.192452
270,9,2018.192452
270,9,2018.192452
270,9,2018.192452
270,9,2018.192452
270,9,2018.192452
270,9,2018.192452
270,9,2018.192452
270,9,2018.192452
270,9,2018.192452
270,9,2018.192452
270,9,2018.192452
270,9,2018.192452
270,9,2018.192452
270,9,2018.192452
270,9,2018.192452
270,9,2018.192452
270,9,2018.192452
270,9,2018.192452
270,9,2018.192452
270,9,2018.192452
270,9,2018.192452
270,9,2018.192452
270,9,2018.192452
270,9,2018.192452
270,9,2018.192452
270,9,2018.192452
270,9,2018.192452
270,9,2018.192452
270,9,2018.192452
270,9,2018.192452
270,9,2018.192452
270,9,2018.192452
270,9,2018.192452
270,9,2018.192452
271,8,2073.925868
271,9,2018.192452
271,9,2018.192452
271,9,2018.192452
271,9,2018.192452
271,9,2018.192452
271,9,2018.192452
271,9,2018.192452
271,9,2018.192452
271,9,2018.192452
271,9,2018.192452
271,9,2018.192452
271,9,2018.192452
271,9,2018.192452
271,9,2018.192452
271,9,2018.192452
271,9,2018.192452
271,9,2018.192452
271,9,2018.192452
271,9,2018.192452
271,9,2018.192452
271,9,2018.192452
271,9,2018.192452
271,9,2018.192452
271,9,2018.192452
271,9,2018.192452
271,9,2018.192452
271,9,2018.192452
271,9,2018.192452
271,9,2018.192452
271,9,2018.192452
271,9,2018.192452
271,9,2018.192452
271,9,2018.192452
271,9,2018.192452
271,9,2018.192452
271,9,2018.192452
271,9,2018.192452
271,9,2018.192452
271,9,2018.192452
271,9,2018.192452
271,9,2018.192452
271,9,2018.192452
271,9,2018.192452
271,9,2018.192452
271,9,2018.192452
271,9,2018.192452
271,9,2018.192452
271,9,2018.192452
271,9,2018.192452
271,9,2018.192452
271,9,2018.192452
271,9,2018.192452
271,9,2018.192452
271,9,2018.192452
271,9,2018.192452
271,9,2018.192452
271,9,2018.192452
271,9,2018.192452
271,9,2018.192452
271,9,2018.192452
271,9,2018.192452
271,9,2018.192452
271,9,2018.192452
271,9,2018.192452
271,9,2018.192452
271,9,2018.192452
271,9,2018.192452
271,9,2018.192452
271,9,2018.192452
271,9,2018.192452
271,9,2018.192452
271,9,2018.192452
271,9,2018.192452
271,9,2018.192452
271,9,2018.192452
271,9,2018.192452
271,9,2018.192452
271,9,2018.192452
271,9,2018.192452
271,9,2018.192452
271,9,2018.192452
271,9,2018.192452
271,9,2018.192452
271,9,2018.192452
271,9,2018.192452
271,9,2018.192452
271,9,2018.192452
271,9,2018.192452
271,9,2018.192452
271,9,2018.192452
271,9,2018.192452
271,9,2018.192452
271,9,2018.192452
271,9,2018.192452
271,9,2018.192452
271,9,2018.192452
271,9,2018.192452
271,9,2018.192452
271,9,2018.192452
271,9,2018.192452
271,9,2018.192452
271,9,2018.192452
271,9,2018.192452
271,9,2018.192452
271,9,2018.192452
271,9,2018.192452
271,9,2018.192452
271,9,2018.192452
271,9,2018.192452
271,9,2018.192452
271,9,2018.192452
271,9,2018.192452
271,9,2018.192452
271,9,2018.192452
271,9,2018.192452
271,9,2018.192452
271,9,2018.192452
271,9,2018.192452
271,9,2018.192452
271,9,2018.192452
271,9,2018.192452
271,9,2018.192452
271,9,2018.192452
271,9,2018.192452
271,9,2018.192452
271,9,2018.192452
271,9,2018.192452
271,9,2018.192452
271,9,2018.192452
271,9,2018.192452
271,9,2018.192452
271,9,2018.192452
271,9,2018.192452
271,9,2018.192452
271,9,2018.192452
271,9,2018.192452
271,9,2018.192452
271,9,2018.192452
271,9,2018.192452
271,9,2018.192452
271,9,2018.192452
271,9,2018.192452
271,9,2018.192452
271,9,2018.192452
271,9,2018.192452
271,9,2018.192452
271,9,2018.192452
271,9,2018.192452
271,9,2018.192452
272,8,2073.925868
272,8,2073.925868
272,9,2018.192452
272,9,2018.192452
272,9,2018.192452
272,9,2018.192452
272,9,2018.192452
272,9,2018.192452
272,9,2018.192452
272,9,2018.192452
272,9,2018.192452
272,9,2018.192452
272,9,2018.192452
272,9,2018.192452
272,9,2018.192452
272,9,2018.192452
272,9,2018.192452
272,9,2018.192452
272,9,2018.192452
272,9,2018.192452
272,9,2018.192452
272,9,2018.192452
272,9,2018.192452
272,9,2018.192452
272,9,2018.192452
272,9,2018.192452
272,9,2018.192452
272,9,2018.192452
272,9,2018.192452
272,9,2018.192452
272,9,2018.192452
272,9,2018.192452
272,9,2018.192452
272,9,2018.192452
272,9,2018.192452
272,9,2018.192452
272,9,2018.192452
272,9,2018.192452
272,9,2018.192452
272,9,2018.192452
272,9,2018.192452
272,9,2018.192452
272,9,2018.192452
272,9,2018.192452
272,9,2018.192452
272,9,2018.192452
272,9,2018.192452
272,9,2018.192452
272,9,2018.192452
272,9,2018.192452
272,9,2018.192452
272,9,2018.192452
272,9,2018.192452
272,9,2018.192452
272,9,2018.192452
272,9,2018.192452
272,9,2018.192452
272,9,2018.192452
272,9,2018.192452
272,9,2018.192452
272,9,2018.192452
272,9,2018.192452
272,9,2018.192452
272,9,2018.192452
272,9,2018.192452
272,9,2018.192452
272,9,2018.192452
272,9,2018.192452
272,9,2018.192452
272,9,2018.192452
272,9,2018.192452
272,9,2018.192452
272,9,2018.192452
272,9,2018.192452
272,9,2018.192452
272,9,2018.192452
272,9,2018.192452
272,9,2018.192452
272,9,2018.192452
272,9,2018.192452
272,9,2018.192452
272,9,2018.192452
272,9,2018.192452
272,9,2018.192452
272,9,2018.192452
272,9,2018.192452
272,9,2018.192452
272,9,2018.192452
272,9,2018.192452
272,9,2018.192452
272,9,2018.192452
272,9,2018.192452
272,9,2018.192452
272,9,2018.192452
272,9,2018.192452
272,9,2018.192452
272,9,2018.192452
272,9,2018.192452
272,9,2018.192452
272,9,2018.192452
272,9,2018.192452
272,9,2018.192452
272,9,2018.192452
272,9,2018.192452
272,9,2018.192452
272,9,2018.192452
272,9,2018.192452
272,9,2018.192452
272,9,2018.192452
272,9,2018.192452
272,9,2018.192452
272,9,2018.192452
272,9,2018.192452
272,9,2018.192452
272,9,2018.192452
272,9,2018.192452
272,9,2018.192452
272,9,2018.192452
272,9,2018.192452
272,9,2018.192452
272,9,2018.192452
272,9,2018.192452
272,9,2018.192452
272,9,2018.192452
272,9,2018.192452
272,9,2018.192452
272,9,2018.192452
272,9,2018.192452
272,9,2018.192452
272,9,2018.192452
272,9,2018.192452
272,9,2018.192452
272,9,2018.192452
272,9,2018.192452
272,9,2018.192452
272,9,2018.192452
272,9,2018.192452
272,9,2018.192452
272,9,2018.192452
272,9,2018.192452
272,9,2018.192452
272,9,2018.192452
272,9,2018.192452
272,9,2018.192452
272,9,2018.192452
272,9,2018.192452
272,9,2018.192452
272,9,2018.192452
272,9,2018.192452
272,9,2018.192452
273,8,2073.925868
273,8,2073.925868
273,8,2073.925868
273,9,2017.941537
274,8,2071.535168
274,9,2017.941537
274,9,2017.941537
275,8,2071.535168
275,9,2017.941537
275,9,2017.941537
275,9,2017.941537
276,8,2071.535168
276,8,2071.535168
276,9,2017.941537
276,9,2017.941537
276,9,2017.941537
276,9,2017.941537
276,9,2017.941537
276,9,2017.941537
277,8,2071.535168
277,8,2071.535168
277,8,2071.535168
277,9,2017.941537
277,9,2017.941537
277,9,2017.941537
277,9,2017.941537
277,9,2017.941537
277,9,2017.941537
277,9,2017.941537
277,9,2017.941537
277,9,2017.941537
278,8,2071.535168
278,8,2071.535168
278,8,2071.535168
278,8,2071.535168
278,8,2071.535168
278,9,2016.483369
279,8,2071.535168
279,8,2071.535168
279,8,2071.535168
279,8,2071.535168
279,8,2071.535168
279,8,2071.535168
279,8,2071.535168
279,9,2016.483369
279,9,2016.483369
280,8,2071.535168
280,8,2071.535168
280,8,2071.535168
280,8,2071.535168
280,8,2071.535168
280,8,2071.535168
280,8,2071.535168
280,8,2071.535168
280,8,2071.535168
280,8,2071.535168
280,8,2071.535168
280,8,2071.535168
280,8,2071.535168
280,8,2071.535168
280,9,2016.483369
280,9,2016.483369
280,9,2016.483369
281,8,2065.343497
281,9,2016.483369
281,9,2016.483369
281,9,2016.483369
281,9,2016.483369
282,8,2065.343497
282,8,2065.343497
282,9,2016.483369
282,9,2016.483369
282,9,2016.483369
282,9,2016.483369
282,9,2016.483369
282,9,2016.483369
282,9,2016.483369
282,9,2016.483369
283,8,2065.343497
283,8,2065.343497
283,8,2065.343497
283,9,2016.483369
283,9,2016.483369
283,9,2016.483369
283,9,2016.483369
283,9,2016.483369
283,9,2016.483369
283,9,2016.483369
283,9,2016.483369
283,9,2016.483369
283,9,2016.483369
283,9,2016.483369
283,9,2016.483369
283,9,2016.483369
283,9,2016.483369
283,9,2016.483369
284,8,2065.343497
284,8,2065.343497
284,8,2065.343497
284,9,2016.483369
284,9,2016.483369
284,9,2016.483369
284,9,2016.483369
284,9,2016.483369
284,9,2016.483369
284,9,2016.483369
284,9,2016.483369
284,9,2016.483369
284,9,2016.483369
284,9,2016.483369
284,9,2016.483369
284,9,2016.483369
284,9,2016.483369
284,9,2016.483369
284,9,2016.483369
284,9,2016.483369
284,9,2016.483369
284,9,2016.483369
284,9,2016.483369
284,9,2016.483369
284,9,2016.483369
284,9,2016.483369
284,9,2016.483369
284,9,2016.483369
285,8,2065.343497
285,8,2065.343497
285,8,2065.343497
285,8,2065.343497
285,8,2065.343497
285,9,2015.955408
286,8,2065.343497
286,8,2065.343497
286,8,2065.343497
286,8,2065.343497
286,8,2065.343497
286,8,2065.343497
286,8,2065.343497
286,8,2065.343497
286,8,2065.343497
286,9,2015.955408
286,9,2015.955408
287,8,2065.343497
287,8,2065.343497
287,8,2065.343497
287,8,2065.343497
287,8,2065.343497
287,8,2065.343497
287,8,2065.343497
287,8,2065.343497
287,8,2065.343497
287,8,2065.343497
287,8,2065.343497
287,8,2065.343497
287,8,2065.343497
287,8,2065.343497
287,9,2015.955408
287,9,2015.955408
287,9,2015.955408
288,8,2065.343497
288,8,2065.343497
288,8,2065.343497
288,8,2065.343497
288,8,2065.343497
288,8,2065.343497
288,8,2065.343497
288,8,2065.343497
288,8,2065.343497
288,8,2065.343497
288,8,2065.343497
288,8,2065.343497
288,8,2065.343497
288,8,2065.343497
288,8,2065.343497
288,8,2065.343497
288,8,2065.343497
288,8,2065.343497
288,8,2065.343497
288,8,2065.343497
288,8,2065.343497
288,8,2065.343497
288,8,2065.343497
288,8,2065.343497
288,9,2015.955408
288,9,2015.955408
288,9,2015.955408
288,9,2015.955408
289,8,2065.343497
289,8,2065.343497
289,8,2065.343497
289,8,2065.343497
289,8,2065.343497
289,8,2065.343497
289,8,2065.343497
289,8,2065.343497
289,8,2065.343497
289,8,2065.343497
289,8,2065.343497
289,8,2065.343497
289,8,2065.343497
289,8,2065.343497
289,8,2065.343497
289,8,2065.343497
289,8,2065.343497
289,8,2065.343497
289,8,2065.343497
289,8,2065.343497
289,8,2065.343497
289,8,2065.343497
289,8,2065.343497
289,8,2065.343497
289,8,2065.343497
289,8,2065.343497
289,8,2065.343497
289,8,2065.343497
289,8,2065.343497
289,8,2065.343497
289,8,2065.343497
289,8,2065.343497
289,8,2065.343497
289,8,2065.343497
289,8,2065.343497
289,8,2065.343497
289,8,2065.343497
289,8,2065.343497
289,8,2065.343497
289,8,2065.343497
289,8,2065.343497
289,8,2065.343497
289,8,2065.343497
289,8,2065.343497
289,8,2065.343497
289,8,2065.343497
289,9,2015.955408
289,9,2015.955408
289,9,2015.955408
289,9,2015.955408
289,9,2015.955408
289,9,2015.955408
290,8,2065.343497
290,8,2065.343497
290,8,2065.343497
290,8,2065.343497
290,8,2065.343497
290,8,2065.343497
290,8,2065.343497
290,8,2065.343497
290,8,2065.343497
290,8,2065.343497
290,8,2065.343497
290,8,2065.343497
290,8,2065.343497
290,8,2065.343497
290,8,2065.343497
290,8,2065.343497
290,8,2065.343497
290,8,2065.343497
290,8,2065.343497
290,8,2065.343497
290,8,2065.343497
290,8,2065.343497
290,8,2065.343497
290,8,2065.343497
290,8,2065.343497
290,8,2065.343497
290,8,2065.343497
290,8,2065.343497
290,8,2065.343497
290,8,2065.343497
290,8,2065.343497
290,8,2065.343497
290,8,2065.343497
290,8,2065.343497
290,8,2065.343497
290,8,2065.343497
290,8,2065.343497
290,8,2065.343497
290,8,2065.343497
290,8,2065.343497
290,8,2065.343497
290,8,2065.343497
290,8,2065.343497
290,8,2065.343497
290,8,2065.343497
290,8,2065.343497
290,8,2065.343497
290,8,2065.343497
290,8,2065.343497
290,8,2065.343497
290,8,2065.343497
290,8,2065.343497
290,8,2065.343497
290,8,2065.343497
290,8,2065.343497
290,8,2065.343497
290,8,2065.343497
290,8,2065.343497
290,8,2065.343497
290,8,2065.343497
290,8,2065.343497
290,8,2065.343497
290,8,2065.343497
290,8,2065.343497
290,8,2065.343497
290,8,2065.343497
290,8,2065.343497
290,8,2065.343497
290,8,2065.343497
290,8,2065.343497
290,8,2065.343497
290,8,2065.343497
290,8,2065.343497
290,8,2065.343497
290,8,2065.343497
290,8,2065.343497
290,8,2065.343497
290,8,2065.343497
290,8,2065.343497
290,8,2065.343497
290,8,2065.343497
290,8,2065.343497
290,8,2065.343497
290,8,2065.343497
290,8,2065.343497
290,8,2065.343497
290,8,2065.343497
290,8,2065.343497
290,8,2065.343497
290,9,2015.955408
290,9,2015.955408
290,9,2015.955408
290,9,2015.955408
290,9,2015.955408
290,9,2015.955408
290,9,2015.955408
290,9,2015.955408
290,9,2015.955408
290,9,2015.955408
290,9,2015.955408
291,8,2065.258925
291,9,2015.955408
291,9,2015.955408
291,9,2015.955408
291,9,2015.955408
291,9,2015.955408
291,9,2015.955408
291,9,2015.955408
291,9,2015.955408
291,9,2015.955408
291,9,2015.955408
291,9,2015.955408
291,9,2015.955408
291,9,2015.955408
291,9,2015.955408
291,9,2015.955408
291,9,2015.955408
291,9,2015.955408
291,9,2015.955408
291,9,2015.955408
291,9,2015.955408
291,9,2015.955408
291,9,2015.955408
291,9,2015.955408
292,8,2065.258925
292,9,2015.955408
292,9,2015.955408
292,9,2015.955408
292,9,2015.955408
292,9,2015.955408
292,9,2015.955408
292,9,2015.955408
292,9,2015.955408
292,9,2015.955408
292,9,2015.955408
292,9,2015.955408
292,9,2015.955408
292,9,2015.955408
292,9,2015.955408
292,9,2015.955408
292,9,2015.955408
292,9,2015.955408
292,9,2015.955408
292,9,2015.955408
292,9,2015.955408
292,9,2015.955408
292,9,2015.955408
292,9,2015.955408
292,9,2015.955408
292,9,2015.955408
292,9,2015.955408
292,9,2015.955408
292,9,2015.955408
292,9,2015.955408
292,9,2015.955408
292,9,2015.955408
292,9,2015.955408
292,9,2015.955408
292,9,2015.955408
292,9,2015.955408
292,9,2015.955408
292,9,2015.955408
292,9,2015.955408
292,9,2015.955408
292,9,2015.955408
292,9,2015.955408
292,9,2015.955408
292,9,2015.955408
292,9,2015.955408
293,8,2065.258925
293,9,2015.955408
293,9,2015.955408
293,9,2015.955408
293,9,2015.955408
293,9,2015.955408
293,9,2015.955408
293,9,2015.955408
293,9,2015.955408
293,9,2015.955408
293,9,2015.955408
293,9,2015.955408
293,9,2015.955408
293,9,2015.955408
293,9,2015.955408
293,9,2015.955408
293,9,2015.955408
293,9,2015.955408
293,9,2015.955408
293,9,2015.955408
293,9,2015.955408
293,9,2015.955408
293,9,2015.955408
293,9,2015.955408
293,9,2015.955408
293,9,2015.955408
293,9,2015.955408
293,9,2015.955408
293,9,2015.955408
293,9,2015.955408
293,9,2015.955408
293,9,2015.955408
293,9,2015.955408
293,9,2015.955408
293,9,2015.955408
293,9,2015.955408
293,9,2015.955408
293,9,2015.955408
293,9,2015.955408
293,9,2015.955408
293,9,2015.955408
293,9,2015.955408
293,9,2015.955408
293,9,2015.955408
293,9,2015.955408
293,9,2015.955408
293,9,2015.955408
293,9,2015.955408
293,9,2015.955408
293,9,2015.955408
293,9,2015.955408
293,9,2015.955408
293,9,2015.955408
293,9,2015.955408
293,9,2015.955408
293,9,2015.955408
293,9,2015.955408
293,9,2015.955408
293,9,2015.955408
293,9,2015.955408
293,9,2015.955408
293,9,2015.955408
293,9,2015.955408
293,9,2015.955408
293,9,2015.955408
293,9,2015.955408
293,9,2015.955408
293,9,2015.955408
293,9,2015.955408
293,9,2015.955408
293,9,2015.955408
293,9,2015.955408
293,9,2015.955408
293,9,2015.955408
293,9,2015.955408
293,9,2015.955408
293,9,2015.955408
293,9,2015.955408
293,9,2015.955408
293,9,2015.955408
293,9,2015.955408
293,9,2015.955408
293,9,2015.955408
293,9,2015.955408
293,9,2015.955408
293,9,2015.955408
293,9,2015.955408
293,9,2015.955408
293,9,2015.955408
293,9,2015.955408
293,9,2015.955408
293,9,2015.955408
293,9,2015.955408
293,9,2015.955408
293,9,2015.955408
