Generation,NV,TOC
1,19,6517.649204
1,20,5412.853101
1,22,5199.146441
1,24,4800.502774
1,25,4706.086628
1,26,4556.901062
1,32,4502.053885
1,33,4372.175352
1,41,4339.679716
1,43,4148.425055
1,49,4140.734059
1,52,4095.836104
2,19,6517.649204
2,20,5412.853101
2,22,5076.615336
2,23,5030.832353
2,24,4800.502774
2,25,4706.086628
2,26,4556.901062
2,28,4483.807985
2,32,4362.012608
2,35,4336.407405
2,42,4125.680595
2,43,4093.893681
2,45,3990.539215
2,49,3939.928493
3,19,5632.691033
3,20,5145.618964
3,22,5076.615336
3,23,5030.832353
3,24,4800.502774
3,25,4706.086628
3,26,4556.901062
3,27,4407.870867
3,29,4307.145648
3,42,4125.680595
3,43,4093.893681
3,45,3990.539215
3,49,3939.928493
4,18,5618.107418
4,20,5145.618964
4,22,5076.615336
4,23,5030.832353
4,24,4800.502774
4,25,4706.086628
4,26,4556.901062
4,27,4407.870867
4,29,4307.145648
4,39,4258.707030
4,40,4028.443776
4,45,3990.539215
4,46,3915.828498
4,49,3909.574365
5,18,5353.368532
5,20,5141.235677
5,22,5076.615336
5,23,4743.540289
5,24,4679.925183
5,25,4581.228930
5,26,4556.901062
5,27,4407.870867
5,28,4401.383068
5,29,4307.145648
5,31,4293.447249
5,37,3846.078704
6,18,4850.292580
6,23,4736.395413
6,24,4453.275733
6,27,4407.870867
6,28,4183.499972
6,34,3810.036271
6,36,3764.562908
6,40,3738.637052
7,17,6257.778299
7,18,4850.292580
7,23,4736.395413
7,24,4453.275733
7,27,4407.870867
7,28,4183.499972
7,34,3810.036271
7,36,3764.562908
7,40,3738.637052
8,17,5124.154708
8,18,4850.292580
8,22,4608.752789
8,23,4372.373156
8,28,4183.499972
8,34,3810.036271
8,36,3764.562908
8,40,3738.637052
9,16,6621.212553
9,17,4720.538189
9,18,4699.228515
9,22,4608.752789
9,23,4372.373156
9,28,4183.499972
9,29,4174.133298
9,30,4132.185512
9,34,3810.036271
9,36,3764.562908
9,40,3738.637052
9,45,3722.776378
10,16,5130.397338
10,17,4611.938493
10,21,4589.648772
10,22,4481.730218
10,23,4372.373156
10,26,4372.014592
10,27,4254.007651
10,28,4183.499972
10,29,4174.133298
10,30,4132.185512
10,31,3976.916901
10,33,3955.389555
10,34,3810.036271
10,36,3764.562908
10,40,3732.231730
10,43,3726.739400
10,45,3722.776378
11,16,5130.397338
11,17,4611.938493
11,18,4528.018456
11,22,4481.730218
11,23,4372.373156
11,24,4221.694122
11,28,4183.499972
11,29,4049.666480
11,31,3947.390605
11,33,3928.849393
11,34,3810.036271
11,36,3764.562908
11,40,3732.231730
11,43,3726.739400
11,45,3704.533315
12,16,5130.397338
12,17,4611.938493
12,18,4480.291487
12,19,4374.143519
12,23,4372.373156
12,24,4221.694122
12,28,4035.133071
12,31,3947.390605
12,33,3928.849393
12,34,3810.036271
12,36,3764.562908
12,40,3732.231730
12,43,3726.739400
12,45,3699.653154
12,46,3692.237268
12,48,3685.288595
13,16,4626.263448
13,17,4611.938493
13,18,4480.291487
13,19,4374.143519
13,21,4200.431510
13,24,4181.242304
13,26,4165.164589
13,28,4035.133071
13,31,3947.390605
13,33,3928.849393
13,34,3810.036271
13,36,3764.562908
13,40,3732.231730
13,43,3726.739400
13,44,3714.870410
13,45,3699.653154
13,46,3692.237268
13,48,3685.288595
14,15,5701.626054
14,16,4626.263448
14,17,4341.233294
14,21,4200.431510
14,24,4181.242304
14,26,4165.164589
14,27,4086.657224
14,28,4035.133071
14,31,3947.390605
14,33,3928.849393
14,34,3810.036271
14,36,3764.562908
14,40,3694.525856
14,46,3692.237268
14,48,3685.288595
15,14,5820.659153
15,15,5446.610148
15,16,4626.263448
15,17,4341.233294
15,18,4187.774456
15,19,4131.853615
15,22,3955.150601
15,31,3947.390605
15,33,3928.849393
15,34,3810.036271
15,36,3764.562908
15,40,3694.525856
15,46,3692.237268
15,48,3685.288595
16,14,5820.659153
16,15,5446.610148
16,16,4626.263448
16,17,4341.233294
16,18,4187.774456
16,19,4131.853615
16,21,3946.826724
16,33,3928.849393
16,34,3810.036271
16,36,3764.562908
16,37,3636.346388
16,40,3619.806528
17,14,5820.659153
17,15,5446.610148
17,16,4626.263448
17,17,4341.233294
17,18,4187.774456
17,19,4131.853615
17,21,3946.826724
17,23,3892.063458
17,28,3888.983125
17,30,3871.269709
17,31,3853.659458
17,34,3810.036271
17,36,3761.873812
17,37,3636.346388
17,40,3619.806528
18,14,5820.659153
18,15,4996.276587
18,16,4626.263448
18,17,4341.233294
18,18,4166.350185
18,19,4131.853615
18,21,3946.826724
18,23,3892.063458
18,28,3888.983125
18,30,3816.354577
18,33,3738.793777
18,36,3641.956064
18,37,3636.346388
18,40,3619.806528
18,41,3566.381663
19,14,5820.659153
19,15,4996.276587
19,16,4626.263448
19,17,4284.904627
19,18,4166.350185
19,19,4131.853615
19,20,4023.027782
19,21,3946.826724
19,22,3922.075526
19,23,3892.063458
19,28,3888.983125
19,30,3788.264683
19,33,3738.793777
19,36,3641.956064
19,37,3636.346388
19,38,3584.251884
19,41,3566.381663
19,42,3564.095825
20,14,5820.659153
20,15,4996.276587
20,16,4626.263448
20,17,4284.904627
20,18,4166.350185
20,19,4036.153698
20,20,4023.027782
20,21,3746.380605
20,22,3707.035641
20,23,3666.006684
20,31,3608.247288
20,35,3553.424482
20,40,3527.184989
20,42,3501.984661
21,14,5773.566742
21,15,4941.945634
21,16,4626.263448
21,17,4284.904627
21,18,4166.350185
21,19,4036.153698
21,20,4016.894558
21,21,3746.380605
21,22,3707.035641
21,23,3666.006684
21,31,3608.247288
21,35,3553.424482
21,40,3527.184989
21,41,3480.282660
22,14,5327.554238
22,15,4941.945634
22,16,4348.797571
22,17,4254.528676
22,18,4110.121684
22,19,4036.153698
22,20,4016.894558
22,21,3746.380605
22,22,3707.035641
22,23,3666.006684
22,31,3470.396561
23,14,5327.554238
23,15,4941.945634
23,16,4348.797571
23,17,4174.930690
23,18,4110.121684
23,19,4036.153698
23,20,4016.894558
23,21,3746.380605
23,22,3707.035641
23,23,3666.006684
23,31,3417.419800
24,14,5327.554238
24,15,4941.945634
24,16,4306.924488
24,17,4174.930690
24,18,4110.121684
24,19,4036.153698
24,20,4016.894558
24,21,3746.380605
24,22,3707.035641
24,23,3666.006684
24,27,3496.271804
24,31,3417.419800
25,14,5327.554238
25,15,4919.980051
25,16,4197.941994
25,17,4148.996686
25,18,3989.163806
25,19,3860.561295
25,20,3732.273249
25,22,3575.178244
25,27,3366.334063
25,38,3342.016480
26,14,5195.976641
26,15,4421.250260
26,16,4197.941994
26,17,4148.996686
26,18,3989.163806
26,19,3860.561295
26,20,3732.273249
26,22,3575.178244
26,27,3366.334063
26,38,3342.016480
27,14,4639.796909
27,15,4421.250260
27,16,4197.941994
27,17,4148.996686
27,18,3989.163806
27,19,3860.561295
27,20,3732.273249
27,22,3575.178244
27,27,3366.334063
27,38,3342.016480
28,13,4808.613919
28,14,4639.796909
28,15,4421.250260
28,16,3895.102299
28,19,3860.561295
28,20,3582.889483
28,22,3575.178244
28,25,3444.821223
28,27,3366.334063
28,38,3342.016480
29,13,4808.613919
29,14,4639.796909
29,15,4421.250260
29,16,3895.102299
29,19,3860.561295
29,20,3582.889483
29,22,3575.178244
29,24,3461.949576
29,25,3444.821223
29,27,3366.334063
29,31,3334.409963
30,13,4808.613919
30,14,4639.796909
30,15,4421.250260
30,16,3881.644542
30,19,3860.561295
30,20,3565.507248
30,24,3461.949576
30,25,3382.234124
30,27,3262.981417
31,13,4808.613919
31,14,4639.796909
31,15,4421.250260
31,16,3881.644542
31,19,3856.359377
31,20,3565.507248
31,24,3461.949576
31,25,3382.234124
31,27,3262.981417
32,13,4808.613919
32,14,4515.266515
32,15,4421.250260
32,16,3881.644542
32,19,3820.263325
32,20,3565.507248
32,24,3461.949576
32,25,3382.234124
32,27,3262.981417
33,13,4808.156917
33,14,4515.266515
33,15,4421.250260
33,16,3881.644542
33,19,3820.263325
33,20,3565.507248
33,24,3461.949576
33,25,3382.234124
33,27,3262.981417
34,13,4808.156917
34,14,4514.097093
34,15,4421.250260
34,16,3881.644542
34,19,3820.263325
34,20,3565.507248
34,24,3461.949576
34,25,3382.234124
34,27,3262.981417
35,13,4808.156917
35,14,4444.357686
35,15,4421.250260
35,16,3819.478522
35,19,3763.756702
35,20,3565.507248
35,24,3461.949576
35,25,3359.607831
35,27,3220.297118
36,13,4808.156917
36,14,4409.667814
36,15,4331.835457
36,16,3819.478522
36,18,3793.010677
36,19,3763.756702
36,20,3555.300518
36,24,3461.949576
36,25,3359.607831
36,27,3220.297118
37,13,4808.156917
37,14,4409.667814
37,15,4044.028963
37,16,3819.478522
37,18,3793.010677
37,19,3763.756702
37,20,3555.300518
37,24,3461.949576
37,25,3359.607831
37,27,3220.297118
38,13,4808.156917
38,14,4409.667814
38,15,4044.028963
38,16,3819.478522
38,18,3793.010677
38,19,3763.756702
38,20,3555.300518
38,24,3461.949576
38,25,3359.607831
38,27,3220.297118
38,31,3220.020173
39,13,4808.156917
39,14,4409.667814
39,15,4044.028963
39,16,3819.478522
39,18,3793.010677
39,19,3763.756702
39,20,3555.300518
39,24,3461.949576
39,25,3359.607831
39,27,3220.297118
39,31,3220.020173
40,13,4223.208365
40,14,3958.034604
40,16,3789.041740
40,18,3622.169423
40,20,3510.123931
40,24,3461.949576
40,25,3341.254437
40,27,3220.297118
40,31,3220.020173
41,13,4223.208365
41,14,3958.034604
41,16,3789.041740
41,18,3622.169423
41,20,3510.123931
41,24,3461.949576
41,25,3341.254437
41,27,3219.057929
41,28,3191.245828
42,13,4223.208365
42,14,3958.034604
42,15,3891.081373
42,16,3789.041740
42,18,3622.169423
42,20,3510.123931
42,24,3461.949576
42,25,3260.438624
42,27,3219.057929
42,28,3191.245828
43,13,4223.208365
43,14,3958.034604
43,15,3891.081373
43,16,3789.041740
43,18,3622.169423
43,20,3510.123931
43,23,3484.907883
43,24,3461.949576
43,25,3260.438624
43,27,3219.057929
43,28,3191.245828
44,13,4223.208365
44,14,3958.034604
44,15,3891.081373
44,16,3789.041740
44,18,3622.169423
44,20,3510.123931
44,23,3484.907883
44,24,3461.949576
44,25,3260.438624
44,26,3237.398489
44,27,3219.057929
44,28,3191.245828
45,13,4223.208365
45,14,3958.034604
45,15,3891.081373
45,16,3764.141888
45,17,3758.600779
45,18,3622.169423
45,20,3486.440412
45,23,3464.464515
45,24,3396.967168
45,25,3204.762438
45,27,3172.056359
46,13,4223.208365
46,14,3958.034604
46,15,3891.081373
46,16,3764.141888
46,17,3758.600779
46,18,3622.169423
46,20,3486.440412
46,23,3464.464515
46,24,3396.967168
46,25,3204.762438
46,27,3172.056359
47,13,4223.208365
47,14,3958.034604
47,15,3891.081373
47,16,3764.141888
47,17,3758.600779
47,18,3576.682264
47,19,3544.950567
47,20,3473.304660
47,23,3464.464515
47,24,3396.967168
47,25,3204.762438
47,27,3172.056359
48,13,4223.208365
48,14,3958.034604
48,15,3891.081373
48,16,3764.141888
48,17,3758.600779
48,18,3576.682264
48,19,3544.950567
48,20,3473.304660
48,23,3464.464515
48,24,3396.967168
48,25,3204.762438
48,27,3172.056359
49,13,4223.208365
49,14,3958.034604
49,15,3834.764528
49,16,3764.141888
49,17,3712.073655
49,18,3547.539969
49,19,3544.950567
49,20,3473.304660
49,23,3457.117509
49,24,3396.967168
49,25,3204.762438
49,27,3172.056359
50,13,4223.208365
50,14,3958.034604
50,15,3834.764528
50,16,3646.900096
50,17,3540.967136
50,18,3471.252769
50,23,3457.117509
50,24,3396.967168
50,25,3198.528144
50,27,3161.325552
51,13,4223.208365
51,14,3958.034604
51,15,3809.106405
51,16,3646.900096
51,17,3540.967136
51,18,3471.252769
51,23,3452.970099
51,24,3396.967168
51,25,3198.528144
51,27,3161.325552
52,13,4223.208365
52,14,3958.034604
52,15,3809.106405
52,16,3646.900096
52,17,3540.967136
52,18,3471.252769
52,23,3452.970099
52,24,3396.967168
52,25,3198.528144
52,27,3161.325552
53,12,4716.156176
53,13,4223.208365
53,14,3958.034604
53,15,3809.106405
53,16,3646.900096
53,17,3540.967136
53,18,3471.252769
53,22,3440.250792
53,24,3350.470855
53,25,3198.528144
53,27,3161.325552
54,12,4716.156176
54,13,4223.208365
54,14,3958.034604
54,15,3809.106405
54,16,3646.900096
54,17,3540.967136
54,18,3471.252769
54,21,3466.854240
54,22,3440.250792
54,23,3398.138124
54,24,3350.470855
54,25,3198.528144
54,27,3161.325552
55,12,4716.156176
55,13,4223.208365
55,14,3958.034604
55,15,3804.055270
55,16,3646.900096
55,17,3418.442090
55,21,3393.240531
55,23,3336.039005
55,25,3188.190410
55,26,3143.634745
56,12,4365.397857
56,13,4223.208365
56,14,3958.034604
56,15,3784.218282
56,16,3646.900096
56,17,3418.442090
56,21,3393.240531
56,23,3336.039005
56,25,3188.190410
56,26,3143.634745
57,12,4287.218018
57,13,4223.208365
57,14,3861.685465
57,15,3784.218282
57,16,3646.900096
57,17,3418.442090
57,21,3393.240531
57,23,3336.039005
57,25,3188.190410
57,26,3143.634745
58,12,4287.218018
58,13,4223.208365
58,14,3861.685465
58,15,3777.775556
58,16,3646.900096
58,17,3418.442090
58,21,3393.240531
58,23,3336.039005
58,25,3188.190410
58,26,3143.634745
59,11,4888.275203
59,12,4287.218018
59,13,4223.208365
59,14,3861.685465
59,15,3777.775556
59,16,3646.900096
59,17,3418.442090
59,21,3393.240531
59,23,3336.039005
59,25,3188.190410
59,26,3143.634745
60,11,4888.275203
60,12,4287.218018
60,13,3963.398799
60,14,3762.016122
60,16,3589.589253
60,17,3389.567038
60,20,3372.314879
60,22,3311.164515
60,24,3158.470917
60,26,3116.276545
61,11,4888.275203
61,12,4287.218018
61,13,3963.398799
61,14,3762.016122
61,16,3584.234262
61,17,3389.567038
61,20,3372.314879
61,22,3311.164515
61,24,3158.470917
61,26,3116.276545
62,11,4794.285098
62,12,4287.218018
62,13,3963.398799
62,14,3762.016122
62,15,3753.955499
62,16,3584.234262
62,17,3389.567038
62,20,3372.314879
62,22,3311.164515
62,24,3158.470917
62,26,3116.276545
63,11,4794.285098
63,12,4287.218018
63,13,3963.398799
63,14,3762.016122
63,15,3753.955499
63,16,3584.234262
63,17,3389.567038
63,20,3372.314879
63,22,3311.164515
63,24,3158.470917
63,26,3116.276545
64,11,4553.322802
64,12,4287.218018
64,13,3892.490700
64,14,3762.016122
64,15,3753.955499
64,16,3584.234262
64,17,3389.567038
64,20,3372.314879
64,22,3311.164515
64,24,3158.470917
64,26,3116.276545
65,11,4553.322802
65,12,4243.851682
65,13,3804.294274
65,14,3762.016122
65,15,3683.641449
65,16,3475.639726
65,17,3380.180719
65,20,3371.823739
65,22,3311.164515
65,24,3158.470917
65,26,3096.424969
66,11,4553.322802
66,12,4243.851682
66,13,3804.294274
66,14,3762.016122
66,15,3683.641449
66,16,3475.639726
66,17,3380.180719
66,20,3371.823739
66,22,3311.164515
66,24,3158.470917
66,25,3148.017430
66,26,3096.424969
67,11,4553.322802
67,12,4011.601978
67,13,3804.294274
67,14,3762.016122
67,15,3683.641449
67,16,3475.639726
67,17,3380.180719
67,20,3371.823739
67,22,3311.164515
67,24,3158.470917
67,25,3148.017430
67,26,3096.424969
68,11,4553.322802
68,12,4011.081416
68,13,3804.294274
68,14,3762.016122
68,15,3683.641449
68,16,3475.639726
68,17,3380.180719
68,20,3371.823739
68,22,3311.164515
68,24,3158.470917
68,25,3148.017430
68,26,3096.424969
69,11,4553.322802
69,12,4011.081416
69,13,3804.294274
69,14,3762.016122
69,15,3683.641449
69,16,3475.639726
69,17,3380.180719
69,20,3371.823739
69,22,3311.164515
69,23,3290.784920
69,24,3158.470917
69,25,3148.017430
69,26,3096.424969
70,11,4553.322802
70,12,4011.081416
70,13,3705.030910
70,15,3644.634913
70,16,3475.639726
70,17,3284.425436
70,24,3158.470917
70,25,3075.903225
71,11,4553.322802
71,12,4011.081416
71,13,3705.030910
71,15,3644.634913
71,16,3475.639726
71,17,3284.425436
71,24,3158.470917
71,25,3075.903225
72,11,4521.081509
72,12,4011.081416
72,13,3705.030910
72,15,3644.634913
72,16,3475.639726
72,17,3284.425436
72,20,3202.598413
72,24,3158.470917
72,25,3075.903225
73,11,4521.081509
73,12,4011.081416
73,13,3705.030910
73,15,3644.634913
73,16,3475.639726
73,17,3284.425436
73,20,3202.598413
73,24,3158.470917
73,25,3075.903225
74,11,4521.081509
74,12,4011.081416
74,13,3705.030910
74,15,3644.634913
74,16,3448.511695
74,17,3284.425436
74,20,3202.598413
74,24,3158.470917
74,25,3075.903225
75,11,4521.081509
75,12,3901.062132
75,13,3646.115561
75,15,3546.114167
75,16,3448.511695
75,17,3281.173080
75,20,3188.186505
75,22,3060.048354
76,11,4521.081509
76,12,3901.062132
76,13,3646.115561
76,15,3546.114167
76,16,3448.511695
76,17,3281.173080
76,20,3188.186505
76,22,3060.048354
77,11,4521.081509
77,12,3901.062132
77,13,3646.115561
77,15,3546.114167
77,16,3448.511695
77,17,3281.173080
77,20,3188.186505
77,22,3060.048354
78,11,4390.304301
78,12,3901.062132
78,13,3646.115561
78,15,3546.114167
78,16,3448.511695
78,17,3281.173080
78,20,3188.186505
78,22,3060.048354
79,11,4187.559076
79,12,3901.062132
79,13,3646.115561
79,15,3546.114167
79,16,3421.082598
79,17,3281.173080
79,20,3188.186505
79,22,3060.048354
80,11,4187.559076
80,12,3726.535960
80,13,3646.115561
80,15,3546.114167
80,16,3421.082598
80,17,3274.839731
80,20,3188.186505
80,22,3056.197965
81,11,4187.559076
81,12,3726.535960
81,13,3646.115561
81,15,3546.114167
81,16,3421.082598
81,17,3274.839731
81,20,3188.186505
81,22,3056.197965
82,10,4899.237632
82,11,4187.559076
82,12,3726.535960
82,13,3646.115561
82,15,3546.114167
82,16,3421.082598
82,17,3274.839731
82,20,3180.896660
82,22,3056.197965
83,10,4899.237632
83,11,4187.559076
83,12,3726.535960
83,13,3646.115561
83,15,3546.114167
83,16,3421.082598
83,17,3274.839731
83,20,3180.896660
83,22,3056.197965
84,10,4899.237632
84,11,4187.559076
84,12,3726.535960
84,13,3606.632294
84,15,3546.114167
84,16,3421.082598
84,17,3274.839731
84,20,3180.896660
84,22,3056.197965
85,10,4764.646789
85,11,4155.297021
85,12,3726.535960
85,13,3601.363543
85,15,3494.298723
85,16,3267.096169
85,17,3157.563988
85,22,3040.756509
86,10,4764.646789
86,11,4155.297021
86,12,3726.535960
86,13,3601.363543
86,15,3494.298723
86,16,3267.096169
86,17,3157.563988
86,22,3040.756509
87,10,4764.646789
87,11,4155.297021
87,12,3726.535960
87,13,3601.363543
87,15,3494.298723
87,16,3267.096169
87,17,3157.563988
87,22,3040.756509
88,10,4764.646789
88,11,4155.297021
88,12,3726.535960
88,13,3601.363543
88,14,3592.399290
88,15,3494.298723
88,16,3267.096169
88,17,3157.563988
88,20,3135.431768
88,22,3040.756509
89,10,4764.646789
89,11,4155.297021
89,12,3726.535960
89,13,3601.363543
89,14,3592.399290
89,15,3493.714624
89,16,3267.096169
89,17,3157.563988
89,20,3135.431768
89,22,3040.756509
90,10,4730.281743
90,11,4155.297021
90,12,3726.535960
90,13,3471.196051
90,16,3267.096169
90,17,3157.563988
90,19,3113.865001
90,22,3037.774595
91,10,4730.281743
91,11,4155.297021
91,12,3726.535960
91,13,3471.196051
91,16,3267.096169
91,17,3157.563988
91,18,3141.418864
91,19,3113.865001
91,22,3037.774595
92,10,4730.281743
92,11,4155.297021
92,12,3726.535960
92,13,3471.196051
92,16,3267.096169
92,17,3157.563988
92,18,3141.418864
92,19,3113.865001
92,22,3037.774595
93,10,4730.281743
93,11,4155.297021
93,12,3726.535960
93,13,3471.196051
93,16,3267.096169
93,17,3157.563988
93,18,3141.418864
93,19,3113.865001
93,22,3037.774595
94,10,4730.281743
94,11,4155.297021
94,12,3726.535960
94,13,3471.196051
94,16,3267.096169
94,17,3157.563988
94,18,3141.418864
94,19,3113.865001
94,22,3037.774595
95,10,4730.281743
95,11,4155.297021
95,12,3686.484850
95,13,3458.994131
95,16,3264.043439
95,17,3135.495378
95,19,3107.081622
95,22,3023.625031
96,10,4730.281743
96,11,4155.297021
96,12,3686.484850
96,13,3458.994131
96,14,3361.483877
96,16,3264.043439
96,17,3135.495378
96,19,3107.081622
96,22,3023.625031
97,10,4730.281743
97,11,4155.297021
97,12,3686.484850
97,13,3458.994131
97,14,3361.483877
97,16,3264.043439
97,17,3135.495378
97,19,3107.081622
97,22,3023.625031
98,10,4730.281743
98,11,3803.310273
98,12,3686.484850
98,13,3458.994131
98,14,3361.483877
98,16,3264.043439
98,17,3135.495378
98,19,3107.081622
98,22,3023.625031
99,10,4730.281743
99,11,3803.310273
99,12,3686.484850
99,13,3458.994131
99,14,3361.483877
99,16,3264.043439
99,17,3135.495378
99,19,3107.081622
99,22,3023.625031
100,10,4730.281743
100,11,3803.310273
100,12,3686.484850
100,13,3458.994131
100,14,3353.790325
100,16,3264.043439
100,17,3132.355207
100,19,3095.320710
100,22,3023.625031
101,10,4730.281743
101,11,3803.310273
101,12,3686.484850
101,13,3458.994131
101,14,3353.790325
101,16,3264.043439
101,17,3132.355207
101,19,3095.320710
101,20,3059.679263
101,22,3023.625031
102,10,4730.281743
102,11,3803.310273
102,12,3686.484850
102,13,3458.994131
102,14,3353.790325
102,16,3264.043439
102,17,3132.355207
102,19,3095.320710
102,20,3059.679263
102,22,3023.625031
103,10,4730.281743
103,11,3803.310273
103,12,3686.484850
103,13,3458.994131
103,14,3353.790325
103,16,3264.043439
103,17,3132.355207
103,19,3095.320710
103,20,3059.679263
103,21,3047.549220
103,22,3023.625031
104,10,4730.281743
104,11,3803.310273
104,12,3686.484850
104,13,3458.994131
104,14,3353.790325
104,16,3264.043439
104,17,3132.355207
104,19,3095.320710
104,20,3059.679263
104,21,3047.549220
104,22,3023.625031
105,10,4730.281743
105,11,3780.318174
105,12,3686.484850
105,13,3451.057013
105,14,3353.790325
105,16,3264.043439
105,17,3117.943300
105,19,3095.320710
105,20,3058.432122
105,21,3029.148412
105,22,3020.540892
106,10,4730.281743
106,11,3780.318174
106,12,3686.484850
106,13,3451.057013
106,14,3353.790325
106,16,3264.043439
106,17,3117.943300
106,19,3082.679556
106,20,3058.432122
106,21,3029.148412
106,22,3020.540892
107,10,4730.281743
107,11,3780.318174
107,12,3686.484850
107,13,3451.057013
107,14,3353.790325
107,16,3264.043439
107,17,3117.943300
107,19,3082.679556
107,20,3058.432122
107,21,3029.148412
107,22,3020.540892
108,10,4730.281743
108,11,3780.318174
108,12,3686.484850
108,13,3451.057013
108,14,3353.790325
108,16,3264.043439
108,17,3117.943300
108,19,3082.679556
108,20,3058.432122
108,21,3029.148412
108,22,3020.540892
109,10,4730.281743
109,11,3780.318174
109,12,3686.484850
109,13,3451.057013
109,14,3353.790325
109,16,3264.043439
109,17,3117.943300
109,19,3082.679556
109,20,3058.432122
109,21,3029.148412
109,22,3020.540892
110,10,4730.281743
110,11,3780.318174
110,12,3686.484850
110,13,3441.553761
110,14,3332.362566
110,16,3264.043439
110,17,3106.849910
110,19,3082.679556
110,20,3041.349302
110,21,3024.693408
110,22,3012.837979
111,10,4730.281743
111,11,3780.318174
111,12,3686.484850
111,13,3441.553761
111,14,3332.362566
111,16,3264.043439
111,17,3106.849910
111,19,3082.679556
111,20,3041.349302
111,21,3024.693408
111,22,3012.837979
112,10,4730.281743
112,11,3780.318174
112,12,3686.484850
112,13,3441.553761
112,14,3332.362566
112,16,3264.043439
112,17,3106.849910
112,18,3089.716436
112,19,3082.679556
112,20,3041.349302
112,21,3024.693408
112,22,3012.837979
113,10,4730.281743
113,11,3780.318174
113,12,3686.484850
113,13,3441.553761
113,14,3332.362566
113,16,3240.402683
113,17,3106.849910
113,18,3089.716436
113,19,3082.679556
113,20,3041.349302
113,21,3024.693408
113,22,3012.837979
114,10,4730.281743
114,11,3780.318174
114,12,3686.484850
114,13,3441.553761
114,14,3332.362566
114,16,3240.402683
114,17,3106.849910
114,18,3089.716436
114,19,3082.679556
114,20,3041.349302
114,21,3024.693408
114,22,3012.837979
115,10,4730.281743
115,11,3780.318174
115,12,3516.164978
115,13,3434.205064
115,14,3302.953231
115,16,3198.591461
115,17,3042.035611
115,20,3021.455015
115,22,3012.837979
116,10,4730.281743
116,11,3780.318174
116,12,3516.164978
116,13,3434.205064
116,14,3302.953231
116,16,3198.591461
116,17,3042.035611
116,20,3021.455015
116,22,3012.837979
117,10,4730.281743
117,11,3780.318174
117,12,3516.164978
117,13,3434.205064
117,14,3302.953231
117,16,3178.869210
117,17,3042.035611
117,20,3021.455015
117,22,3012.837979
118,10,4730.281743
118,11,3780.318174
118,12,3516.164978
118,13,3434.205064
118,14,3302.953231
118,16,3178.869210
118,17,3042.035611
118,18,3008.185209
119,10,4730.281743
119,11,3780.318174
119,12,3516.164978
119,13,3434.205064
119,14,3302.953231
119,16,3178.869210
119,17,3042.035611
119,18,3008.185209
119,23,3005.183137
120,10,4611.481065
120,11,3780.318174
120,12,3512.164398
120,13,3434.205064
120,14,3263.756007
120,16,3092.673192
120,17,3038.022058
120,18,2990.398623
121,10,4611.481065
121,11,3780.318174
121,12,3512.164398
121,13,3434.205064
121,14,3263.756007
121,16,3092.673192
121,17,3038.022058
121,18,2990.398623
122,10,4611.481065
122,11,3780.318174
122,12,3512.164398
122,13,3434.205064
122,14,3263.756007
122,15,3229.411817
122,16,3092.673192
122,17,3038.022058
122,18,2990.398623
123,10,4611.481065
123,11,3780.318174
123,12,3512.164398
123,13,3434.205064
123,14,3263.756007
123,15,3229.411817
123,16,3092.673192
123,17,3038.022058
123,18,2990.398623
124,10,4611.481065
124,11,3780.318174
124,12,3512.164398
124,13,3434.205064
124,14,3263.756007
124,15,3229.411817
124,16,3092.673192
124,17,3038.022058
124,18,2990.398623
125,10,4611.481065
125,11,3697.515117
125,12,3512.164398
125,13,3423.109318
125,14,3258.972753
125,15,3216.438095
125,16,3092.673192
125,17,3038.022058
125,18,2989.532585
126,10,4611.481065
126,11,3697.515117
126,12,3512.164398
126,13,3423.109318
126,14,3258.972753
126,15,3216.438095
126,16,3092.673192
126,17,3038.022058
126,18,2989.532585
126,20,2970.445664
127,10,4611.481065
127,11,3697.515117
127,12,3512.164398
127,13,3423.109318
127,14,3258.972753
127,15,3216.438095
127,16,3092.673192
127,17,3038.022058
127,18,2989.532585
127,20,2970.445664
128,10,4611.481065
128,11,3697.515117
128,12,3512.164398
128,13,3423.109318
128,14,3258.972753
128,15,3216.438095
128,16,3092.673192
128,17,3038.022058
128,18,2989.532585
128,20,2970.445664
129,10,4611.481065
129,11,3697.515117
129,12,3512.164398
129,13,3423.109318
129,14,3258.972753
129,15,3216.438095
129,16,3092.673192
129,17,3038.022058
129,18,2989.532585
129,20,2970.445664
130,10,4611.481065
130,11,3685.243349
130,12,3476.683933
130,13,3306.792600
130,14,3172.776734
130,16,3091.659602
130,17,3038.022058
130,18,2989.532585
130,20,2970.445664
131,10,4611.481065
131,11,3685.243349
131,12,3476.683933
131,13,3306.792600
131,14,3172.776734
131,16,3091.659602
131,17,3038.022058
131,18,2989.532585
131,20,2970.445664
132,10,4611.481065
132,11,3685.243349
132,12,3476.683933
132,13,3306.792600
132,14,3172.776734
132,16,3091.659602
132,17,3038.022058
132,18,2989.532585
132,20,2970.445664
133,10,4611.481065
133,11,3685.243349
133,12,3476.683933
133,13,3306.792600
133,14,3172.776734
133,16,3091.659602
133,17,3038.022058
133,18,2989.532585
133,20,2970.445664
134,10,4611.481065
134,11,3685.243349
134,12,3476.683933
134,13,3306.792600
134,14,3172.776734
134,16,3091.659602
134,17,3038.022058
134,18,2989.532585
134,20,2970.445664
135,10,4611.481065
135,11,3685.243349
135,12,3468.513422
135,13,3306.792600
135,14,3172.776734
135,16,3076.087137
135,17,3038.022058
135,18,2989.532585
135,20,2968.867287
136,10,4611.481065
136,11,3685.243349
136,12,3468.513422
136,13,3306.792600
136,14,3172.776734
136,16,3076.087137
136,17,3038.022058
136,18,2989.532585
136,20,2968.867287
137,10,4611.481065
137,11,3685.243349
137,12,3468.513422
137,13,3306.792600
137,14,3172.776734
137,16,3076.087137
137,17,3038.022058
137,18,2989.532585
137,20,2968.867287
138,10,4611.481065
138,11,3685.243349
138,12,3468.513422
138,13,3306.792600
138,14,3172.776734
138,16,3076.087137
138,17,3001.847135
138,18,2989.532585
138,20,2968.867287
139,10,4611.481065
139,11,3685.243349
139,12,3468.513422
139,13,3306.792600
139,14,3172.776734
139,16,3076.087137
139,17,3001.847135
139,18,2989.532585
139,20,2968.867287
140,10,4611.481065
140,11,3624.592097
140,12,3453.834388
140,13,3306.792600
140,14,3162.121082
140,16,3073.112233
140,17,3001.847135
140,18,2989.532585
140,19,2986.299615
140,20,2967.831970
141,10,4611.481065
141,11,3624.592097
141,12,3453.834388
141,13,3306.792600
141,14,3162.121082
141,16,3073.112233
141,17,3001.847135
141,18,2989.532585
141,19,2986.299615
141,20,2967.831970
142,10,4611.481065
142,11,3624.592097
142,12,3453.834388
142,13,3306.792600
142,14,3162.121082
142,16,3073.112233
142,17,3001.847135
142,18,2989.532585
142,19,2986.299615
142,20,2967.831970
143,10,4611.481065
143,11,3624.592097
143,12,3453.834388
143,13,3305.110310
143,14,3162.121082
143,16,3073.112233
143,17,3001.847135
143,18,2989.532585
143,19,2973.858335
143,20,2967.831970
144,10,4611.481065
144,11,3624.592097
144,12,3453.834388
144,13,3305.110310
144,14,3162.121082
144,16,3073.112233
144,17,3001.847135
144,18,2989.532585
144,19,2973.858335
144,20,2967.831970
145,10,4535.733302
145,11,3569.438695
145,12,3453.834388
145,13,3259.140524
145,14,3162.121082
145,16,3073.112233
145,17,3000.711353
145,18,2983.790001
145,19,2970.805605
145,20,2962.028965
146,10,4535.733302
146,11,3569.438695
146,12,3453.834388
146,13,3259.140524
146,14,3162.121082
146,15,3143.215799
146,16,3073.112233
146,17,3000.711353
146,18,2961.858468
147,10,4535.733302
147,11,3569.438695
147,12,3453.834388
147,13,3259.140524
147,14,3162.121082
147,15,3110.617465
147,16,3073.112233
147,17,3000.711353
147,18,2961.858468
148,10,4535.733302
148,11,3569.438695
148,12,3453.834388
148,13,3259.140524
148,14,3162.121082
148,15,3110.617465
148,16,3073.112233
148,17,3000.711353
148,18,2961.858468
149,10,4535.733302
149,11,3569.438695
149,12,3453.834388
149,13,3259.140524
149,14,3162.121082
149,15,3110.617465
149,16,3073.112233
149,17,3000.711353
149,18,2961.858468
150,10,4535.733302
150,11,3569.438695
150,12,3442.261812
150,13,3259.140524
150,14,3162.121082
150,15,3103.089378
150,16,3072.314253
150,17,2968.535611
150,18,2961.858468
151,10,4535.733302
151,11,3569.438695
151,12,3442.261812
151,13,3259.140524
151,14,3162.121082
151,15,3103.089378
151,16,3071.678124
151,17,2968.535611
151,18,2961.858468
151,23,2960.669674
152,10,4535.733302
152,11,3569.438695
152,12,3442.261812
152,13,3259.140524
152,14,3162.121082
152,15,3103.089378
152,16,3071.678124
152,17,2968.535611
152,18,2961.858468
152,23,2960.669674
153,10,4535.733302
153,11,3569.438695
153,12,3442.261812
153,13,3259.140524
153,14,3162.121082
153,15,3103.089378
153,16,3012.118677
153,17,2968.535611
153,18,2961.858468
153,23,2960.669674
154,10,4535.733302
154,11,3569.438695
154,12,3442.261812
154,13,3259.140524
154,14,3162.121082
154,15,3103.089378
154,16,3012.118677
154,17,2968.535611
154,18,2961.858468
154,23,2960.669674
155,10,4535.733302
155,11,3569.438695
155,12,3442.261812
155,13,3241.689139
155,14,3148.652814
155,15,3103.089378
155,16,3012.118677
155,17,2968.535611
155,18,2949.159474
155,22,2924.795188
156,10,4535.733302
156,11,3569.438695
156,12,3442.261812
156,13,3241.689139
156,14,3148.652814
156,15,3103.089378
156,16,3012.118677
156,17,2968.535611
156,18,2949.159474
156,22,2924.795188
157,10,4535.733302
157,11,3569.438695
157,12,3442.261812
157,13,3241.689139
157,14,3148.652814
157,15,3103.089378
157,16,3012.118677
157,17,2968.535611
157,18,2949.159474
157,22,2924.795188
158,10,4535.733302
158,11,3569.438695
158,12,3442.261812
158,13,3241.689139
158,14,3148.652814
158,15,3103.089378
158,16,3012.118677
158,17,2968.535611
158,18,2949.159474
158,22,2924.795188
159,10,4535.733302
159,11,3569.438695
159,12,3442.261812
159,13,3241.689139
159,14,3148.652814
159,15,3103.089378
159,16,3012.118677
159,17,2968.535611
159,18,2949.159474
159,22,2924.795188
160,10,4535.733302
160,11,3530.425402
160,12,3429.631924
160,13,3238.081683
160,14,3146.462103
160,15,3102.670803
160,16,3004.287920
160,17,2968.535611
160,18,2940.651143
160,21,2898.962592
161,10,4535.733302
161,11,3530.425402
161,12,3429.631924
161,13,3238.081683
161,14,3096.587829
161,16,3004.287920
161,17,2968.535611
161,18,2940.651143
161,21,2898.962592
162,10,4535.733302
162,11,3530.425402
162,12,3429.631924
162,13,3238.081683
162,14,3096.587829
162,16,3004.287920
162,17,2968.535611
162,18,2940.651143
162,21,2898.962592
163,10,4535.733302
163,11,3530.425402
163,12,3381.047611
163,13,3238.081683
163,14,3096.587829
163,16,3004.287920
163,17,2968.535611
163,18,2940.651143
163,21,2898.962592
164,10,4535.733302
164,11,3530.425402
164,12,3381.047611
164,13,3238.081683
164,14,3096.587829
164,16,3004.287920
164,17,2943.884114
164,18,2940.651143
164,21,2898.962592
165,10,4535.733302
165,11,3530.425402
165,12,3381.047611
165,13,3193.518769
165,14,3096.587829
165,15,3053.475950
165,16,3003.555701
165,17,2923.466304
165,21,2894.113551
166,10,4535.733302
166,11,3530.425402
166,12,3381.047611
166,13,3193.518769
166,14,3096.587829
166,15,3053.475950
166,16,3003.555701
166,17,2923.466304
166,21,2894.113551
167,10,4535.733302
167,11,3530.425402
167,12,3381.047611
167,13,3193.518769
167,14,3096.587829
167,15,3053.475950
167,16,3003.555701
167,17,2923.466304
167,21,2894.113551
168,10,4535.733302
168,11,3530.425402
168,12,3381.047611
168,13,3193.518769
168,14,3096.587829
168,15,3053.475950
168,16,3003.555701
168,17,2923.466304
168,21,2894.113551
169,10,4535.733302
169,11,3530.425402
169,12,3381.047611
169,13,3193.518769
169,14,3096.587829
169,15,3053.475950
169,16,3003.555701
169,17,2923.466304
169,21,2894.113551
170,10,4530.030757
170,11,3530.425402
170,12,3381.047611
170,13,3155.749835
170,14,3078.677871
170,15,3026.789919
170,16,2996.468255
170,17,2922.392824
170,21,2894.113551
171,10,4498.440518
171,11,3530.425402
171,12,3381.047611
171,13,3155.749835
171,14,3078.677871
171,15,3026.789919
171,16,2996.468255
171,17,2922.392824
171,21,2894.113551
172,10,4498.440518
172,11,3430.074761
172,12,3381.047611
172,13,3155.749835
172,14,3078.677871
172,15,3026.789919
172,16,2996.468255
172,17,2922.392824
172,21,2894.113551
173,10,4404.677824
173,11,3430.074761
173,12,3381.047611
173,13,3155.749835
173,14,3078.677871
173,15,3026.789919
173,16,2996.468255
173,17,2922.392824
173,21,2894.113551
174,10,4404.677824
174,11,3430.074761
174,12,3381.047611
174,13,3155.749835
174,14,3078.677871
174,15,3026.789919
174,16,2996.468255
174,17,2922.392824
174,21,2894.113551
175,10,4404.677824
175,11,3430.074761
175,12,3381.047611
175,13,3154.790543
175,14,3078.677871
175,15,3013.858947
175,16,2994.253387
175,17,2906.535624
175,20,2886.760415
176,10,4404.677824
176,11,3430.074761
176,12,3381.047611
176,13,3154.790543
176,14,3078.677871
176,15,3013.858947
176,16,2994.253387
176,17,2906.535624
176,20,2886.760415
177,10,4404.677824
177,11,3430.074761
177,12,3381.047611
177,13,3154.790543
177,14,3078.677871
177,15,3013.858947
177,16,2994.253387
177,17,2906.535624
177,20,2886.760415
178,10,4404.677824
178,11,3430.074761
178,12,3381.047611
178,13,3154.790543
178,14,3078.677871
178,15,3013.858947
178,16,2994.253387
178,17,2906.535624
178,20,2886.760415
179,10,4404.677824
179,11,3430.074761
179,12,3381.047611
179,13,3154.790543
179,14,3078.677871
179,15,3013.858947
179,16,2994.253387
179,17,2906.535624
179,20,2886.760415
180,10,4394.043950
180,11,3371.581935
180,13,3102.604334
180,14,3069.974031
180,15,3013.858947
180,16,2994.253387
180,17,2905.240291
180,19,2868.936368
181,10,4394.043950
181,11,3371.581935
181,13,3102.604334
181,14,3069.974031
181,15,3013.858947
181,16,2994.253387
181,17,2905.240291
181,19,2868.936368
182,10,4394.043950
182,11,3371.581935
182,13,3102.604334
182,14,3069.974031
182,15,3013.858947
182,16,2994.253387
182,17,2905.240291
182,19,2868.936368
183,10,4394.043950
183,11,3371.581935
183,13,3102.604334
183,14,3069.974031
183,15,3013.858947
183,16,2994.253387
183,17,2905.240291
183,19,2868.936368
184,10,4394.043950
184,11,3371.581935
184,13,3102.604334
184,14,3069.974031
184,15,3013.858947
184,16,2994.253387
184,17,2905.240291
184,19,2868.936368
185,10,4162.780456
185,11,3371.581935
185,13,3097.199483
185,14,3069.974031
185,15,3013.858947
185,16,2994.253387
185,17,2898.425007
185,19,2868.936368
186,10,4162.780456
186,11,3371.581935
186,13,3097.199483
186,14,3069.974031
186,15,3013.858947
186,16,2994.253387
186,17,2898.425007
186,19,2868.936368
187,10,4162.780456
187,11,3371.581935
187,12,3334.618603
187,13,3097.199483
187,14,3069.974031
187,15,3013.858947
187,16,2994.253387
187,17,2898.425007
187,19,2868.936368
188,10,4162.780456
188,11,3371.581935
188,12,3334.618603
188,13,3097.199483
188,14,3069.974031
188,15,3013.858947
188,16,2994.253387
188,17,2898.425007
188,19,2868.936368
189,10,4162.780456
189,11,3371.581935
189,12,3334.618603
189,13,3097.199483
189,14,3069.974031
189,15,3013.858947
189,16,2994.253387
189,17,2898.425007
189,19,2868.936368
190,10,4072.303925
190,11,3325.671568
190,13,3096.756450
190,14,3059.605377
190,15,2972.214250
190,17,2898.425007
190,19,2862.008682
191,10,4072.303925
191,11,3325.671568
191,13,3096.756450
191,14,3059.605377
191,15,2972.214250
191,17,2898.425007
191,19,2862.008682
192,10,4072.303925
192,11,3325.671568
192,13,3096.756450
192,14,3059.605377
192,15,2972.214250
192,17,2898.425007
192,19,2862.008682
193,10,4072.303925
193,11,3325.671568
193,13,3096.756450
193,14,3059.605377
193,15,2972.214250
193,17,2898.425007
193,19,2862.008682
194,10,4072.303925
194,11,3325.671568
194,13,3096.756450
194,14,3059.605377
194,15,2972.214250
194,17,2898.425007
194,19,2862.008682
195,10,4028.240840
195,11,3325.671568
195,13,3096.756450
195,14,3036.671972
195,15,2972.214250
195,17,2891.724725
195,19,2858.655706
196,10,4028.240840
196,11,3325.671568
196,13,3096.756450
196,14,3031.054009
196,15,2972.214250
196,17,2891.724725
196,19,2858.655706
197,10,4028.240840
197,11,3325.671568
197,13,3096.756450
197,14,3031.054009
197,15,2972.214250
197,17,2891.724725
197,19,2858.655706
198,10,4028.240840
198,11,3325.671568
198,13,3096.756450
198,14,3031.054009
198,15,2972.214250
198,17,2891.724725
198,19,2858.655706
199,10,4028.240840
199,11,3325.671568
199,13,3096.756450
199,14,3031.054009
199,15,2972.214250
199,17,2891.724725
199,19,2858.655706
200,10,4002.080999
200,11,3325.671568
200,13,3096.756450
200,14,3023.525922
200,15,2953.761669
200,17,2891.724725
200,18,2854.913711
200,20,2842.178806
201,10,4002.080999
201,11,3325.671568
201,13,3096.756450
201,14,3023.525922
201,15,2953.761669
201,17,2891.724725
201,18,2854.913711
201,20,2842.178806
202,10,4002.080999
202,11,3325.671568
202,13,3096.756450
202,14,3023.525922
202,15,2953.761669
202,17,2891.724725
202,18,2854.913711
202,20,2842.178806
203,10,4002.080999
203,11,3325.671568
203,13,3096.756450
203,14,3023.525922
203,15,2953.761669
203,17,2891.724725
203,18,2854.913711
203,20,2842.178806
204,10,4002.080999
204,11,3325.671568
204,12,3280.974870
204,13,3096.756450
204,14,3023.525922
204,15,2953.761669
204,17,2891.724725
204,18,2854.913711
204,20,2842.178806
205,10,4002.080999
205,11,3285.868447
205,12,3280.974870
205,13,3096.756450
205,14,2901.842775
205,17,2874.747507
205,18,2854.832957
205,20,2842.178806
206,10,4002.080999
206,11,3285.868447
206,12,3280.974870
206,13,3096.756450
206,14,2901.842775
206,17,2874.747507
206,18,2854.832957
206,20,2842.178806
207,10,4002.080999
207,11,3285.868447
207,12,3280.974870
207,13,3096.756450
207,14,2901.842775
207,17,2874.747507
207,18,2854.832957
207,20,2842.178806
208,10,4002.080999
208,11,3285.868447
208,12,3280.974870
208,13,3096.756450
208,14,2901.842775
208,17,2874.747507
208,18,2854.832957
208,20,2842.178806
209,10,4002.080999
209,11,3285.868447
209,12,3280.974870
209,13,3096.756450
209,14,2901.842775
209,17,2874.747507
209,18,2854.832957
209,20,2842.178806
210,10,3995.537130
210,11,3285.868447
210,12,3280.974870
210,13,3096.053742
210,14,2901.842775
210,17,2858.222382
210,18,2831.528718
211,10,3995.537130
211,11,3285.868447
211,12,3280.974870
211,13,3096.053742
211,14,2901.842775
211,17,2858.222382
211,18,2831.528718
212,10,3995.537130
212,11,3285.868447
212,12,3280.974870
212,13,3019.535861
212,14,2901.842775
212,16,2901.144140
212,17,2858.222382
212,18,2831.528718
213,10,3995.537130
213,11,3285.868447
213,12,3280.974870
213,13,3019.535861
213,14,2901.842775
213,16,2901.144140
213,17,2858.222382
213,18,2831.528718
214,10,3995.537130
214,11,3285.868447
214,12,3280.974870
214,13,3019.535861
214,14,2901.842775
214,16,2901.144140
214,17,2858.222382
214,18,2831.528718
215,10,3892.942913
215,11,3285.868447
215,12,3280.974870
215,13,3015.649549
215,14,2901.842775
215,16,2852.984251
215,18,2831.528718
216,10,3892.942913
216,11,3285.868447
216,12,3280.974870
216,13,3015.649549
216,14,2901.842775
216,16,2852.984251
216,18,2831.528718
217,10,3892.942913
217,11,3285.868447
217,12,3280.974870
217,13,3015.649549
217,14,2901.842775
217,16,2852.984251
217,18,2831.528718
218,10,3892.942913
218,11,3285.868447
218,12,3280.974870
218,13,3015.649549
218,14,2901.842775
218,16,2852.984251
218,18,2831.528718
219,10,3892.942913
219,11,3285.868447
219,12,3280.974870
219,13,3015.649549
219,14,2901.842775
219,16,2852.984251
219,18,2831.528718
220,10,3892.942913
220,11,3285.868447
220,12,3280.974870
220,13,3015.649549
220,14,2899.224795
220,16,2852.984251
220,18,2824.659621
221,10,3892.942913
221,11,3285.868447
221,12,3280.974870
221,13,3015.649549
221,14,2899.224795
221,16,2852.984251
221,18,2824.659621
222,10,3892.942913
222,11,3285.868447
222,12,3280.974870
222,13,3015.649549
222,14,2899.224795
222,16,2852.984251
222,18,2824.659621
223,10,3892.942913
223,11,3285.868447
223,12,3280.974870
223,13,3015.649549
223,14,2899.224795
223,15,2896.417846
223,16,2852.984251
223,18,2824.659621
224,10,3892.942913
224,11,3285.868447
224,12,3280.974870
224,13,3015.649549
224,14,2899.224795
224,15,2896.417846
224,16,2852.984251
224,17,2843.618608
224,18,2824.659621
225,10,3766.437881
225,11,3285.868447
225,12,3275.816822
225,13,3015.649549
225,14,2899.224795
225,15,2868.812508
225,16,2852.984251
225,17,2843.618608
225,18,2816.175744
226,10,3766.437881
226,11,3285.868447
226,12,3275.816822
226,13,3015.649549
226,14,2899.224795
226,15,2868.812508
226,16,2852.984251
226,17,2843.618608
226,18,2816.175744
227,10,3766.437881
227,11,3285.868447
227,12,3275.816822
227,13,3015.649549
227,14,2899.224795
227,15,2868.812508
227,16,2852.984251
227,17,2843.618608
227,18,2816.175744
228,10,3766.437881
228,11,3285.868447
228,12,3275.816822
228,13,3015.649549
228,14,2899.224795
228,15,2868.812508
228,16,2852.984251
228,17,2843.618608
228,18,2816.175744
229,10,3766.437881
229,11,3285.868447
229,12,3275.816822
229,13,3015.649549
229,14,2899.224795
229,15,2868.812508
229,16,2852.984251
229,17,2843.618608
229,18,2816.175744
230,10,3766.437881
230,11,3285.868447
230,12,3275.816822
230,13,2959.249176
230,14,2887.789861
230,15,2860.074495
230,16,2852.984251
230,17,2843.618608
230,18,2811.076944
231,10,3766.437881
231,11,3285.868447
231,12,3275.816822
231,13,2959.249176
231,14,2887.789861
231,15,2860.074495
231,16,2852.984251
231,17,2843.618608
231,18,2811.076944
232,10,3766.437881
232,11,3285.868447
232,12,3275.816822
232,13,2959.249176
232,14,2887.789861
232,15,2860.074495
232,16,2852.984251
232,17,2843.618608
232,18,2811.076944
233,10,3766.437881
233,11,3285.868447
233,12,3275.816822
233,13,2959.249176
233,14,2887.789861
233,15,2860.074495
233,16,2852.984251
233,17,2843.618608
233,18,2811.076944
234,10,3766.437881
234,11,3285.868447
234,12,3275.816822
234,13,2959.249176
234,14,2887.789861
234,15,2860.074495
234,16,2852.984251
234,17,2843.618608
234,18,2811.076944
235,10,3762.180706
235,11,3285.868447
235,12,3268.508614
235,13,2959.249176
235,14,2887.789861
235,15,2856.299454
235,16,2852.984251
235,17,2843.582364
235,18,2808.700543
236,10,3762.180706
236,11,3285.868447
236,12,3268.508614
236,13,2959.249176
236,14,2887.789861
236,15,2856.299454
236,16,2852.984251
236,17,2843.582364
236,18,2808.700543
237,10,3762.180706
237,11,3285.868447
237,12,3268.508614
237,13,2959.249176
237,14,2887.789861
237,15,2856.299454
237,16,2852.984251
237,17,2843.582364
237,18,2808.700543
238,10,3762.180706
238,11,3285.868447
238,12,3268.508614
238,13,2959.249176
238,14,2887.789861
238,15,2856.299454
238,16,2852.984251
238,17,2843.582364
238,18,2808.700543
239,10,3762.180706
239,11,3285.868447
239,12,3268.508614
239,13,2959.249176
239,14,2887.789861
239,15,2856.299454
239,16,2852.984251
239,17,2843.582364
239,18,2808.700543
240,10,3762.180706
240,11,3285.868447
240,12,3254.983360
240,13,2885.571904
240,14,2878.782416
240,15,2856.299454
240,16,2840.721465
240,18,2808.700543
241,10,3762.180706
241,11,3285.868447
241,12,3254.983360
241,13,2885.571904
241,14,2878.782416
241,15,2856.299454
241,16,2840.721465
241,18,2808.700543
242,10,3762.180706
242,11,3285.868447
242,12,3254.983360
242,13,2885.571904
242,14,2878.782416
242,15,2856.299454
242,16,2840.721465
242,18,2808.700543
242,21,2808.071157
243,10,3762.180706
243,11,3285.868447
243,12,3254.983360
243,13,2885.571904
243,14,2878.782416
243,15,2856.299454
243,16,2840.721465
243,18,2808.700543
243,21,2808.071157
244,10,3762.180706
244,11,3285.868447
244,12,3254.983360
244,13,2885.571904
244,14,2878.782416
244,15,2856.299454
244,16,2840.721465
244,18,2808.700543
244,21,2808.071157
245,10,3762.180706
245,11,3285.868447
245,12,3254.983360
245,13,2876.365486
245,15,2845.319785
245,16,2840.721465
245,18,2783.129436
246,10,3762.180706
246,11,3285.868447
246,12,3254.983360
246,13,2876.365486
246,15,2845.319785
246,16,2840.710652
246,18,2783.129436
247,10,3762.180706
247,11,3285.868447
247,12,3254.983360
247,13,2876.365486
247,15,2845.319785
247,16,2840.710652
247,18,2783.129436
248,10,3762.180706
248,11,3285.868447
248,12,3254.983360
248,13,2876.365486
248,15,2845.319785
248,16,2840.710652
248,18,2783.129436
249,10,3762.180706
249,11,3285.868447
249,12,3254.983360
249,13,2876.365486
249,15,2845.319785
249,16,2840.710652
249,18,2783.129436
250,10,3762.180706
250,11,3285.868447
250,12,3215.998177
250,13,2876.365486
250,15,2818.944459
250,18,2774.386799
251,10,3762.180706
251,11,3285.868447
251,12,3215.998177
251,13,2876.365486
251,15,2818.944459
251,18,2774.386799
252,10,3762.180706
252,11,3285.868447
252,12,3215.998177
252,13,2876.365486
252,15,2818.944459
252,18,2774.386799
253,10,3762.180706
253,11,3285.868447
253,12,3215.998177
253,13,2876.365486
253,15,2818.944459
253,18,2774.386799
254,9,4401.340294
254,10,3762.180706
254,11,3285.868447
254,12,3215.998177
254,13,2876.365486
254,15,2818.944459
254,18,2774.386799
255,9,4401.340294
255,10,3712.505053
255,11,3285.868447
255,12,3189.792764
255,13,2870.432189
255,15,2813.255234
255,18,2774.386799
256,9,4401.340294
256,10,3712.505053
256,11,3285.868447
256,12,3189.792764
256,13,2870.432189
256,15,2813.255234
256,18,2774.386799
257,9,4401.340294
257,10,3712.505053
257,11,3285.868447
257,12,3189.792764
257,13,2870.432189
257,15,2813.255234
257,18,2774.386799
258,9,4401.340294
258,10,3712.505053
258,11,3285.868447
258,12,3189.792764
258,13,2870.432189
258,15,2813.255234
258,18,2774.386799
259,9,4401.340294
259,10,3712.505053
259,11,3285.868447
259,12,3189.792764
259,13,2870.432189
259,15,2813.255234
259,18,2774.386799
260,9,4301.762299
260,10,3712.505053
260,11,3285.868447
260,12,3189.792764
260,13,2861.283437
260,15,2813.255234
260,18,2774.386799
261,9,4301.762299
261,10,3712.505053
261,11,3285.868447
261,12,3189.792764
261,13,2861.283437
261,15,2813.255234
261,18,2774.386799
262,9,4301.762299
262,10,3712.505053
262,11,3285.868447
262,12,3189.792764
262,13,2861.283437
262,15,2813.255234
262,18,2774.386799
263,9,4301.762299
263,10,3712.505053
263,11,3285.868447
263,12,3189.792764
263,13,2861.283437
263,15,2813.255234
263,18,2774.386799
264,9,4301.762299
264,10,3712.505053
264,11,3285.868447
264,12,3189.792764
264,13,2861.283437
264,15,2813.255234
264,18,2774.386799
265,9,4301.762299
265,10,3712.505053
265,11,3272.401464
265,12,3189.792764
265,13,2859.799643
265,14,2859.726463
265,15,2808.629835
265,18,2774.386799
266,9,4301.762299
266,10,3712.505053
266,11,3272.401464
266,12,3189.792764
266,13,2859.799643
266,14,2859.726463
266,15,2808.629835
266,18,2774.386799
266,19,2771.127796
267,9,4301.762299
267,10,3712.505053
267,11,3272.401464
267,12,3189.792764
267,13,2859.799643
267,14,2859.726463
267,15,2808.629835
267,18,2774.386799
267,19,2771.127796
268,9,4301.762299
268,10,3712.505053
268,11,3272.401464
268,12,3189.792764
268,13,2859.799643
268,14,2859.726463
268,15,2808.629835
268,18,2774.386799
268,19,2771.127796
269,9,4301.762299
269,10,3712.505053
269,11,3272.401464
269,12,3189.792764
269,13,2859.799643
269,14,2859.726463
269,15,2808.629835
269,18,2774.386799
269,19,2771.127796
270,9,4272.671824
270,10,3712.505053
270,11,3264.384543
270,12,3087.414048
270,13,2859.799643
270,14,2859.726463
270,15,2808.629835
270,18,2769.936025
271,9,4272.671824
271,10,3712.505053
271,11,3264.384543
271,12,3087.414048
271,13,2859.799643
271,14,2859.726463
271,15,2808.629835
271,18,2769.936025
272,9,4272.671824
272,10,3712.505053
272,11,3264.384543
272,12,3087.414048
272,13,2859.799643
272,14,2859.726463
272,15,2808.629835
272,18,2769.936025
273,9,4272.671824
273,10,3712.505053
273,11,3264.384543
273,12,3087.414048
273,13,2859.799643
273,14,2859.726463
273,15,2808.629835
273,18,2769.936025
274,9,4272.671824
274,10,3712.505053
274,11,3264.384543
274,12,3087.414048
274,13,2859.799643
274,14,2859.726463
274,15,2808.629835
274,18,2769.936025
275,9,4272.671824
275,10,3712.505053
275,11,3264.384543
275,12,3087.212300
275,13,2849.996798
275,14,2840.512188
275,15,2808.629835
275,18,2769.936025
276,9,4272.671824
276,10,3712.505053
276,11,3264.384543
276,12,3087.212300
276,13,2849.996798
276,14,2840.512188
276,15,2808.629835
276,18,2769.936025
277,9,4272.671824
277,10,3712.505053
277,11,3264.384543
277,12,3087.212300
277,13,2849.996798
277,14,2840.512188
277,15,2808.629835
277,18,2769.936025
278,9,4272.671824
278,10,3712.505053
278,11,3264.384543
278,12,3087.212300
278,13,2849.996798
278,14,2840.512188
278,15,2808.629835
278,18,2769.936025
279,9,4272.671824
279,10,3712.505053
279,11,3264.384543
279,12,3087.212300
279,13,2849.996798
279,14,2840.512188
279,15,2808.629835
279,18,2769.936025
280,9,4272.671824
280,10,3712.505053
280,11,3264.384543
280,12,3087.212300
280,13,2845.147757
280,14,2840.472682
280,15,2808.629835
280,18,2760.654812
281,9,4272.671824
281,10,3712.505053
281,11,3264.384543
281,12,3087.212300
281,13,2845.147757
281,14,2840.472682
281,15,2808.629835
281,18,2760.654812
282,9,4272.671824
282,10,3712.505053
282,11,3264.384543
282,12,3087.212300
282,13,2845.147757
282,14,2840.472682
282,15,2808.629835
282,18,2760.654812
283,9,4272.671824
283,10,3712.505053
283,11,3264.384543
283,12,3087.212300
283,13,2845.147757
283,14,2840.472682
283,15,2808.629835
283,18,2760.654812
284,9,4272.671824
284,10,3712.505053
284,11,3264.384543
284,12,3087.212300
284,13,2845.147757
284,14,2840.472682
284,15,2808.629835
284,17,2805.384456
284,18,2760.654812
285,9,4272.671824
285,10,3712.505053
285,11,3253.451297
285,12,3023.773798
285,13,2845.147757
285,14,2840.219815
285,15,2808.629835
285,17,2805.384456
285,18,2760.654812
286,9,4272.671824
286,10,3712.505053
286,11,3253.451297
286,12,3023.773798
286,13,2845.147757
286,14,2840.219815
286,15,2808.629835
286,17,2805.384456
286,18,2760.654812
287,9,4272.671824
287,10,3712.505053
287,11,3253.451297
287,12,3023.773798
287,13,2845.147757
287,14,2840.219815
287,15,2808.629835
287,17,2805.384456
287,18,2760.654812
288,9,4272.671824
288,10,3712.505053
288,11,3253.451297
288,12,3023.773798
288,13,2845.147757
288,14,2840.219815
288,15,2808.629835
288,17,2805.384456
288,18,2760.654812
289,9,4272.671824
289,10,3712.505053
289,11,3253.451297
289,12,3023.773798
289,13,2845.147757
289,14,2840.219815
289,15,2808.629835
289,17,2805.384456
289,18,2760.654812
290,9,4272.671824
290,10,3712.505053
290,11,3253.451297
290,12,3019.938754
290,13,2842.755074
290,14,2840.219815
290,15,2808.629835
290,17,2805.384456
290,18,2760.654812
291,9,4272.671824
291,10,3712.505053
291,11,3253.451297
291,12,3019.938754
291,13,2842.755074
291,14,2840.219815
291,15,2808.629835
291,17,2805.384456
291,18,2760.654812
292,9,4251.234785
292,10,3712.505053
292,11,3253.451297
292,12,3019.938754
292,13,2842.755074
292,14,2833.662395
292,15,2808.629835
292,17,2805.384456
292,18,2760.654812
293,9,4251.234785
293,10,3712.505053
293,11,3253.451297
293,12,3019.938754
293,13,2842.755074
293,14,2833.662395
293,15,2808.629835
293,17,2805.384456
293,18,2760.654812
294,9,4251.234785
294,10,3712.505053
294,11,3253.451297
294,12,3019.938754
294,13,2842.755074
294,14,2833.662395
294,15,2808.629835
294,17,2805.384456
294,18,2760.654812
295,9,4251.234785
295,10,3597.580069
295,11,3232.003893
295,12,3019.938754
295,13,2837.072746
295,14,2818.201105
295,15,2808.629835
295,16,2804.259799
295,18,2760.654812
296,9,4251.234785
296,10,3597.580069
296,11,3232.003893
296,12,3019.938754
296,13,2837.072746
296,14,2818.201105
296,15,2808.629835
296,16,2804.259799
296,18,2760.654812
297,9,4251.234785
297,10,3597.580069
297,11,3232.003893
297,12,3019.938754
297,13,2837.072746
297,14,2818.201105
297,15,2808.629835
297,16,2804.259799
297,18,2760.654812
298,9,4251.234785
298,10,3597.580069
298,11,3232.003893
298,12,3019.938754
298,13,2837.072746
298,14,2818.201105
298,15,2808.629835
298,16,2804.259799
298,18,2760.654812
299,9,4251.234785
299,10,3597.580069
299,11,3232.003893
299,12,3019.938754
299,13,2837.072746
299,14,2818.201105
299,15,2808.629835
299,16,2804.259799
299,18,2760.654812
300,9,4251.234785
300,10,3580.027875
300,11,3194.280363
300,12,3019.938754
300,13,2837.072746
300,14,2813.226868
300,15,2808.629835
300,16,2802.200502
300,18,2760.654812
301,9,4251.234785
301,10,3580.027875
301,11,3194.280363
301,12,3019.938754
301,13,2837.072746
301,14,2813.226868
301,15,2808.629835
301,16,2802.200502
301,18,2760.654812
302,9,4251.234785
302,10,3580.027875
302,11,3194.280363
302,12,3019.938754
302,13,2837.072746
302,14,2813.226868
302,15,2808.629835
302,16,2802.200502
302,18,2760.654812
303,9,4251.234785
303,10,3580.027875
303,11,3194.280363
303,12,3019.938754
303,13,2837.072746
303,14,2813.226868
303,15,2808.629835
303,16,2802.200502
303,18,2760.654812
304,9,4251.234785
304,10,3580.027875
304,11,3194.280363
304,12,3019.938754
304,13,2819.771819
304,14,2813.226868
304,15,2808.629835
304,16,2802.200502
304,18,2760.654812
305,9,4171.133401
305,10,3564.850179
305,11,3194.280363
305,12,3019.938754
305,13,2785.562889
305,18,2760.654812
306,9,4171.133401
306,10,3564.850179
306,11,3194.280363
306,12,3019.938754
306,13,2785.562889
306,18,2760.654812
307,9,4171.133401
307,10,3564.850179
307,11,3194.280363
307,12,3019.938754
307,13,2785.562889
307,18,2760.654812
308,9,4171.133401
308,10,3564.850179
308,11,3194.280363
308,12,3019.938754
308,13,2785.562889
308,18,2760.654812
309,9,4171.133401
309,10,3564.850179
309,11,3194.280363
309,12,3019.938754
309,13,2785.562889
309,18,2760.654812
310,9,4171.133401
310,10,3564.850179
310,11,3193.742160
310,12,3014.698771
310,13,2785.562889
310,17,2753.571964
311,9,4171.133401
311,10,3564.850179
311,11,3193.742160
311,12,3014.698771
311,13,2785.562889
311,17,2753.571964
312,9,4171.133401
312,10,3564.850179
312,11,3193.742160
312,12,3014.698771
312,13,2785.562889
312,17,2753.571964
313,9,4171.133401
313,10,3564.850179
313,11,3193.742160
313,12,3014.698771
313,13,2785.562889
313,17,2753.571964
314,9,4171.133401
314,10,3564.850179
314,11,3193.742160
314,12,3014.698771
314,13,2785.562889
314,17,2753.571964
315,9,4171.133401
315,10,3564.850179
315,11,3193.742160
315,12,3014.698771
315,13,2785.562889
315,17,2753.571964
316,9,4171.133401
316,10,3564.850179
316,11,3193.742160
316,12,3014.698771
316,13,2785.562889
316,17,2753.571964
317,9,4159.442002
317,10,3564.850179
317,11,3193.742160
317,12,3014.698771
317,13,2785.562889
317,17,2753.571964
318,9,4159.442002
318,10,3564.850179
318,11,3193.742160
318,12,3014.698771
318,13,2785.562889
318,17,2753.571964
319,9,4159.442002
319,10,3564.850179
319,11,3193.742160
319,12,3014.698771
319,13,2785.562889
319,17,2753.571964
320,9,4159.442002
320,10,3564.850179
320,11,3193.742160
320,12,3014.698771
320,13,2782.360729
320,17,2744.677039
321,9,4159.442002
321,10,3564.850179
321,11,3193.742160
321,12,3014.698771
321,13,2782.360729
321,17,2744.677039
322,9,4159.442002
322,10,3564.850179
322,11,3193.742160
322,12,3014.698771
322,13,2782.360729
322,17,2744.677039
323,9,4159.442002
323,10,3564.850179
323,11,3193.742160
323,12,3014.698771
323,13,2782.360729
323,17,2744.677039
324,9,4159.442002
324,10,3564.850179
324,11,3193.742160
324,12,3014.698771
324,13,2782.360729
324,17,2744.677039
325,9,4144.297362
325,10,3496.972674
325,11,3193.729238
325,12,3014.698771
325,13,2782.360729
325,17,2744.677039
326,9,4144.297362
326,10,3496.972674
326,11,3193.729238
326,12,3014.698771
326,13,2782.360729
326,15,2776.625159
326,17,2744.677039
327,9,4144.297362
327,10,3496.972674
327,11,3193.729238
327,12,3014.698771
327,13,2782.360729
327,15,2776.625159
327,17,2744.677039
328,9,4144.297362
328,10,3496.972674
328,11,3193.729238
328,12,3014.698771
328,13,2782.360729
328,15,2776.625159
328,16,2770.190864
328,17,2744.677039
