Iteration,NV,TOC
1,6,5738.598054
1,7,2946.613454
1,8,2784.418628
1,9,2699.559275
1,10,2684.479634
1,11,2658.513098
1,14,2577.703019
1,15,2415.364805
1,16,2405.047913
1,18,2401.761404
1,20,2347.116161
1,21,2337.036061
1,22,2268.805465
1,23,2257.097330
2,6,4795.170949
2,7,2946.613454
2,8,2784.418628
2,9,2699.559275
2,10,2684.479634
2,11,2658.513098
2,12,2579.299706
2,14,2550.227450
2,15,2415.364805
2,16,2405.047913
2,18,2401.761404
2,20,2347.116161
2,21,2337.036061
2,22,2268.805465
2,23,2257.097330
2,24,2256.640920
3,6,3887.403840
3,7,2946.613454
3,8,2784.418628
3,9,2699.559275
3,10,2684.479634
3,11,2658.513098
3,12,2579.299706
3,14,2550.227450
3,15,2415.364805
3,16,2405.047913
3,17,2362.819876
3,20,2347.116161
3,21,2337.036061
3,22,2268.805465
3,23,2257.097330
3,24,2256.640920
4,5,6572.292664
4,6,3887.403840
4,7,2946.613454
4,8,2784.418628
4,9,2699.559275
4,10,2684.479634
4,11,2658.513098
4,12,2579.299706
4,14,2550.227450
4,15,2415.364805
4,16,2405.047913
4,17,2362.819876
4,19,2359.310344
4,20,2347.116161
4,21,2337.036061
4,22,2268.805465
4,23,2257.097330
4,24,2256.640920
4,30,2249.619799
5,5,6572.292664
5,6,3887.403840
5,7,2930.428647
5,8,2784.418628
5,9,2699.559275
5,10,2590.337862
5,12,2579.299706
5,14,2550.227450
5,15,2415.364805
5,16,2405.047913
5,17,2317.426987
5,22,2268.805465
5,23,2257.097330
5,24,2256.640920
5,25,2233.567249
6,5,6572.292664
6,6,3887.403840
6,7,2930.428647
6,8,2784.418628
6,9,2699.559275
6,10,2590.337862
6,12,2563.236835
6,14,2550.227450
6,15,2415.364805
6,16,2405.047913
6,17,2317.426987
6,20,2306.496235
6,22,2268.805465
6,23,2257.097330
6,24,2256.640920
6,25,2233.567249
7,5,6572.292664
7,6,3887.403840
7,7,2930.428647
7,8,2784.418628
7,9,2699.559275
7,10,2590.337862
7,12,2563.236835
7,14,2550.227450
7,15,2415.364805
7,16,2405.047913
7,17,2317.426987
7,20,2306.496235
7,22,2268.805465
7,23,2257.097330
7,24,2256.640920
7,25,2233.567249
7,32,2212.458880
8,5,5131.793312
8,6,3887.403840
8,7,2930.428647
8,8,2784.418628
8,9,2699.559275
8,10,2590.337862
8,12,2563.236835
8,14,2501.963890
8,15,2415.364805
8,16,2316.675441
8,20,2306.496235
8,22,2268.805465
8,23,2257.097330
8,24,2256.640920
8,25,2233.567249
8,32,2212.458880
9,5,5131.793312
9,6,3887.403840
9,7,2930.428647
9,8,2784.418628
9,9,2699.559275
9,10,2590.337862
9,12,2563.236835
9,14,2501.963890
9,15,2415.364805
9,16,2316.675441
9,20,2306.496235
9,22,2268.805465
9,23,2257.097330
9,24,2211.535308
10,5,5131.793312
10,6,3887.403840
10,7,2930.428647
10,8,2784.418628
10,9,2699.559275
10,10,2590.337862
10,12,2563.236835
10,14,2501.963890
10,15,2415.364805
10,16,2316.675441
10,20,2306.496235
10,22,2268.805465
10,23,2257.097330
10,24,2211.535308
11,5,5131.793312
11,6,3887.403840
11,7,2930.428647
11,8,2784.418628
11,9,2699.559275
11,10,2590.337862
11,12,2563.236835
11,14,2501.963890
11,15,2415.364805
11,16,2316.675441
11,20,2306.496235
11,22,2268.805465
11,23,2257.097330
11,24,2211.535308
12,5,4455.202716
12,6,3887.403840
12,7,2930.428647
12,8,2784.418628
12,9,2670.885184
12,10,2590.337862
12,12,2563.236835
12,13,2413.980629
12,16,2316.675441
12,17,2263.789925
12,23,2257.097330
12,24,2211.535308
13,5,4455.202716
13,6,3887.403840
13,7,2930.428647
13,8,2680.602959
13,9,2670.885184
13,10,2590.337862
13,12,2563.236835
13,13,2413.980629
13,15,2378.229592
13,16,2316.675441
13,17,2263.789925
13,23,2257.097330
13,24,2211.535308
14,5,4455.202716
14,6,3887.403840
14,7,2930.428647
14,8,2680.602959
14,9,2670.885184
14,10,2590.337862
14,12,2563.236835
14,13,2413.980629
14,15,2378.229592
14,16,2316.675441
14,17,2263.789925
14,23,2257.097330
14,24,2211.535308
14,27,2170.297103
15,5,4455.202716
15,6,3887.403840
15,7,2930.428647
15,8,2680.602959
15,9,2670.885184
15,10,2590.337862
15,11,2459.470425
15,13,2413.980629
15,14,2406.771678
15,15,2378.229592
15,16,2316.675441
15,17,2263.789925
15,23,2257.097330
15,24,2211.535308
15,25,2203.640480
15,27,2170.297103
16,5,4455.202716
16,6,3833.459149
16,7,2930.428647
16,8,2680.602959
16,9,2670.885184
16,10,2590.337862
16,11,2459.470425
16,13,2413.980629
16,14,2406.771678
16,15,2378.229592
16,16,2316.675441
16,17,2263.789925
16,21,2214.796993
16,24,2211.535308
16,25,2203.640480
16,27,2170.297103
17,5,4455.202716
17,6,3833.459149
17,7,2840.075155
17,8,2623.836735
17,10,2590.337862
17,11,2459.470425
17,13,2413.980629
17,14,2290.406706
17,15,2276.033457
17,17,2263.789925
17,20,2132.673421
18,5,4455.202716
18,6,3833.459149
18,7,2840.075155
18,8,2623.836735
18,10,2590.337862
18,11,2459.470425
18,13,2413.980629
18,14,2290.406706
18,15,2276.033457
18,17,2263.789925
18,20,2132.673421
19,5,4455.202716
19,6,3833.459149
19,7,2840.075155
19,8,2623.836735
19,10,2590.337862
19,11,2459.470425
19,13,2413.980629
19,14,2290.406706
19,15,2276.033457
19,17,2263.789925
19,20,2132.673421
20,5,4455.202716
20,6,3833.459149
20,7,2840.075155
20,8,2623.836735
20,10,2590.337862
20,11,2459.470425
20,13,2413.980629
20,14,2290.406706
20,15,2276.033457
20,17,2263.789925
20,20,2132.673421
21,5,4444.538276
21,6,3833.459149
21,7,2840.075155
21,8,2623.836735
21,10,2590.337862
21,11,2459.470425
21,13,2413.980629
21,14,2290.406706
21,15,2276.033457
21,17,2263.789925
21,20,2132.673421
22,5,4444.538276
22,6,3833.459149
22,7,2775.133391
22,8,2623.836735
22,10,2590.337862
22,11,2459.470425
22,13,2413.980629
22,14,2290.406706
22,15,2276.033457
22,17,2098.834477
23,5,4235.512539
23,6,3833.459149
23,7,2775.133391
23,8,2618.283131
23,10,2590.337862
23,11,2459.470425
23,13,2413.980629
23,14,2290.406706
23,15,2276.033457
23,16,2269.294176
23,17,2098.834477
24,5,4235.512539
24,6,3833.459149
24,7,2775.133391
24,8,2618.283131
24,9,2522.769322
24,11,2459.470425
24,13,2413.980629
24,14,2290.406706
24,15,2276.033457
24,16,2269.294176
24,17,2098.834477
25,5,4235.512539
25,6,3833.459149
25,7,2775.133391
25,8,2563.267489
25,9,2522.769322
25,10,2343.259233
25,14,2290.406706
25,15,2276.033457
25,16,2269.294176
25,17,2098.834477
26,5,4235.512539
26,6,3833.459149
26,7,2775.133391
26,8,2563.267489
26,9,2522.769322
26,10,2343.259233
26,14,2290.406706
26,15,2276.033457
26,16,2269.294176
26,17,2098.834477
27,5,4235.512539
27,6,3833.459149
27,7,2775.133391
27,8,2454.596181
27,10,2343.259233
27,13,2253.160926
27,17,2098.834477
28,5,4235.512539
28,6,3833.459149
28,7,2775.133391
28,8,2454.596181
28,9,2420.979419
28,10,2343.259233
28,13,2253.160926
28,17,2098.834477
29,5,4235.512539
29,6,3833.459149
29,7,2775.133391
29,8,2454.596181
29,9,2420.979419
29,10,2343.259233
29,13,2253.160926
29,17,2098.834477
30,5,4235.512539
30,6,3595.726595
30,7,2775.133391
30,8,2454.596181
30,9,2420.979419
30,10,2343.259233
30,13,2253.160926
30,17,2098.834477
31,5,4235.512539
31,6,3595.726595
31,7,2775.133391
31,8,2454.596181
31,9,2420.979419
31,10,2343.259233
31,13,2253.160926
31,17,2098.834477
32,5,4235.512539
32,6,3413.633196
32,7,2775.133391
32,8,2337.926887
32,10,2320.438096
32,13,2253.160926
32,16,2235.438341
32,17,2098.834477
33,5,4235.512539
33,6,3413.633196
33,7,2775.133391
33,8,2337.926887
33,10,2320.438096
33,11,2319.608310
33,13,2253.160926
33,16,2235.438341
33,17,2098.834477
34,5,4235.512539
34,6,3413.633196
34,7,2775.133391
34,8,2337.926887
34,10,2320.438096
34,11,2319.608310
34,13,2253.160926
34,16,2226.361079
34,17,2098.834477
35,5,4235.512539
35,6,3413.633196
35,7,2775.133391
35,8,2337.926887
35,10,2320.438096
35,11,2319.608310
35,13,2253.160926
35,16,2226.361079
35,17,2098.834477
36,5,4235.512539
36,6,3413.633196
36,7,2775.133391
36,8,2337.926887
36,10,2320.438096
36,11,2319.608310
36,13,2253.160926
36,16,2226.361079
36,17,2098.834477
37,5,4235.512539
37,6,3413.633196
37,7,2775.133391
37,8,2337.926887
37,10,2320.438096
37,11,2319.608310
37,13,2241.686617
37,16,2226.361079
37,17,2098.834477
38,5,4235.512539
38,6,3413.633196
38,7,2775.133391
38,8,2337.926887
38,10,2320.438096
38,11,2319.608310
38,13,2241.686617
38,16,2183.691050
38,17,2098.834477
39,5,4235.512539
39,6,3413.633196
39,7,2775.133391
39,8,2337.926887
39,10,2320.438096
39,11,2319.608310
39,13,2241.686617
39,16,2183.691050
39,17,2098.834477
40,5,4235.512539
40,6,3413.633196
40,7,2775.133391
40,8,2337.926887
40,10,2320.438096
40,11,2319.608310
40,13,2241.686617
40,16,2183.691050
40,17,2098.834477
41,5,4235.512539
41,6,3413.633196
41,7,2775.133391
41,8,2337.926887
41,10,2320.438096
41,11,2319.608310
41,13,2241.686617
41,16,2183.691050
41,17,2098.834477
42,5,4235.512539
42,6,3413.633196
42,7,2741.264362
42,8,2337.926887
42,10,2137.951977
42,17,2098.834477
43,5,4235.512539
43,6,3413.633196
43,7,2741.264362
43,8,2337.926887
43,10,2137.951977
43,17,2098.834477
44,5,4235.512539
44,6,3413.633196
44,7,2741.264362
44,8,2337.926887
44,10,2137.951977
44,17,2098.834477
45,5,4235.512539
45,6,3413.633196
45,7,2741.264362
45,8,2337.926887
45,10,2137.951977
45,17,2098.834477
46,5,4235.512539
46,6,3413.633196
46,7,2741.264362
46,8,2337.926887
46,10,2137.951977
46,17,2098.834477
47,5,4235.512539
47,6,3413.633196
47,7,2598.140875
47,8,2337.926887
47,10,2137.951977
47,17,2098.834477
48,5,4235.512539
48,6,3413.633196
48,7,2598.140875
48,8,2337.926887
48,9,2317.260027
48,10,2137.951977
48,17,2098.834477
49,5,4235.512539
49,6,3413.633196
49,7,2598.140875
49,8,2337.926887
49,9,2317.260027
49,10,2137.951977
49,17,2098.834477
50,4,9092.948224
50,5,4235.512539
50,6,3413.633196
50,7,2598.140875
50,8,2337.926887
50,9,2317.260027
50,10,2137.951977
50,17,2098.834477
51,4,9092.948224
51,5,4235.512539
51,6,3413.633196
51,7,2598.140875
51,8,2337.926887
51,9,2317.260027
51,10,2137.951977
51,17,2098.834477
52,4,9092.948224
52,5,4235.512539
52,6,3097.992602
52,7,2598.140875
52,8,2337.926887
52,9,2317.260027
52,10,2137.951977
52,17,2098.834477
53,4,9092.948224
53,5,4235.512539
53,6,3097.992602
53,7,2598.140875
53,8,2337.926887
53,9,2317.260027
53,10,2137.951977
53,17,2098.834477
54,4,9092.948224
54,5,4235.512539
54,6,3097.992602
54,7,2598.140875
54,8,2337.926887
54,9,2317.260027
54,10,2137.951977
54,17,2098.834477
55,4,9092.948224
55,5,4235.512539
55,6,3097.992602
55,7,2598.140875
55,8,2337.926887
55,9,2317.260027
55,10,2137.951977
55,17,2098.834477
56,4,9092.948224
56,5,4212.193661
56,6,3097.992602
56,7,2598.140875
56,8,2337.926887
56,9,2317.260027
56,10,2137.951977
56,17,2098.834477
57,4,9092.948224
57,5,4212.193661
57,6,2525.009329
57,8,2337.926887
57,9,2317.260027
57,10,2137.951977
57,17,2098.834477
58,4,9092.948224
58,5,4212.193661
58,6,2525.009329
58,8,2337.926887
58,9,2317.260027
58,10,2137.951977
58,17,2098.834477
59,4,9092.948224
59,5,4212.193661
59,6,2525.009329
59,8,2337.926887
59,9,2317.260027
59,10,2137.951977
59,17,2098.834477
60,4,9092.948224
60,5,4110.240521
60,6,2525.009329
60,8,2337.926887
60,9,2317.260027
60,10,2137.951977
60,17,2098.834477
61,4,8165.362917
61,5,4110.240521
61,6,2525.009329
61,8,2337.926887
61,9,2317.260027
61,10,2137.951977
61,17,2098.834477
62,4,8165.362917
62,5,3898.436217
62,6,2479.345426
62,8,2337.926887
62,9,2317.260027
62,10,2137.951977
62,15,2054.117797
63,4,8165.362917
63,5,3898.436217
63,6,2479.345426
63,8,2337.926887
63,9,2317.260027
63,10,2137.951977
63,15,2054.117797
64,4,8165.362917
64,5,3898.436217
64,6,2479.345426
64,8,2337.926887
64,9,2317.260027
64,10,2137.951977
64,15,2054.117797
65,4,8165.362917
65,5,3898.436217
65,6,2479.345426
65,8,2337.926887
65,9,2317.260027
65,10,2137.951977
65,15,2054.117797
66,4,8165.362917
66,5,3898.436217
66,6,2479.345426
66,8,2337.926887
66,9,2317.260027
66,10,2137.951977
66,15,2054.117797
67,4,8165.362917
67,5,3737.730744
67,6,2444.637709
67,8,2337.926887
67,9,2317.260027
67,10,2137.951977
67,15,2054.117797
68,4,8165.362917
68,5,3737.730744
68,6,2444.637709
68,8,2337.926887
68,9,2317.260027
68,10,2137.951977
68,15,2054.117797
69,4,8165.362917
69,5,3737.730744
69,6,2444.637709
69,8,2337.926887
69,9,2317.260027
69,10,2137.951977
69,15,2054.117797
70,4,8165.362917
70,5,3737.730744
70,6,2444.637709
70,8,2337.926887
70,9,2317.260027
70,10,2137.951977
70,15,2054.117797
71,4,8165.362917
71,5,3737.730744
71,6,2444.637709
71,8,2337.926887
71,9,2312.836380
71,10,2137.951977
71,15,2054.117797
72,4,8165.362917
72,5,3530.991876
72,6,2374.893545
72,8,2337.926887
72,9,2312.836380
72,10,2137.951977
72,15,2054.117797
73,4,8165.362917
73,5,3530.991876
73,6,2374.893545
73,8,2337.926887
73,9,2312.836380
73,10,2137.951977
73,15,2054.117797
74,4,8165.362917
74,5,3409.933269
74,6,2374.893545
74,8,2337.926887
74,9,2312.836380
74,10,2137.951977
74,15,2054.117797
75,4,6979.601340
75,5,3409.933269
75,6,2374.893545
75,8,2337.926887
75,9,2312.836380
75,10,2137.951977
75,15,2054.117797
76,4,6979.601340
76,5,3409.933269
76,6,2374.893545
76,8,2337.926887
76,9,2312.836380
76,10,2137.951977
76,15,2054.117797
77,4,6979.601340
77,5,3409.933269
77,6,2241.458643
77,10,2125.511203
77,15,2037.707688
78,4,6979.601340
78,5,3409.933269
78,6,2241.458643
78,10,2125.511203
78,15,2037.707688
79,4,6979.601340
79,5,3409.933269
79,6,2241.458643
79,10,2125.511203
79,13,2115.025886
79,15,2037.707688
80,4,6979.601340
80,5,3409.933269
80,6,2241.458643
80,10,2125.511203
80,13,2115.025886
80,15,2037.707688
81,4,6979.601340
81,5,3409.933269
81,6,2241.458643
81,10,2125.511203
81,13,2115.025886
81,15,2037.707688
82,4,6979.601340
82,5,3409.933269
82,6,2241.458643
82,10,2125.511203
82,13,2115.025886
82,15,2037.707688
83,4,6979.601340
83,5,3409.933269
83,6,2241.458643
83,10,2125.511203
83,13,2115.025886
83,15,2037.707688
84,4,6979.601340
84,5,3409.933269
84,6,2241.458643
84,10,2125.511203
84,13,2115.025886
84,15,2037.707688
85,4,6979.601340
85,5,3409.933269
85,6,2241.458643
85,10,2125.511203
85,13,2115.025886
85,15,2037.707688
86,4,6979.601340
86,5,3409.933269
86,6,2241.458643
86,10,2125.511203
86,13,2115.025886
86,15,2037.707688
87,4,6979.601340
87,5,3409.933269
87,6,2241.458643
87,10,2125.511203
87,13,2115.025886
87,15,2037.707688
88,4,6979.601340
88,5,3003.484841
88,6,2241.458643
88,10,2125.511203
88,13,2115.025886
88,15,2037.707688
89,4,6979.601340
89,5,3003.484841
89,6,2241.458643
89,10,2125.511203
89,13,2115.025886
89,15,2037.707688
90,4,6979.601340
90,5,3003.484841
90,6,2241.458643
90,10,2125.511203
90,13,2115.025886
90,15,2037.707688
91,4,6979.601340
91,5,3003.484841
91,6,2241.458643
91,10,2125.511203
91,13,2115.025886
91,15,2037.707688
92,4,6979.601340
92,5,3003.484841
92,6,2241.458643
92,10,2125.511203
92,13,2115.025886
92,15,2037.707688
93,4,6979.601340
93,5,3003.484841
93,6,2241.458643
93,10,2125.511203
93,13,2115.025886
93,15,2037.707688
94,4,6979.601340
94,5,3003.484841
94,6,2241.458643
94,10,2125.511203
94,13,2115.025886
94,15,2037.707688
95,4,6979.601340
95,5,3003.484841
95,6,2241.458643
95,10,2125.511203
95,13,2115.025886
95,15,2037.707688
96,4,6979.601340
96,5,3003.484841
96,6,2241.458643
96,10,2125.511203
96,13,2115.025886
96,15,2037.707688
97,4,6979.601340
97,5,3003.484841
97,6,2239.025159
97,10,2125.511203
97,13,2115.025886
97,15,2037.707688
98,4,6979.601340
98,5,3003.484841
98,6,2239.025159
98,10,2125.511203
98,13,2115.025886
98,15,2037.707688
99,4,6979.601340
99,5,3003.484841
99,6,2239.025159
99,10,2125.511203
99,13,2115.025886
99,15,2037.707688
100,4,6979.601340
100,5,3003.484841
100,6,2239.025159
100,10,2125.511203
100,13,2115.025886
100,15,2037.707688
101,4,6979.601340
101,5,2910.846058
101,6,2222.609813
101,8,2173.924547
101,10,2125.511203
101,13,2115.025886
101,15,2037.707688
102,4,6979.601340
102,5,2910.846058
102,6,2189.298060
102,8,2173.924547
102,9,2123.123656
102,13,2115.025886
102,15,2037.707688
103,4,6979.601340
103,5,2910.846058
103,6,2189.298060
103,8,2171.815424
103,9,2123.123656
103,13,2115.025886
103,15,2037.707688
104,4,6979.601340
104,5,2910.846058
104,6,2189.298060
104,8,2171.815424
104,9,2123.123656
104,13,2115.025886
104,15,2037.707688
105,4,6979.601340
105,5,2910.846058
105,6,2189.298060
105,8,2171.815424
105,9,2038.717774
105,15,2037.707688
106,4,6688.020711
106,5,2810.698319
106,6,2189.298060
106,8,2072.424958
106,9,2038.717774
106,15,2037.707688
107,4,5025.505923
107,5,2810.698319
107,6,2189.298060
107,7,2007.533917
107,15,1996.132295
108,4,4905.658983
108,5,2810.698319
108,6,2189.298060
108,7,2007.533917
108,15,1996.132295
109,4,4905.658983
109,5,2555.145467
109,6,2189.298060
109,7,2007.533917
109,15,1996.132295
110,4,4905.658983
110,5,2555.145467
110,6,2189.298060
110,7,2007.533917
110,15,1996.132295
111,4,4905.658983
111,5,2555.145467
111,6,2189.298060
111,7,2007.533917
111,15,1996.132295
112,4,4905.658983
112,5,2555.145467
112,6,2189.298060
112,7,2007.533917
112,8,1997.946185
112,15,1996.132295
113,4,4905.658983
113,5,2555.145467
113,6,2189.298060
113,7,2007.533917
113,8,1997.946185
113,15,1996.132295
114,4,4905.658983
114,5,2555.145467
114,6,2109.629661
114,7,2007.533917
114,8,1997.946185
114,15,1996.132295
114,17,1994.577426
115,4,4905.658983
115,5,2385.062665
115,6,2109.629661
115,7,2007.533917
115,8,1997.946185
115,15,1996.132295
115,17,1994.577426
116,4,4383.108022
116,5,2385.062665
116,6,2059.378752
116,7,2007.533917
116,8,1997.946185
116,15,1996.132295
116,17,1994.577426
117,4,4383.108022
117,5,2385.062665
117,6,1978.056761
117,12,1955.107763
118,4,4383.108022
118,5,2385.062665
118,6,1978.056761
118,12,1955.107763
119,4,4383.108022
119,5,2385.062665
119,6,1978.056761
119,12,1955.107763
120,4,4383.108022
120,5,2385.062665
120,6,1978.056761
120,12,1955.107763
121,4,4383.108022
121,5,2385.062665
121,6,1978.056761
121,12,1955.107763
122,4,4383.108022
122,5,2385.062665
122,6,1978.056761
122,12,1955.107763
123,4,4383.108022
123,5,2385.062665
123,6,1978.056761
123,12,1955.107763
124,4,4383.108022
124,5,2385.062665
124,6,1978.056761
124,12,1955.107763
125,4,4383.108022
125,5,2385.062665
125,6,1978.056761
125,12,1955.107763
126,4,4383.108022
126,5,2385.062665
126,6,1978.056761
126,11,1965.383399
126,12,1955.107763
127,4,4383.108022
127,5,2315.287754
127,6,1978.056761
127,11,1965.383399
127,12,1955.107763
128,4,4383.108022
128,5,2315.287754
128,6,1978.056761
128,11,1965.383399
128,12,1955.107763
129,4,4383.108022
129,5,2315.287754
129,6,1978.056761
129,11,1965.383399
129,12,1955.107763
130,4,4383.108022
130,5,2315.287754
130,6,1978.056761
130,8,1976.732770
130,11,1965.383399
130,12,1955.107763
131,4,4383.108022
131,5,2315.287754
131,6,1978.056761
131,8,1976.732770
131,11,1965.383399
131,12,1955.107763
132,4,4383.108022
132,5,2315.287754
132,6,1978.056761
132,8,1976.732770
132,11,1965.383399
132,12,1955.107763
133,4,4383.108022
133,5,2315.287754
133,6,1978.056761
133,8,1976.732770
133,11,1965.383399
133,12,1955.107763
134,4,4383.108022
134,5,2308.973894
134,6,1978.056761
134,8,1976.732770
134,11,1965.383399
134,12,1955.107763
135,4,4383.108022
135,5,2308.973894
135,6,1978.056761
135,8,1976.732770
135,11,1965.383399
135,12,1955.107763
136,4,4383.108022
136,5,2308.973894
136,6,1978.056761
136,8,1976.732770
136,11,1965.383399
136,12,1955.107763
137,4,3432.862640
137,5,2308.973894
137,6,1978.056761
137,8,1976.732770
137,11,1965.383399
137,12,1955.107763
138,4,3432.862640
138,5,2308.973894
138,6,1978.056761
138,8,1976.732770
138,11,1965.383399
138,12,1955.107763
139,4,3432.862640
139,5,2308.973894
139,6,1978.056761
139,8,1976.732770
139,11,1965.383399
139,12,1955.107763
140,4,3432.862640
140,5,2308.973894
140,6,1978.056761
140,8,1976.732770
140,11,1965.383399
140,12,1955.107763
141,4,3432.862640
141,5,2308.973894
141,6,1978.056761
141,8,1976.732770
141,11,1965.383399
141,12,1955.107763
142,4,3432.862640
142,5,2308.533455
142,6,1978.056761
142,8,1934.098182
143,4,3432.862640
143,5,2308.533455
143,6,1978.056761
143,8,1934.098182
144,4,3432.862640
144,5,2114.981772
144,6,1978.056761
144,8,1934.098182
145,4,3432.862640
145,5,2114.981772
145,6,1978.056761
145,8,1934.098182
146,4,3432.862640
146,5,2114.981772
146,6,1978.056761
146,8,1934.098182
147,4,3432.862640
147,5,2114.981772
147,6,1978.056761
147,8,1934.098182
148,4,3432.862640
148,5,2114.981772
148,6,1978.056761
148,8,1934.098182
149,4,3432.862640
149,5,2114.981772
149,6,1978.056761
149,8,1934.098182
150,4,3432.862640
150,5,2114.981772
150,6,1978.056761
150,8,1934.098182
151,4,3432.862640
151,5,2114.981772
151,6,1978.056761
151,8,1934.098182
152,4,3432.862640
152,5,2092.582019
152,6,1978.056761
152,8,1934.098182
153,4,3432.862640
153,5,2092.582019
153,6,1978.056761
153,8,1934.098182
154,4,3432.862640
154,5,2092.582019
154,6,1978.056761
154,8,1934.098182
155,4,3432.862640
155,5,2092.582019
155,6,1978.056761
155,8,1934.098182
156,4,3432.862640
156,5,2092.582019
156,6,1978.056761
156,8,1934.098182
157,4,3432.862640
157,5,2088.554320
157,6,1978.056761
157,8,1934.098182
158,4,3432.862640
158,5,2088.554320
158,6,1978.056761
158,8,1934.098182
159,4,3432.862640
159,5,2088.554320
159,6,1978.056761
159,8,1934.098182
160,4,3432.862640
160,5,2088.554320
160,6,1978.056761
160,8,1934.098182
161,4,3432.862640
161,5,2088.554320
161,6,1978.056761
161,8,1934.098182
162,4,3432.862640
162,5,2088.554320
162,6,1978.056761
162,8,1934.098182
163,4,3432.862640
163,5,2088.554320
163,6,1978.056761
163,8,1934.098182
164,4,3432.862640
164,5,2088.554320
164,6,1978.056761
164,8,1934.098182
165,4,3432.862640
165,5,2088.554320
165,6,1978.056761
165,8,1934.098182
166,4,3432.862640
166,5,2088.554320
166,6,1978.056761
166,8,1934.098182
167,4,3432.862640
167,5,2088.554320
167,6,1963.894287
167,8,1934.098182
168,4,3432.862640
168,5,2088.554320
168,6,1963.894287
168,8,1934.098182
169,4,3432.862640
169,5,2088.554320
169,6,1963.894287
169,8,1934.098182
170,4,3261.489437
170,5,2088.554320
170,6,1963.894287
170,8,1934.098182
171,4,3261.489437
171,5,2088.554320
171,6,1963.894287
171,8,1934.098182
172,4,3261.489437
172,5,2088.554320
172,6,1963.894287
172,8,1934.098182
173,4,3261.489437
173,5,2084.087158
173,6,1963.894287
173,8,1934.098182
174,4,3261.489437
174,5,2084.087158
174,6,1963.894287
174,8,1934.098182
175,4,3261.489437
175,5,2084.087158
175,6,1963.894287
175,8,1934.098182
176,4,3261.489437
176,5,2084.087158
176,6,1963.894287
176,8,1934.098182
177,4,3261.489437
177,5,2084.087158
177,6,1963.894287
177,8,1933.014879
178,4,3261.489437
178,5,2084.087158
178,6,1963.894287
178,8,1933.014879
179,4,3261.489437
179,5,2084.087158
179,6,1963.894287
179,8,1933.014879
180,4,3261.489437
180,5,2084.087158
180,6,1963.894287
180,8,1933.014879
181,4,3261.489437
181,5,2084.087158
181,6,1963.894287
181,8,1933.014879
182,4,3261.489437
182,5,2084.087158
182,6,1963.894287
182,8,1933.014879
183,4,3261.489437
183,5,2084.087158
183,6,1963.894287
183,8,1933.014879
184,4,3261.489437
184,5,2084.087158
184,6,1963.894287
184,8,1933.014879
185,4,3261.489437
185,5,2084.087158
185,6,1963.894287
185,8,1933.014879
186,4,3261.489437
186,5,2084.087158
186,6,1963.894287
186,8,1933.014879
187,4,3261.489437
187,5,2084.087158
187,6,1963.894287
187,8,1933.014879
188,4,3261.489437
188,5,2084.087158
188,6,1963.894287
188,8,1933.014879
189,4,3261.489437
189,5,2084.087158
189,6,1963.894287
189,8,1933.014879
190,4,3098.525966
190,5,2084.087158
190,6,1963.894287
190,8,1933.014879
191,4,3098.525966
191,5,2084.087158
191,6,1963.894287
191,8,1933.014879
192,4,3098.525966
192,5,2084.087158
192,6,1963.894287
192,8,1933.014879
193,4,3098.525966
193,5,2084.087158
193,6,1963.894287
193,8,1933.014879
194,4,3098.525966
194,5,2084.087158
194,6,1963.894287
194,8,1933.014879
195,4,3098.525966
195,5,2084.087158
195,6,1963.894287
195,8,1933.014879
196,4,3098.525966
196,5,2084.087158
196,6,1963.894287
196,8,1933.014879
197,4,3061.571616
197,5,2084.087158
197,6,1963.894287
197,7,1917.676361
198,4,3061.571616
198,5,2084.087158
198,6,1963.894287
198,7,1917.676361
199,4,3061.571616
199,5,2084.087158
199,6,1963.894287
199,7,1917.676361
200,4,3061.571616
200,5,2084.087158
200,6,1963.894287
200,7,1917.676361
201,4,3061.571616
201,5,2084.087158
201,6,1963.894287
201,7,1917.676361
202,4,2977.749933
202,5,2084.087158
202,6,1963.894287
202,7,1917.676361
203,4,2977.749933
203,5,2084.087158
203,6,1963.894287
203,7,1917.676361
204,4,2977.749933
204,5,2084.087158
204,6,1963.894287
204,7,1917.676361
205,4,2977.749933
205,5,2084.087158
205,6,1963.894287
205,7,1917.676361
206,4,2977.749933
206,5,2084.087158
206,6,1963.894287
206,7,1917.676361
207,4,2977.749933
207,5,2084.087158
207,6,1895.142523
208,4,2977.749933
208,5,2084.087158
208,6,1895.142523
209,4,2977.749933
209,5,2084.087158
209,6,1895.142523
210,4,2977.749933
210,5,2084.087158
210,6,1895.142523
211,4,2977.749933
211,5,2084.087158
211,6,1895.142523
212,4,2927.740046
212,5,2084.087158
212,6,1895.142523
213,4,2927.740046
213,5,2084.087158
213,6,1895.142523
214,4,2927.740046
214,5,2084.087158
214,6,1895.142523
215,4,2927.740046
215,5,2084.087158
215,6,1895.142523
216,4,2927.740046
216,5,2084.087158
216,6,1895.142523
217,4,2927.740046
217,5,2084.087158
217,6,1895.142523
218,4,2927.740046
218,5,2084.087158
218,6,1895.142523
219,4,2927.740046
219,5,2084.087158
219,6,1895.142523
220,4,2927.740046
220,5,2084.087158
220,6,1895.142523
221,4,2919.882411
221,5,2084.087158
221,6,1895.142523
222,4,2919.882411
222,5,2084.087158
222,6,1895.142523
223,4,2919.882411
223,5,2084.087158
223,6,1895.142523
224,4,2919.882411
224,5,2084.087158
224,6,1895.142523
225,4,2871.783617
225,5,2084.087158
225,6,1895.142523
226,4,2871.783617
226,5,2084.087158
226,6,1895.142523
227,4,2814.007116
227,5,2084.087158
227,6,1895.142523
228,4,2814.007116
228,5,2084.087158
228,6,1895.142523
229,4,2814.007116
229,5,2084.087158
229,6,1895.142523
230,4,2814.007116
230,5,2084.087158
230,6,1895.142523
231,4,2814.007116
231,5,2084.087158
231,6,1895.142523
232,4,2814.007116
232,5,2084.087158
232,6,1895.142523
233,4,2814.007116
233,5,2084.087158
233,6,1895.142523
234,4,2814.007116
234,5,2084.087158
234,6,1895.142523
235,4,2814.007116
235,5,2084.087158
235,6,1883.161161
236,4,2814.007116
236,5,2084.087158
236,6,1883.161161
237,4,2473.474837
237,5,2084.087158
237,6,1883.161161
238,4,2473.474837
238,5,2084.087158
238,6,1883.161161
239,4,2473.474837
239,5,2084.087158
239,6,1883.161161
240,4,2473.474837
240,5,2084.087158
240,6,1883.161161
241,4,2473.474837
241,5,2084.087158
241,6,1883.161161
242,4,2463.386719
242,5,2084.087158
242,6,1883.161161
243,4,2463.386719
243,5,2084.087158
243,6,1883.161161
244,4,2463.386719
244,5,2084.087158
244,6,1883.161161
245,4,2463.386719
245,5,2084.087158
245,6,1883.161161
246,4,2463.386719
246,5,2084.087158
246,6,1883.161161
247,4,2449.684370
247,5,2084.087158
247,6,1883.161161
248,4,2449.684370
248,5,2084.087158
248,6,1883.161161
249,4,2449.684370
249,5,2084.087158
249,6,1883.161161
250,4,2449.684370
250,5,2084.087158
250,6,1883.161161
251,4,2449.684370
251,5,2084.087158
251,6,1883.161161
252,4,2403.134446
252,5,2084.087158
252,6,1883.161161
253,4,2403.134446
253,5,2084.087158
253,6,1883.161161
254,4,2403.134446
254,5,2084.087158
254,6,1883.161161
255,4,2403.134446
255,5,2084.087158
255,6,1883.161161
256,4,2403.134446
256,5,2084.087158
256,6,1883.161161
257,4,2403.134446
257,5,2084.087158
257,6,1876.574642
258,4,2403.134446
258,5,2084.087158
258,6,1876.574642
259,4,2403.134446
259,5,2084.087158
259,6,1876.574642
260,4,2403.134446
260,5,2084.087158
260,6,1876.574642
261,4,2403.134446
261,5,2084.087158
261,6,1876.574642
262,4,2288.688122
262,5,2084.087158
262,6,1876.574642
263,4,2288.688122
263,5,2084.087158
263,6,1876.574642
264,4,2288.688122
264,5,2084.087158
264,6,1876.574642
265,4,2288.688122
265,5,2084.087158
265,6,1876.574642
266,4,2288.688122
266,5,2084.087158
266,6,1876.574642
267,4,2159.237822
267,5,2084.087158
267,6,1876.574642
268,4,2159.237822
268,5,2084.087158
268,6,1876.574642
269,4,2159.237822
269,5,2084.087158
269,6,1876.574642
270,4,2159.237822
270,5,2084.087158
270,6,1876.574642
271,4,2159.237822
271,5,2084.087158
271,6,1876.574642
272,4,2080.121752
272,6,1876.574642
273,4,2080.121752
273,6,1876.574642
274,4,2080.121752
274,6,1876.574642
275,4,2080.121752
275,6,1876.574642
276,4,2080.121752
276,6,1876.574642
277,4,2049.759855
277,6,1876.574642
278,4,2049.759855
278,6,1876.574642
279,4,2049.759855
279,6,1876.574642
280,4,2049.759855
280,6,1876.574642
281,4,2049.759855
281,6,1876.574642
282,4,1956.614756
282,6,1876.574642
283,4,1956.614756
283,6,1876.574642
284,4,1956.614756
284,6,1876.574642
285,4,1956.614756
285,6,1876.574642
286,4,1956.614756
286,6,1876.574642
287,4,1954.571136
287,6,1876.574642
288,4,1954.571136
288,6,1876.574642
289,4,1954.571136
289,6,1876.574642
290,4,1954.571136
290,6,1876.574642
291,4,1954.571136
291,6,1876.574642
292,4,1865.384930
293,4,1865.384930
294,4,1865.384930
295,4,1865.384930
296,4,1865.384930
297,4,1865.384930
298,4,1865.384930
299,4,1865.384930
300,4,1865.384930
301,4,1865.384930
302,4,1865.384930
302,6,1851.175489
303,4,1842.211294
304,4,1842.211294
305,4,1842.211294
305,9,1840.903616
306,4,1842.211294
306,9,1840.903616
307,4,1842.211294
307,9,1840.903616
308,4,1842.211294
308,9,1840.903616
309,4,1842.211294
309,9,1840.903616
310,4,1842.211294
310,9,1840.903616
311,4,1842.211294
311,9,1840.903616
312,4,1842.211294
312,9,1840.903616
313,4,1842.211294
313,8,1835.329337
314,4,1842.211294
314,8,1835.329337
315,4,1842.211294
315,8,1835.329337
316,4,1842.211294
316,8,1835.329337
317,4,1842.211294
317,8,1835.329337
318,4,1834.158476
319,4,1834.158476
320,4,1834.158476
321,4,1834.158476
322,4,1834.158476
323,4,1834.158476
324,4,1834.158476
325,4,1834.158476
326,4,1834.158476
327,4,1834.158476
328,4,1834.158476
329,4,1834.158476
330,4,1834.158476
