Generation,NV,TOC
1,19,9018.818932
1,20,8590.335529
1,21,8173.023317
1,22,7800.041519
1,23,7634.187152
1,24,7558.779872
1,25,7173.429805
1,30,7047.079971
1,33,6900.387268
1,34,6696.022704
1,39,6519.846999
1,41,6497.872833
1,42,6446.082615
1,43,6311.478450
1,44,6169.803311
1,52,5886.567576
1,54,5885.003865
1,59,5787.583371
1,60,5776.923132
1,64,5699.036339
1,75,5509.604892
1,83,5494.501125
2,19,9018.818932
2,20,8590.335529
2,21,8173.023317
2,22,7800.041519
2,23,7634.187152
2,24,7558.779872
2,25,7173.429805
2,28,7161.931391
2,30,6915.257568
2,33,6732.425310
2,34,6696.022704
2,35,6430.147483
2,40,6332.983649
2,41,6115.070579
2,45,5924.010699
2,52,5886.567576
2,54,5865.188984
2,59,5787.583371
2,60,5776.923132
2,62,5750.037331
2,64,5699.036339
2,65,5658.179929
2,72,5552.408462
2,75,5508.910007
2,83,5494.501125
3,19,8605.359953
3,20,8398.225920
3,21,8173.023317
3,22,7287.749672
3,25,7118.829109
3,28,7006.003580
3,30,6715.179713
3,32,6705.972197
3,34,6696.022704
3,35,6430.147483
3,40,6332.983649
3,41,6115.070579
3,45,5924.010699
3,48,5892.263857
3,49,5663.687253
3,65,5658.179929
3,70,5583.498200
3,72,5552.408462
3,75,5508.910007
3,79,5479.362899
3,82,5455.225716
4,18,8774.573672
4,19,7962.066815
4,22,7287.749672
4,23,7192.657898
4,25,7118.829109
4,26,7039.530097
4,28,7006.003580
4,30,6715.179713
4,32,6705.972197
4,34,6696.022704
4,35,6345.290554
4,39,6298.517152
4,41,6115.070579
4,43,5979.642004
4,45,5924.010699
4,46,5858.639486
4,49,5663.687253
4,54,5597.876728
4,67,5556.123267
4,72,5552.408462
4,74,5402.050409
4,80,5363.264224
5,18,8774.573672
5,19,7962.066815
5,21,7620.066788
5,22,7287.749672
5,23,7161.606233
5,24,6998.230690
5,25,6886.405562
5,30,6675.168464
5,31,6646.917511
5,35,6345.290554
5,37,6286.131824
5,41,6115.070579
5,42,5875.763683
5,46,5858.639486
5,49,5663.687253
5,54,5597.876728
5,57,5584.837662
5,63,5492.806334
5,66,5480.897960
5,69,5445.215790
5,73,5441.930801
5,74,5402.050409
5,80,5334.148683
6,18,8258.338123
6,19,7962.066815
6,21,7620.066788
6,22,7287.749672
6,23,6995.481197
6,24,6832.726429
6,25,6670.839572
6,30,6575.210069
6,35,5974.829552
6,42,5875.763683
6,46,5858.639486
6,49,5663.687253
6,54,5597.876728
6,57,5584.837662
6,63,5492.806334
6,66,5426.671787
6,72,5404.263173
6,74,5402.050409
6,76,5397.481846
6,80,5334.148683
7,18,8258.338123
7,19,7962.066815
7,21,7061.022662
7,23,6995.481197
7,24,6832.726429
7,25,6670.839572
7,27,6503.415392
7,30,6242.009008
7,35,5974.829552
7,42,5875.763683
7,46,5858.639486
7,49,5620.763906
7,54,5550.637149
7,59,5452.737272
7,66,5402.898911
7,68,5394.001882
7,72,5366.582432
7,73,5361.670068
7,77,5269.448167
8,18,8258.338123
8,19,7962.066815
8,20,6908.907771
8,22,6850.224530
8,24,6832.726429
8,25,6670.839572
8,27,6219.812946
8,33,5987.357259
8,35,5974.829552
8,42,5875.763683
8,44,5722.288705
8,49,5620.763906
8,54,5550.637149
8,55,5521.775944
8,59,5452.737272
8,64,5400.587112
8,67,5382.775107
8,68,5363.499785
8,69,5284.591740
8,77,5269.448167
9,18,8258.338123
9,19,7043.094381
9,20,6908.907771
9,22,6850.224530
9,24,6442.762192
9,27,6219.812946
9,33,5987.357259
9,35,5974.829552
9,39,5921.369187
9,40,5778.903105
9,43,5746.584696
9,44,5722.288705
9,45,5694.236375
9,48,5673.492365
9,49,5620.763906
9,53,5555.806817
9,54,5550.637149
9,55,5521.775944
9,59,5384.859634
9,66,5362.415939
9,69,5284.591740
9,77,5269.448167
10,18,7703.032767
10,19,6947.413848
10,20,6908.907771
10,22,6760.131015
10,23,6729.051489
10,24,6442.762192
10,27,6219.812946
10,32,6038.143791
10,33,5987.357259
10,35,5974.829552
10,37,5857.845528
10,40,5778.903105
10,43,5746.584696
10,44,5722.288705
10,45,5694.236375
10,46,5546.526556
10,51,5462.832919
10,55,5421.391863
10,57,5412.433699
10,59,5384.859634
10,60,5316.779114
10,62,5264.930982
11,18,7703.032767
11,19,6619.217734
11,24,6442.762192
11,27,6219.812946
11,31,6057.426411
11,32,6038.143791
11,33,5987.357259
11,35,5974.829552
11,37,5857.845528
11,40,5778.903105
11,43,5746.584696
11,44,5722.288705
11,45,5694.236375
11,46,5546.526556
11,51,5462.832919
11,55,5421.391863
11,57,5405.344854
11,58,5342.585200
11,60,5316.779114
11,62,5264.930982
11,73,5248.414186
12,18,7703.032767
12,19,6619.217734
12,22,6260.556556
12,25,6244.001595
12,27,6219.812946
12,31,6057.426411
12,32,6038.143791
12,33,5987.357259
12,34,5934.451815
12,37,5857.845528
12,40,5778.903105
12,41,5734.052081
12,44,5722.288705
12,45,5694.236375
12,46,5453.282400
12,53,5446.700971
12,55,5421.391863
12,57,5360.997298
12,58,5294.132216
12,60,5270.705527
12,62,5264.930982
12,73,5248.414186
13,18,7703.032767
13,19,6619.217734
13,22,6260.556556
13,24,6140.349836
13,29,5764.643839
13,35,5644.298889
13,44,5616.373513
13,46,5453.282400
13,53,5446.700971
13,55,5421.391863
13,57,5360.997298
13,58,5294.132216
13,60,5270.705527
13,62,5264.930982
13,72,5242.952281
14,18,7703.032767
14,19,6619.217734
14,22,6260.556556
14,24,6140.349836
14,29,5764.643839
14,35,5644.298889
14,39,5514.966446
14,46,5453.282400
14,51,5452.318011
14,53,5446.700971
14,55,5398.419113
14,57,5360.997298
14,58,5294.132216
14,60,5270.705527
14,62,5264.930982
14,67,5252.176856
14,70,5226.073119
15,18,7703.032767
15,19,6619.217734
15,22,6260.556556
15,23,6189.827461
15,24,6140.349836
15,27,6027.972471
15,29,5764.643839
15,30,5708.845354
15,35,5644.298889
15,39,5514.966446
15,46,5453.282400
15,51,5383.587636
15,56,5294.593227
15,58,5294.132216
15,60,5270.705527
15,62,5264.930982
15,65,5235.130901
15,70,5226.073119
16,18,7703.032767
16,19,6619.217734
16,21,6375.487300
16,22,6260.556556
16,23,6189.827461
16,24,6140.349836
16,26,5941.993357
16,29,5764.643839
16,30,5708.845354
16,35,5644.298889
16,39,5514.966446
16,46,5453.282400
16,48,5327.406811
16,53,5229.366679
16,59,5195.361463
17,18,7507.793063
17,19,6619.217734
17,21,6375.487300
17,22,6260.556556
17,23,6189.827461
17,24,5904.205638
17,29,5764.643839
17,30,5708.845354
17,35,5644.298889
17,39,5514.966446
17,42,5510.002958
17,44,5412.384488
17,48,5327.406811
17,53,5229.366679
17,59,5195.361463
17,70,5189.241039
18,17,8854.854017
18,18,7128.536710
18,19,6619.217734
18,20,6590.820831
18,21,6375.487300
18,22,5978.693794
18,24,5904.205638
18,27,5726.132095
18,30,5619.600382
18,39,5514.966446
18,40,5447.294588
18,44,5412.384488
18,48,5327.406811
18,53,5229.366679
18,59,5195.361463
18,65,5191.954432
18,70,5189.241039
19,17,8854.854017
19,18,7128.536710
19,19,6619.217734
19,20,6590.820831
19,21,6375.487300
19,22,5978.693794
19,24,5904.205638
19,27,5726.132095
19,30,5619.600382
19,37,5611.176460
19,38,5453.974888
19,40,5447.294588
19,43,5436.661928
19,44,5412.384488
19,48,5327.406811
19,51,5294.823757
19,52,5272.151034
19,53,5229.366679
19,58,5225.687153
19,59,5195.361463
19,64,5163.689506
20,17,7456.372246
20,18,7128.536710
20,19,6619.217734
20,20,6475.055472
20,21,6375.487300
20,22,5978.693794
20,24,5904.205638
20,27,5726.132095
20,30,5619.600382
20,37,5597.269733
20,38,5453.974888
20,40,5435.983769
20,44,5316.287308
20,45,5282.488407
20,52,5272.151034
20,53,5229.366679
20,58,5225.687153
20,59,5195.361463
20,64,5163.689506
21,17,7456.372246
21,18,7019.082045
21,19,6619.217734
21,20,6475.055472
21,21,6141.563965
21,22,5978.693794
21,24,5904.205638
21,27,5726.132095
21,30,5619.600382
21,36,5567.319709
21,38,5453.974888
21,40,5435.983769
21,44,5316.287308
21,45,5282.488407
21,52,5234.031949
21,53,5229.366679
21,58,5225.687153
21,59,5195.361463
21,64,5163.689506
22,17,7332.092618
22,18,7019.082045
22,19,6498.849442
22,20,6475.055472
22,21,5918.137979
22,24,5904.205638
22,27,5726.132095
22,30,5619.600382
22,33,5493.812268
22,38,5453.974888
22,40,5435.983769
22,44,5316.287308
22,45,5282.488407
22,52,5234.031949
22,53,5229.366679
22,58,5225.687153
22,59,5195.361463
22,64,5163.689506
23,17,7332.092618
23,18,7019.082045
23,19,6498.849442
23,20,6462.912898
23,21,5918.137979
23,24,5904.205638
23,27,5726.132095
23,30,5619.600382
23,33,5493.812268
23,37,5406.837385
23,40,5337.463379
23,44,5316.287308
23,45,5207.486798
23,57,5193.283422
23,60,5173.545123
23,64,5153.383218
24,17,7330.625994
24,18,7019.082045
24,19,6498.849442
24,20,6332.553312
24,21,5918.137979
24,23,5773.893444
24,27,5726.132095
24,30,5619.600382
24,33,5493.812268
24,37,5406.837385
24,40,5337.463379
24,44,5316.287308
24,45,5207.486798
24,57,5193.283422
24,60,5173.545123
24,64,5125.117562
25,17,7330.625994
25,18,6950.148888
25,19,6358.749968
25,20,6332.553312
25,21,5918.137979
25,22,5860.860145
25,23,5773.893444
25,26,5758.148413
25,27,5726.132095
25,30,5619.600382
25,33,5493.812268
25,36,5359.698283
25,40,5337.463379
25,44,5316.287308
25,45,5207.486798
25,51,5198.016426
25,56,5191.225575
25,60,5173.545123
25,62,5158.209785
25,64,5125.117562
26,17,7330.625994
26,18,6427.676168
26,19,6358.749968
26,20,6332.553312
26,21,5918.137979
26,22,5860.860145
26,23,5773.893444
26,25,5695.934842
26,30,5619.600382
26,33,5493.812268
26,36,5359.698283
26,40,5337.463379
26,44,5316.287308
26,45,5207.486798
26,51,5198.016426
26,55,5120.764670
27,17,7330.625994
27,18,6427.676168
27,19,6358.749968
27,20,6332.553312
27,21,5918.137979
27,22,5860.860145
27,23,5773.893444
27,25,5695.934842
27,29,5548.655691
27,33,5493.812268
27,36,5359.698283
27,40,5337.463379
27,44,5316.287308
27,45,5207.486798
27,51,5198.016426
27,55,5120.764670
28,17,7330.625994
28,18,6427.676168
28,19,6337.963885
28,20,6332.553312
28,21,5918.137979
28,22,5826.670412
28,23,5773.893444
28,25,5695.934842
28,28,5618.684280
28,29,5473.305824
28,36,5359.698283
28,39,5321.513674
28,42,5253.560902
28,44,5185.183676
28,51,5141.202253
28,54,5083.590577
29,17,7275.238166
29,18,6427.676168
29,19,6337.963885
29,20,6152.794843
29,21,5918.137979
29,22,5826.670412
29,23,5773.893444
29,24,5709.788211
29,25,5651.675379
29,28,5540.229258
29,29,5473.305824
29,30,5467.628009
29,31,5440.426106
29,36,5359.698283
29,39,5321.513674
29,42,5253.560902
29,44,5185.183676
29,51,5141.202253
29,54,5083.590577
30,17,7275.238166
30,18,6427.676168
30,19,6337.963885
30,20,6011.365980
30,21,5918.137979
30,22,5826.670412
30,23,5773.893444
30,24,5709.788211
30,25,5651.675379
30,27,5641.702946
30,28,5540.229258
30,29,5473.305824
30,30,5467.628009
30,31,5440.426106
30,36,5359.698283
30,39,5321.513674
30,42,5253.560902
30,44,5185.183676
30,49,5174.400288
30,51,5141.202253
30,54,5083.590577
31,17,7275.238166
31,18,6427.676168
31,19,6258.076043
31,20,6011.365980
31,21,5918.137979
31,22,5826.670412
31,23,5773.893444
31,24,5709.788211
31,25,5651.675379
31,27,5641.702946
31,28,5540.229258
31,29,5473.305824
31,30,5467.628009
31,31,5440.426106
31,36,5359.698283
31,39,5321.513674
31,42,5253.560902
31,44,5185.183676
31,49,5174.400288
31,51,5141.202253
31,54,5083.590577
32,17,7275.238166
32,18,6427.676168
32,19,6258.076043
32,20,6011.365980
32,21,5918.137979
32,22,5826.670412
32,23,5623.896705
32,28,5540.229258
32,29,5473.305824
32,30,5467.628009
32,31,5440.426106
32,36,5359.698283
32,38,5320.135505
32,42,5253.560902
32,44,5185.183676
32,49,5174.400288
32,51,5141.202253
32,54,5083.590577
33,16,7629.099678
33,17,6621.505410
33,18,6427.676168
33,19,6258.076043
33,20,6011.365980
33,21,5918.137979
33,22,5826.670412
33,23,5623.896705
33,27,5579.227694
33,28,5464.839578
33,31,5427.464502
33,36,5318.025522
33,37,5245.782789
33,41,5186.270687
33,44,5167.796894
33,49,5076.734194
33,52,5068.974372
34,16,7629.099678
34,17,6462.195351
34,18,6414.274807
34,19,6258.076043
34,20,6011.365980
34,21,5918.137979
34,22,5826.670412
34,23,5623.896705
34,27,5579.227694
34,28,5464.839578
34,31,5427.464502
34,36,5318.025522
34,37,5245.782789
34,41,5186.270687
34,44,5167.796894
34,49,5076.734194
34,52,5068.974372
35,16,7629.099678
35,17,6462.195351
35,18,6318.813865
35,19,6189.832539
35,20,6011.365980
35,21,5918.137979
35,22,5826.670412
35,23,5623.896705
35,25,5600.465103
35,27,5579.227694
35,28,5449.979821
35,31,5427.464502
35,36,5318.025522
35,37,5245.782789
35,41,5186.270687
35,44,5167.796894
35,49,5076.734194
35,52,5068.974372
36,16,7629.099678
36,17,6411.274595
36,18,6318.813865
36,19,6189.832539
36,20,6011.365980
36,21,5918.137979
36,22,5826.670412
36,23,5623.896705
36,25,5600.465103
36,26,5542.426785
36,28,5449.979821
36,31,5427.464502
36,36,5318.025522
36,37,5245.782789
36,41,5186.270687
36,44,5167.796894
36,49,5076.734194
36,52,5068.974372
37,16,7629.099678
37,17,6411.274595
37,18,6318.813865
37,19,6189.832539
37,20,6011.365980
37,21,5918.137979
37,22,5781.760909
37,23,5623.896705
37,24,5599.263437
37,26,5542.426785
37,28,5449.979821
37,31,5427.464502
37,36,5318.025522
37,37,5245.782789
37,41,5186.270687
37,44,5167.796894
37,46,5152.988100
37,49,5076.734194
37,52,5068.974372
38,16,6825.015260
38,17,6411.274595
38,18,6318.813865
38,19,6189.832539
38,20,6011.365980
38,21,5918.137979
38,22,5697.965715
38,23,5623.896705
38,24,5599.263437
38,25,5558.425909
38,26,5488.172581
38,28,5392.760765
38,36,5318.025522
38,37,5245.782789
38,41,5186.270687
38,42,5156.609686
38,46,5152.988100
38,48,5055.699980
38,52,5033.067317
39,16,6825.015260
39,17,6106.303863
39,20,6011.365980
39,21,5918.137979
39,22,5697.965715
39,23,5623.896705
39,24,5599.263437
39,25,5558.425909
39,26,5488.172581
39,28,5392.760765
39,33,5363.724135
39,36,5318.025522
39,37,5245.782789
39,41,5186.270687
39,42,5156.609686
39,46,5152.988100
39,48,5055.699980
39,52,5033.067317
39,61,4999.134401
40,16,6825.015260
40,17,6106.303863
40,19,6054.900496
40,20,6011.365980
40,21,5918.137979
40,22,5697.965715
40,23,5623.896705
40,24,5599.263437
40,25,5558.425909
40,26,5488.172581
40,28,5392.760765
40,33,5363.724135
40,36,5318.025522
40,37,5245.782789
40,41,5186.270687
40,42,5156.609686
40,46,5152.988100
40,48,5055.699980
40,52,5033.067317
40,61,4999.134401
40,64,4996.327956
41,16,6533.145241
41,17,6106.303863
41,19,6054.900496
41,20,6011.365980
41,21,5918.137979
41,22,5697.965715
41,23,5623.896705
41,24,5599.263437
41,25,5558.425909
41,26,5488.172581
41,28,5392.760765
41,33,5363.724135
41,35,5339.183688
41,36,5318.025522
41,37,5245.782789
41,41,5186.270687
41,42,5156.609686
41,46,5152.988100
41,48,5055.699980
41,52,5033.067317
41,61,4999.134401
41,64,4996.327956
42,16,6533.145241
42,17,6106.303863
42,19,6054.900496
42,20,6011.365980
42,21,5918.137979
42,22,5697.965715
42,23,5590.323173
42,24,5583.059178
42,25,5558.425909
42,26,5488.172581
42,27,5411.114520
42,28,5392.760765
42,33,5363.724135
42,35,5339.183688
42,36,5318.025522
42,37,5245.782789
42,41,5186.270687
42,42,5156.609686
42,46,5152.988100
42,48,5055.699980
42,52,5033.067317
42,61,4999.134401
42,64,4996.327956
43,16,6533.145241
43,17,6106.303863
43,19,5998.778894
43,21,5916.823928
43,22,5697.965715
43,23,5590.323173
43,24,5583.059178
43,25,5558.425909
43,26,5430.586058
43,27,5411.114520
43,28,5392.760765
43,31,5272.644760
43,37,5245.782789
43,41,5186.270687
43,42,5153.493031
43,45,5065.958468
43,48,5040.286199
43,52,5012.429982
43,58,4982.335652
43,62,4957.011486
44,16,6533.145241
44,17,5984.101799
44,18,5939.099288
44,21,5781.598128
44,22,5643.153151
44,23,5590.323173
44,24,5492.038493
44,26,5430.586058
44,27,5411.114520
44,28,5392.760765
44,31,5272.644760
44,37,5245.782789
44,38,5178.079505
44,42,5153.493031
44,45,5065.958468
44,48,5040.286199
44,52,5012.429982
44,58,4982.335652
44,62,4957.011486
45,16,6533.145241
45,17,5885.218873
45,21,5781.598128
45,22,5643.153151
45,23,5590.323173
45,24,5492.038493
45,25,5438.644422
45,26,5420.120234
45,27,5411.114520
45,28,5392.760765
45,29,5351.286987
45,31,5272.644760
45,37,5245.782789
45,38,5178.079505
45,42,5153.493031
45,45,5065.958468
45,48,5040.286199
45,52,5012.429982
45,58,4982.335652
45,62,4957.011486
46,16,6350.707891
46,17,5696.483013
46,20,5663.067185
46,22,5640.460378
46,23,5585.443774
46,24,5492.038493
46,25,5438.644422
46,26,5420.120234
46,27,5351.674239
46,28,5330.496964
46,31,5272.644760
46,37,5245.782789
46,38,5178.079505
46,42,5153.493031
46,45,5065.958468
46,48,5040.286199
46,52,5012.429982
46,58,4982.335652
46,62,4957.011486
47,16,6350.707891
47,17,5696.483013
47,20,5663.067185
47,22,5551.237798
47,24,5492.038493
47,25,5438.644422
47,26,5420.120234
47,27,5351.674239
47,28,5330.496964
47,31,5272.644760
47,37,5245.782789
47,38,5178.079505
47,42,5153.493031
47,45,5065.958468
47,48,5040.286199
47,52,5012.429982
47,58,4982.335652
47,62,4957.011486
48,16,6350.707891
48,17,5696.483013
48,20,5510.178395
48,24,5492.038493
48,25,5438.644422
48,26,5420.120234
48,27,5351.674239
48,28,5330.496964
48,31,5272.644760
48,33,5255.985028
48,37,5205.245646
48,38,5169.031477
48,42,5036.746788
48,52,5012.429982
48,58,4943.939915
48,60,4916.202824
49,16,6278.368705
49,17,5696.483013
49,19,5545.998345
49,20,5510.178395
49,24,5492.038493
49,25,5438.644422
49,26,5420.120234
49,27,5351.674239
49,28,5330.496964
49,31,5272.644760
49,33,5255.985028
49,34,5163.993830
49,39,5151.396571
49,42,5036.746788
49,52,5012.429982
49,58,4943.939915
49,60,4916.202824
50,16,6278.368705
50,17,5696.483013
50,19,5545.998345
50,20,5510.178395
50,24,5492.038493
50,25,5387.566429
50,27,5351.674239
50,28,5330.496964
50,31,5272.644760
50,33,5255.985028
50,34,5163.993830
50,39,5151.396571
50,42,5036.746788
50,50,5036.095826
50,52,5012.429982
50,58,4943.939915
50,60,4916.202824
51,16,6278.368705
51,17,5696.483013
51,19,5545.998345
51,20,5459.654449
51,25,5387.566429
51,27,5351.674239
51,28,5330.496964
51,31,5272.644760
51,33,5255.985028
51,34,5163.993830
51,39,5151.396571
51,40,5106.056264
51,42,5036.746788
51,50,5036.095826
51,52,5012.429982
51,58,4943.939915
51,60,4916.202824
52,16,6278.368705
52,17,5696.483013
52,19,5545.998345
52,20,5459.654449
52,25,5387.566429
52,27,5351.674239
52,28,5330.496964
52,31,5272.644760
52,33,5255.985028
52,34,5163.993830
52,39,5119.862440
52,40,5106.056264
52,42,5036.746788
52,44,4982.428154
52,50,4979.138835
52,58,4943.939915
52,60,4916.202824
53,16,6278.368705
53,17,5696.483013
53,19,5545.998345
53,20,5459.654449
53,25,5387.566429
53,27,5351.674239
53,28,5330.496964
53,30,5241.315695
53,34,5163.993830
53,38,5084.777609
53,42,5036.746788
53,43,4973.543836
53,51,4939.986076
53,59,4870.843486
54,16,6042.305002
54,17,5696.483013
54,19,5545.998345
54,20,5459.654449
54,21,5402.237182
54,25,5387.566429
54,27,5351.674239
54,28,5330.496964
54,30,5241.315695
54,33,5213.359640
54,34,5163.993830
54,36,5023.472001
54,43,4973.543836
54,51,4939.986076
54,59,4870.843486
55,16,6042.305002
55,17,5618.140820
55,19,5532.223580
55,20,5399.517357
55,25,5387.566429
55,27,5351.674239
55,28,5330.496964
55,30,5241.315695
55,33,5213.359640
55,34,5163.993830
55,36,5023.472001
55,43,4973.543836
55,51,4939.986076
55,59,4870.843486
56,15,6857.019122
56,16,6042.305002
56,17,5618.140820
56,19,5532.223580
56,20,5399.517357
56,25,5387.566429
56,27,5351.674239
56,28,5330.496964
56,30,5241.315695
56,32,4986.153149
56,43,4973.543836
56,51,4939.986076
56,59,4870.843486
57,15,6857.019122
57,16,6035.999599
57,17,5618.140820
57,19,5532.223580
57,20,5399.517357
57,25,5387.566429
57,26,5371.054147
57,27,5339.763661
57,28,5045.724042
57,32,4986.153149
57,43,4973.543836
57,51,4939.986076
57,57,4926.757331
57,59,4870.843486
58,14,8027.065461
58,15,6585.615147
58,16,5715.109218
58,17,5618.140820
58,19,5440.518955
58,20,5399.517357
58,25,5306.989184
58,28,5045.724042
58,32,4986.153149
58,43,4973.543836
58,48,4950.856233
58,51,4939.986076
58,55,4932.426418
58,57,4926.757331
58,59,4870.843486
59,14,8027.065461
59,15,6497.714345
59,16,5614.305959
59,19,5440.518955
59,20,5399.517357
59,21,5351.859243
59,24,5338.356410
59,25,5306.989184
59,28,5045.724042
59,32,4986.153149
59,43,4973.543836
59,48,4950.856233
59,51,4939.986076
59,55,4908.585705
59,59,4870.843486
60,14,8027.065461
60,15,6497.714345
60,16,5614.305959
60,19,5440.518955
60,20,5399.517357
60,21,5351.859243
60,24,5338.356410
60,25,5306.989184
60,28,5045.724042
60,32,4986.153149
60,42,4981.250339
60,43,4973.543836
60,45,4970.188758
60,48,4950.856233
60,51,4939.986076
60,55,4908.585705
60,59,4870.843486
61,14,8027.065461
61,15,6497.714345
61,16,5614.305959
61,19,5440.518955
61,20,5399.517357
61,21,5351.859243
61,24,5338.356410
61,25,5306.989184
61,28,5045.724042
61,32,4972.701303
61,44,4935.136451
61,55,4908.585705
61,59,4870.843486
62,14,8027.065461
62,15,6497.714345
62,16,5614.305959
62,19,5440.518955
62,20,5399.517357
62,21,5351.859243
62,24,5338.356410
62,25,5306.989184
62,28,5045.724042
62,32,4972.701303
62,44,4935.136451
62,55,4908.585705
62,59,4870.843486
63,14,8027.065461
63,15,6458.782328
63,16,5553.945582
63,19,5440.518955
63,20,5399.517357
63,21,5351.859243
63,22,5291.798706
63,24,5215.957684
63,28,5045.724042
63,32,4972.701303
63,35,4920.235503
63,55,4908.585705
63,59,4870.843486
64,14,7568.048390
64,15,6344.610902
64,16,5553.945582
64,19,5440.518955
64,20,5283.694336
64,24,5215.957684
64,28,5045.724042
64,31,5026.202690
64,32,4972.701303
64,35,4920.235503
64,55,4908.585705
64,59,4870.843486
65,14,7562.240040
65,15,6344.610902
65,16,5553.945582
65,17,5464.582247
65,19,5440.518955
65,20,5283.694336
65,24,5215.957684
65,28,5045.724042
65,31,5026.202690
65,32,4972.701303
65,35,4920.235503
65,55,4908.585705
65,59,4870.843486
66,14,7562.240040
66,15,6344.610902
66,16,5553.945582
66,17,5464.582247
66,19,5440.518955
66,20,5283.694336
66,24,5215.957684
66,28,5045.724042
66,31,5026.202690
66,32,4927.542982
66,35,4920.235503
66,55,4908.585705
66,59,4870.843486
67,14,7562.240040
67,15,6344.610902
67,16,5553.945582
67,17,5464.582247
67,19,5255.969564
67,24,5215.957684
67,25,5208.240227
67,28,5045.724042
67,31,5026.202690
67,32,4927.542982
67,35,4920.235503
67,55,4908.585705
67,59,4870.843486
68,14,7562.240040
68,15,6344.610902
68,16,5553.945582
68,17,5461.323426
68,19,5255.969564
68,24,5215.957684
68,25,5208.240227
68,28,4962.986110
68,32,4927.542982
68,35,4902.649825
68,54,4896.716865
68,57,4829.741781
69,13,7644.839274
69,14,7562.240040
69,15,6344.610902
69,16,5553.945582
69,17,5461.323426
69,19,5255.969564
69,24,5215.957684
69,25,5208.240227
69,28,4962.986110
69,32,4927.542982
69,35,4902.649825
69,54,4896.716865
69,57,4829.741781
70,13,7644.839274
70,14,7562.240040
70,15,6344.610902
70,16,5348.688889
70,19,5255.969564
70,24,5215.957684
70,25,5121.149018
70,28,4962.986110
70,32,4927.542982
70,35,4902.649825
70,54,4896.716865
70,57,4829.741781
71,13,7644.839274
71,14,7562.240040
71,15,6344.610902
71,16,5348.688889
71,19,5255.969564
71,24,5215.957684
71,25,5121.149018
71,26,5009.011198
71,28,4962.986110
71,30,4939.394805
71,32,4927.542982
71,35,4902.649825
71,54,4896.716865
71,57,4829.741781
72,13,7644.839274
72,14,7562.240040
72,15,6344.610902
72,16,5348.688889
72,19,5255.969564
72,23,5183.139008
72,25,5121.149018
72,26,5009.011198
72,28,4962.986110
72,30,4939.394805
72,32,4927.542982
72,35,4902.649825
72,46,4885.181020
72,57,4829.741781
73,13,7644.839274
73,14,7562.240040
73,15,6344.610902
73,16,5348.688889
73,19,5252.706147
73,22,5207.727038
73,23,5124.494921
73,25,5121.149018
73,26,4958.619567
73,30,4939.394805
73,32,4904.461445
73,33,4900.134261
73,46,4885.181020
73,57,4829.741781
74,13,7644.839274
74,14,7562.240040
74,15,6344.610902
74,16,5348.688889
74,19,5252.706147
74,22,5207.727038
74,23,5124.494921
74,25,5037.807211
74,26,4958.619567
74,30,4939.394805
74,32,4904.461445
74,33,4900.134261
74,46,4885.181020
74,57,4829.741781
75,13,6932.485982
75,15,6344.610902
75,16,5275.807334
75,19,5252.706147
75,20,5162.269764
75,23,5124.494921
75,24,5010.746767
75,26,4958.619567
75,30,4939.394805
75,32,4904.461445
75,33,4900.134261
75,40,4887.905029
75,46,4885.181020
75,57,4829.741781
76,13,6932.485982
76,14,6798.433227
76,15,6344.610902
76,16,5275.807334
76,17,5241.700276
76,19,5232.996767
76,20,5162.269764
76,23,5124.494921
76,24,5010.746767
76,26,4958.619567
76,30,4939.394805
76,32,4904.461445
76,33,4900.134261
76,40,4830.598974
76,57,4829.741781
77,13,6585.961787
77,15,6156.381352
77,16,5275.807334
77,17,5241.700276
77,19,5232.996767
77,20,5151.396281
77,23,5124.494921
77,24,5010.746767
77,26,4958.619567
77,30,4939.394805
77,32,4904.461445
77,33,4900.134261
77,40,4830.598974
77,57,4829.741781
78,13,6468.866286
78,15,6156.381352
78,16,5045.819013
78,24,5010.746767
78,26,4958.619567
78,30,4939.394805
78,32,4904.461445
78,33,4894.624889
78,40,4830.598974
78,56,4827.598214
79,12,7939.459889
79,13,6468.866286
79,15,6156.381352
79,16,5045.819013
79,20,4963.132632
79,22,4899.768516
79,33,4894.624889
79,40,4830.598974
79,56,4827.598214
80,12,7939.459889
80,13,6468.866286
80,15,6156.381352
80,16,5045.819013
80,20,4963.132632
80,22,4899.768516
80,33,4894.624889
80,40,4830.598974
80,56,4827.598214
81,12,7939.459889
81,13,6468.866286
81,15,6156.381352
81,16,5045.819013
81,20,4963.132632
81,22,4899.768516
81,31,4882.092374
81,40,4830.598974
81,56,4827.598214
82,12,7939.459889
82,13,6468.866286
82,15,6156.381352
82,16,5045.819013
82,20,4963.132632
82,21,4882.661120
82,31,4882.092374
82,40,4830.598974
82,56,4827.598214
83,12,7939.459889
83,13,6468.866286
83,15,6156.381352
83,16,5045.819013
83,20,4963.132632
83,21,4882.661120
83,31,4882.092374
83,38,4862.481695
83,40,4830.598974
83,56,4827.598214
84,12,7939.459889
84,13,6397.515676
84,15,6105.233486
84,16,5036.980287
84,20,4950.882928
84,21,4882.661120
84,31,4863.502152
84,38,4826.112105
84,42,4812.816445
85,12,7939.459889
85,13,6397.515676
85,15,6105.233486
85,16,5036.980287
85,20,4950.882928
85,21,4882.661120
85,22,4794.978199
86,12,7939.459889
86,13,6397.515676
86,15,6105.233486
86,16,5036.980287
86,18,4983.419036
86,20,4950.882928
86,21,4882.661120
86,22,4794.978199
87,12,7939.459889
87,13,6397.515676
87,14,6239.824247
87,15,5813.799980
87,16,5036.980287
87,18,4983.419036
87,20,4950.882928
87,21,4882.661120
87,22,4794.978199
88,12,7939.459889
88,13,6397.515676
88,14,6239.824247
88,15,5813.799980
88,16,5036.980287
88,17,4917.707926
88,21,4882.661120
88,22,4794.978199
89,12,7691.221432
89,13,6326.623085
89,14,6174.320961
89,15,5701.235109
89,16,5001.737246
89,17,4917.707926
89,20,4862.411510
89,22,4773.092734
90,12,7691.221432
90,13,6326.623085
90,14,6174.320961
90,15,5701.235109
90,16,5001.737246
90,17,4917.707926
90,20,4862.411510
90,22,4773.092734
91,12,7691.221432
91,13,6326.623085
91,14,5993.673679
91,15,5701.235109
91,16,5001.737246
91,17,4917.707926
91,20,4862.411510
91,22,4773.092734
92,12,7691.221432
92,13,6326.623085
92,14,5709.566785
92,15,5701.235109
92,16,5001.737246
92,17,4917.707926
92,20,4862.411510
92,22,4773.092734
93,12,7691.221432
93,13,6326.623085
93,14,5709.566785
93,15,5701.235109
93,16,5001.737246
93,17,4917.707926
93,20,4862.411510
93,22,4773.092734
93,40,4759.831395
94,12,7451.934502
94,13,6145.521474
94,14,5653.078558
94,15,5502.805164
94,16,5001.737246
94,17,4917.707926
94,20,4862.411510
94,22,4773.092734
94,40,4759.831395
95,12,7451.934502
95,13,6145.521474
95,14,5653.078558
95,15,5502.805164
95,16,5001.737246
95,17,4917.707926
95,20,4862.411510
95,22,4773.092734
95,40,4759.831395
96,12,7451.934502
96,13,6145.521474
96,14,5653.078558
96,15,5502.805164
96,16,5001.737246
96,17,4917.707926
96,20,4862.411510
96,22,4773.092734
96,40,4759.831395
97,12,7451.934502
97,13,6145.521474
97,14,5653.078558
97,15,5502.805164
97,16,5001.737246
97,17,4917.707926
97,20,4862.411510
97,22,4773.092734
97,40,4759.831395
98,12,7451.934502
98,13,6145.521474
98,14,5653.078558
98,15,5502.805164
98,16,5001.737246
98,17,4917.707926
98,20,4862.411510
98,22,4773.092734
98,37,4747.904897
99,12,7340.132811
99,13,6037.679074
99,14,5595.178410
99,15,5458.414511
99,16,5000.965221
99,17,4915.780609
99,20,4862.411510
99,21,4803.798978
99,22,4773.092734
99,37,4747.904897
100,12,7340.132811
100,13,6037.679074
100,14,5595.178410
100,15,5260.390477
100,16,5000.965221
100,17,4915.780609
100,20,4862.411510
100,21,4803.798978
100,22,4773.092734
100,36,4713.750686
101,12,7340.132811
101,13,6037.679074
101,14,5595.178410
101,15,5260.390477
101,16,5000.965221
101,17,4915.780609
101,20,4862.411510
101,21,4803.798978
101,22,4773.092734
101,36,4713.750686
102,12,7340.132811
102,13,6037.679074
102,14,5595.178410
102,15,5260.390477
102,16,5000.965221
102,17,4915.780609
102,20,4807.091533
102,21,4803.798978
102,22,4773.092734
102,36,4713.750686
103,12,7340.132811
103,13,6037.679074
103,14,5595.178410
103,15,5260.390477
103,16,4997.531036
103,17,4911.117644
103,19,4880.255436
103,20,4807.091533
103,21,4803.798978
103,22,4773.092734
103,36,4713.750686
103,39,4678.420772
104,12,7340.132811
104,13,6027.712867
104,14,5555.070940
104,15,5123.978761
104,16,4997.531036
104,17,4895.593732
104,19,4877.449812
104,20,4798.041292
104,22,4771.657337
104,36,4713.750686
104,39,4678.420772
105,12,7340.132811
105,13,5868.862194
105,14,5555.070940
105,15,5123.978761
105,16,4997.531036
105,17,4895.593732
105,19,4877.449812
105,20,4798.041292
105,22,4771.657337
105,24,4748.568435
105,36,4713.750686
105,39,4678.420772
106,12,7340.132811
106,13,5868.862194
106,14,5555.070940
106,15,5123.978761
106,16,4997.531036
106,17,4895.593732
106,18,4884.003716
106,19,4877.449812
106,20,4798.041292
106,22,4771.657337
106,24,4748.568435
106,30,4747.418549
106,36,4713.750686
106,39,4678.420772
107,12,7340.132811
107,13,5868.862194
107,14,5555.070940
107,15,5091.194969
107,16,4997.531036
107,17,4895.593732
107,18,4884.003716
107,19,4877.449812
107,20,4798.041292
107,22,4771.657337
107,24,4748.568435
107,30,4747.418549
107,36,4713.750686
107,39,4678.420772
108,12,7340.132811
108,13,5868.862194
108,14,5555.070940
108,15,5091.194969
108,16,4997.531036
108,17,4895.593732
108,18,4884.003716
108,19,4877.449812
108,20,4798.041292
108,22,4771.657337
108,24,4748.568435
108,30,4747.418549
108,36,4713.750686
108,39,4678.420772
109,12,7340.132811
109,13,5868.862194
109,14,5555.070940
109,15,5091.194969
109,16,4997.531036
109,17,4884.851374
109,18,4884.003716
109,19,4877.449812
109,20,4798.041292
109,21,4766.714821
109,23,4744.069153
109,24,4738.674544
109,34,4704.526765
109,38,4674.760546
110,12,7340.132811
110,13,5868.862194
110,14,5555.070940
110,15,5091.194969
110,16,4936.802565
110,17,4884.851374
110,18,4884.003716
110,19,4863.289949
110,20,4798.041292
110,21,4766.714821
110,23,4744.069153
110,24,4738.674544
110,34,4704.526765
110,38,4674.760546
111,12,7340.132811
111,13,5868.862194
111,14,5555.070940
111,15,5091.194969
111,16,4909.014984
111,17,4884.851374
111,18,4884.003716
111,19,4863.289949
111,20,4798.041292
111,21,4766.714821
111,22,4734.400527
111,34,4704.526765
111,38,4674.760546
112,12,7340.132811
112,13,5868.862194
112,14,5555.070940
112,15,5091.194969
112,16,4909.014984
112,17,4884.851374
112,18,4884.003716
112,19,4863.289949
112,20,4798.041292
112,21,4766.714821
112,22,4734.400527
112,28,4729.517057
112,34,4704.526765
112,38,4674.760546
113,12,7340.132811
113,13,5868.862194
113,14,5555.070940
113,15,5091.194969
113,16,4909.014984
113,17,4884.851374
113,18,4884.003716
113,19,4863.289949
113,20,4798.041292
113,21,4759.902569
113,22,4734.400527
113,28,4729.517057
113,34,4704.526765
113,38,4674.760546
114,12,7340.132811
114,13,5868.862194
114,14,5555.070940
114,15,5091.194969
114,16,4909.014984
114,17,4871.582823
114,19,4852.532009
114,20,4798.041292
114,21,4759.902569
114,22,4715.492524
114,34,4697.035643
114,38,4674.760546
115,12,7340.132811
115,13,5868.862194
115,14,5333.383513
115,15,5091.194969
115,16,4909.014984
115,17,4871.582823
115,18,4839.123425
115,19,4787.574035
115,21,4759.902569
115,22,4715.492524
115,28,4715.370464
115,34,4697.035643
115,38,4674.760546
116,12,7340.132811
116,13,5868.862194
116,14,5333.383513
116,15,5091.194969
116,16,4909.014984
116,17,4871.582823
116,18,4839.123425
116,19,4787.574035
116,21,4759.902569
116,22,4715.492524
116,28,4715.370464
116,34,4697.035643
116,38,4674.760546
117,12,7340.132811
117,13,5786.009910
117,14,5333.383513
117,15,5091.194969
117,16,4909.014984
117,17,4871.582823
117,18,4839.123425
117,19,4787.574035
117,21,4759.902569
117,22,4715.492524
117,28,4715.370464
117,34,4697.035643
117,38,4674.760546
118,12,7340.132811
118,13,5786.009910
118,14,5333.383513
118,15,5091.194969
118,16,4909.014984
118,17,4871.582823
118,18,4839.123425
118,19,4787.574035
118,21,4759.902569
118,22,4715.492524
118,28,4715.370464
118,34,4697.035643
118,38,4674.760546
119,12,7340.132811
119,13,5786.009910
119,14,5333.383513
119,15,5091.194969
119,16,4905.756163
119,17,4846.595525
119,18,4831.028644
119,19,4787.574035
119,21,4759.902569
119,22,4715.492524
119,28,4712.614059
119,34,4697.035643
119,37,4669.908755
120,12,7340.132811
120,13,5786.009910
120,14,5333.383513
120,15,5010.313151
120,16,4905.756163
120,17,4846.595525
120,18,4831.028644
120,19,4787.574035
120,21,4759.902569
120,22,4715.492524
120,28,4712.614059
120,34,4697.035643
120,37,4669.908755
121,12,7340.132811
121,13,5681.377115
121,14,5333.383513
121,15,5010.313151
121,16,4905.756163
121,17,4846.595525
121,18,4831.028644
121,19,4787.574035
121,21,4759.902569
121,22,4715.492524
121,28,4712.614059
121,34,4697.035643
121,37,4669.908755
122,12,7340.132811
122,13,5681.377115
122,14,5333.383513
122,15,5010.313151
122,16,4905.756163
122,17,4846.595525
122,18,4831.028644
122,19,4787.574035
122,21,4748.454807
122,22,4715.492524
122,28,4712.614059
122,34,4697.035643
122,37,4669.908755
123,12,7340.132811
123,13,5681.377115
123,14,5333.383513
123,15,5010.313151
123,16,4905.756163
123,17,4846.595525
123,18,4831.028644
123,19,4787.574035
123,21,4748.454807
123,22,4715.492524
123,28,4712.614059
123,29,4707.219450
123,34,4697.035643
123,37,4669.908755
124,12,7340.132811
124,13,5572.869221
124,14,5306.424896
124,15,5007.054330
124,16,4905.756163
124,17,4844.179272
124,18,4831.028644
124,19,4782.405671
124,21,4740.013453
124,22,4705.219430
124,25,4702.525306
124,34,4697.035643
124,37,4669.908755
125,12,7340.132811
125,13,5572.869221
125,14,5306.424896
125,15,5007.054330
125,16,4905.756163
125,17,4844.179272
125,18,4827.505493
125,19,4782.405671
125,21,4740.013453
125,22,4705.219430
125,25,4702.525306
125,34,4697.035643
125,37,4669.908755
126,12,7327.199164
126,13,5572.869221
126,14,5306.424896
126,15,5007.054330
126,16,4905.756163
126,17,4844.179272
126,18,4827.505493
126,19,4782.405671
126,21,4740.013453
126,22,4705.219430
126,25,4702.525306
126,34,4697.035643
126,37,4669.908755
127,12,7327.199164
127,13,5572.869221
127,14,5306.424896
127,15,5007.054330
127,16,4905.756163
127,17,4844.179272
127,18,4827.505493
127,19,4782.405671
127,21,4740.013453
127,22,4705.219430
127,25,4702.525306
127,34,4697.035643
127,37,4669.908755
128,12,7327.199164
128,13,5572.869221
128,14,5306.424896
128,15,4943.601662
128,16,4905.756163
128,17,4844.179272
128,18,4777.811820
128,19,4765.839924
128,21,4740.013453
128,22,4705.219430
128,25,4702.525306
128,34,4697.035643
128,37,4669.908755
129,12,7327.199164
129,13,5572.869221
129,14,5266.895742
129,15,4943.601662
129,16,4905.756163
129,17,4838.813682
129,18,4777.811820
129,19,4765.839924
129,21,4740.013453
129,22,4694.312235
129,37,4669.908755
130,12,7316.007388
130,13,5572.869221
130,14,5266.895742
130,15,4943.601662
130,16,4905.756163
130,17,4838.813682
130,18,4777.811820
130,19,4765.839924
130,21,4740.013453
130,22,4694.312235
130,37,4669.908755
131,12,6949.377424
131,13,5572.869221
131,14,5266.895742
131,15,4943.601662
131,16,4905.756163
131,17,4838.813682
131,18,4777.811820
131,19,4765.839924
131,21,4740.013453
131,22,4694.312235
131,37,4669.908755
132,12,6949.377424
132,13,5572.869221
132,14,5266.895742
132,15,4943.601662
132,16,4868.743379
132,17,4838.813682
132,18,4777.811820
132,19,4765.839924
132,21,4740.013453
132,22,4694.312235
132,37,4669.908755
133,12,6949.377424
133,13,5482.587542
133,14,5266.895742
133,15,4943.601662
133,16,4868.743379
133,17,4838.813682
133,18,4777.811820
133,19,4765.839924
133,21,4740.013453
133,22,4694.312235
133,37,4669.908755
134,12,6949.377424
134,13,5482.587542
134,14,5243.017356
134,15,4943.601662
134,16,4867.203246
134,17,4794.721609
134,18,4777.811820
134,19,4765.839924
134,21,4740.013453
134,22,4694.312235
134,37,4668.777997
135,12,6949.377424
135,13,5449.545991
135,14,5243.017356
135,15,4943.601662
135,16,4867.203246
135,17,4794.721609
135,18,4777.811820
135,19,4765.839924
135,21,4740.013453
135,22,4694.312235
135,37,4668.777997
136,12,6949.377424
136,13,5449.545991
136,14,5243.017356
136,15,4943.601662
136,16,4844.114059
136,17,4794.721609
136,18,4777.811820
136,19,4765.839924
136,21,4740.013453
136,22,4694.312235
136,37,4668.777997
137,12,6949.377424
137,13,5449.545991
137,14,5243.017356
137,15,4943.601662
137,16,4811.664021
137,17,4794.721609
137,18,4777.811820
137,19,4765.839924
137,20,4720.703883
137,22,4694.312235
137,37,4668.777997
138,12,6949.377424
138,13,5449.545991
138,14,5243.017356
138,15,4943.601662
138,16,4811.664021
138,17,4794.721609
138,18,4777.811820
138,19,4765.839924
138,20,4720.703883
138,22,4694.312235
138,37,4668.777997
139,12,6949.377424
139,13,5428.973729
139,14,5223.046331
139,15,4883.459029
139,16,4811.664021
139,17,4794.721609
139,18,4777.811820
139,19,4765.839924
139,20,4720.703883
139,21,4676.302072
139,37,4668.102740
140,12,6949.377424
140,13,5428.973729
140,14,5223.046331
140,15,4883.459029
140,16,4811.664021
140,17,4794.721609
140,18,4777.811820
140,19,4765.839924
140,20,4720.703883
140,21,4676.302072
140,37,4668.102740
141,12,6949.377424
141,13,5428.973729
141,14,5223.046331
141,15,4883.459029
141,16,4811.664021
141,17,4794.721609
141,18,4777.811820
141,19,4765.839924
141,20,4720.703883
141,21,4676.302072
141,37,4668.102740
142,12,6949.377424
142,13,5428.973729
142,14,5222.315223
142,15,4883.459029
142,16,4811.664021
142,17,4794.721609
142,18,4777.811820
142,19,4765.839924
142,20,4720.703883
142,21,4676.302072
142,37,4668.102740
143,12,6949.377424
143,13,5428.973729
143,14,5222.315223
143,15,4883.459029
143,16,4811.664021
143,17,4794.721609
143,18,4777.811820
143,19,4765.839924
143,20,4720.703883
143,21,4676.302072
143,37,4668.102740
144,12,5506.676530
144,13,5339.841458
144,14,5222.315223
144,15,4853.306293
144,16,4793.440277
144,18,4773.861459
144,19,4765.839924
144,20,4720.703883
144,21,4676.302072
144,37,4668.102740
145,12,5506.676530
145,13,5339.841458
145,14,5222.315223
145,15,4853.306293
145,16,4793.440277
145,18,4773.861459
145,19,4765.839924
145,20,4720.703883
145,21,4676.302072
145,37,4668.102740
146,12,5506.676530
146,13,5339.841458
146,14,5222.315223
146,15,4853.306293
146,16,4793.440277
146,18,4773.861459
146,19,4751.776495
146,20,4720.703883
146,21,4676.302072
146,37,4668.102740
147,12,5506.676530
147,13,5339.841458
147,14,5222.315223
147,15,4853.306293
147,16,4793.440277
147,18,4773.861459
147,19,4751.776495
147,20,4720.703883
147,21,4676.302072
147,37,4668.102740
148,11,6115.430495
148,12,5506.676530
148,13,5339.841458
148,14,5222.315223
148,15,4853.306293
148,16,4793.440277
148,18,4773.861459
148,19,4751.776495
148,20,4720.703883
148,21,4676.302072
148,37,4668.102740
149,11,6115.430495
149,12,5506.676530
149,13,5325.133428
149,14,5222.315223
149,15,4850.176343
149,16,4792.720293
149,18,4773.861459
149,19,4751.776495
149,20,4720.703883
149,21,4676.302072
149,27,4668.132292
149,37,4668.102740
150,11,6115.430495
150,12,5445.339376
150,13,5325.133428
150,14,5222.315223
150,15,4850.176343
150,16,4756.631260
150,19,4751.776495
150,20,4720.703883
150,21,4676.302072
150,25,4674.081204
150,27,4668.132292
150,37,4668.102740
151,11,6115.430495
151,12,5445.339376
151,13,5325.133428
151,14,5222.315223
151,15,4850.176343
151,16,4756.631260
151,19,4751.776495
151,20,4720.703883
151,21,4676.302072
151,25,4674.081204
151,27,4668.132292
151,28,4665.699601
152,11,5921.305160
152,12,5445.339376
152,13,5325.133428
152,14,5222.315223
152,15,4850.176343
152,16,4756.631260
152,19,4751.776495
152,20,4720.703883
152,21,4676.302072
152,25,4674.081204
152,27,4668.132292
152,28,4665.699601
153,11,5921.305160
153,12,5445.339376
153,13,5325.133428
153,14,5222.315223
153,15,4850.176343
153,16,4739.803188
153,20,4720.703883
153,21,4676.302072
153,25,4674.081204
153,27,4668.132292
153,28,4665.699601
154,11,5921.305160
154,12,5445.339376
154,13,5325.133428
154,14,5222.315223
154,15,4848.650516
154,16,4739.803188
154,17,4724.962800
154,20,4720.703883
154,21,4676.302072
154,25,4674.081204
154,27,4668.132292
154,28,4665.699601
155,11,5921.305160
155,12,5445.339376
155,13,5325.133428
155,14,5222.315223
155,15,4848.650516
155,16,4739.803188
155,17,4724.962800
155,20,4720.703883
155,21,4676.302072
155,25,4674.081204
155,27,4668.132292
155,28,4665.699601
156,11,5921.305160
156,12,5445.339376
156,13,5325.133428
156,14,5222.315223
156,15,4848.650516
156,16,4739.803188
156,17,4724.962800
156,20,4720.703883
156,21,4676.302072
156,25,4674.081204
156,27,4668.132292
156,28,4665.699601
157,11,5921.305160
157,12,5410.675233
157,13,5325.133428
157,14,5222.315223
157,15,4848.650516
157,16,4739.803188
157,17,4724.962800
157,20,4720.703883
157,21,4676.302072
157,24,4664.223422
158,11,5866.075653
158,12,5410.675233
158,13,5325.133428
158,14,5222.315223
158,15,4824.225516
158,16,4739.803188
158,17,4724.962800
158,20,4720.703883
158,21,4676.302072
158,24,4664.223422
159,11,5837.522551
159,12,5396.520715
159,13,5268.145185
159,14,5222.315223
159,15,4824.225516
159,16,4737.875872
159,17,4713.292634
159,21,4676.302072
159,24,4664.223422
160,11,5837.522551
160,12,5396.520715
160,13,5268.145185
160,14,5222.315223
160,15,4824.225516
160,16,4737.875872
160,17,4713.292634
160,21,4676.302072
160,24,4664.223422
160,26,4657.770127
160,28,4635.913167
161,11,5837.522551
161,12,5396.520715
161,13,5268.145185
161,14,5222.315223
161,15,4824.225516
161,16,4737.875872
161,17,4713.292634
161,20,4701.400645
161,21,4676.302072
161,24,4664.223422
161,26,4657.770127
161,28,4635.913167
162,11,5580.330130
162,12,5396.520715
162,13,5268.145185
162,14,5222.315223
162,15,4824.225516
162,16,4737.875872
162,17,4713.292634
162,20,4701.400645
162,21,4676.302072
162,24,4664.223422
162,26,4657.770127
162,28,4635.913167
163,11,5575.903181
163,12,5396.520715
163,13,5268.145185
163,14,5214.194983
163,15,4824.225516
163,16,4737.875872
163,17,4713.292634
163,20,4701.400645
163,21,4676.302072
163,23,4649.002671
163,28,4635.913167
164,11,5575.903181
164,12,5396.520715
164,13,5268.145185
164,14,5156.380668
164,15,4807.950488
164,16,4737.875872
164,17,4706.210170
164,20,4701.400645
164,21,4676.302072
164,23,4639.535144
164,28,4631.999778
165,11,5515.258648
165,12,5396.520715
165,13,5268.145185
165,14,5120.832248
165,15,4807.950488
165,16,4737.875872
165,17,4706.210170
165,20,4701.400645
165,21,4676.302072
165,23,4639.535144
165,28,4631.999778
166,11,5474.672407
166,12,5396.520715
166,13,5268.145185
166,14,5032.093630
166,15,4807.950488
166,16,4737.875872
166,17,4706.210170
166,20,4701.400645
166,21,4676.302072
166,23,4639.535144
166,28,4631.999778
167,11,5442.062468
167,12,5396.520715
167,13,5268.145185
167,14,4996.182386
167,15,4807.950488
167,16,4737.875872
167,17,4706.210170
167,20,4701.400645
167,21,4676.302072
167,23,4639.535144
167,28,4631.999778
168,11,5442.062468
168,12,5396.520715
168,13,5268.145185
168,14,4996.182386
168,15,4807.950488
168,16,4737.875872
168,17,4706.210170
168,20,4701.400645
168,21,4676.302072
168,23,4639.535144
168,24,4616.378897
169,11,5442.062468
169,12,5381.565491
169,13,5267.201860
169,14,4926.758325
169,15,4807.950488
169,16,4737.875872
169,17,4698.717613
169,21,4676.302072
169,22,4659.316114
169,23,4639.535144
169,24,4616.378897
170,11,5442.062468
170,12,5381.565491
170,13,5267.201860
170,14,4926.758325
170,15,4807.950488
170,16,4737.875872
170,17,4698.717613
170,21,4676.302072
170,22,4659.316114
170,23,4639.535144
170,24,4616.378897
171,11,5412.915208
171,12,5381.565491
171,13,5267.201860
171,14,4926.758325
171,15,4807.950488
171,16,4737.875872
171,17,4698.717613
171,21,4676.302072
171,22,4659.316114
171,23,4632.706046
171,24,4616.378897
172,11,5412.915208
172,12,5381.565491
172,13,5254.561971
172,14,4926.758325
172,15,4807.950488
172,16,4737.875872
172,17,4698.717613
172,21,4676.302072
172,22,4659.316114
172,23,4557.846467
173,11,5412.915208
173,12,5381.565491
173,13,5254.561971
173,14,4926.758325
173,15,4807.950488
173,16,4737.875872
173,17,4698.717613
173,21,4676.302072
173,22,4659.316114
173,23,4557.846467
174,11,5411.074230
174,12,5289.137577
174,13,5215.397338
174,14,4926.758325
174,15,4801.970890
174,16,4733.021330
174,17,4698.717613
174,18,4641.100756
174,23,4557.846467
175,11,5411.074230
175,12,5289.137577
175,13,5215.397338
175,14,4926.758325
175,15,4801.970890
175,16,4733.021330
175,17,4698.717613
175,18,4641.100756
175,23,4557.846467
176,11,5329.258742
176,12,5253.774487
176,13,5215.397338
176,14,4926.758325
176,15,4801.970890
176,16,4652.414020
176,18,4641.100756
176,23,4557.846467
177,11,5329.258742
177,12,5253.774487
177,13,5215.397338
177,14,4926.758325
177,15,4801.970890
177,16,4652.414020
177,18,4641.100756
177,23,4557.846467
178,11,5329.258742
178,12,5253.774487
178,13,5198.100738
178,14,4926.758325
178,15,4801.970890
178,16,4652.414020
178,18,4641.100756
178,23,4557.846467
179,11,5293.688091
179,12,5215.289203
179,13,5144.986505
179,14,4926.758325
179,15,4801.970890
179,16,4652.414020
179,18,4641.100756
179,23,4557.846467
180,11,5293.688091
180,12,5215.289203
180,13,5144.986505
180,14,4926.758325
180,15,4801.970890
180,16,4652.414020
180,18,4641.100756
180,23,4557.846467
181,11,5293.688091
181,12,5215.289203
181,13,5144.986505
181,14,4926.758325
181,15,4801.970890
181,16,4652.414020
181,18,4641.100756
181,21,4621.467573
181,23,4557.846467
182,11,5293.688091
182,12,5215.289203
182,13,5144.986505
182,14,4926.758325
182,15,4801.970890
182,16,4652.414020
182,18,4641.100756
182,20,4626.516459
182,21,4621.467573
182,23,4557.846467
183,11,5236.487978
183,12,5215.289203
183,13,5144.986505
183,14,4926.758325
183,15,4801.970890
183,16,4652.414020
183,17,4651.842658
183,18,4640.291166
183,20,4609.914030
183,23,4557.846467
184,11,5236.487978
184,12,5175.915249
184,13,5124.749363
184,14,4926.758325
184,15,4784.689253
184,16,4652.414020
184,17,4651.842658
184,18,4640.291166
184,19,4609.293439
184,23,4557.846467
185,11,5236.487978
185,12,5175.915249
185,13,5124.749363
185,14,4926.758325
185,15,4784.689253
185,16,4652.414020
185,17,4611.372482
185,19,4609.293439
185,23,4557.846467
186,11,5163.665252
186,13,5124.749363
186,14,4926.758325
186,15,4784.689253
186,16,4652.414020
186,17,4611.372482
186,19,4609.293439
186,23,4557.846467
187,11,5163.665252
187,13,5124.749363
187,14,4926.758325
187,15,4784.689253
187,16,4652.414020
187,17,4611.372482
187,19,4609.293439
187,23,4557.846467
188,11,5163.665252
188,13,5124.749363
188,14,4926.758325
188,15,4784.689253
188,16,4652.039326
188,17,4611.372482
188,19,4609.293439
188,23,4557.846467
189,11,5163.665252
189,13,5122.709692
189,14,4926.758325
189,15,4784.689253
189,16,4625.270514
189,17,4611.372482
189,19,4609.293439
189,20,4604.233799
189,23,4557.846467
190,11,5163.665252
190,13,5122.709692
190,14,4926.758325
190,15,4758.915062
190,16,4625.270514
190,17,4611.372482
190,19,4609.293439
190,20,4604.233799
190,23,4557.846467
191,11,5163.665252
191,13,5122.709692
191,14,4926.758325
191,15,4758.915062
191,16,4625.270514
191,17,4611.372482
191,19,4609.293439
191,20,4604.233799
191,23,4557.846467
192,11,5163.665252
192,13,5122.709692
192,14,4926.758325
192,15,4699.114237
192,16,4625.270514
192,17,4611.372482
192,19,4609.293439
192,20,4604.233799
192,23,4557.846467
192,25,4557.469300
193,11,5163.665252
193,13,5122.709692
193,14,4926.758325
193,15,4699.114237
193,16,4625.270514
193,17,4611.372482
193,19,4609.293439
193,20,4604.233799
193,23,4557.846467
193,25,4557.469300
194,11,5163.665252
194,13,5122.454202
194,14,4920.561221
194,15,4698.089991
194,16,4625.270514
194,17,4593.532241
194,23,4551.733867
195,11,5163.665252
195,13,5122.454202
195,14,4920.561221
195,15,4698.089991
195,16,4625.270514
195,17,4593.532241
195,23,4551.733867
196,11,5163.665252
196,13,5122.454202
196,14,4920.561221
196,15,4698.089991
196,16,4625.270514
196,17,4593.532241
196,23,4551.733867
197,11,5163.665252
197,13,5122.454202
197,14,4920.561221
197,15,4698.089991
197,16,4601.725423
197,17,4593.532241
197,23,4551.733867
197,25,4550.678253
198,11,5163.665252
198,13,5122.454202
198,14,4920.561221
198,15,4698.089991
198,16,4601.725423
198,17,4593.532241
198,23,4551.733867
198,24,4549.134789
199,11,5163.665252
199,13,5099.596617
199,14,4901.708905
199,15,4698.089991
199,16,4601.725423
199,17,4574.066321
199,23,4551.733867
199,24,4549.134789
200,11,5163.665252
200,13,5099.596617
200,14,4901.708905
200,15,4680.817621
200,16,4601.725423
200,17,4574.066321
200,23,4551.733867
200,24,4549.134789
201,11,5163.665252
201,13,5099.596617
201,14,4901.708905
201,15,4680.817621
201,16,4601.725423
201,17,4574.066321
201,23,4551.733867
201,24,4549.134789
201,27,4548.373089
202,11,5112.678237
202,13,5099.596617
202,14,4901.708905
202,15,4653.495746
202,16,4601.725423
202,17,4574.066321
202,22,4569.741094
202,23,4551.733867
202,24,4549.134789
202,27,4548.373089
203,11,5112.678237
203,13,5099.596617
203,14,4901.708905
203,15,4653.495746
203,16,4601.725423
203,17,4574.066321
203,22,4569.741094
203,23,4551.733867
203,24,4549.134789
203,27,4548.373089
204,11,5099.557981
204,14,4803.438336
204,15,4641.512297
204,16,4601.725423
204,17,4574.066321
204,22,4567.957106
204,23,4551.733867
204,24,4549.134789
204,27,4548.373089
205,11,5099.557981
205,14,4803.438336
205,15,4641.512297
205,16,4601.725423
205,17,4574.066321
205,22,4567.957106
205,23,4551.733867
205,24,4549.134789
205,25,4536.476331
206,11,5099.557981
206,14,4803.438336
206,15,4641.512297
206,16,4601.725423
206,17,4574.066321
206,22,4567.957106
206,23,4551.733867
206,24,4549.134789
206,25,4536.476331
207,11,5099.557981
207,14,4803.438336
207,15,4641.512297
207,16,4601.725423
207,17,4574.066321
207,20,4559.036759
207,23,4551.733867
207,24,4549.134789
207,25,4536.476331
208,11,5099.557981
208,14,4803.438336
208,15,4637.886806
208,16,4590.375315
208,17,4574.066321
208,20,4559.036759
208,23,4551.733867
208,24,4549.134789
208,25,4536.476331
209,11,5086.943541
209,14,4803.438336
209,15,4637.886806
209,16,4577.441444
209,17,4574.066321
209,20,4559.036759
209,23,4551.733867
209,24,4549.134789
209,25,4536.476331
210,11,5086.943541
210,14,4803.438336
210,15,4637.886806
210,16,4577.441444
210,17,4573.906990
210,20,4559.036759
210,23,4551.733867
210,24,4549.134789
210,25,4536.476331
211,11,5086.943541
211,14,4803.438336
211,15,4637.886806
211,16,4577.441444
211,17,4569.249699
211,20,4559.036759
211,23,4551.733867
211,24,4549.134789
211,25,4536.476331
212,11,5086.943541
212,14,4803.438336
212,15,4637.886806
212,16,4577.441444
212,17,4569.249699
212,18,4549.049480
212,25,4536.476331
213,11,5086.943541
213,14,4803.438336
213,15,4637.886806
213,16,4577.441444
213,17,4569.249699
213,18,4549.049480
213,25,4536.476331
214,11,5063.786922
214,14,4803.438336
214,15,4635.272282
214,16,4577.299842
214,17,4569.249699
214,18,4549.049480
214,25,4533.646965
215,11,5063.786922
215,14,4803.438336
215,15,4635.272282
215,16,4577.299842
215,17,4569.249699
215,18,4549.049480
215,21,4544.482700
215,25,4533.646965
216,11,5063.786922
216,14,4803.438336
216,15,4635.272282
216,16,4577.299842
216,17,4569.249699
216,18,4530.908163
217,11,5063.786922
217,14,4803.438336
217,15,4635.272282
217,16,4577.299842
217,17,4569.249699
217,18,4530.908163
218,11,5063.786922
218,14,4803.438336
218,15,4635.272282
218,16,4577.299842
218,17,4569.249699
218,18,4530.908163
219,11,5063.786922
219,14,4717.281782
219,15,4635.272282
219,16,4567.974777
219,18,4530.908163
220,11,5063.786922
220,14,4717.281782
220,15,4635.272282
220,16,4567.974777
220,18,4530.908163
221,11,5063.786922
221,14,4717.281782
221,15,4635.272282
221,16,4567.974777
221,18,4530.908163
221,20,4521.670968
222,11,5063.786922
222,14,4717.281782
222,15,4635.272282
222,16,4567.974777
222,18,4530.908163
222,20,4521.670968
223,11,5063.786922
223,13,5012.287053
223,14,4717.281782
223,15,4635.272282
223,16,4567.974777
223,18,4530.908163
223,20,4521.670968
224,11,5038.869909
224,13,5012.287053
224,14,4705.369050
224,15,4635.272282
224,16,4567.974777
224,18,4517.425473
225,11,5038.869909
225,13,5012.287053
225,14,4705.369050
225,15,4635.272282
225,16,4567.974777
225,18,4517.425473
226,11,5038.869909
226,13,5012.287053
226,14,4705.369050
226,15,4635.272282
226,16,4567.974777
226,18,4517.425473
227,11,5038.869909
227,13,5012.287053
227,14,4705.369050
227,15,4610.336210
227,16,4567.974777
227,18,4517.425473
228,11,5038.869909
228,13,5012.287053
228,14,4705.369050
228,15,4610.336210
228,16,4567.974777
228,18,4517.425473
229,11,4970.701559
229,14,4704.746181
229,15,4594.147746
229,16,4567.974777
229,18,4517.425473
230,11,4970.701559
230,14,4689.696571
230,15,4594.147746
230,16,4567.974777
230,18,4517.425473
231,11,4970.701559
231,14,4689.696571
231,15,4594.147746
231,16,4567.974777
231,18,4517.425473
232,11,4970.701559
232,14,4689.696571
232,15,4594.147746
232,16,4567.974777
232,18,4499.811398
233,11,4970.701559
233,14,4689.696571
233,15,4594.147746
233,16,4567.974777
233,18,4499.811398
234,11,4925.197508
234,14,4689.696571
234,15,4594.147746
234,16,4567.974777
234,18,4499.811398
235,11,4925.197508
235,14,4689.696571
235,15,4594.147746
235,16,4567.974777
235,18,4493.210204
236,11,4925.197508
236,14,4689.696571
236,15,4594.147746
236,16,4567.974777
236,18,4493.210204
237,11,4925.197508
237,14,4689.696571
237,15,4594.147746
237,16,4567.974777
237,18,4493.210204
238,11,4925.197508
238,14,4689.696571
238,15,4594.147746
238,16,4567.974777
238,18,4493.210204
239,11,4918.042694
239,14,4689.696571
239,15,4594.147746
239,16,4567.974777
239,18,4493.210204
240,11,4918.042694
240,14,4689.696571
240,15,4594.147746
240,16,4567.974777
240,18,4486.926427
241,11,4918.042694
241,14,4618.201352
241,15,4584.189608
241,16,4567.974777
241,18,4486.926427
242,11,4918.042694
242,14,4618.201352
242,15,4584.189608
242,16,4567.974777
242,18,4486.926427
243,11,4918.042694
243,14,4618.201352
243,15,4584.189608
243,16,4567.974777
243,18,4486.926427
244,11,4915.595867
244,14,4618.201352
244,15,4584.189608
244,16,4567.974777
244,18,4486.926427
245,11,4915.595867
245,14,4618.201352
245,15,4557.727440
245,18,4486.926427
246,11,4915.595867
246,14,4618.201352
246,15,4557.727440
246,18,4486.926427
247,11,4915.595867
247,13,4893.853207
247,14,4617.400230
247,15,4557.727440
247,18,4486.926427
248,11,4915.595867
248,13,4893.853207
248,14,4617.400230
248,15,4557.727440
248,18,4486.926427
249,11,4915.242982
249,13,4893.853207
249,14,4615.314564
249,15,4556.201613
249,18,4486.926427
250,11,4915.242982
250,13,4893.853207
250,14,4615.314564
250,15,4556.201613
250,18,4486.926427
251,11,4915.242982
251,13,4893.853207
251,14,4615.314564
251,15,4556.201613
251,18,4486.697755
252,11,4915.242982
252,13,4893.853207
252,14,4615.314564
252,15,4556.201613
252,18,4477.145060
253,11,4915.242982
253,13,4893.853207
253,14,4615.314564
253,15,4556.201613
253,18,4477.145060
254,11,4915.242982
254,13,4893.853207
254,14,4600.897495
254,15,4556.201613
254,17,4485.978682
254,18,4477.145060
255,11,4915.242982
255,13,4893.853207
255,14,4600.897495
255,15,4556.201613
255,17,4485.978682
255,18,4463.143631
256,11,4915.242982
256,13,4893.853207
256,14,4600.897495
256,15,4556.201613
256,17,4485.978682
256,18,4463.143631
257,11,4915.242982
257,13,4893.853207
257,14,4600.897495
257,15,4556.201613
257,17,4485.978682
257,18,4463.143631
258,11,4915.242982
258,13,4893.853207
258,14,4600.897495
258,15,4556.201613
258,17,4485.978682
258,18,4463.143631
259,11,4915.242982
259,13,4893.853207
259,14,4600.897495
259,15,4556.201613
259,16,4479.621316
259,18,4463.143631
260,11,4915.242982
260,12,4898.826605
260,13,4893.853207
260,14,4600.897495
260,15,4556.201613
260,16,4479.621316
260,18,4463.143631
261,11,4915.242982
261,12,4898.826605
261,13,4893.853207
261,14,4600.897495
261,15,4549.122681
261,16,4479.621316
261,18,4463.143631
262,11,4915.242982
262,12,4898.826605
262,13,4893.853207
262,14,4600.897495
262,15,4549.122681
262,16,4479.621316
262,18,4463.143631
263,11,4915.242982
263,12,4898.826605
263,13,4893.853207
263,14,4600.897495
263,15,4549.122681
263,16,4479.621316
263,18,4463.143631
264,11,4895.231058
264,13,4893.853207
264,14,4600.897495
264,15,4549.122681
264,16,4479.621316
264,18,4463.143631
265,11,4895.231058
265,13,4893.853207
265,14,4600.897495
265,15,4549.122681
265,16,4479.621316
265,18,4463.143631
266,11,4895.231058
266,13,4893.853207
266,14,4600.897495
266,15,4549.122681
266,16,4479.621316
266,18,4463.143631
267,11,4895.231058
267,13,4893.853207
267,14,4600.897495
267,15,4549.122681
267,16,4479.621316
267,18,4463.143631
268,11,4895.231058
268,13,4893.853207
268,14,4600.897495
268,15,4549.122681
268,16,4479.621316
268,18,4463.143631
269,11,4895.231058
269,13,4893.853207
269,14,4565.968035
269,15,4549.122681
269,16,4479.621316
269,18,4463.143631
270,11,4895.231058
270,13,4893.853207
270,14,4565.968035
270,15,4549.122681
270,16,4479.621316
270,18,4463.143631
271,11,4895.231058
271,13,4893.853207
271,14,4565.968035
271,15,4549.122681
271,16,4479.621316
271,18,4463.143631
272,11,4895.231058
272,13,4893.853207
272,14,4565.968035
272,15,4549.122681
272,16,4479.621316
272,18,4463.143631
273,11,4895.231058
273,13,4893.853207
273,14,4565.968035
273,15,4549.122681
273,16,4479.621316
273,18,4463.143631
274,11,4890.172554
274,13,4862.705297
274,14,4565.968035
274,15,4549.122681
274,16,4479.454516
274,18,4463.143631
275,11,4890.172554
275,13,4862.705297
275,14,4565.968035
275,15,4549.122681
275,16,4479.454516
275,18,4463.143631
276,11,4890.172554
276,13,4596.118483
276,14,4565.968035
276,15,4549.122681
276,16,4479.454516
276,18,4463.143631
277,11,4890.172554
277,13,4596.118483
277,14,4565.968035
277,15,4549.122681
277,16,4479.454516
277,18,4463.143631
278,11,4890.172554
278,13,4596.118483
278,14,4565.968035
278,15,4549.122681
278,16,4479.454516
278,18,4463.143631
279,11,4890.172554
279,13,4596.118483
279,14,4556.997944
279,15,4549.122681
279,16,4479.454516
279,18,4463.143631
280,11,4890.172554
280,13,4596.118483
280,14,4556.997944
280,15,4549.122681
280,16,4479.454516
280,18,4463.143631
281,11,4890.172554
281,13,4596.118483
281,14,4556.997944
281,15,4549.122681
281,16,4479.454516
281,18,4463.143631
282,11,4890.172554
282,13,4596.118483
282,14,4556.997944
282,15,4549.122681
282,16,4479.454516
282,18,4463.143631
283,11,4890.172554
283,13,4596.118483
283,14,4556.997944
283,15,4549.122681
283,16,4479.454516
283,17,4465.002949
283,18,4463.143631
284,11,4890.172554
284,13,4595.681682
284,14,4556.997944
284,15,4549.012642
284,16,4479.454516
284,17,4465.002949
284,18,4463.143631
285,11,4890.172554
285,13,4595.681682
285,14,4556.997944
285,15,4549.012642
285,16,4479.454516
285,17,4464.471677
285,18,4463.143631
286,11,4890.172554
286,13,4568.442722
286,14,4556.997944
286,15,4549.012642
286,16,4479.454516
286,17,4464.471677
286,18,4463.143631
287,11,4890.172554
287,13,4568.442722
287,14,4556.997944
287,15,4549.012642
287,16,4479.454516
287,17,4464.471677
287,18,4463.143631
288,11,4890.172554
288,13,4568.442722
288,14,4556.997944
288,15,4549.012642
288,16,4479.454516
288,17,4464.471677
288,18,4463.143631
289,11,4874.187516
289,12,4859.182274
289,13,4568.442722
289,14,4556.997944
289,15,4536.650647
289,16,4479.454516
289,17,4454.051924
290,11,4874.187516
290,12,4859.182274
290,13,4568.442722
290,14,4519.260751
290,16,4479.454516
290,17,4454.051924
291,11,4860.456982
291,12,4859.182274
291,13,4568.442722
291,14,4519.260751
291,16,4479.454516
291,17,4454.051924
291,18,4449.496489
292,11,4860.456982
292,12,4859.182274
292,13,4568.442722
292,14,4519.260751
292,16,4479.454516
292,17,4454.051924
292,18,4449.496489
293,11,4860.456982
293,12,4859.182274
293,13,4568.442722
293,14,4519.260751
293,15,4474.603519
293,17,4454.051924
293,18,4449.496489
294,11,4834.719090
294,13,4565.183901
294,14,4519.260751
294,15,4474.603519
294,17,4454.051924
294,18,4449.496489
295,11,4834.719090
295,13,4565.183901
295,14,4519.260751
295,15,4474.603519
295,17,4454.051924
295,18,4449.496489
296,11,4834.719090
296,13,4565.183901
296,14,4519.260751
296,15,4474.603519
296,17,4454.051924
296,18,4449.496489
296,19,4449.208651
297,11,4834.719090
297,13,4565.183901
297,14,4519.260751
297,15,4474.603519
297,17,4454.051924
297,18,4446.774648
298,11,4834.719090
298,13,4565.183901
298,14,4519.260751
298,15,4474.603519
298,17,4454.051924
298,18,4446.774648
299,11,4834.719090
299,13,4565.183901
299,14,4519.260751
299,15,4474.603519
299,17,4451.346014
299,18,4446.774648
300,11,4834.050571
300,13,4565.183901
300,14,4519.260751
300,15,4474.603519
300,17,4451.346014
300,18,4446.774648
301,11,4834.050571
301,12,4802.780292
301,13,4565.183901
301,14,4519.260751
301,15,4474.603519
301,17,4451.346014
301,18,4446.774648
302,11,4834.050571
302,12,4802.780292
302,13,4565.183901
302,14,4519.260751
302,15,4474.603519
302,17,4451.346014
302,18,4436.912692
303,11,4762.292090
303,13,4565.183901
303,14,4519.260751
303,15,4474.603519
303,17,4451.346014
303,18,4436.912692
304,11,4762.292090
304,13,4537.353602
304,14,4507.803241
304,15,4474.603519
304,16,4461.436845
304,17,4451.346014
304,18,4436.912692
305,11,4762.292090
305,13,4537.353602
305,14,4507.803241
305,15,4474.603519
305,16,4461.436845
305,17,4451.346014
305,18,4436.912692
306,11,4762.292090
306,13,4537.353602
306,14,4503.856917
306,15,4474.603519
306,16,4459.468371
306,17,4451.346014
306,18,4436.912692
307,11,4762.292090
307,13,4537.353602
307,14,4503.856917
307,15,4474.603519
307,16,4459.468371
307,17,4451.346014
307,18,4436.912692
308,11,4762.292090
308,13,4536.959934
308,14,4503.856917
308,15,4474.603519
308,16,4459.468371
308,17,4451.346014
308,18,4436.912692
309,11,4762.292090
309,13,4535.826581
309,14,4499.441442
309,15,4474.603519
309,16,4459.468371
309,17,4451.346014
309,18,4436.912692
310,11,4762.292090
310,13,4535.826581
310,14,4499.441442
310,15,4474.603519
310,16,4459.468371
310,17,4451.346014
310,18,4436.912692
311,11,4762.292090
311,13,4535.826581
311,14,4499.441442
311,15,4474.603519
311,16,4459.468371
311,17,4451.346014
311,18,4436.912692
311,19,4420.694331
312,11,4762.292090
312,13,4535.826581
312,14,4499.441442
312,15,4474.603519
312,16,4459.468371
312,17,4451.346014
312,18,4436.912692
312,19,4420.694331
313,11,4762.292090
313,13,4535.826581
313,14,4499.441442
313,15,4474.603519
313,16,4459.468371
313,17,4451.346014
313,18,4436.912692
313,19,4420.694331
314,11,4762.292090
314,13,4526.550554
314,14,4498.395589
314,15,4474.603519
314,16,4459.468371
314,17,4440.697752
314,18,4436.912692
314,19,4420.694331
315,11,4762.292090
315,13,4526.550554
315,14,4498.395589
315,15,4474.603519
315,16,4459.468371
315,17,4440.697752
315,18,4436.912692
315,19,4420.694331
316,11,4762.292090
316,13,4526.550554
316,14,4498.395589
316,15,4474.603519
316,16,4459.468371
316,17,4440.697752
316,18,4436.912692
316,19,4420.694331
317,11,4762.292090
317,13,4526.550554
317,14,4498.395589
317,15,4474.603519
317,16,4459.468371
317,17,4440.697752
317,18,4436.912692
317,19,4420.694331
318,11,4762.292090
318,13,4526.550554
318,14,4498.395589
318,15,4474.603519
318,16,4459.468371
318,17,4440.697752
318,18,4436.912692
318,19,4420.694331
319,11,4762.281225
319,13,4526.550554
319,14,4498.395589
319,15,4474.603519
319,16,4459.468371
319,17,4440.697752
319,18,4436.912692
319,19,4420.694331
320,11,4762.281225
320,13,4526.550554
320,14,4498.395589
320,15,4474.603519
320,16,4459.468371
320,17,4440.697752
320,18,4436.912692
320,19,4420.694331
321,11,4762.281225
321,13,4526.550554
321,14,4498.395589
321,15,4474.603519
321,16,4459.468371
321,17,4440.697752
321,18,4436.912692
321,19,4420.694331
322,11,4762.281225
322,13,4526.550554
322,14,4498.395589
322,15,4474.603519
322,16,4459.468371
322,17,4440.697752
322,18,4436.912692
322,19,4420.694331
323,11,4762.281225
323,13,4526.550554
323,14,4498.395589
323,15,4474.603519
323,16,4459.468371
323,17,4440.697752
323,18,4436.912692
323,19,4420.694331
324,11,4757.395328
324,13,4526.104744
324,14,4498.395589
324,15,4474.603519
324,16,4459.468371
324,17,4440.697752
324,18,4436.912692
324,19,4420.694331
325,11,4757.395328
325,13,4526.104744
325,14,4498.395589
325,15,4474.603519
325,16,4459.468371
325,17,4440.697752
325,18,4436.912692
325,19,4420.694331
326,11,4755.286546
326,13,4526.104744
326,14,4498.395589
326,15,4474.603519
326,16,4459.468371
326,17,4440.697752
326,18,4436.912692
326,19,4415.891099
327,11,4743.573692
327,13,4494.426950
327,15,4474.603519
327,16,4459.468371
327,17,4440.697752
327,18,4436.912692
327,19,4415.891099
328,11,4743.573692
328,13,4494.426950
328,15,4474.603519
328,16,4459.468371
328,17,4440.697752
328,18,4436.830440
328,19,4415.891099
