Iteration,NV,TOC
1,6,8543.772167
1,7,5336.793918
1,8,4964.477788
1,9,4654.513147
1,10,4225.994517
1,12,4098.232945
1,13,3588.574636
1,14,3505.590436
1,16,3160.879424
1,19,3028.397513
1,21,2954.727235
1,25,2921.879456
1,27,2871.520583
1,28,2777.750533
1,33,2769.220054
1,34,2729.009703
2,6,8543.772167
2,7,5336.793918
2,8,4964.477788
2,9,4654.513147
2,10,4225.994517
2,11,4156.977820
2,12,4098.232945
2,13,3588.574636
2,14,3505.590436
2,16,3160.879424
2,19,3028.397513
2,21,2954.727235
2,25,2921.879456
2,27,2871.520583
2,28,2777.750533
2,33,2769.220054
2,34,2729.009703
3,6,8395.261470
3,7,5336.793918
3,8,4964.477788
3,9,4654.513147
3,10,4225.994517
3,11,4156.977820
3,12,4076.074857
3,13,3588.574636
3,14,3505.590436
3,16,3160.879424
3,19,3028.397513
3,21,2954.727235
3,25,2921.879456
3,27,2871.520583
3,28,2777.750533
3,33,2769.220054
3,34,2729.009703
4,6,8395.261470
4,7,5113.736818
4,8,4953.493837
4,9,4654.513147
4,10,4225.994517
4,11,4156.977820
4,12,4076.074857
4,13,3588.574636
4,14,3505.590436
4,16,3160.879424
4,19,3028.397513
4,21,2954.727235
4,25,2921.879456
4,27,2871.520583
4,28,2777.750533
4,33,2769.220054
4,34,2729.009703
5,5,8330.291286
5,6,5540.128888
5,7,5113.736818
5,8,4947.638704
5,9,4654.513147
5,10,4225.994517
5,11,4156.977820
5,12,4076.074857
5,13,3588.574636
5,14,3505.590436
5,16,3160.879424
5,19,3028.397513
5,21,2954.727235
5,25,2921.879456
5,27,2871.520583
5,28,2777.750533
5,33,2769.220054
5,34,2729.009703
6,5,6574.737394
6,6,5537.443587
6,7,4789.365244
6,8,4505.031600
6,10,4225.994517
6,11,4156.977820
6,12,4076.074857
6,13,3588.574636
6,14,3301.163097
6,16,3160.879424
6,19,3028.397513
6,21,2954.727235
6,25,2921.879456
6,27,2871.520583
6,28,2744.619240
6,34,2729.009703
7,5,6574.737394
7,6,5537.443587
7,7,4789.365244
7,8,4505.031600
7,10,4225.994517
7,11,4156.977820
7,12,4076.074857
7,13,3588.574636
7,14,3301.163097
7,16,3160.879424
7,19,3028.397513
7,21,2954.727235
7,25,2921.879456
7,27,2871.520583
7,28,2744.619240
7,34,2729.009703
8,5,6574.737394
8,6,5537.443587
8,7,4789.365244
8,8,4505.031600
8,10,4225.994517
8,11,4156.977820
8,12,4076.074857
8,13,3588.574636
8,14,3301.163097
8,16,3160.879424
8,19,3028.397513
8,21,2954.727235
8,25,2921.879456
8,27,2871.520583
8,28,2744.619240
8,34,2729.009703
9,5,6574.737394
9,6,5537.443587
9,7,4789.365244
9,8,4505.031600
9,10,4225.994517
9,11,4156.977820
9,12,3934.998347
9,13,3588.574636
9,14,3301.163097
9,16,3160.879424
9,19,3028.397513
9,21,2954.727235
9,25,2921.879456
9,27,2871.520583
9,28,2744.619240
9,34,2729.009703
10,5,6574.737394
10,6,5537.443587
10,7,4789.365244
10,8,4505.031600
10,10,4225.994517
10,11,4156.977820
10,12,3889.946944
10,13,3588.574636
10,14,3301.163097
10,16,3160.879424
10,19,3028.397513
10,21,2954.727235
10,25,2921.879456
10,27,2871.520583
10,28,2744.619240
10,34,2729.009703
11,5,6574.737394
11,6,5537.443587
11,7,4564.013587
11,8,4505.031600
11,10,4225.994517
11,11,4156.977820
11,12,3889.946944
11,13,3588.574636
11,14,3104.383511
11,19,2724.580657
12,5,6574.737394
12,6,5537.443587
12,7,4564.013587
12,8,4505.031600
12,10,4225.994517
12,11,3898.588698
12,12,3889.946944
12,13,3588.574636
12,14,3104.383511
12,19,2724.580657
13,5,6467.697287
13,6,5537.443587
13,7,4564.013587
13,8,4505.031600
13,10,4225.994517
13,11,3898.588698
13,12,3889.946944
13,13,3588.574636
13,14,3104.383511
13,19,2724.580657
13,25,2698.852644
14,5,6467.697287
14,6,5537.443587
14,7,4564.013587
14,8,4505.031600
14,10,4225.994517
14,11,3898.588698
14,12,3889.946944
14,13,3588.574636
14,14,3104.383511
14,19,2724.580657
14,25,2698.852644
15,5,6391.272216
15,6,5537.443587
15,7,4564.013587
15,8,4505.031600
15,10,4225.994517
15,11,3898.588698
15,12,3889.946944
15,13,3588.574636
15,14,3104.383511
15,19,2724.580657
15,25,2698.852644
16,5,6391.272216
16,6,5436.285404
16,7,4424.388901
16,10,4225.994517
16,11,3898.588698
16,12,3876.692059
16,13,3588.574636
16,14,3104.383511
16,16,3039.134393
16,19,2724.580657
16,23,2640.744821
17,5,6391.272216
17,6,5436.285404
17,7,4424.388901
17,10,4225.994517
17,11,3829.633921
17,12,3762.493784
17,13,3490.057715
17,14,3104.383511
17,16,3039.134393
17,19,2724.580657
17,23,2640.744821
18,5,6325.137636
18,6,5436.285404
18,7,4424.388901
18,10,4225.994517
18,11,3829.633921
18,12,3762.493784
18,13,3490.057715
18,14,3104.383511
18,16,3039.134393
18,19,2724.580657
18,22,2705.349228
18,23,2640.744821
19,5,6142.241662
19,6,5436.285404
19,7,4424.388901
19,10,4225.994517
19,11,3829.633921
19,12,3762.493784
19,13,3490.057715
19,14,3104.383511
19,16,3017.509737
19,19,2724.580657
19,22,2705.349228
19,23,2640.744821
20,5,6142.241662
20,6,5436.285404
20,7,4424.388901
20,10,4225.994517
20,11,3685.621800
20,13,3490.057715
20,14,3104.383511
20,16,3017.509737
20,18,2813.854938
20,19,2724.580657
20,22,2705.349228
20,23,2640.744821
21,5,6142.241662
21,6,5436.285404
21,7,4424.388901
21,10,4225.994517
21,11,3602.477429
21,13,3490.057715
21,14,3104.383511
21,16,3017.509737
21,17,2892.223089
21,18,2813.854938
21,19,2724.580657
21,20,2671.826924
21,23,2640.744821
22,5,6142.241662
22,6,5436.285404
22,7,4424.388901
22,10,4225.994517
22,11,3602.477429
22,12,3459.731402
22,14,3104.383511
22,16,3017.509737
22,17,2892.223089
22,18,2752.469033
22,19,2724.580657
22,20,2671.826924
22,23,2640.744821
23,5,6142.241662
23,6,5436.285404
23,7,4424.388901
23,9,4318.566555
23,10,4225.994517
23,11,3602.477429
23,12,3459.731402
23,14,3104.383511
23,15,3102.623572
23,16,3017.509737
23,17,2892.223089
23,18,2752.469033
23,19,2724.580657
23,20,2671.826924
23,23,2640.744821
24,5,6142.241662
24,6,5436.285404
24,7,4424.388901
24,9,4318.566555
24,10,4225.994517
24,11,3602.477429
24,12,3459.731402
24,13,3444.635276
24,14,3104.383511
24,15,3102.623572
24,16,3017.509737
24,17,2892.223089
24,18,2752.469033
24,19,2724.580657
24,20,2671.826924
24,23,2640.744821
25,5,6142.241662
25,6,5436.285404
25,7,4424.388901
25,9,4318.566555
25,10,4225.994517
25,11,3602.477429
25,12,3459.731402
25,13,3444.635276
25,14,3104.383511
25,15,3102.623572
25,16,3017.509737
25,17,2892.223089
25,18,2752.469033
25,19,2724.580657
25,20,2671.826924
25,23,2640.744821
26,5,6142.241662
26,6,5436.285404
26,7,4096.728946
26,11,3602.477429
26,12,3315.638622
26,14,3104.383511
26,15,3102.623572
26,16,3017.509737
26,17,2892.223089
26,18,2752.469033
26,19,2724.580657
26,20,2671.826924
26,23,2640.744821
27,5,6142.241662
27,6,5265.644716
27,7,4096.728946
27,11,3602.477429
27,12,3315.638622
27,14,3104.383511
27,15,2944.787378
27,17,2892.223089
27,18,2752.469033
27,19,2724.580657
27,20,2671.826924
27,23,2640.744821
28,5,6142.241662
28,6,5172.590468
28,7,4096.728946
28,11,3594.824229
28,12,3315.638622
28,14,3104.383511
28,15,2944.787378
28,17,2880.583358
28,18,2752.469033
28,19,2724.580657
28,20,2671.826924
28,22,2607.129956
29,5,6142.241662
29,6,5172.590468
29,7,4096.728946
29,11,3594.824229
29,12,3315.638622
29,14,3104.383511
29,15,2944.787378
29,17,2880.583358
29,18,2752.469033
29,19,2724.580657
29,20,2671.826924
29,22,2607.129956
29,25,2567.152290
30,5,5454.321506
30,6,5147.635464
30,7,4096.728946
30,11,3594.824229
30,12,3315.638622
30,14,3104.383511
30,15,2944.787378
30,17,2880.583358
30,18,2752.469033
30,19,2724.580657
30,20,2671.826924
30,22,2607.129956
30,25,2567.152290
31,5,5454.321506
31,6,5079.508458
31,7,3721.321941
31,11,3594.824229
31,12,3315.638622
31,13,3065.235460
31,15,2944.787378
31,17,2880.583358
31,18,2752.469033
31,19,2724.580657
31,20,2671.826924
31,22,2607.129956
31,25,2564.298604
32,5,5454.321506
32,6,5022.069080
32,7,3721.321941
32,11,3594.824229
32,12,3315.638622
32,13,3065.235460
32,15,2944.787378
32,16,2899.889751
32,17,2863.290580
32,18,2752.469033
32,19,2712.831471
32,20,2671.826924
32,22,2607.129956
32,25,2564.298604
33,5,5454.321506
33,6,5022.069080
33,7,3721.321941
33,11,3594.824229
33,12,3315.638622
33,13,3065.235460
33,15,2944.787378
33,16,2878.635151
33,17,2863.290580
33,18,2752.469033
33,19,2712.831471
33,20,2671.826924
33,22,2607.129956
33,25,2564.298604
34,5,5454.321506
34,6,5022.069080
34,7,3721.321941
34,11,3594.824229
34,12,3315.638622
34,13,3065.235460
34,15,2944.787378
34,16,2878.635151
34,17,2809.135258
34,18,2752.469033
34,19,2712.831471
34,20,2671.826924
34,22,2607.129956
34,25,2564.298604
35,5,5454.321506
35,6,5022.069080
35,7,3721.321941
35,11,3594.824229
35,12,3306.170133
35,13,3065.235460
35,15,2944.787378
35,16,2878.635151
35,17,2809.135258
35,18,2752.469033
35,19,2712.831471
35,20,2671.826924
35,22,2607.129956
35,25,2564.298604
36,5,5454.321506
36,6,5022.069080
36,7,3721.321941
36,11,3594.824229
36,12,3259.632419
36,13,3065.235460
36,14,2848.887494
36,16,2840.519642
36,17,2809.135258
36,18,2619.567130
36,22,2607.129956
36,25,2564.298604
37,5,5454.321506
37,6,5022.069080
37,7,3721.321941
37,11,3574.786178
37,12,3248.557631
37,13,3065.235460
37,14,2848.887494
37,16,2840.519642
37,17,2809.135258
37,18,2619.567130
37,22,2607.129956
37,25,2564.298604
38,5,5454.321506
38,6,4933.863223
38,7,3721.321941
38,11,3574.786178
38,12,3248.557631
38,13,3065.235460
38,14,2848.887494
38,16,2840.519642
38,17,2809.135258
38,18,2619.567130
38,22,2607.129956
38,25,2564.298604
39,5,5454.321506
39,6,4933.863223
39,7,3721.321941
39,11,3574.786178
39,12,3248.557631
39,13,3065.235460
39,14,2848.887494
39,16,2821.108940
39,17,2809.135258
39,18,2619.567130
39,22,2607.129956
39,25,2564.298604
40,5,5454.321506
40,6,4933.863223
40,7,3721.321941
40,11,3574.786178
40,12,3248.557631
40,13,3065.235460
40,14,2848.887494
40,16,2821.108940
40,17,2809.135258
40,18,2619.567130
40,22,2607.129956
40,25,2564.298604
41,5,5454.321506
41,6,4916.198684
41,7,3721.321941
41,11,3376.161043
41,12,3248.557631
41,13,3065.235460
41,14,2848.887494
41,15,2845.629825
41,16,2713.971494
41,18,2619.567130
41,22,2560.132514
42,5,5454.321506
42,6,4916.198684
42,7,3721.321941
42,10,3661.801591
42,11,3376.161043
42,12,3248.557631
42,13,3065.235460
42,14,2848.887494
42,15,2845.629825
42,16,2713.971494
42,18,2619.567130
42,22,2560.132514
43,5,5454.321506
43,6,4916.198684
43,7,3721.321941
43,10,3661.801591
43,11,3376.161043
43,12,3248.557631
43,13,3065.235460
43,14,2848.887494
43,15,2845.629825
43,16,2713.971494
43,18,2619.567130
43,22,2560.132514
44,5,5454.321506
44,6,4785.729679
44,7,3721.321941
44,10,3636.304660
44,11,3376.161043
44,12,3248.557631
44,13,3065.235460
44,14,2848.887494
44,15,2845.629825
44,16,2713.971494
44,18,2619.567130
44,22,2560.132514
45,5,5454.321506
45,6,4785.729679
45,7,3721.321941
45,10,3636.304660
45,11,3376.161043
45,12,3248.557631
45,13,3065.235460
45,14,2848.887494
45,15,2845.629825
45,16,2713.971494
45,18,2619.567130
45,22,2560.132514
46,5,5454.321506
46,6,4728.667518
46,7,3721.321941
46,10,3636.304660
46,11,3376.161043
46,12,3248.557631
46,13,3065.235460
46,14,2728.621143
46,16,2713.971494
46,18,2619.567130
46,22,2560.132514
47,5,5454.321506
47,6,4728.667518
47,7,3721.321941
47,10,3636.304660
47,11,3376.161043
47,12,3248.557631
47,13,3065.235460
47,14,2728.621143
47,16,2713.971494
47,18,2619.567130
47,22,2560.132514
48,5,5454.321506
48,6,4728.667518
48,7,3721.321941
48,10,3636.304660
48,11,3376.161043
48,12,3248.557631
48,13,3065.235460
48,14,2728.621143
48,16,2713.971494
48,18,2619.567130
48,22,2560.132514
49,5,5365.298034
49,6,4728.667518
49,7,3721.321941
49,9,3601.013301
49,11,3376.161043
49,12,3248.557631
49,13,3048.540364
49,14,2728.621143
49,16,2713.971494
49,18,2619.567130
49,22,2560.132514
50,5,5365.298034
50,6,4728.667518
50,7,3721.321941
50,9,3601.013301
50,10,3589.411137
50,11,3376.161043
50,12,3248.557631
50,13,3048.540364
50,14,2728.621143
50,16,2713.971494
50,18,2619.567130
50,22,2560.132514
51,5,5256.494327
51,6,4637.913614
51,7,3665.233065
51,9,3601.013301
51,10,3589.411137
51,11,3376.161043
51,12,3072.804820
51,13,3048.540364
51,14,2728.621143
51,16,2713.971494
51,18,2619.567130
51,22,2560.132514
52,5,5256.494327
52,6,4637.913614
52,7,3665.233065
52,9,3601.013301
52,10,3589.411137
52,11,3376.161043
52,12,3072.804820
52,13,3048.540364
52,14,2728.621143
52,16,2713.971494
52,18,2619.567130
52,22,2560.132514
53,5,5256.494327
53,6,4637.913614
53,7,3665.233065
53,9,3601.013301
53,10,3589.411137
53,11,3376.161043
53,12,3072.804820
53,13,3048.540364
53,14,2728.621143
53,16,2713.971494
53,17,2706.317309
53,18,2619.567130
53,22,2560.132514
54,5,5256.494327
54,6,4637.913614
54,7,3665.233065
54,9,3601.013301
54,10,3589.411137
54,11,3376.161043
54,12,3072.804820
54,13,3048.540364
54,14,2728.621143
54,16,2713.971494
54,17,2706.317309
54,18,2619.567130
54,22,2560.132514
55,5,5256.494327
55,6,4637.913614
55,7,3665.233065
55,9,3601.013301
55,10,3589.411137
55,11,3376.161043
55,12,3072.804820
55,13,3048.540364
55,14,2728.621143
55,16,2713.971494
55,17,2706.317309
55,18,2619.567130
55,22,2560.132514
56,5,5164.463552
56,6,4637.913614
56,7,3645.227552
56,9,3578.314405
56,11,3376.161043
56,12,3072.804820
56,13,3048.540364
56,14,2728.621143
56,16,2713.971494
56,17,2706.317309
56,18,2619.567130
56,22,2560.132514
57,5,5164.463552
57,6,4410.093500
57,7,3645.227552
57,9,3496.808584
57,11,3355.477636
57,12,3072.804820
57,13,3048.540364
57,14,2728.621143
57,16,2713.971494
57,17,2706.317309
57,18,2619.567130
57,22,2560.132514
58,5,5164.463552
58,6,4410.093500
58,7,3645.227552
58,9,3496.808584
58,11,3355.477636
58,12,3072.804820
58,13,3048.540364
58,14,2728.621143
58,16,2713.971494
58,17,2706.317309
58,18,2619.567130
58,22,2560.132514
59,5,5084.920471
59,6,4149.132724
59,7,3645.227552
59,9,3496.808584
59,11,3355.477636
59,12,3072.804820
59,13,3048.540364
59,14,2728.621143
59,16,2713.971494
59,17,2706.317309
59,18,2619.567130
59,22,2560.132514
60,5,5084.920471
60,6,4149.132724
60,7,3645.227552
60,9,3496.808584
60,11,3355.477636
60,12,3072.804820
60,13,3037.731597
60,14,2728.621143
60,16,2713.971494
60,17,2706.317309
60,18,2619.567130
60,22,2560.132514
61,5,4994.898495
61,6,4149.132724
61,7,3425.339252
61,11,3355.477636
61,12,3072.804820
61,13,3037.731597
61,14,2728.621143
61,16,2713.971494
61,17,2706.317309
61,18,2619.567130
61,22,2560.132514
62,5,4994.898495
62,6,4149.132724
62,7,3425.339252
62,11,3355.477636
62,12,3029.852275
62,14,2728.621143
62,16,2713.971494
62,17,2706.317309
62,18,2619.567130
62,22,2560.132514
63,5,4994.898495
63,6,4149.132724
63,7,3425.339252
63,11,3355.477636
63,12,3029.852275
63,14,2728.621143
63,16,2713.971494
63,17,2706.317309
63,18,2619.567130
63,22,2560.132514
64,5,4994.898495
64,6,4149.132724
64,7,3425.339252
64,11,3355.477636
64,12,3029.852275
64,14,2728.621143
64,16,2713.971494
64,17,2706.317309
64,18,2619.567130
64,22,2560.132514
65,5,4994.898495
65,6,4149.132724
65,7,3425.339252
65,11,3355.477636
65,12,3029.852275
65,14,2728.621143
65,16,2713.971494
65,17,2706.317309
65,18,2619.567130
65,22,2560.132514
66,5,4994.898495
66,6,4149.132724
66,7,3425.339252
66,11,3355.477636
66,12,3029.852275
66,13,2961.887794
66,14,2728.621143
66,16,2713.971494
66,17,2706.317309
66,18,2619.567130
66,22,2560.132514
67,5,4969.725698
67,6,4149.132724
67,7,3425.339252
67,11,3355.477636
67,12,3029.852275
67,13,2961.887794
67,14,2728.621143
67,16,2713.971494
67,17,2706.317309
67,18,2603.139359
67,22,2560.132514
68,5,4969.725698
68,6,4149.132724
68,7,3425.339252
68,11,3355.477636
68,12,3029.852275
68,13,2961.887794
68,14,2728.621143
68,16,2713.971494
68,17,2706.317309
68,18,2603.139359
68,22,2560.132514
69,5,4969.725698
69,6,4149.132724
69,7,3425.339252
69,11,3355.477636
69,12,3029.852275
69,13,2961.887794
69,14,2728.621143
69,16,2683.636000
69,18,2603.139359
69,22,2560.132514
70,5,4969.725698
70,6,4149.132724
70,7,3425.339252
70,11,3355.477636
70,12,3029.852275
70,13,2961.887794
70,14,2728.621143
70,16,2683.636000
70,18,2603.139359
70,22,2560.132514
71,5,4677.701266
71,6,4149.132724
71,7,3425.339252
71,11,3355.477636
71,12,3002.495781
71,13,2913.627177
71,14,2728.621143
71,16,2683.636000
71,18,2603.139359
71,22,2560.132514
72,5,4677.701266
72,6,4149.132724
72,7,3425.339252
72,11,3355.477636
72,12,3002.495781
72,13,2913.627177
72,14,2728.621143
72,16,2683.636000
72,18,2603.139359
72,22,2560.132514
73,5,4677.701266
73,6,4149.132724
73,7,3425.339252
73,11,3355.477636
73,12,3002.495781
73,13,2913.627177
73,14,2728.621143
73,16,2683.636000
73,18,2603.139359
73,22,2560.132514
74,5,4677.701266
74,6,4149.132724
74,7,3425.339252
74,11,3355.477636
74,12,3002.495781
74,13,2913.627177
74,14,2728.621143
74,16,2683.636000
74,18,2603.139359
74,22,2560.132514
75,5,4677.701266
75,6,4149.132724
75,7,3425.339252
75,11,3355.477636
75,12,3002.495781
75,13,2913.627177
75,14,2728.621143
75,16,2683.636000
75,18,2603.139359
75,22,2560.132514
76,5,4483.741242
76,6,4149.132724
76,7,3425.339252
76,11,3355.477636
76,12,2899.599623
76,14,2728.621143
76,16,2683.636000
76,18,2603.139359
76,22,2560.132514
77,5,4483.741242
77,6,4149.132724
77,7,3425.339252
77,11,3355.477636
77,12,2899.599623
77,14,2728.621143
77,16,2683.636000
77,18,2603.139359
77,22,2560.132514
78,5,4483.741242
78,6,4149.132724
78,7,3425.339252
78,11,3355.477636
78,12,2899.599623
78,14,2728.621143
78,16,2584.778675
78,22,2560.132514
79,5,4483.741242
79,6,4149.132724
79,7,3425.339252
79,11,3292.533465
79,12,2899.599623
79,14,2728.621143
79,16,2584.778675
79,22,2560.132514
80,5,4483.741242
80,6,4149.132724
80,7,3425.339252
80,11,3292.533465
80,12,2899.599623
80,14,2728.621143
80,16,2584.778675
80,22,2560.132514
81,5,4289.199469
81,6,4149.132724
81,7,3425.339252
81,11,3292.533465
81,12,2899.599623
81,14,2728.621143
81,16,2514.701313
81,24,2506.993521
82,5,4289.199469
82,6,4149.132724
82,7,3425.339252
82,11,3292.533465
82,12,2899.599623
82,13,2879.546280
82,14,2728.621143
82,16,2514.701313
82,24,2506.993521
83,5,4289.199469
83,6,4149.132724
83,7,3425.339252
83,11,3253.488695
83,12,2899.599623
83,13,2879.546280
83,14,2728.621143
83,16,2514.701313
83,24,2506.993521
84,5,4289.199469
84,6,4149.132724
84,7,3425.339252
84,11,3253.488695
84,12,2899.599623
84,13,2879.546280
84,14,2728.621143
84,16,2514.701313
84,24,2506.993521
85,5,4289.199469
85,6,4149.132724
85,7,3425.339252
85,11,3253.488695
85,12,2899.599623
85,13,2879.546280
85,14,2728.621143
85,16,2514.701313
85,24,2506.993521
86,5,4237.056622
86,6,4149.132724
86,7,3425.339252
86,11,3253.488695
86,12,2899.599623
86,13,2879.546280
86,14,2595.407604
86,16,2459.507761
87,5,4237.056622
87,6,4149.132724
87,7,3425.339252
87,11,3253.488695
87,12,2899.599623
87,13,2879.546280
87,14,2595.407604
87,16,2459.507761
88,5,4237.056622
88,6,4149.132724
88,7,3425.339252
88,11,3253.488695
88,12,2899.599623
88,13,2879.546280
88,14,2595.407604
88,16,2459.507761
89,5,4237.056622
89,6,4149.132724
89,7,3425.339252
89,11,3253.488695
89,12,2899.599623
89,13,2879.546280
89,14,2595.407604
89,16,2459.507761
90,5,4237.056622
90,6,4149.132724
90,7,3425.339252
90,11,3253.488695
90,12,2899.599623
90,13,2879.546280
90,14,2595.407604
90,16,2459.507761
91,5,4098.892543
91,7,3425.339252
91,11,3253.488695
91,12,2899.599623
91,13,2758.682576
91,14,2595.407604
91,16,2459.507761
92,5,4098.892543
92,7,3425.339252
92,11,3253.488695
92,12,2899.599623
92,13,2758.682576
92,14,2595.407604
92,16,2437.706301
93,5,4098.892543
93,7,3425.339252
93,11,3208.556178
93,12,2899.599623
93,13,2758.682576
93,14,2595.407604
93,16,2437.706301
94,5,4098.892543
94,7,3425.339252
94,11,3208.556178
94,12,2870.841199
94,13,2758.682576
94,14,2595.407604
94,16,2437.706301
95,5,4098.892543
95,6,4041.004892
95,7,3425.339252
95,11,3208.556178
95,12,2870.841199
95,13,2758.682576
95,14,2595.407604
95,16,2437.706301
96,5,3820.260114
96,7,3425.339252
96,10,3178.072453
96,12,2870.841199
96,13,2711.628272
96,14,2595.407604
96,16,2437.706301
97,5,3820.260114
97,7,3425.339252
97,10,3178.072453
97,11,3163.293278
97,12,2870.841199
97,13,2711.628272
97,14,2595.407604
97,16,2437.706301
98,5,3820.260114
98,7,3425.339252
98,10,3178.072453
98,11,3089.304375
98,12,2870.841199
98,13,2711.628272
98,14,2595.407604
98,16,2437.706301
99,5,3820.260114
99,7,3425.339252
99,10,3178.072453
99,11,3089.304375
99,12,2870.841199
99,13,2711.628272
99,14,2595.407604
99,16,2437.706301
100,5,3820.260114
100,7,3425.339252
100,10,3178.072453
100,11,3089.304375
100,12,2870.841199
100,13,2711.628272
100,14,2595.407604
100,16,2437.706301
101,5,3649.845665
101,7,3425.339252
101,10,3178.072453
101,11,3089.304375
101,12,2870.841199
101,13,2711.628272
101,14,2595.407604
101,16,2437.706301
102,5,3649.845665
102,7,3425.339252
102,10,3178.072453
102,11,3089.304375
102,12,2870.841199
102,13,2711.628272
102,14,2595.407604
102,16,2437.706301
103,5,3649.845665
103,7,3425.339252
103,10,3178.072453
103,11,3089.304375
103,12,2870.841199
103,13,2711.628272
103,14,2595.407604
103,16,2437.706301
104,5,3649.845665
104,7,3425.339252
104,10,3178.072453
104,11,3089.304375
104,12,2870.841199
104,13,2711.628272
104,14,2595.407604
104,16,2437.706301
105,5,3649.845665
105,7,3357.807677
105,10,3178.072453
105,11,3089.304375
105,12,2870.841199
105,13,2711.628272
105,14,2595.407604
105,16,2437.706301
106,5,3639.137330
106,7,3357.807677
106,10,3178.072453
106,11,3089.304375
106,12,2870.841199
106,13,2711.628272
106,14,2595.407604
106,16,2437.706301
107,5,3639.137330
107,7,3357.807677
107,10,3178.072453
107,11,3089.304375
107,12,2870.841199
107,13,2711.628272
107,14,2595.407604
107,15,2532.192684
107,16,2437.706301
108,4,11287.308701
108,5,3639.137330
108,7,3357.807677
108,10,3178.072453
108,11,3089.304375
108,12,2870.841199
108,13,2711.628272
108,14,2595.407604
108,15,2527.122517
108,16,2437.706301
109,4,11287.308701
109,5,3639.137330
109,7,3357.807677
109,10,3178.072453
109,11,3089.304375
109,12,2870.841199
109,13,2625.406707
109,14,2595.407604
109,15,2527.122517
109,16,2437.706301
110,4,11287.308701
110,5,3639.137330
110,7,3357.807677
110,10,3174.721547
110,11,2921.225889
110,12,2748.449103
110,13,2625.406707
110,14,2595.407604
110,15,2527.122517
110,16,2437.706301
111,4,9716.315049
111,5,3639.137330
111,7,3357.807677
111,10,3174.721547
111,11,2921.225889
111,12,2710.634839
111,13,2625.406707
111,14,2595.407604
111,15,2527.122517
111,16,2437.706301
112,4,9716.315049
112,5,3639.137330
112,7,3357.807677
112,10,3174.721547
112,11,2921.225889
112,12,2710.634839
112,13,2625.406707
112,14,2595.407604
112,15,2527.122517
112,16,2437.706301
113,4,9716.315049
113,5,3639.137330
113,7,3357.807677
113,10,3174.721547
113,11,2921.225889
113,12,2710.634839
113,13,2625.406707
113,14,2572.141510
113,15,2527.122517
113,16,2437.706301
114,4,9716.315049
114,5,3639.137330
114,7,3357.807677
114,10,3174.721547
114,11,2921.225889
114,12,2710.634839
114,13,2625.406707
114,14,2572.141510
114,15,2527.122517
114,16,2437.706301
115,4,9716.315049
115,5,3639.137330
115,7,3357.807677
115,10,3174.721547
115,11,2904.607565
115,12,2710.634839
115,13,2625.406707
115,14,2572.141510
115,15,2527.122517
115,16,2437.706301
116,4,9716.315049
116,5,3639.137330
116,7,3332.681138
116,10,3107.809002
116,11,2904.607565
116,12,2710.634839
116,13,2625.406707
116,14,2572.141510
116,15,2527.122517
116,16,2437.706301
117,4,9716.315049
117,5,3639.137330
117,7,3332.681138
117,10,3107.809002
117,11,2904.607565
117,12,2710.634839
117,13,2625.406707
117,14,2572.141510
117,15,2527.122517
117,16,2437.706301
118,4,9716.315049
118,5,3639.137330
118,7,3332.681138
118,10,3107.809002
118,11,2904.607565
118,12,2710.634839
118,13,2625.406707
118,14,2572.141510
118,15,2527.122517
118,16,2437.706301
119,4,9716.315049
119,5,3639.137330
119,7,3332.681138
119,10,3107.809002
119,11,2904.607565
119,12,2710.634839
119,13,2617.427522
119,14,2572.141510
119,15,2527.122517
119,16,2437.706301
120,4,9716.315049
120,5,3639.137330
120,7,3332.681138
120,10,3107.809002
120,11,2904.607565
120,12,2710.634839
120,13,2617.427522
120,14,2572.141510
120,15,2527.122517
120,16,2437.706301
121,4,9716.315049
121,5,3635.188418
121,7,3332.681138
121,10,3107.809002
121,11,2904.607565
121,12,2710.634839
121,13,2617.427522
121,14,2572.141510
121,15,2428.034115
122,4,9716.315049
122,5,3635.188418
122,7,3332.681138
122,10,3107.809002
122,11,2904.607565
122,12,2710.634839
122,13,2617.427522
122,14,2572.141510
122,15,2428.034115
123,4,9716.315049
123,5,3635.188418
123,7,3332.681138
123,10,3107.809002
123,11,2904.607565
123,12,2710.634839
123,13,2617.427522
123,14,2572.141510
123,15,2428.034115
124,4,9716.315049
124,5,3635.188418
124,7,3332.681138
124,10,3107.809002
124,11,2904.607565
124,12,2710.634839
124,13,2617.427522
124,14,2572.141510
124,15,2428.034115
125,4,9716.315049
125,5,3635.188418
125,7,3332.681138
125,10,3107.809002
125,11,2904.607565
125,12,2710.634839
125,13,2617.427522
125,14,2572.141510
125,15,2428.034115
126,4,9716.315049
126,5,3628.121413
126,7,3332.681138
126,10,3107.809002
126,11,2875.446885
126,12,2613.703595
126,14,2572.141510
126,15,2428.034115
127,4,9137.134578
127,5,3628.121413
127,7,3332.681138
127,10,3107.809002
127,11,2875.446885
127,12,2613.703595
127,14,2572.141510
127,15,2428.034115
128,4,9137.134578
128,5,3628.121413
128,7,3332.681138
128,10,3010.243271
128,11,2875.446885
128,12,2613.703595
128,14,2572.141510
128,15,2428.034115
129,4,9137.134578
129,5,3628.121413
129,7,3332.681138
129,9,3269.416691
129,10,3010.243271
129,11,2857.764024
129,12,2613.703595
129,14,2572.141510
129,15,2428.034115
130,4,9137.134578
130,5,3628.121413
130,7,3332.681138
130,9,3269.416691
130,10,3010.243271
130,11,2857.764024
130,12,2613.703595
130,14,2572.141510
130,15,2428.034115
131,4,9137.134578
131,5,3628.121413
131,7,3332.681138
131,9,3194.006180
131,10,3010.243271
131,11,2857.764024
131,12,2613.703595
131,14,2572.141510
131,15,2428.034115
132,4,9137.134578
132,5,3628.121413
132,7,3332.681138
132,9,3194.006180
132,10,3010.243271
132,11,2857.764024
132,12,2613.703595
132,14,2532.189535
132,15,2428.034115
133,4,9137.134578
133,5,3628.121413
133,7,3332.681138
133,9,3194.006180
133,10,3010.243271
133,11,2857.764024
133,12,2613.703595
133,14,2532.189535
133,15,2428.034115
134,4,9137.134578
134,5,3628.121413
134,7,3332.681138
134,9,3194.006180
134,10,3010.243271
134,11,2857.764024
134,12,2613.703595
134,14,2532.189535
134,15,2428.034115
135,4,9137.134578
135,5,3628.121413
135,7,3332.681138
135,9,3194.006180
135,10,2995.825001
135,11,2833.059290
135,12,2613.703595
135,13,2590.929390
135,14,2532.189535
135,15,2428.034115
136,4,9062.343967
136,5,3583.217225
136,7,3275.501628
136,9,3170.121453
136,10,2983.763555
136,11,2833.059290
136,12,2613.703595
136,13,2590.929390
136,14,2532.189535
136,15,2428.034115
137,4,9062.343967
137,5,3583.217225
137,7,3275.501628
137,9,3170.121453
137,10,2983.763555
137,11,2797.384166
137,12,2613.703595
137,13,2590.929390
137,14,2532.189535
137,15,2428.034115
138,4,9062.343967
138,5,3583.217225
138,7,3275.501628
138,9,3170.121453
138,10,2983.763555
138,11,2797.384166
138,12,2613.703595
138,13,2590.929390
138,14,2532.189535
138,15,2428.034115
139,4,9062.343967
139,5,3583.217225
139,7,3275.501628
139,9,3170.121453
139,10,2983.763555
139,11,2797.384166
139,12,2613.703595
139,13,2590.929390
139,14,2532.189535
139,15,2428.034115
140,4,9062.343967
140,5,3583.217225
140,7,3275.501628
140,9,3170.121453
140,10,2983.763555
140,11,2797.384166
140,12,2613.703595
140,13,2590.929390
140,14,2532.189535
140,15,2428.034115
141,4,7611.389627
141,5,3296.348735
141,7,3275.501628
141,9,3170.121453
141,10,2983.763555
141,11,2797.384166
141,12,2580.534071
141,13,2405.854134
142,4,7611.389627
142,5,3296.348735
142,7,3275.501628
142,9,3170.121453
142,10,2983.763555
142,11,2785.839358
142,12,2580.534071
142,13,2405.854134
143,4,7611.389627
143,5,3296.348735
143,7,3275.501628
143,9,3170.121453
143,10,2660.793869
143,12,2580.534071
143,13,2405.854134
144,4,7611.389627
144,5,3296.348735
144,7,3275.501628
144,9,3143.360997
144,10,2660.793869
144,12,2580.534071
144,13,2405.854134
144,17,2381.901911
145,4,7611.389627
145,5,3296.348735
145,7,3275.501628
145,9,3143.360997
145,10,2660.793869
145,12,2580.534071
145,13,2405.854134
145,16,2405.039561
145,17,2381.901911
146,4,6596.481446
146,5,3257.307335
146,9,2684.437365
146,10,2660.793869
146,12,2484.730309
146,13,2405.854134
146,14,2360.576213
147,4,6596.481446
147,5,3257.307335
147,9,2684.437365
147,10,2660.793869
147,12,2484.730309
147,13,2405.854134
147,14,2360.576213
148,4,6596.481446
148,5,3257.307335
148,9,2684.437365
148,10,2660.793869
148,12,2484.730309
148,13,2405.854134
148,14,2360.576213
149,4,6596.481446
149,5,3257.307335
149,9,2684.437365
149,10,2660.793869
149,12,2484.730309
149,13,2405.854134
149,14,2360.576213
150,4,6596.481446
150,5,3257.307335
150,9,2684.437365
150,10,2660.793869
150,11,2651.506752
150,12,2484.730309
150,13,2405.854134
150,14,2360.576213
151,4,6596.481446
151,5,3114.845577
151,9,2684.437365
151,10,2660.793869
151,11,2651.506752
151,12,2484.730309
151,13,2405.854134
151,14,2360.576213
152,4,6596.481446
152,5,3114.845577
152,9,2684.437365
152,10,2660.793869
152,11,2613.144092
152,12,2484.730309
152,13,2405.854134
152,14,2360.576213
153,4,6596.481446
153,5,3114.845577
153,9,2684.437365
153,10,2660.793869
153,11,2613.144092
153,12,2484.730309
153,13,2405.854134
153,14,2360.576213
154,4,6596.481446
154,5,3114.845577
154,9,2684.437365
154,10,2660.793869
154,11,2613.144092
154,12,2484.730309
154,13,2405.854134
154,14,2360.576213
155,4,6596.481446
155,5,3114.845577
155,9,2684.437365
155,10,2660.793869
155,11,2613.144092
155,12,2484.730309
155,13,2405.854134
155,14,2360.576213
156,4,6596.481446
156,5,3079.182319
156,9,2684.437365
156,10,2660.793869
156,11,2613.144092
156,12,2484.730309
156,13,2405.854134
156,14,2360.576213
157,4,6596.481446
157,5,3079.182319
157,9,2684.437365
157,10,2660.793869
157,11,2613.144092
157,12,2484.730309
157,13,2405.854134
157,14,2360.576213
158,4,6596.481446
158,5,3079.182319
158,9,2684.437365
158,10,2660.793869
158,11,2613.144092
158,12,2484.730309
158,13,2405.854134
158,14,2360.576213
159,4,6596.481446
159,5,3079.182319
159,9,2684.437365
159,10,2660.793869
159,11,2558.118133
159,12,2484.730309
159,13,2405.854134
159,14,2360.576213
160,4,6596.481446
160,5,3079.182319
160,9,2684.437365
160,10,2660.793869
160,11,2558.118133
160,12,2484.730309
160,13,2405.854134
160,14,2360.576213
161,4,5621.230032
161,5,3070.601365
161,9,2684.437365
161,10,2660.793869
161,11,2455.722773
161,12,2350.143353
162,4,5621.230032
162,5,3070.601365
162,9,2684.437365
162,10,2660.793869
162,11,2455.722773
162,12,2350.143353
163,4,5621.230032
163,5,3070.601365
163,9,2684.437365
163,10,2660.793869
163,11,2455.722773
163,12,2350.143353
164,4,5621.230032
164,5,3070.601365
164,9,2684.437365
164,10,2660.793869
164,11,2455.722773
164,12,2350.143353
165,4,5621.230032
165,5,3070.601365
165,9,2684.437365
165,10,2660.793869
165,11,2455.722773
165,12,2350.143353
166,4,5621.230032
166,5,3063.738361
166,9,2684.437365
166,10,2660.793869
166,11,2345.529182
167,4,5621.230032
167,5,3063.738361
167,8,3056.566283
167,9,2684.437365
167,10,2660.793869
167,11,2345.529182
168,4,5621.230032
168,5,3063.738361
168,8,3056.566283
168,9,2684.437365
168,10,2660.793869
168,11,2345.529182
169,4,5621.230032
169,5,3063.738361
169,8,3056.566283
169,9,2684.437365
169,10,2660.793869
169,11,2345.529182
170,4,5621.230032
170,5,3063.738361
170,8,3056.566283
170,9,2684.437365
170,10,2660.793869
170,11,2345.529182
171,4,5621.230032
171,5,3053.278498
171,9,2684.437365
171,10,2660.793869
171,11,2345.529182
172,4,5621.230032
172,5,3053.278498
172,9,2684.437365
172,10,2631.982384
172,11,2345.529182
173,4,5621.230032
173,5,3053.278498
173,9,2684.437365
173,10,2611.630153
173,11,2345.529182
174,4,5621.230032
174,5,3053.278498
174,9,2684.437365
174,10,2611.630153
174,11,2345.529182
175,4,5621.230032
175,5,3053.278498
175,9,2684.437365
175,10,2611.630153
175,11,2345.529182
176,4,5045.255581
176,5,2919.493596
176,9,2684.437365
176,10,2611.630153
176,11,2345.529182
177,4,5045.255581
177,5,2919.493596
177,9,2684.437365
177,10,2611.630153
177,11,2345.529182
178,4,5045.255581
178,5,2919.493596
178,9,2684.437365
178,10,2611.630153
178,11,2345.529182
179,4,5045.255581
179,5,2919.493596
179,9,2684.437365
179,10,2611.630153
179,11,2345.529182
180,4,5045.255581
180,5,2919.493596
180,9,2684.437365
180,10,2611.630153
180,11,2345.529182
181,4,4773.962743
181,5,2919.493596
181,9,2684.437365
181,10,2611.630153
181,11,2345.529182
182,4,4773.962743
182,5,2919.493596
182,9,2684.437365
182,10,2598.623777
182,11,2345.529182
183,4,4773.962743
183,5,2919.493596
183,9,2684.437365
183,10,2598.623777
183,11,2345.529182
184,4,4773.962743
184,5,2919.493596
184,9,2684.437365
184,10,2598.623777
184,11,2345.529182
185,4,4773.962743
185,5,2919.493596
185,9,2684.437365
185,10,2598.623777
185,11,2345.529182
186,4,4773.962743
186,5,2817.837848
186,9,2684.437365
186,10,2598.623777
186,11,2345.529182
187,4,4773.962743
187,5,2817.837848
187,9,2684.437365
187,10,2598.623777
187,11,2345.529182
188,4,4773.962743
188,5,2817.837848
188,9,2684.437365
188,10,2598.623777
188,11,2345.529182
189,4,4773.962743
189,5,2817.837848
189,9,2684.437365
189,10,2598.623777
189,11,2345.529182
190,4,4773.962743
190,5,2817.837848
190,9,2684.437365
190,10,2598.623777
190,11,2345.529182
191,4,4773.962743
191,5,2817.837848
191,9,2684.437365
191,10,2598.623777
191,11,2345.529182
192,4,4773.962743
192,5,2817.837848
192,9,2684.437365
192,10,2598.623777
192,11,2345.529182
193,4,4773.962743
193,5,2817.837848
193,9,2684.437365
193,10,2598.623777
193,11,2345.529182
194,4,4773.962743
194,5,2817.837848
194,9,2684.437365
194,10,2598.623777
194,11,2345.529182
194,15,2330.601266
195,4,4773.962743
195,5,2817.837848
195,9,2684.437365
195,10,2598.623777
195,11,2345.529182
195,15,2330.601266
196,4,4773.962743
196,5,2812.638760
196,9,2684.437365
196,10,2598.623777
196,11,2345.529182
196,14,2295.291300
197,4,4773.962743
197,5,2812.638760
197,9,2684.437365
197,10,2598.623777
197,11,2345.529182
197,14,2295.291300
198,4,4773.962743
198,5,2812.638760
198,9,2684.437365
198,10,2598.623777
198,11,2345.529182
198,14,2295.291300
199,4,4773.962743
199,5,2812.638760
199,9,2684.437365
199,10,2598.623777
199,11,2345.529182
199,14,2295.291300
200,4,4773.962743
200,5,2812.638760
200,9,2684.437365
200,10,2598.623777
200,11,2345.529182
200,14,2295.291300
201,4,4716.484617
201,5,2702.077737
201,9,2684.437365
201,10,2598.623777
201,11,2345.529182
201,14,2295.291300
202,4,4716.484617
202,5,2702.077737
202,9,2684.437365
202,10,2598.623777
202,11,2345.529182
202,14,2295.291300
203,4,4716.484617
203,5,2702.077737
203,9,2684.437365
203,10,2598.623777
203,11,2345.529182
203,14,2295.291300
204,4,4716.484617
204,5,2702.077737
204,9,2684.437365
204,10,2481.351139
204,11,2345.529182
204,14,2295.291300
205,4,4716.484617
205,5,2702.077737
205,9,2684.437365
205,10,2481.351139
205,11,2345.529182
205,14,2295.291300
206,4,4716.484617
206,5,2684.638586
206,9,2684.437365
206,10,2481.351139
206,11,2345.529182
206,14,2295.291300
207,4,4716.484617
207,5,2684.638586
207,9,2684.437365
207,10,2481.351139
207,11,2345.529182
207,14,2295.291300
208,4,4716.484617
208,5,2684.638586
208,9,2684.437365
208,10,2481.351139
208,11,2345.529182
208,14,2295.291300
209,4,4716.484617
209,5,2684.638586
209,7,2639.281839
209,8,2623.385334
209,10,2481.351139
209,11,2345.529182
209,14,2295.291300
210,4,4716.484617
210,5,2684.638586
210,7,2639.281839
210,8,2623.385334
210,9,2574.568084
210,10,2481.351139
210,11,2345.529182
210,14,2295.291300
211,4,4716.484617
211,5,2679.513639
211,7,2639.281839
211,8,2623.385334
211,9,2313.715120
211,14,2262.379089
212,4,4716.484617
212,5,2679.513639
212,7,2639.281839
212,8,2623.385334
212,9,2313.715120
212,14,2262.379089
213,4,4716.484617
213,5,2679.513639
213,7,2504.996456
213,9,2313.715120
213,14,2262.379089
214,4,4716.484617
214,5,2679.513639
214,7,2504.996456
214,9,2313.715120
214,14,2262.379089
215,4,4716.484617
215,5,2679.513639
215,6,2671.967468
215,7,2504.996456
215,9,2313.715120
215,14,2262.379089
216,4,4512.181725
216,5,2587.507579
216,7,2504.996456
216,9,2312.786977
216,14,2262.379089
217,4,4512.181725
217,5,2587.507579
217,7,2504.996456
217,9,2312.786977
217,14,2262.379089
218,4,4512.181725
218,5,2587.507579
218,7,2504.996456
218,9,2312.786977
218,14,2262.379089
219,4,4512.181725
219,5,2587.507579
219,7,2504.996456
219,9,2312.786977
219,14,2262.379089
220,4,4512.181725
220,5,2587.507579
220,7,2476.292306
220,9,2312.786977
220,14,2262.379089
221,4,4274.863799
221,5,2587.507579
221,7,2459.720671
221,9,2312.786977
221,14,2262.379089
222,4,4274.863799
222,5,2587.507579
222,7,2459.720671
222,9,2312.786977
222,14,2262.379089
223,4,4274.863799
223,5,2587.507579
223,7,2459.720671
223,9,2312.786977
223,14,2208.050548
224,4,4274.863799
224,5,2587.507579
224,7,2459.720671
224,9,2312.786977
224,14,2208.050548
225,4,4274.863799
225,5,2587.507579
225,6,2585.219024
225,7,2459.720671
225,9,2312.786977
225,14,2208.050548
226,4,4081.748838
226,5,2585.750293
226,6,2585.219024
226,7,2459.720671
226,9,2303.680123
226,14,2208.050548
227,4,4081.748838
227,5,2585.750293
227,6,2585.219024
227,7,2459.720671
227,9,2303.680123
227,14,2208.050548
228,4,4081.748838
228,5,2585.750293
228,6,2585.219024
228,7,2459.720671
228,9,2303.680123
228,14,2208.050548
229,4,4081.748838
229,5,2585.750293
229,6,2585.219024
229,7,2459.720671
229,9,2303.680123
229,14,2208.050548
230,4,4081.748838
230,5,2585.750293
230,6,2585.219024
230,7,2459.720671
230,9,2303.680123
230,14,2208.050548
231,4,3853.422915
231,5,2585.750293
231,6,2585.219024
231,7,2459.720671
231,9,2303.680123
231,14,2208.050548
232,4,3853.422915
232,5,2585.750293
232,6,2585.219024
232,7,2459.720671
232,9,2303.680123
232,14,2208.050548
233,4,3853.422915
233,5,2585.750293
233,6,2585.219024
233,7,2459.720671
233,9,2303.680123
233,14,2208.050548
234,4,3853.422915
234,5,2585.750293
234,6,2585.219024
234,7,2459.720671
234,9,2303.680123
234,14,2208.050548
235,4,3853.422915
235,5,2585.750293
235,6,2585.219024
235,7,2459.720671
235,9,2303.680123
235,14,2208.050548
236,4,3797.907012
236,5,2565.730741
236,7,2459.720671
236,9,2303.680123
236,14,2208.050548
237,4,3797.907012
237,5,2565.730741
237,7,2459.720671
237,9,2303.680123
237,14,2208.050548
238,4,3797.907012
238,5,2565.730741
238,7,2459.720671
238,9,2303.680123
238,14,2208.050548
239,4,3797.907012
239,5,2565.730741
239,7,2459.720671
239,9,2303.680123
239,14,2208.050548
240,4,3797.907012
240,5,2565.730741
240,7,2459.720671
240,9,2303.680123
240,14,2208.050548
241,4,3675.460718
241,5,2565.730741
241,7,2459.720671
241,9,2303.505557
241,14,2208.050548
242,4,3675.460718
242,5,2565.730741
242,6,2551.006200
242,7,2459.720671
242,9,2303.505557
242,14,2208.050548
243,4,3675.460718
243,5,2565.730741
243,6,2551.006200
243,7,2459.720671
243,8,2447.017907
243,9,2303.505557
243,14,2208.050548
244,4,3675.460718
244,5,2565.730741
244,6,2551.006200
244,7,2459.720671
244,8,2447.017907
244,9,2303.505557
244,14,2208.050548
245,4,3675.460718
245,5,2565.730741
245,6,2551.006200
245,7,2459.720671
245,8,2447.017907
245,9,2303.505557
245,14,2208.050548
246,4,3442.259678
246,5,2431.292673
246,8,2289.788251
246,14,2208.050548
247,4,3442.259678
247,5,2431.292673
247,8,2289.788251
247,14,2208.050548
248,4,3442.259678
248,5,2431.292673
248,8,2289.788251
248,14,2208.050548
249,4,3442.259678
249,5,2431.292673
249,8,2289.788251
249,14,2208.050548
250,4,3442.259678
250,5,2431.292673
250,8,2289.788251
250,14,2208.050548
251,4,3428.178112
251,5,2384.602025
251,8,2288.321030
251,14,2208.050548
252,4,3428.178112
252,5,2384.602025
252,8,2288.321030
252,14,2208.050548
253,4,3428.178112
253,5,2384.602025
253,8,2288.321030
253,13,2283.759790
253,14,2208.050548
254,4,3428.178112
254,5,2384.602025
254,8,2288.321030
254,13,2283.759790
254,14,2208.050548
255,4,3428.178112
255,5,2384.602025
255,7,2273.844445
255,14,2208.050548
256,4,3398.665702
256,5,2384.602025
256,7,2273.844445
256,14,2208.050548
257,4,3398.665702
257,5,2384.602025
257,7,2273.844445
257,13,2244.062235
257,14,2208.050548
258,4,3398.665702
258,5,2384.602025
258,7,2273.844445
258,13,2244.062235
258,14,2208.050548
259,4,3398.665702
259,5,2384.602025
259,7,2273.844445
259,11,2223.946830
259,14,2208.050548
260,4,3398.665702
260,5,2384.602025
260,7,2273.844445
260,8,2235.403122
260,11,2223.946830
260,14,2208.050548
261,4,3350.962516
261,5,2356.432731
261,7,2273.844445
261,8,2231.543165
261,10,2216.903378
261,14,2208.050548
262,4,3350.962516
262,5,2356.432731
262,7,2273.844445
262,8,2231.543165
262,10,2216.903378
262,12,2194.957030
263,4,3350.962516
263,5,2356.432731
263,7,2273.844445
263,8,2231.543165
263,9,2230.906943
263,10,2216.903378
263,12,2194.957030
264,4,3350.962516
264,5,2356.432731
264,7,2273.844445
264,8,2231.543165
264,9,2220.466014
264,10,2216.903378
264,12,2194.957030
264,13,2194.453244
265,4,3350.962516
265,5,2356.432731
265,7,2273.844445
265,8,2231.543165
265,9,2220.466014
265,10,2216.903378
265,11,2194.150449
266,4,3214.860758
266,5,2328.791880
266,7,2165.042350
267,4,3214.860758
267,5,2328.791880
267,7,2165.042350
268,4,3214.860758
268,5,2328.791880
268,7,2165.042350
269,4,3214.860758
269,5,2328.791880
269,7,2165.042350
270,4,3214.860758
270,5,2328.791880
270,7,2165.042350
271,4,3209.335077
271,5,2328.506559
271,7,2165.042350
272,4,3209.335077
272,5,2328.506559
272,7,2165.042350
273,4,3209.335077
273,5,2328.506559
273,7,2165.042350
274,4,3209.335077
274,5,2328.506559
274,7,2165.042350
275,4,3209.335077
275,5,2328.506559
275,7,2165.042350
276,4,3132.524706
276,5,2327.372308
276,7,2165.042350
277,4,3132.524706
277,5,2327.372308
277,7,2165.042350
278,4,3132.524706
278,5,2327.372308
278,7,2165.042350
279,4,3132.524706
279,5,2327.372308
279,6,2305.379058
279,7,2165.042350
280,4,3132.524706
280,5,2327.372308
280,6,2305.379058
280,7,2165.042350
281,4,3126.451531
281,5,2327.372308
281,6,2305.379058
281,7,2165.042350
282,4,3126.451531
282,5,2327.372308
282,6,2305.379058
282,7,2165.042350
283,4,3126.451531
283,5,2327.372308
283,6,2305.379058
283,7,2165.042350
284,4,3126.451531
284,5,2327.372308
284,6,2305.379058
284,7,2165.042350
285,4,3126.451531
285,5,2327.372308
285,6,2305.379058
285,7,2165.042350
286,4,3090.772462
286,5,2327.372308
286,6,2305.379058
286,7,2162.157265
287,4,3090.772462
287,5,2327.372308
287,6,2305.379058
287,7,2162.157265
288,4,3090.772462
288,5,2327.372308
288,6,2305.379058
288,7,2162.157265
289,4,3090.772462
289,5,2327.372308
289,6,2305.379058
289,7,2162.157265
290,4,3090.772462
290,5,2327.372308
290,6,2305.379058
290,7,2162.157265
291,4,2950.676895
291,5,2322.846726
291,6,2305.379058
291,7,2162.157265
292,4,2950.676895
292,5,2322.846726
292,6,2305.379058
292,7,2162.157265
293,4,2950.676895
293,5,2322.846726
293,6,2305.379058
293,7,2162.157265
294,4,2950.676895
294,5,2322.846726
294,6,2305.379058
294,7,2162.157265
295,4,2950.676895
295,5,2322.846726
295,6,2305.379058
295,7,2162.157265
296,4,2691.829193
296,5,2322.846726
296,6,2226.220120
296,7,2162.157265
297,4,2691.829193
297,5,2322.846726
297,6,2226.220120
297,7,2162.157265
298,4,2691.829193
298,5,2322.846726
298,6,2226.220120
298,7,2162.157265
299,4,2691.829193
299,5,2322.484790
299,6,2226.220120
299,7,2162.157265
300,4,2691.829193
300,5,2299.340645
300,6,2226.220120
300,7,2162.157265
301,4,2657.645682
301,5,2290.587222
301,6,2156.252562
302,4,2657.645682
302,5,2270.177185
302,6,2156.252562
303,4,2657.645682
303,5,2270.177185
303,6,2156.252562
304,4,2657.645682
304,5,2270.177185
304,6,2156.252562
305,4,2657.645682
305,5,2270.177185
305,6,2156.252562
305,9,2139.593210
306,4,2625.412230
306,5,2270.177185
306,6,2151.095988
306,9,2139.593210
307,4,2625.412230
307,5,2270.177185
307,6,2151.095988
307,9,2139.593210
308,4,2625.412230
308,5,2270.177185
308,6,2151.095988
308,9,2139.593210
309,4,2625.412230
309,5,2270.177185
309,6,2151.095988
309,9,2139.593210
310,4,2625.412230
310,5,2270.177185
310,6,2151.095988
310,9,2139.593210
311,4,2610.928642
311,5,2236.287126
311,6,2151.095988
311,9,2139.593210
312,4,2610.928642
312,5,2227.165207
312,6,2151.095988
312,9,2139.593210
313,4,2610.928642
313,5,2227.165207
313,6,2151.095988
313,7,2148.436916
313,9,2139.593210
314,4,2610.928642
314,5,2227.165207
314,6,2151.095988
314,7,2148.436916
314,9,2139.593210
315,4,2610.928642
315,5,2227.165207
315,6,2151.095988
315,7,2148.436916
315,9,2139.593210
316,4,2587.407917
316,5,2227.165207
316,6,2116.060345
317,4,2587.407917
317,5,2227.165207
317,6,2116.060345
318,4,2587.407917
318,5,2227.165207
318,6,2116.060345
319,4,2587.407917
319,5,2227.165207
319,6,2116.060345
320,4,2587.407917
320,5,2227.165207
320,6,2116.060345
321,4,2585.875269
321,5,2220.522738
321,6,2116.060345
322,4,2585.875269
322,5,2220.522738
322,6,2116.060345
323,4,2585.875269
323,5,2220.522738
323,6,2116.060345
324,4,2585.875269
324,5,2220.522738
324,6,2116.060345
325,4,2585.875269
325,5,2220.522738
325,6,2116.060345
326,4,2522.115486
326,5,2220.522738
326,6,2105.477549
327,4,2522.115486
327,5,2220.522738
327,6,2105.477549
328,4,2522.115486
328,5,2220.522738
328,6,2105.477549
