Generation,NV,TOC
1,10,5141.191788
1,12,3748.552638
1,13,3580.107106
1,15,2741.079455
1,17,2690.192480
1,18,2675.457565
1,23,2626.771361
1,24,2534.208448
1,26,2513.580441
1,27,2512.179574
1,28,2493.900863
2,10,5141.191788
2,12,3748.552638
2,13,3580.107106
2,14,2769.074333
2,15,2741.079455
2,17,2690.192480
2,18,2675.457565
2,20,2670.841110
2,21,2618.966566
2,23,2573.851479
2,24,2534.208448
2,26,2513.580441
2,27,2512.179574
2,28,2493.900863
3,10,5141.191788
3,11,3654.859777
3,13,3580.107106
3,14,2769.074333
3,15,2741.079455
3,16,2667.718578
3,21,2465.355857
4,10,5141.191788
4,11,3654.859777
4,12,3595.781537
4,13,3580.107106
4,14,2769.074333
4,15,2741.079455
4,16,2667.718578
4,18,2631.063575
4,20,2626.398784
4,21,2465.355857
5,10,5141.191788
5,11,3654.859777
5,12,3108.163679
5,14,2769.074333
5,15,2741.079455
5,16,2667.718578
5,18,2631.063575
5,19,2614.338879
5,21,2465.355857
6,9,5553.028272
6,10,4811.464464
6,11,3654.859777
6,12,3108.163679
6,14,2769.074333
6,15,2741.079455
6,16,2665.788897
6,18,2631.063575
6,19,2609.841570
6,20,2593.149758
6,21,2465.355857
7,9,5553.028272
7,10,4811.464464
7,11,3094.141502
7,14,2769.074333
7,15,2741.079455
7,16,2568.931780
7,18,2559.673369
7,19,2551.341140
7,20,2545.020682
7,21,2465.355857
7,29,2436.018022
8,9,5553.028272
8,10,3792.054705
8,11,3094.141502
8,13,2982.457386
8,14,2769.074333
8,15,2741.079455
8,16,2568.931780
8,18,2559.673369
8,19,2551.341140
8,20,2545.020682
8,21,2465.355857
8,24,2458.353885
8,29,2436.018022
9,9,5553.028272
9,10,3792.054705
9,11,3094.141502
9,13,2982.457386
9,14,2769.074333
9,15,2729.231734
9,16,2568.931780
9,18,2525.563166
9,19,2414.552334
10,9,5553.028272
10,10,3679.624906
10,11,3094.141502
10,13,2982.457386
10,14,2769.074333
10,15,2719.277695
10,16,2568.931780
10,18,2525.563166
10,19,2414.552334
11,9,5553.028272
11,10,3090.945991
11,13,2821.121185
11,14,2720.862139
11,15,2719.277695
11,16,2568.931780
11,18,2525.563166
11,19,2414.552334
12,9,5147.678493
12,10,3090.945991
12,12,2826.932246
12,13,2821.121185
12,14,2720.862139
12,15,2679.226957
12,16,2568.931780
12,18,2525.563166
12,19,2414.552334
13,9,4840.115965
13,10,3028.289748
13,12,2736.145420
13,14,2720.862139
13,15,2618.230348
13,16,2504.391738
13,18,2476.915217
13,19,2414.552334
14,9,4840.115965
14,10,3028.289748
14,12,2736.145420
14,14,2720.862139
14,15,2618.230348
14,16,2504.391738
14,18,2476.915217
14,19,2369.046676
15,9,4840.115965
15,10,3028.289748
15,12,2736.145420
15,14,2720.862139
15,15,2618.230348
15,16,2504.391738
15,18,2465.923408
15,19,2369.046676
16,8,4502.188690
16,10,3028.289748
16,12,2736.145420
16,14,2673.166483
16,15,2618.230348
16,16,2504.391738
16,18,2465.923408
16,19,2369.046676
17,8,4502.188690
17,10,3028.289748
17,12,2736.145420
17,14,2673.166483
17,15,2529.213881
17,16,2504.391738
17,18,2465.923408
17,19,2369.046676
18,8,4234.138890
18,10,2977.640923
18,12,2617.697621
18,13,2437.377457
18,19,2361.725066
19,8,4234.138890
19,9,3732.916634
19,10,2977.640923
19,12,2617.697621
19,13,2437.377457
19,19,2361.725066
20,8,4234.138890
20,9,3302.942276
20,10,2977.640923
20,12,2617.697621
20,13,2437.377457
20,19,2361.725066
21,8,4234.138890
21,9,3302.942276
21,10,2977.640923
21,12,2617.697621
21,13,2437.377457
21,18,2416.023817
21,19,2361.725066
22,8,4234.138890
22,9,3302.942276
22,10,2977.640923
22,12,2617.697621
22,13,2437.377457
22,18,2396.054260
22,19,2361.725066
23,7,5152.631075
23,8,4058.741268
23,9,3302.942276
23,10,2967.508147
23,12,2567.859945
23,13,2437.377457
23,18,2396.054260
23,19,2342.280744
24,7,5152.631075
24,8,4058.741268
24,9,3302.942276
24,10,2967.508147
24,12,2567.859945
24,13,2437.377457
24,17,2424.522092
24,18,2396.054260
24,19,2342.280744
25,6,5658.374572
25,7,5152.631075
25,8,4058.741268
25,9,3108.285544
25,10,2868.284457
25,12,2567.859945
25,13,2437.377457
25,16,2353.692546
25,19,2342.280744
26,6,5658.374572
26,7,4802.747997
26,8,3222.297583
26,9,3108.285544
26,10,2868.284457
26,12,2567.859945
26,13,2437.377457
26,14,2425.675081
26,16,2353.692546
26,19,2342.280744
27,6,5658.374572
27,7,4802.747997
27,8,3222.297583
27,9,3108.285544
27,10,2868.284457
27,12,2567.859945
27,13,2437.377457
27,14,2425.675081
27,16,2315.461894
28,6,5293.941073
28,7,4802.747997
28,8,3076.076416
28,9,3039.609180
28,10,2868.284457
28,12,2474.126419
28,13,2407.900559
28,14,2386.974743
28,16,2315.461894
29,6,5293.941073
29,7,4802.747997
29,8,3076.076416
29,9,3039.609180
29,10,2868.284457
29,12,2474.126419
29,13,2407.900559
29,14,2386.974743
29,16,2315.461894
30,6,5293.941073
30,7,4802.747997
30,8,3076.076416
30,9,2969.149587
30,10,2868.284457
30,12,2474.126419
30,13,2407.900559
30,14,2386.974743
30,16,2315.461894
31,6,5293.941073
31,7,4498.900403
31,8,3055.688488
31,9,2969.149587
31,10,2868.284457
31,12,2474.126419
31,13,2378.454641
31,16,2315.461894
32,6,5218.779616
32,7,4498.900403
32,8,3055.688488
32,9,2969.149587
32,10,2721.685814
32,12,2474.126419
32,13,2353.899372
32,14,2351.077164
32,16,2304.805537
33,6,4977.643569
33,7,2917.705665
33,10,2657.246027
33,12,2464.598480
33,13,2325.316827
33,14,2312.934953
33,16,2263.106401
34,6,4977.643569
34,7,2917.705665
34,10,2657.246027
34,12,2464.598480
34,13,2325.316827
34,14,2312.934953
34,16,2263.106401
35,6,4977.643569
35,7,2917.705665
35,10,2657.246027
35,12,2397.028426
35,13,2325.316827
35,14,2312.934953
35,16,2263.106401
36,6,4696.534017
36,7,2917.705665
36,10,2657.246027
36,11,2533.769809
36,12,2397.028426
36,13,2325.316827
36,14,2312.934953
36,16,2263.106401
37,6,4696.534017
37,7,2917.705665
37,10,2657.246027
37,11,2533.769809
37,12,2397.028426
37,13,2325.316827
37,14,2312.934953
37,16,2263.106401
38,6,4234.261515
38,7,2900.372888
38,10,2646.557077
38,11,2499.358018
38,12,2350.283135
38,13,2298.304835
38,15,2261.238882
39,6,4234.261515
39,7,2900.372888
39,10,2646.557077
39,11,2499.358018
39,12,2350.283135
39,13,2290.008837
39,15,2261.238882
40,6,4234.261515
40,7,2900.372888
40,10,2646.557077
40,11,2499.358018
40,12,2350.283135
40,13,2283.594313
40,15,2261.238882
41,6,4234.261515
41,7,2900.372888
41,10,2646.557077
41,11,2499.358018
41,12,2350.283135
41,13,2283.594313
41,15,2261.238882
42,6,4234.261515
42,7,2900.372888
42,9,2854.223082
42,10,2646.557077
42,11,2499.358018
42,12,2350.283135
42,13,2283.594313
42,15,2261.238882
43,6,3869.617346
43,7,2795.825003
43,10,2646.557077
43,11,2479.617681
43,12,2343.150154
43,13,2283.375488
43,15,2260.981040
44,6,3869.617346
44,7,2795.825003
44,10,2646.557077
44,11,2479.617681
44,12,2343.150154
44,13,2283.375488
44,15,2260.981040
45,6,3869.617346
45,7,2795.825003
45,10,2646.557077
45,11,2479.617681
45,12,2343.150154
45,13,2283.375488
45,15,2260.981040
46,6,3869.617346
46,7,2795.825003
46,10,2646.557077
46,11,2397.905669
46,12,2343.150154
46,13,2283.375488
46,15,2260.981040
47,6,3869.617346
47,7,2795.825003
47,10,2646.557077
47,11,2397.905669
47,12,2343.150154
47,13,2283.375488
47,15,2260.981040
48,6,3571.563210
48,7,2770.102949
48,10,2599.758835
48,11,2397.905669
48,12,2290.534584
48,13,2268.202877
48,15,2260.981040
49,6,3571.563210
49,7,2770.102949
49,10,2533.958684
49,11,2397.905669
49,12,2290.534584
49,13,2268.202877
49,15,2260.981040
50,6,3571.563210
50,7,2770.102949
50,9,2539.913762
50,10,2533.958684
50,11,2397.905669
50,12,2290.534584
50,13,2268.202877
50,15,2260.981040
51,6,3571.563210
51,7,2770.102949
51,9,2539.913762
51,10,2533.958684
51,11,2397.905669
51,12,2264.491059
51,15,2260.981040
52,6,3571.563210
52,7,2770.102949
52,8,2645.243936
52,9,2539.913762
52,10,2533.958684
52,11,2397.905669
52,12,2264.491059
52,14,2217.249727
53,6,3437.250633
53,7,2679.171396
53,8,2636.351093
53,9,2479.121531
53,11,2397.905669
53,12,2264.491059
53,14,2197.925952
54,6,3437.250633
54,7,2679.171396
54,8,2636.351093
54,9,2479.121531
54,11,2397.905669
54,12,2264.491059
54,14,2197.925952
55,6,3437.250633
55,7,2679.171396
55,8,2501.655035
55,9,2348.489082
55,12,2264.491059
55,14,2197.925952
56,6,3437.250633
56,7,2679.171396
56,8,2501.655035
56,9,2348.489082
56,12,2264.491059
56,14,2197.925952
57,6,3437.250633
57,7,2679.171396
57,8,2501.655035
57,9,2348.489082
57,12,2264.491059
57,14,2197.925952
58,6,3399.227280
58,7,2638.954370
58,8,2491.703886
58,9,2348.489082
58,10,2229.990959
58,14,2174.199546
59,6,3399.227280
59,7,2638.954370
59,8,2491.703886
59,9,2348.489082
59,10,2229.990959
59,14,2174.199546
60,6,3399.227280
60,7,2638.954370
60,8,2491.703886
60,9,2348.489082
60,10,2229.990959
60,14,2174.199546
61,6,3399.227280
61,7,2638.954370
61,8,2491.703886
61,9,2348.489082
61,10,2229.990959
61,14,2174.199546
62,6,3399.227280
62,7,2638.954370
62,8,2491.703886
62,9,2348.489082
62,10,2229.990959
62,14,2174.199546
63,6,3210.680418
63,7,2591.312139
63,8,2395.260188
63,9,2348.489082
63,10,2227.890082
63,12,2163.882310
64,6,3210.680418
64,7,2591.312139
64,8,2395.260188
64,9,2348.489082
64,10,2227.890082
64,12,2163.882310
65,6,3210.680418
65,7,2591.312139
65,8,2395.260188
65,9,2174.069888
65,12,2163.882310
66,6,3210.680418
66,7,2591.312139
66,8,2395.260188
66,9,2174.069888
66,12,2163.882310
66,14,2143.357075
67,6,3210.680418
67,7,2591.312139
67,8,2395.260188
67,9,2174.069888
67,12,2163.882310
67,14,2143.357075
68,6,3210.680418
68,7,2536.944068
68,8,2395.260188
68,9,2173.616372
68,11,2088.623864
69,6,3210.680418
69,7,2536.944068
69,8,2395.260188
69,9,2173.616372
69,11,2088.623864
70,6,3210.680418
70,7,2536.944068
70,8,2395.260188
70,9,2173.616372
70,11,2088.623864
71,6,3210.680418
71,7,2536.944068
71,8,2395.260188
71,9,2173.616372
71,11,2088.623864
72,6,3210.680418
72,7,2499.277826
72,8,2395.260188
72,9,2173.616372
72,11,2088.623864
73,6,3210.680418
73,7,2496.114608
73,8,2352.313282
73,9,2173.616372
73,11,2088.623864
74,6,3210.680418
74,7,2496.114608
74,8,2352.313282
74,9,2173.616372
74,11,2088.623864
75,6,3210.680418
75,7,2339.503212
75,9,2173.616372
75,11,2088.623864
76,6,3210.680418
76,7,2339.503212
76,9,2173.616372
76,11,2088.623864
77,6,3210.680418
77,7,2339.503212
77,9,2173.616372
77,10,2089.008832
77,11,2088.623864
78,6,3134.164053
78,7,2318.515835
78,9,2158.685595
78,10,2089.008832
78,11,2082.616546
79,6,3134.164053
79,7,2318.515835
79,9,2158.685595
79,10,2089.008832
79,11,2082.616546
80,6,3134.164053
80,7,2318.515835
80,8,2313.514427
80,9,2158.685595
80,10,2089.008832
80,11,2082.616546
81,6,3134.164053
81,7,2318.515835
81,8,2313.514427
81,9,2158.685595
81,10,2089.008832
81,11,2082.616546
82,6,3134.164053
82,7,2318.515835
82,8,2313.514427
82,9,2158.685595
82,10,2089.008832
82,11,2082.616546
83,6,3134.164053
83,7,2281.849050
83,9,2155.804097
83,10,2071.347556
84,6,3134.164053
84,7,2281.849050
84,9,2155.804097
84,10,2071.347556
85,6,3134.164053
85,7,2281.849050
85,9,2139.243792
85,10,2071.347556
86,6,3134.164053
86,7,2281.849050
86,9,2134.813648
86,10,2071.347556
87,6,2986.168229
87,7,2281.849050
87,9,2134.813648
87,10,2071.347556
88,6,2870.536007
88,7,2281.849050
88,9,2134.813648
88,10,2071.347556
89,6,2870.536007
89,7,2249.278034
89,9,2123.453000
89,10,2071.347556
90,6,2870.536007
90,7,2249.278034
90,9,2123.453000
90,10,2071.347556
90,12,2066.913088
91,6,2870.536007
91,7,2249.278034
91,9,2111.186998
91,10,2071.347556
91,12,2066.913088
92,6,2870.536007
92,7,2249.278034
92,9,2111.186998
92,10,2071.347556
92,12,2066.913088
93,6,2870.536007
93,7,2239.461411
93,9,2111.186998
93,10,2071.347556
93,12,2066.913088
94,6,2870.536007
94,7,2239.461411
94,9,2111.186998
94,10,2071.347556
94,12,2066.913088
95,6,2870.536007
95,7,2239.461411
95,9,2111.186998
95,10,2071.347556
95,12,2066.913088
96,6,2870.536007
96,7,2239.461411
96,9,2111.186998
96,10,2071.347556
96,12,2066.913088
97,6,2870.536007
97,7,2239.461411
97,9,2088.353294
97,10,2071.347556
97,12,2066.913088
98,5,3546.547658
98,6,2713.093142
98,7,2239.461411
98,9,2088.353294
98,10,2071.058533
98,11,2057.464756
99,5,3546.547658
99,6,2713.093142
99,7,2239.461411
99,9,2088.353294
99,10,2071.058533
99,11,2057.464756
100,5,3546.547658
100,6,2713.093142
100,7,2239.461411
100,9,2088.353294
100,10,2071.058533
100,11,2057.464756
101,5,3546.547658
101,6,2713.093142
101,7,2239.461411
101,8,2114.173661
101,9,2088.353294
101,10,2071.058533
101,11,2057.464756
102,5,3546.547658
102,6,2713.093142
102,7,2239.461411
102,8,2114.173661
102,9,2088.353294
102,10,2071.058533
102,11,2012.193146
103,5,3446.836754
103,6,2644.093122
103,7,2223.878475
103,8,2114.173661
103,9,2086.470576
103,10,2071.058533
103,11,2010.400584
104,5,3446.836754
104,6,2644.093122
104,7,2223.878475
104,8,2114.173661
104,9,2086.470576
104,10,2071.058533
104,11,2010.400584
105,5,3446.836754
105,6,2644.093122
105,7,2223.878475
105,8,2114.173661
105,9,2086.470576
105,10,2071.058533
105,11,2010.400584
106,5,3446.836754
106,6,2644.093122
106,7,2223.878475
106,8,2114.173661
106,9,2068.400842
106,11,2010.400584
107,5,3446.836754
107,6,2644.093122
107,7,2223.878475
107,8,2114.173661
107,9,2050.391065
107,11,2010.400584
108,5,3446.836754
108,6,2636.558105
108,7,2211.165603
108,8,2114.173661
108,9,2050.391065
108,11,2010.400584
109,5,3446.836754
109,6,2636.558105
109,7,2211.165603
109,8,2099.249772
109,9,2050.391065
109,11,2010.400584
110,5,3446.836754
110,6,2636.558105
110,7,2211.165603
110,8,2099.249772
110,9,2050.391065
110,11,2010.400584
111,5,3446.836754
111,6,2390.284903
111,7,2211.165603
111,8,2099.249772
111,9,2050.391065
111,11,2010.400584
112,5,3446.836754
112,6,2390.284903
112,7,2202.754257
112,8,2099.249772
112,9,2050.391065
112,11,2010.400584
113,5,3446.836754
113,6,2390.284903
113,7,2202.754257
113,8,2099.249772
113,9,2050.391065
113,11,2010.400584
114,5,3446.836754
114,6,2390.284903
114,7,2202.754257
114,8,2099.249772
114,9,2050.391065
114,11,2010.400584
115,5,3446.836754
115,6,2390.284903
115,7,2202.754257
115,8,2099.249772
115,9,2050.391065
115,11,2010.400584
116,5,3446.836754
116,6,2390.284903
116,7,2200.736768
116,8,2099.249772
116,9,2050.391065
116,11,2010.400584
117,5,3446.836754
117,6,2390.284903
117,7,2200.736768
117,8,2099.249772
117,9,2050.391065
117,11,2010.400584
118,5,3038.538944
118,6,2380.265676
118,7,2200.074547
118,8,2035.179289
118,11,2010.400584
119,5,3038.538944
119,6,2380.265676
119,7,2200.074547
119,8,2035.179289
119,11,2010.400584
120,5,3038.538944
120,6,2380.265676
120,7,2200.074547
120,8,2035.179289
120,11,2010.400584
121,5,3038.538944
121,6,2380.265676
121,7,2200.074547
121,8,2035.179289
121,11,2010.400584
122,5,3038.538944
122,6,2380.265676
122,7,2020.045623
122,11,2010.400584
123,5,3032.476495
123,6,2330.728270
123,7,2020.045623
123,11,2010.400584
124,5,3032.476495
124,6,2330.728270
124,7,2020.045623
124,11,2010.400584
125,5,3032.476495
125,6,2238.675236
125,7,2020.045623
125,11,2010.400584
126,5,3032.476495
126,6,2238.675236
126,7,2020.045623
126,11,2010.400584
127,5,2920.377805
127,6,2238.675236
127,7,2020.045623
127,11,2010.400584
128,5,2799.682254
128,6,2238.675236
128,7,2020.045623
128,11,2010.213033
129,5,2799.682254
129,6,2217.660457
129,7,2019.332032
129,11,2010.213033
130,5,2799.682254
130,6,2217.660457
130,7,2017.357093
130,11,2010.213033
131,5,2799.682254
131,6,2202.774853
131,7,2017.357093
131,8,2013.144256
131,11,2010.213033
132,5,2799.682254
132,6,2202.774853
132,7,2017.357093
132,8,2013.144256
132,11,2010.213033
133,5,2799.682254
133,6,2202.774853
133,7,2017.357093
133,8,2013.144256
133,11,2010.213033
134,5,2799.682254
134,6,2202.774853
134,7,2017.357093
134,8,2011.798141
134,11,2010.213033
135,5,2799.682254
135,6,2202.774853
135,7,2017.357093
135,8,2011.798141
135,11,2010.213033
136,5,2799.682254
136,6,2202.774853
136,7,2017.357093
136,8,2011.798141
136,11,2010.213033
137,5,2799.682254
137,6,2202.774853
137,7,2017.357093
137,8,2011.798141
137,11,2010.213033
138,5,2737.007896
138,6,2181.547166
138,7,2017.357093
138,8,2011.798141
138,11,2010.213033
139,5,2737.007896
139,6,2181.547166
139,7,2015.496004
139,8,2011.798141
139,11,2010.213033
140,5,2737.007896
140,6,2181.547166
140,7,2015.496004
140,8,2011.798141
140,11,2010.213033
141,5,2737.007896
141,6,2181.547166
141,7,2015.496004
141,8,2011.798141
141,11,2010.213033
142,5,2737.007896
142,6,2181.547166
142,7,2015.496004
142,8,2011.798141
142,11,2010.213033
143,5,2727.166045
143,6,2181.547166
143,7,2015.496004
143,8,2011.798141
143,11,2010.213033
144,5,2727.166045
144,6,2181.547166
144,7,2015.496004
144,8,2011.798141
144,11,2010.213033
145,5,2681.181736
145,6,2181.547166
145,7,2015.496004
145,8,2011.798141
145,11,2010.213033
146,5,2681.181736
146,6,2181.547166
146,7,2015.299014
146,8,2011.798141
146,11,2010.213033
147,5,2681.181736
147,6,2181.547166
147,7,2015.299014
147,8,2011.798141
147,11,2010.213033
148,5,2671.704671
148,6,2181.547166
148,7,2003.700149
149,5,2444.443523
149,6,2172.942145
149,7,2003.700149
150,5,2444.443523
150,6,2172.942145
150,7,1998.940264
151,5,2444.443523
151,6,2172.942145
151,7,1998.940264
152,5,2362.308809
152,6,2172.942145
152,7,1998.637357
153,5,2303.319892
153,6,2172.942145
153,7,1998.637357
153,8,1996.566147
154,5,2303.319892
154,6,2172.942145
154,7,1998.637357
154,8,1996.566147
155,5,2303.319892
155,6,2172.942145
155,7,1998.637357
155,8,1996.566147
156,5,2303.319892
156,6,2172.942145
156,7,1998.637357
156,8,1996.566147
157,5,2303.319892
157,6,2172.942145
157,7,1998.637357
157,8,1996.566147
158,5,2303.319892
158,6,2172.942145
158,7,1996.556938
159,5,2269.812023
159,6,2172.942145
159,7,1995.011399
160,5,2269.812023
160,6,2172.942145
160,7,1995.011399
161,5,2269.812023
161,6,2172.942145
161,7,1995.011399
162,5,2246.392215
162,6,2172.942145
162,7,1995.011399
163,5,2238.028210
163,6,2151.484695
163,7,1995.011399
164,5,2238.028210
164,6,2151.484695
164,7,1995.011399
165,5,2238.028210
165,6,2151.484695
165,7,1987.081629
166,5,2238.028210
166,6,2151.484695
166,7,1987.081629
167,5,2238.028210
167,6,2151.484695
167,7,1987.081629
168,5,2228.542197
168,6,2151.484695
168,7,1987.081629
169,5,2228.542197
169,6,2143.690860
169,7,1987.081629
170,5,2228.542197
170,6,2134.456502
170,7,1987.081629
171,5,2228.542197
171,6,2134.456502
171,7,1987.081629
172,5,2228.542197
172,6,2134.456502
172,7,1987.081629
173,5,2228.542197
173,6,2134.456502
173,7,1987.081629
174,5,2228.542197
174,6,2131.068677
174,7,1987.081629
175,5,2228.542197
175,6,2131.068677
175,7,1987.081629
176,5,2228.542197
176,6,2131.068677
176,7,1987.081629
177,5,2228.542197
177,6,2131.068677
177,7,1987.081629
178,5,2228.542197
178,6,2131.068677
178,7,1987.081629
179,5,2228.542197
179,6,2131.068677
179,7,1987.081629
180,5,2228.542197
180,6,2102.562595
180,7,1987.081629
181,5,2228.542197
181,6,2102.562595
181,7,1987.081629
182,5,2228.542197
182,6,2102.562595
182,7,1987.081629
183,5,2228.542197
183,6,2102.562595
183,7,1987.081629
184,5,2228.542197
184,6,2102.562595
184,7,1987.081629
185,5,2228.542197
185,6,2102.562595
185,7,1987.081629
185,8,1975.129313
186,5,2218.587330
186,6,2102.562595
186,7,1987.081629
186,8,1975.129313
187,5,2218.587330
187,6,2102.562595
187,7,1987.081629
187,8,1975.129313
188,5,2217.572765
188,6,2102.562595
188,7,1987.081629
188,8,1975.129313
189,5,2217.572765
189,6,2092.519019
189,7,1987.081629
189,8,1975.129313
190,5,2208.615908
190,6,2092.519019
190,7,1987.081629
190,8,1975.129313
191,5,2208.615908
191,6,2092.519019
191,7,1987.081629
191,8,1956.853321
192,5,2208.615908
192,6,2092.519019
192,7,1987.081629
192,8,1956.853321
193,5,2208.615908
193,6,2092.519019
193,7,1987.081629
193,8,1956.853321
194,5,2208.615908
194,6,2092.519019
194,7,1987.046334
194,8,1956.853321
195,5,2188.325342
195,6,2092.519019
195,7,1986.767881
195,8,1956.853321
196,5,2188.325342
196,6,2092.519019
196,7,1986.767881
196,8,1956.458287
197,5,2188.325342
197,6,2092.519019
197,7,1986.767881
197,8,1956.458287
198,5,2188.325342
198,6,2092.519019
198,7,1986.767881
198,8,1956.458287
199,5,2188.325342
199,6,2092.519019
199,7,1986.767881
199,8,1956.458287
200,5,2188.325342
200,6,2092.519019
200,7,1986.767881
200,8,1956.458287
201,5,2188.325342
201,6,2092.519019
201,7,1986.767881
201,8,1956.458287
202,5,2188.325342
202,6,2092.519019
202,7,1986.767881
202,8,1956.458287
203,5,2186.321611
203,6,2092.519019
203,7,1986.767881
203,8,1956.458287
204,5,2186.321611
204,6,2078.861336
204,7,1986.767881
204,8,1956.458287
205,5,2186.321611
205,6,2078.861336
205,7,1986.767881
205,8,1956.458287
206,5,2186.321611
206,6,2078.861336
206,7,1986.767881
206,8,1956.458287
207,5,2186.321611
207,6,2078.861336
207,7,1986.767881
207,8,1956.458287
208,5,2186.321611
208,6,2077.697192
208,7,1986.767881
208,8,1956.458287
209,5,2178.220044
209,6,2077.697192
209,7,1986.767881
209,8,1956.458287
210,5,2178.220044
210,6,2077.697192
210,7,1986.767881
210,8,1956.458287
211,5,2165.511636
211,6,2077.697192
211,7,1985.863390
211,8,1956.458287
212,5,2165.511636
212,6,2077.697192
212,7,1985.863390
212,8,1956.458287
213,5,2165.511636
213,6,2077.697192
213,7,1985.863390
213,8,1956.431285
214,5,2165.511636
214,6,2077.682942
214,7,1985.863390
214,8,1956.431285
215,5,2165.511636
215,6,2077.532732
215,7,1985.863390
215,8,1956.431285
216,5,2165.511636
216,6,2077.532732
216,7,1985.863390
216,8,1956.431285
217,5,2165.511636
217,6,2077.532732
217,7,1985.863390
217,8,1956.431285
218,5,2162.729182
218,6,2077.532732
218,7,1985.863390
218,8,1956.431285
219,5,2162.729182
219,6,2077.532732
219,7,1985.863390
219,8,1956.431285
220,5,2162.729182
220,6,2073.442172
220,7,1985.863390
220,8,1956.431285
221,5,2156.328414
221,6,2073.442172
221,7,1985.863390
221,8,1956.431285
222,5,2153.900801
222,6,2073.442172
222,7,1985.863390
222,8,1956.431285
223,5,2153.900801
223,6,2073.442172
223,7,1985.863390
223,8,1956.431285
224,5,2153.900801
224,6,2073.442172
224,7,1985.863390
224,8,1956.431285
225,5,2153.900801
225,6,2073.442172
225,7,1985.863390
225,8,1956.431285
226,5,2153.900801
226,6,2073.442172
226,7,1985.863390
226,8,1956.431285
227,5,2153.900801
227,6,2073.442172
227,7,1985.863390
227,8,1956.431285
228,5,2153.900801
228,6,2050.066640
228,7,1985.863390
228,8,1956.431285
229,5,2153.900801
229,6,2050.066640
229,7,1985.863390
229,8,1956.431285
230,5,2153.900801
230,6,2050.066640
230,7,1985.863390
230,8,1956.431285
231,5,2135.366269
231,6,2050.066640
231,7,1985.863390
231,8,1956.431285
232,5,2135.366269
232,6,2050.066640
232,7,1985.863390
232,8,1956.431285
233,5,2135.366269
233,6,2050.066640
233,7,1985.863390
233,8,1956.431285
234,5,2135.366269
234,6,2050.066640
234,7,1985.863390
234,8,1956.431285
235,5,2135.366269
235,6,2050.066640
235,7,1985.863390
235,8,1956.431285
236,5,2135.366269
236,6,2050.066640
236,7,1985.863390
236,8,1956.431285
237,5,2135.366269
237,6,2050.066640
237,7,1985.863390
237,8,1956.431285
238,5,2135.366269
238,6,2050.066640
238,7,1985.780353
238,8,1956.431285
239,5,2135.366269
239,6,2050.066640
239,7,1985.780353
239,8,1956.431285
240,5,2135.366269
240,6,2050.066640
240,7,1985.780353
240,8,1956.431285
241,5,2135.366269
241,6,2050.066640
241,7,1985.780353
241,8,1956.431285
242,5,2135.366269
242,6,2050.066640
242,7,1985.780353
242,8,1956.431285
243,5,2135.293404
243,6,2044.751411
243,7,1985.780353
243,8,1956.431285
244,5,2127.048861
244,6,2044.751411
244,7,1985.780353
244,8,1956.431285
245,5,2127.048861
245,6,2044.751411
245,7,1985.780353
245,8,1956.431285
246,5,2127.048861
246,6,2044.316394
246,7,1985.780353
246,8,1956.431285
247,5,2127.048861
247,6,2044.316394
247,7,1985.780353
247,8,1956.431285
248,5,2127.048861
248,6,2044.316394
248,7,1985.780353
248,8,1956.431285
249,5,2127.048861
249,6,2044.316394
249,7,1985.780353
249,8,1956.431285
250,5,2127.048861
250,6,2044.316394
250,7,1985.780353
250,8,1956.431285
251,5,2122.428027
251,6,2044.316394
251,7,1985.780353
251,8,1956.431285
252,5,2122.428027
252,6,2044.316394
252,7,1985.780353
252,8,1956.431285
253,5,2122.428027
253,6,2044.316394
253,7,1985.780353
253,8,1956.431285
254,5,2116.501992
254,6,2044.316394
254,7,1985.780353
254,8,1956.431285
255,5,2116.501992
255,6,2006.217263
255,7,1985.550227
255,8,1956.431285
256,5,2116.501992
256,6,2006.217263
256,7,1985.550227
256,8,1956.431285
257,5,2116.501992
257,6,2006.217263
257,7,1985.550227
257,8,1956.431285
258,5,2115.801709
258,6,2006.217263
258,7,1985.550227
258,8,1956.431285
259,5,2115.801709
259,6,2006.217263
259,7,1985.550227
259,8,1956.431285
260,5,2115.801709
260,6,2006.217263
260,7,1985.550227
260,8,1956.431285
261,5,2115.801709
261,6,2006.217263
261,7,1985.550227
261,8,1956.431285
262,5,2115.783264
262,6,2006.217263
262,7,1985.550227
262,8,1956.431285
263,5,2115.783264
263,6,2006.217263
263,7,1985.550227
263,8,1956.431285
264,5,2115.783264
264,6,2006.217263
264,7,1985.550227
264,8,1956.431285
265,5,2115.783264
265,6,2006.217263
265,7,1985.550227
265,8,1956.431285
266,5,2115.783264
266,6,2006.217263
266,7,1985.550227
266,8,1956.431285
267,5,2115.783264
267,6,2006.217263
267,7,1976.260077
267,8,1956.431285
268,5,2101.734972
268,6,2006.217263
268,7,1975.489010
268,8,1956.431285
269,5,2101.734972
269,6,2006.217263
269,7,1975.489010
269,8,1956.431285
270,5,2101.734972
270,6,2006.217263
270,7,1975.489010
270,8,1956.431285
271,5,2101.734972
271,6,2006.217263
271,7,1975.489010
271,8,1956.431285
272,5,2101.734972
272,6,2006.217263
272,7,1975.489010
272,8,1956.431285
273,5,2101.734972
273,6,2006.217263
273,7,1975.489010
273,8,1956.431285
274,5,2101.734972
274,6,2006.217263
274,7,1975.489010
274,8,1956.431285
275,5,2101.734972
275,6,2006.217263
275,7,1975.489010
275,8,1956.431285
276,5,2101.734972
276,6,2006.217263
276,7,1975.076020
276,8,1956.431285
277,5,2101.734972
277,6,2006.217263
277,7,1975.076020
277,8,1956.431285
278,5,2091.672406
278,6,2006.217263
278,7,1966.178837
278,8,1956.431285
279,5,2091.672406
279,6,2006.217263
279,7,1966.178837
279,8,1956.431285
280,5,2091.672406
280,6,2006.217263
280,7,1966.178837
280,8,1956.431285
281,5,2091.672406
281,6,2006.217145
281,7,1966.178837
281,8,1956.431285
282,5,2091.672406
282,6,2006.217145
282,7,1966.178837
282,8,1956.431285
283,5,2091.672406
283,6,2006.217145
283,7,1966.178837
283,8,1956.431285
284,5,2091.672406
284,6,2006.210332
284,7,1966.178837
284,8,1956.431285
285,5,2091.672406
285,6,2006.210332
285,7,1966.178837
285,8,1956.431285
286,5,2091.672406
286,6,2006.210332
286,7,1966.178837
286,8,1956.431285
287,5,2091.672406
287,6,2006.210332
287,7,1966.178837
287,8,1956.431285
288,5,2091.672406
288,6,2006.210332
288,7,1966.178837
288,8,1956.431285
289,5,2091.672406
289,6,2006.210332
289,7,1966.178837
289,8,1956.431285
290,5,2091.672406
290,6,2004.403423
290,7,1966.178837
290,8,1956.431285
291,5,2091.672406
291,6,2004.403423
291,7,1966.178837
291,8,1956.431285
292,5,2091.672406
292,6,2004.403423
292,7,1966.178837
292,8,1956.431285
293,5,2091.672406
293,6,2004.403423
293,7,1966.178837
293,8,1956.431285
294,5,2091.672406
294,6,1999.721687
294,7,1966.178837
294,8,1956.431285
295,5,2091.672406
295,6,1999.721687
295,7,1966.178837
295,8,1956.431285
296,5,2091.672406
296,6,1999.721687
296,7,1966.178837
296,8,1956.431285
297,5,2091.672406
297,6,1999.693129
297,7,1966.178837
297,8,1956.431285
298,5,2091.672406
298,6,1999.623920
298,7,1966.178837
298,8,1956.431285
299,5,2091.672406
299,6,1999.623920
299,7,1966.178837
299,8,1956.431285
300,5,2091.672406
300,6,1995.171277
300,7,1966.178837
300,8,1956.431285
301,5,2091.672406
301,6,1995.171277
301,7,1966.178837
301,8,1956.431285
302,5,2091.672406
302,6,1995.171277
302,7,1966.178837
302,8,1956.431285
303,5,2091.672406
303,6,1995.171277
303,7,1966.178837
303,8,1956.431285
304,5,2091.672406
304,6,1995.171277
304,7,1966.178837
304,8,1956.431285
305,5,2091.672406
305,6,1995.171277
305,7,1966.178837
305,8,1956.431285
306,5,2091.672406
306,6,1995.171277
306,7,1966.178837
306,8,1956.431285
307,5,2091.672406
307,6,1995.171277
307,7,1966.178837
307,8,1956.431285
308,5,2091.672406
308,6,1995.171277
308,7,1966.178837
308,8,1956.431285
309,5,2091.672406
309,6,1995.171277
309,7,1966.178837
309,8,1956.431285
310,5,2091.672406
310,6,1995.171277
310,7,1966.178837
310,8,1956.431285
311,5,2091.672406
311,6,1995.171277
311,7,1966.178837
311,8,1956.431285
312,5,2091.276010
312,6,1995.171277
312,7,1966.178837
312,8,1956.431285
313,5,2091.276010
313,6,1994.560847
313,7,1966.178837
313,8,1956.431285
314,5,2091.276010
314,6,1994.560847
314,7,1966.178837
314,8,1956.431285
315,5,2091.276010
315,6,1992.416758
315,7,1966.178837
315,8,1956.431285
316,5,2091.276010
316,6,1992.416758
316,7,1966.178837
316,8,1956.431285
317,5,2091.276010
317,6,1992.416758
317,7,1966.178837
317,8,1956.431285
318,5,2091.276010
318,6,1990.797133
318,7,1966.178837
318,8,1956.431285
319,5,2091.276010
319,6,1990.797133
319,7,1966.178837
319,8,1956.431285
320,5,2086.894688
320,6,1990.783947
320,7,1966.178837
320,8,1956.431285
321,5,2086.894688
321,6,1990.783947
321,7,1966.178837
321,8,1956.431285
322,5,2086.894688
322,6,1990.783947
322,7,1966.178837
322,8,1956.431285
323,5,2086.829781
323,6,1990.783947
323,7,1966.178837
323,8,1956.431285
324,5,2086.829781
324,6,1990.783947
324,7,1966.178837
324,8,1956.431285
325,5,2086.829781
325,6,1990.783947
325,7,1966.178837
325,8,1956.431285
326,5,2086.829781
326,6,1990.783947
326,7,1966.178837
326,8,1956.431285
327,5,2086.829781
327,6,1990.783947
327,7,1966.178837
327,8,1956.431285
328,5,2086.829781
328,6,1990.783947
328,7,1966.178837
328,8,1956.431285
329,5,2086.829781
329,6,1990.783947
329,7,1964.244811
329,8,1956.431285
330,5,2086.829781
330,6,1978.436717
330,7,1963.833601
330,8,1956.431285
