Generation,NV,TOC
1,7,2471.444507
1,8,2171.443189
1,10,2091.617468
2,7,2352.513710
2,8,2145.090297
2,9,2030.044891
3,6,2731.231533
3,7,2352.513710
3,8,2117.139835
3,9,2030.044891
4,6,2445.820627
4,7,2352.513710
4,8,2117.139835
4,9,2030.044891
5,6,2382.252106
5,7,2200.926381
5,8,2068.190170
5,9,1970.100102
6,6,2382.252106
6,7,2200.926381
6,8,2042.869422
6,9,1970.100102
7,6,2382.252106
7,7,2200.926381
7,8,2042.869422
7,9,1968.514326
8,6,2162.392396
8,7,2101.395084
8,8,2042.869422
8,9,1968.514326
9,6,2079.842549
9,7,1908.886017
10,6,1904.864506
11,5,2478.538121
11,6,1904.864506
11,7,1884.698221
12,5,2478.538121
12,6,1904.864506
12,7,1884.698221
13,5,2478.538121
13,6,1904.864506
13,7,1862.695762
14,5,2478.538121
14,6,1904.864506
14,7,1862.695762
15,5,2478.538121
15,6,1869.620302
15,7,1862.695762
16,5,2478.538121
16,6,1869.620302
16,7,1862.695762
17,5,2478.538121
17,6,1852.825266
17,7,1852.123773
18,5,2478.538121
18,6,1798.826983
19,5,2478.538121
19,6,1798.826983
20,5,2051.130202
20,6,1798.167664
21,5,2051.130202
21,6,1798.167664
22,5,2051.130202
22,6,1798.167664
23,5,1903.247000
23,6,1798.167664
24,5,1903.247000
24,6,1798.167664
25,5,1895.381536
25,6,1798.167664
26,5,1881.369290
26,6,1798.167664
26,8,1789.598989
27,5,1867.245044
27,6,1780.744899
27,7,1780.719123
28,5,1867.245044
28,6,1770.547297
29,5,1867.245044
29,6,1770.547297
30,5,1816.205263
30,6,1770.547297
31,5,1803.670787
31,6,1769.757094
32,5,1803.670787
32,6,1757.289484
33,5,1803.670787
33,6,1753.533072
34,5,1803.670787
34,6,1753.533072
35,5,1803.670787
35,6,1753.533072
36,5,1803.670787
36,6,1741.916159
37,5,1745.459861
37,6,1741.916159
38,5,1745.459861
38,6,1741.916159
39,5,1718.838994
40,5,1718.838994
41,5,1718.838994
42,5,1718.838994
43,5,1718.838994
44,5,1706.225746
45,5,1706.225746
46,5,1706.225746
47,5,1706.225746
48,5,1706.225746
49,5,1703.835694
50,5,1683.486909
51,5,1681.897471
52,5,1681.897471
53,5,1681.897471
54,5,1681.897471
55,5,1680.342250
56,5,1680.186864
57,4,2039.211681
57,5,1680.186864
58,4,2039.211681
58,5,1680.186864
59,4,2021.593812
59,5,1680.186864
60,4,1945.145090
60,5,1680.186864
61,4,1945.145090
61,5,1680.186864
62,4,1945.145090
62,5,1680.186864
63,4,1945.145090
63,5,1680.186864
64,4,1942.410241
64,5,1680.186864
64,6,1679.561933
65,4,1942.410241
65,5,1680.186864
65,6,1679.561933
66,4,1942.410241
66,5,1678.892478
67,4,1942.410241
67,5,1678.892478
68,4,1942.410241
68,5,1678.892478
69,4,1768.637988
69,5,1678.892478
70,4,1768.637988
70,5,1678.892478
71,4,1768.637988
71,5,1678.892478
72,4,1755.027687
72,5,1678.892478
73,4,1755.027687
73,5,1678.892478
74,4,1734.638358
74,5,1678.892478
75,4,1734.638358
75,5,1676.842263
76,4,1730.169856
76,5,1676.842263
77,4,1730.169856
77,5,1676.842263
78,4,1730.169856
78,5,1676.842263
79,4,1730.169856
79,5,1676.842263
80,4,1710.840304
80,5,1676.842263
81,4,1710.840304
81,5,1676.842263
82,4,1710.840304
82,5,1676.187228
83,4,1710.840304
83,5,1676.187228
84,4,1681.622247
84,5,1676.187228
85,4,1681.622247
85,5,1676.187228
86,4,1678.552972
86,5,1676.187228
87,4,1678.552972
87,5,1676.187228
88,4,1678.552972
88,5,1676.187228
89,4,1678.552972
89,5,1676.187228
90,4,1678.552972
90,5,1675.400776
91,4,1670.185695
92,4,1670.185695
93,4,1666.758032
94,4,1666.758032
95,4,1666.758032
96,4,1666.758032
97,4,1666.758032
98,4,1658.956852
99,4,1658.956852
100,4,1658.956852
101,4,1658.956852
102,4,1658.956852
103,4,1658.926301
104,4,1658.926301
105,4,1658.926301
106,4,1658.926301
107,4,1658.926301
108,4,1658.926301
109,4,1658.926301
110,4,1658.926301
111,4,1658.926301
112,4,1658.926301
113,4,1654.534498
114,4,1654.534498
115,4,1654.534498
116,4,1654.534498
117,4,1654.534498
118,4,1654.534498
119,4,1654.534498
120,4,1654.534498
121,4,1654.534498
122,4,1654.534498
123,4,1654.534498
124,4,1654.534498
125,4,1654.534498
126,4,1654.534498
127,4,1654.534498
128,4,1654.534498
129,4,1654.534498
130,4,1654.534498
131,4,1654.534498
132,4,1654.534498
133,4,1654.534498
134,4,1654.534498
135,4,1654.534498
136,4,1654.534498
137,4,1654.432363
138,4,1654.432363
139,4,1654.432363
140,4,1654.432363
141,4,1654.432363
142,4,1654.432363
143,4,1654.432363
144,4,1654.432363
145,4,1654.432363
146,4,1654.432363
147,4,1654.432363
148,4,1654.432363
149,4,1654.432363
150,4,1654.432363
151,4,1654.432363
152,4,1654.432363
153,4,1654.432363
154,4,1654.432363
155,4,1654.432363
156,4,1654.432363
157,4,1654.432363
158,4,1654.395398
159,4,1654.395398
160,4,1654.351946
161,4,1653.703099
162,4,1653.703099
163,4,1653.703099
164,4,1653.703099
165,4,1653.703099
166,4,1653.703099
167,4,1653.703099
168,4,1653.703099
169,4,1653.703099
170,4,1653.703099
171,4,1653.703099
172,4,1652.637622
173,4,1652.637622
174,4,1652.637622
175,4,1652.637622
176,4,1652.637622
177,4,1652.637622
178,4,1652.637622
179,4,1652.637622
180,4,1652.637622
181,4,1652.637622
182,4,1652.637622
183,4,1652.637622
184,4,1652.637622
185,4,1652.637622
186,4,1652.637622
187,4,1652.637622
188,4,1652.637622
189,4,1652.637622
190,4,1652.637622
191,4,1652.637622
192,4,1652.637622
193,4,1651.908358
194,4,1651.908358
195,4,1651.908358
196,4,1651.908358
197,4,1651.908358
198,4,1651.908358
199,4,1651.908358
200,4,1651.908358
201,4,1651.908358
202,4,1651.908358
203,4,1651.908358
204,4,1651.908358
205,4,1651.908358
206,4,1651.908358
207,4,1651.908358
208,4,1651.908358
209,4,1651.908358
210,4,1651.908358
211,4,1651.908358
212,4,1651.908358
213,4,1651.908358
214,4,1651.908358
215,4,1651.908358
215,5,1649.819464
216,4,1651.908358
216,5,1649.819464
217,4,1651.908358
217,5,1649.819464
218,4,1651.908358
218,5,1649.819464
219,4,1651.908358
219,5,1649.819464
220,4,1651.908358
220,5,1649.819464
221,4,1651.908358
221,5,1649.819464
222,4,1651.908358
222,5,1649.819464
223,4,1651.908358
223,5,1649.819464
224,4,1651.908358
224,5,1649.819464
225,4,1651.908358
225,5,1649.819464
226,4,1651.908358
226,5,1649.819464
227,4,1651.908358
227,5,1649.819464
228,4,1651.908358
228,5,1649.819464
229,4,1651.908358
229,5,1649.819464
230,4,1651.908358
230,5,1649.819464
231,4,1651.908358
231,5,1649.819464
232,4,1651.908358
232,5,1649.819464
233,4,1651.908358
233,5,1649.819464
234,4,1651.908358
234,5,1649.819464
235,4,1651.908358
235,5,1649.819464
236,4,1651.908358
236,5,1649.819464
237,4,1651.908358
237,5,1649.819464
238,4,1651.908358
238,5,1649.819464
239,4,1651.908358
239,5,1649.819464
240,4,1651.908358
240,5,1649.819464
241,4,1651.908358
241,5,1649.819464
242,4,1651.908358
242,5,1649.819464
243,4,1651.908358
243,5,1649.819464
244,4,1651.879541
244,5,1649.819464
245,4,1651.879541
245,5,1649.819464
246,4,1651.879541
246,5,1649.819464
247,4,1651.879541
247,5,1649.819464
248,4,1651.879541
248,5,1649.819464
249,4,1651.879541
249,5,1649.819464
250,4,1651.879541
250,5,1649.819464
251,4,1651.879541
251,5,1649.819464
252,4,1651.879541
252,5,1649.819464
253,4,1651.879541
253,5,1649.819464
254,4,1651.879541
254,5,1649.819464
255,4,1651.879541
255,5,1649.819464
256,4,1651.879541
256,5,1649.819464
257,4,1651.879541
257,5,1649.819464
258,4,1651.879541
258,5,1649.819464
259,4,1651.879541
259,5,1649.819464
260,4,1651.879541
260,5,1649.819464
261,4,1651.879541
261,5,1649.819464
262,4,1651.879541
262,5,1649.819464
263,4,1651.879541
263,5,1649.819464
264,4,1651.879541
264,5,1649.819464
265,4,1651.879541
265,5,1649.819464
266,4,1651.879541
266,5,1649.819464
267,4,1651.879541
267,5,1649.819464
268,4,1651.879541
268,5,1649.819464
269,4,1651.879541
269,5,1649.819464
270,4,1651.879541
270,5,1643.082266
271,4,1651.879541
271,5,1643.082266
272,4,1651.879541
272,5,1643.082266
273,4,1651.879541
273,5,1643.082266
274,4,1651.879541
274,5,1643.082266
275,4,1651.879541
275,5,1643.082266
276,4,1651.879541
276,5,1643.082266
277,4,1651.879541
277,5,1643.082266
278,4,1651.879541
278,5,1643.082266
279,4,1651.878511
279,5,1643.082266
280,4,1651.878511
280,5,1643.082266
281,4,1651.878511
281,5,1643.082266
282,4,1651.878511
282,5,1643.082266
283,4,1651.878511
283,5,1643.082266
284,4,1651.878511
284,5,1643.082266
285,4,1651.878511
285,5,1643.082266
286,4,1651.878511
286,5,1643.082266
287,4,1651.878511
287,5,1643.082266
288,4,1651.878511
288,5,1643.082266
289,4,1651.878511
289,5,1643.082266
290,4,1651.878511
290,5,1643.082266
291,4,1651.878511
291,5,1643.082266
292,4,1651.878511
292,5,1643.082266
293,4,1651.878511
293,5,1643.053449
294,4,1651.878511
294,5,1643.053449
295,4,1651.878511
295,5,1643.053449
296,4,1651.878511
296,5,1643.053449
297,4,1651.878511
297,5,1643.053449
298,4,1651.878511
298,5,1643.053449
299,4,1651.878511
299,5,1643.053449
300,4,1651.878511
300,5,1643.053449
301,4,1651.878511
301,5,1643.053449
302,4,1651.878511
302,5,1643.053449
303,4,1651.878511
303,5,1643.053449
304,4,1651.878511
304,5,1643.053449
305,4,1651.878511
305,5,1643.053449
306,4,1651.878511
306,5,1643.053449
307,4,1651.878511
307,5,1643.053449
308,4,1651.878511
308,5,1643.053449
309,4,1651.878511
309,5,1643.053449
310,4,1651.878511
310,5,1643.053449
311,4,1651.878511
311,5,1643.053449
312,4,1651.878511
312,5,1643.053449
313,4,1651.878511
313,5,1643.053449
314,4,1651.878511
314,5,1643.053449
315,4,1651.878511
315,5,1643.053449
316,4,1651.878511
316,5,1643.053449
317,4,1651.878511
317,5,1643.053449
318,4,1651.878511
318,5,1643.053449
319,4,1651.878511
319,5,1643.053449
320,4,1651.878511
320,5,1643.053449
321,4,1651.878511
321,5,1643.053449
322,4,1651.878511
322,5,1643.053449
323,4,1651.878511
323,5,1643.053449
324,4,1651.878511
324,5,1643.053449
325,4,1651.878511
325,5,1643.053449
326,4,1651.878511
326,5,1643.053449
327,4,1651.878511
327,5,1643.052419
328,4,1651.878511
328,5,1643.052419
329,4,1651.878511
329,5,1643.052419
330,4,1651.878511
330,5,1643.052419
331,4,1651.878511
331,5,1643.052419
