Generation,NV,TOC
1,7,2891.717779
1,8,2726.374138
1,9,2467.182947
1,10,2307.222958
1,13,2118.384572
1,14,2092.158962
1,15,2078.766445
1,17,2048.489424
2,7,2891.717779
2,8,2619.358432
2,9,2467.182947
2,10,2307.222958
2,12,2047.496940
2,15,2039.492986
2,17,2033.258651
2,18,2031.607207
2,19,1963.471840
3,7,2891.717779
3,8,2619.358432
3,9,2390.621207
3,10,2307.222958
3,11,2255.520489
3,12,2047.496940
3,14,1992.546596
3,16,1946.853554
3,18,1939.425403
4,7,2891.717779
4,8,2472.966907
4,9,2390.621207
4,10,2307.222958
4,11,2087.816951
4,12,2047.496940
4,13,2045.307853
4,14,1992.546596
4,16,1911.768921
5,7,2891.717779
5,8,2472.966907
5,9,2373.011452
5,10,2223.418600
5,11,2087.816951
5,12,2039.330819
5,13,1991.087727
5,15,1969.799547
5,16,1884.693655
6,7,2891.717779
6,8,2472.966907
6,9,2373.011452
6,10,2223.418600
6,11,2087.816951
6,12,2015.669589
6,13,1991.087727
6,14,1924.548489
6,16,1884.693655
7,7,2407.291394
7,8,2208.764483
7,10,2068.449781
7,12,1843.375952
8,7,2407.291394
8,8,2208.764483
8,10,2068.449781
8,12,1843.375952
9,7,2407.291394
9,8,2208.764483
9,10,2068.449781
9,12,1843.375952
10,7,2407.291394
10,8,2208.764483
10,9,2118.561236
10,10,2068.449781
10,11,1926.545323
10,12,1843.375952
10,15,1801.334158
11,7,2407.291394
11,8,2208.764483
11,9,2058.097874
11,10,1951.649556
11,11,1926.545323
11,12,1830.408032
11,15,1801.334158
12,7,2407.291394
12,8,2124.912342
12,9,2058.097874
12,10,1921.853362
12,11,1820.762040
12,15,1763.205114
13,7,2407.291394
13,8,2124.912342
13,9,2058.097874
13,10,1921.853362
13,11,1783.137581
13,14,1755.368851
14,7,2407.291394
14,8,2124.912342
14,9,2058.097874
14,10,1921.853362
14,11,1783.137581
14,14,1755.368851
15,7,2307.990898
15,8,2124.912342
15,9,1924.907979
15,10,1921.853362
15,11,1783.137581
15,14,1739.675850
16,7,2307.990898
16,8,2124.912342
16,9,1924.907979
16,10,1892.611809
16,11,1783.137581
16,12,1718.615734
16,13,1716.741120
16,14,1715.362151
17,6,3215.041267
17,7,2307.990898
17,8,2124.912342
17,9,1911.041287
17,10,1838.594260
17,11,1783.137581
17,12,1718.615734
17,13,1716.741120
17,14,1715.362151
18,6,3215.041267
18,7,2307.990898
18,8,2124.912342
18,9,1911.041287
18,10,1838.594260
18,11,1762.543327
18,12,1718.615734
18,13,1716.741120
18,14,1715.362151
18,17,1712.825312
19,6,3175.392605
19,7,2307.990898
19,8,2066.843402
19,9,1911.041287
19,10,1818.262739
19,11,1762.543327
19,12,1695.875665
20,6,3175.392605
20,7,2307.990898
20,8,2066.843402
20,9,1911.041287
20,10,1818.262739
20,11,1762.543327
20,12,1695.875665
21,6,3175.392605
21,7,2307.990898
21,8,2059.472980
21,9,1894.138323
21,10,1818.262739
21,11,1758.085268
21,12,1695.875665
22,6,3175.392605
22,7,2307.990898
22,8,2059.472980
22,9,1894.138323
22,10,1813.894083
22,11,1758.085268
22,12,1695.875665
23,6,3175.392605
23,7,2215.260613
23,8,1983.600763
23,9,1894.138323
23,10,1813.894083
23,11,1732.537761
23,12,1652.221577
24,6,3175.392605
24,7,2215.260613
24,8,1983.600763
24,9,1857.979886
24,10,1799.109788
24,11,1732.537761
24,12,1652.221577
25,6,3175.392605
25,7,2215.260613
25,8,1974.990690
25,9,1857.979886
25,10,1799.109788
25,11,1732.537761
25,12,1652.221577
26,6,2520.773487
26,7,2159.494607
26,8,1974.990690
26,9,1773.456364
26,11,1732.537761
26,12,1652.221577
27,6,2234.832531
27,7,2159.494607
27,8,1910.005011
27,9,1773.456364
27,11,1705.320373
27,12,1652.221577
28,6,2145.572354
28,8,1885.121434
28,9,1773.456364
28,11,1705.320373
28,12,1636.969043
29,6,2145.572354
29,8,1807.463216
29,9,1773.456364
29,11,1705.320373
29,12,1633.586185
30,6,2145.572354
30,8,1807.463216
30,9,1770.324005
30,11,1705.320373
30,12,1633.586185
31,6,2145.572354
31,8,1807.463216
31,9,1770.324005
31,10,1749.461748
31,11,1686.926980
31,12,1633.586185
32,6,2145.572354
32,8,1807.463216
32,9,1770.324005
32,10,1749.461748
32,11,1686.926980
32,12,1633.586185
33,6,2145.572354
33,8,1715.164283
33,11,1627.175028
34,6,2145.572354
34,8,1715.164283
34,11,1627.175028
35,6,2145.572354
35,7,2056.961195
35,8,1715.164283
35,9,1683.255194
35,11,1627.175028
36,6,2145.572354
36,7,2056.961195
36,8,1715.164283
36,9,1683.255194
36,11,1627.175028
37,6,2145.572354
37,7,2056.961195
37,8,1715.164283
37,9,1683.255194
37,11,1627.175028
38,6,2076.557477
38,7,2009.668069
38,8,1639.321389
38,9,1611.713322
39,6,2076.557477
39,7,2009.668069
39,8,1639.321389
39,9,1611.713322
40,6,2076.557477
40,7,2009.668069
40,8,1639.321389
40,9,1611.713322
41,6,2076.557477
41,7,2009.668069
41,8,1639.321389
41,9,1611.713322
41,10,1587.330492
42,5,2618.906167
42,6,2076.557477
42,7,2009.668069
42,8,1639.321389
42,9,1611.713322
42,10,1587.330492
43,5,2618.906167
43,6,2059.929725
43,7,1977.512456
43,8,1630.937977
43,9,1546.781986
44,5,2618.906167
44,6,2059.929725
44,7,1977.512456
44,8,1630.937977
44,9,1546.781986
45,5,2585.103990
45,6,2059.929725
45,7,1977.512456
45,8,1630.937977
45,9,1546.781986
46,5,2511.479465
46,6,2059.929725
46,7,1977.512456
46,8,1630.937977
46,9,1546.781986
47,5,2511.479465
47,6,2059.929725
47,7,1920.636837
47,8,1630.937977
47,9,1546.781986
48,5,2511.479465
48,6,1919.736210
48,8,1630.937977
48,9,1546.781986
49,5,2511.479465
49,6,1919.736210
49,8,1630.937977
49,9,1546.781986
50,5,2511.479465
50,6,1919.736210
50,8,1630.937977
50,9,1546.781986
51,5,2477.649324
51,6,1919.736210
51,7,1872.753626
51,8,1630.937977
51,9,1546.781986
52,5,2477.649324
52,6,1919.736210
52,7,1841.157223
52,8,1630.937977
52,9,1546.781986
53,5,2477.649324
53,6,1919.736210
53,7,1759.486502
53,8,1630.937977
53,9,1546.781986
53,10,1530.345907
54,5,2346.839578
54,6,1919.736210
54,7,1759.486502
54,8,1630.937977
54,9,1546.781986
54,10,1530.345907
55,5,2346.839578
55,6,1919.736210
55,7,1759.486502
55,8,1630.937977
55,9,1546.781986
55,10,1530.345907
56,5,2319.870442
56,6,1919.736210
56,7,1759.486502
56,8,1630.937977
56,9,1546.781986
56,10,1530.345907
57,5,2319.870442
57,6,1919.736210
57,7,1759.486502
57,8,1630.937977
57,9,1546.781986
57,10,1530.345907
58,5,2307.837627
58,6,1919.736210
58,7,1759.486502
58,8,1620.489663
58,9,1546.781986
58,10,1530.345907
59,5,2307.837627
59,6,1919.736210
59,7,1698.400640
59,8,1598.238773
59,9,1546.781986
59,10,1530.345907
60,5,2274.641924
60,6,1919.736210
60,7,1698.400640
60,8,1598.238773
60,9,1546.781986
60,10,1530.345907
61,5,2274.641924
61,6,1919.736210
61,7,1698.400640
61,8,1591.709818
61,9,1546.781986
61,10,1530.345907
62,5,2274.641924
62,6,1919.736210
62,7,1698.400640
62,8,1591.709818
62,9,1546.781986
62,10,1530.345907
63,5,2274.641924
63,6,1919.736210
63,7,1698.400640
63,8,1555.882842
63,9,1530.754793
63,10,1530.345907
64,5,2153.589915
64,6,1919.736210
64,7,1692.461561
64,8,1555.882842
64,9,1530.754793
64,10,1530.345907
65,5,2153.589915
65,6,1919.736210
65,7,1692.461561
65,8,1555.882842
65,9,1530.754793
65,10,1530.345907
66,5,2153.589915
66,6,1919.736210
66,7,1637.028686
66,8,1555.882842
66,9,1528.210141
67,5,2153.589915
67,6,1919.736210
67,7,1637.028686
67,8,1555.882842
67,9,1528.210141
68,5,2153.589915
68,6,1919.736210
68,7,1604.249875
68,8,1555.882842
68,9,1470.601637
69,5,2153.589915
69,6,1868.258033
69,7,1578.914427
69,8,1555.882842
69,9,1470.601637
70,5,2153.589915
70,6,1868.258033
70,7,1578.914427
70,8,1555.882842
70,9,1470.601637
71,5,2153.589915
71,6,1868.258033
71,7,1578.914427
71,8,1555.882842
71,9,1470.601637
72,5,2153.589915
72,6,1868.258033
72,7,1578.914427
72,8,1537.600749
72,9,1470.601637
73,5,2051.949047
73,6,1844.172252
73,7,1578.914427
73,8,1537.600749
73,9,1470.601637
74,5,2051.949047
74,6,1844.172252
74,7,1578.914427
74,8,1537.600749
74,9,1470.601637
75,5,2051.949047
75,6,1844.172252
75,7,1578.914427
75,8,1534.242290
75,9,1470.601637
76,5,2051.949047
76,6,1844.172252
76,7,1578.914427
76,8,1499.866137
76,9,1470.601637
77,5,2051.949047
77,6,1792.586151
77,7,1578.914427
77,8,1499.866137
77,9,1470.601637
78,5,2051.949047
78,6,1792.586151
78,7,1515.659801
78,8,1489.386788
78,9,1461.750244
79,5,2051.949047
79,6,1792.586151
79,7,1515.659801
79,8,1489.386788
79,9,1461.750244
80,5,2051.949047
80,6,1792.586151
80,7,1515.659801
80,8,1489.386788
80,9,1458.391784
81,5,2051.949047
81,6,1792.586151
81,7,1515.659801
81,8,1489.386788
81,9,1458.391784
82,5,2051.949047
82,6,1792.586151
82,7,1515.659801
82,8,1452.052686
83,5,2051.949047
83,6,1792.586151
83,7,1515.659801
83,8,1452.052686
84,5,2051.949047
84,6,1792.586151
84,7,1510.768393
84,8,1452.052686
85,5,2051.949047
85,6,1792.586151
85,7,1510.768393
85,8,1452.052686
85,10,1436.563253
86,5,2051.949047
86,6,1792.586151
86,7,1510.768393
86,8,1452.052686
86,10,1436.563253
87,5,2051.949047
87,6,1792.586151
87,7,1510.768393
87,8,1452.052686
87,10,1436.563253
88,5,2051.949047
88,6,1792.586151
88,7,1442.001056
88,10,1435.922953
89,5,2051.949047
89,6,1678.573900
89,7,1442.001056
89,10,1435.922953
90,5,2051.949047
90,6,1678.573900
90,7,1442.001056
90,10,1435.922953
91,5,2051.949047
91,6,1678.573900
91,7,1442.001056
91,10,1435.922953
92,5,2051.949047
92,6,1678.573900
92,7,1442.001056
92,10,1435.922953
93,5,2051.949047
93,6,1678.573900
93,7,1442.001056
93,10,1435.731545
94,5,2051.949047
94,6,1678.573900
94,7,1442.001056
94,10,1435.731545
95,5,2051.949047
95,6,1678.573900
95,7,1442.001056
95,10,1435.731545
96,5,2051.949047
96,6,1678.573900
96,7,1442.001056
96,10,1435.731545
97,5,2051.949047
97,6,1678.573900
97,7,1442.001056
97,10,1435.731545
98,5,2051.949047
98,6,1678.573900
98,7,1442.001056
98,9,1435.418822
99,5,2051.949047
99,6,1678.573900
99,7,1442.001056
99,9,1435.418822
100,5,2051.949047
100,6,1678.573900
100,7,1442.001056
100,9,1435.418822
101,5,2051.949047
101,6,1678.573900
101,7,1442.001056
101,9,1435.418822
102,5,2051.949047
102,6,1678.573900
102,7,1442.001056
102,9,1435.418822
103,5,2009.884161
103,6,1678.573900
103,7,1442.001056
103,9,1435.418822
104,5,2009.884161
104,6,1678.573900
104,7,1442.001056
104,9,1435.418822
105,5,2009.884161
105,6,1678.573900
105,7,1442.001056
105,9,1435.418822
106,5,2009.884161
106,6,1678.573900
106,7,1442.001056
106,9,1435.418822
107,5,2009.884161
107,6,1678.573900
107,7,1442.001056
107,9,1435.418822
108,5,1925.680055
108,6,1678.573900
108,7,1421.936959
109,5,1925.680055
109,6,1678.573900
109,7,1421.936959
110,5,1925.680055
110,6,1678.573900
110,7,1421.936959
111,5,1925.680055
111,6,1654.035593
111,7,1421.936959
112,5,1925.680055
112,6,1654.035593
112,7,1421.936959
113,5,1925.680055
113,6,1646.576101
113,7,1421.936959
114,5,1925.680055
114,6,1646.576101
114,7,1421.936959
115,5,1925.680055
115,6,1646.576101
115,7,1421.936959
116,5,1925.680055
116,6,1646.576101
116,7,1421.936959
117,5,1925.680055
117,6,1646.576101
117,7,1421.936959
118,5,1925.680055
118,6,1636.026300
118,7,1421.936959
119,5,1925.680055
119,6,1535.055350
119,7,1421.936959
120,5,1925.680055
120,6,1535.055350
120,7,1421.936959
121,5,1925.680055
121,6,1535.055350
121,7,1421.936959
122,5,1925.680055
122,6,1535.055350
122,7,1421.936959
123,5,1925.680055
123,6,1524.552268
123,7,1421.936959
124,5,1925.680055
124,6,1524.552268
124,7,1421.936959
125,5,1925.680055
125,6,1524.552268
125,7,1421.936959
126,5,1925.680055
126,6,1524.552268
126,7,1421.936959
127,5,1925.680055
127,6,1524.552268
127,7,1421.936959
128,5,1925.680055
128,6,1524.552268
128,7,1421.936959
129,5,1925.680055
129,6,1524.552268
129,7,1421.737640
130,5,1925.680055
130,6,1524.552268
130,7,1421.737640
131,5,1925.680055
131,6,1524.552268
131,7,1421.737640
132,5,1925.680055
132,6,1524.552268
132,7,1421.737640
133,5,1925.680055
133,6,1524.552268
133,7,1421.737640
134,5,1925.680055
134,6,1524.552268
134,7,1421.737640
135,5,1925.680055
135,6,1524.552268
135,7,1421.737640
136,5,1925.680055
136,6,1524.552268
136,7,1421.737640
137,5,1925.680055
137,6,1524.552268
137,7,1421.737640
138,5,1925.680055
138,6,1524.552268
138,7,1403.014134
139,5,1925.680055
139,6,1524.552268
139,7,1403.014134
140,5,1925.680055
140,6,1524.552268
140,7,1403.014134
141,5,1925.680055
141,6,1524.552268
141,7,1403.014134
142,5,1925.680055
142,6,1524.552268
142,7,1403.014134
143,5,1925.680055
143,6,1524.552268
143,7,1394.870007
144,5,1925.680055
144,6,1524.552268
144,7,1394.870007
145,5,1925.680055
145,6,1524.552268
145,7,1394.870007
146,5,1925.680055
146,6,1524.552268
146,7,1394.870007
147,5,1925.680055
147,6,1524.552268
147,7,1394.870007
148,5,1925.680055
148,6,1524.552268
148,7,1394.870007
149,5,1925.680055
149,6,1524.552268
149,7,1394.870007
150,5,1925.680055
150,6,1524.552268
150,7,1394.870007
151,5,1925.680055
151,6,1524.552268
151,7,1394.870007
152,5,1925.680055
152,6,1524.552268
152,7,1394.870007
153,5,1912.057538
153,6,1524.552268
153,7,1394.870007
154,5,1912.057538
154,6,1524.552268
154,7,1394.870007
155,5,1912.057538
155,6,1524.552268
155,7,1394.870007
156,5,1912.057538
156,6,1524.552268
156,7,1394.870007
157,5,1912.057538
157,6,1524.552268
157,7,1394.870007
158,5,1884.628080
158,6,1524.552268
158,7,1394.870007
159,5,1884.628080
159,6,1524.552268
159,7,1394.870007
160,5,1884.628080
160,6,1524.552268
160,7,1394.870007
161,5,1884.628080
161,6,1524.552268
161,7,1394.870007
162,5,1884.628080
162,6,1524.552268
162,7,1394.870007
163,5,1884.628080
163,6,1524.552268
163,7,1393.432310
164,5,1884.628080
164,6,1524.552268
164,7,1393.432310
165,5,1884.628080
165,6,1524.552268
165,7,1393.432310
166,5,1884.628080
166,6,1524.552268
166,7,1393.432310
167,5,1884.628080
167,6,1524.552268
167,7,1393.432310
168,5,1847.598410
168,6,1524.552268
168,7,1393.432310
169,5,1847.598410
169,6,1524.552268
169,7,1393.432310
170,5,1847.598410
170,6,1524.552268
170,7,1393.432310
171,5,1847.598410
171,6,1524.552268
171,7,1393.432310
172,5,1847.598410
172,6,1524.552268
172,7,1393.432310
173,5,1847.598410
173,6,1519.853055
173,7,1390.925309
174,5,1847.598410
174,6,1519.853055
174,7,1390.925309
175,5,1847.598410
175,6,1519.853055
175,7,1390.925309
176,5,1847.598410
176,6,1519.853055
176,7,1390.925309
177,5,1847.598410
177,6,1519.853055
177,7,1390.925309
178,5,1835.245157
178,6,1519.853055
178,7,1390.925309
179,5,1835.245157
179,6,1519.853055
179,7,1390.925309
180,5,1835.245157
180,6,1519.853055
180,7,1390.925309
181,5,1835.245157
181,6,1519.853055
181,7,1390.925309
182,5,1835.245157
182,6,1519.853055
182,7,1390.925309
183,5,1835.245157
183,6,1519.853055
183,7,1390.925309
184,5,1835.245157
184,6,1519.853055
184,7,1390.925309
185,5,1835.245157
185,6,1519.853055
185,7,1390.925309
186,5,1835.245157
186,6,1519.853055
186,7,1390.925309
187,5,1835.245157
187,6,1506.158022
187,7,1390.925309
188,5,1835.245157
188,6,1487.717059
188,7,1390.925309
189,5,1835.245157
189,6,1487.717059
189,7,1390.925309
190,5,1835.245157
190,6,1487.717059
190,7,1390.925309
190,8,1389.862401
191,5,1835.245157
191,6,1487.717059
191,7,1390.925309
191,8,1389.862401
192,5,1835.245157
192,6,1487.717059
192,7,1390.925309
192,8,1389.862401
193,5,1835.245157
193,6,1482.985278
193,7,1390.925309
193,8,1389.862401
194,5,1835.245157
194,6,1482.985278
194,7,1390.925309
194,8,1389.862401
195,5,1835.245157
195,6,1482.985278
195,7,1390.925309
195,8,1389.862401
196,5,1835.245157
196,6,1482.985278
196,7,1390.925309
196,8,1389.862401
197,5,1835.245157
197,6,1482.985278
197,7,1390.925309
197,8,1389.862401
198,5,1835.245157
198,6,1468.674104
198,7,1390.925309
198,8,1381.513195
199,5,1835.245157
199,6,1468.674104
199,7,1390.925309
199,8,1381.513195
200,5,1835.245157
200,6,1468.674104
200,7,1390.925309
200,8,1381.513195
201,5,1835.245157
201,6,1468.674104
201,7,1390.925309
201,8,1381.513195
202,5,1835.245157
202,6,1468.674104
202,7,1390.925309
202,8,1381.513195
203,5,1835.245157
203,6,1468.674104
203,7,1390.925309
203,8,1381.513195
204,5,1835.245157
204,6,1468.674104
204,7,1390.925309
204,8,1381.513195
205,5,1835.245157
205,6,1468.674104
205,7,1390.925309
205,8,1381.513195
206,5,1835.245157
206,6,1468.674104
206,7,1390.925309
206,8,1381.513195
207,5,1835.245157
207,6,1468.674104
207,7,1390.925309
207,8,1381.513195
208,5,1835.245157
208,6,1468.674104
208,7,1386.867141
208,8,1381.513195
209,5,1835.245157
209,6,1468.674104
209,7,1386.867141
209,8,1381.513195
210,5,1835.245157
210,6,1468.674104
210,7,1386.867141
210,8,1381.513195
211,5,1835.245157
211,6,1468.674104
211,7,1386.867141
211,8,1381.513195
212,5,1835.245157
212,6,1468.674104
212,7,1386.867141
212,8,1381.513195
213,5,1835.245157
213,6,1416.712189
213,7,1386.867141
213,8,1381.513195
214,5,1835.245157
214,6,1416.712189
214,7,1386.867141
214,8,1381.513195
215,5,1835.245157
215,6,1416.712189
215,7,1386.867141
215,8,1381.513195
216,5,1835.245157
216,6,1416.712189
216,7,1386.867141
216,8,1381.513195
217,5,1835.245157
217,6,1416.712189
217,7,1386.867141
217,8,1381.513195
218,5,1835.245157
218,6,1416.712189
218,7,1386.867141
218,8,1381.513195
219,5,1835.245157
219,6,1416.712189
219,7,1386.867141
219,8,1381.513195
220,5,1835.245157
220,6,1416.712189
220,7,1386.867141
220,8,1381.513195
221,5,1835.245157
221,6,1416.712189
221,7,1386.867141
221,8,1381.513195
222,5,1835.245157
222,6,1416.712189
222,7,1386.867141
222,8,1381.513195
223,5,1835.245157
223,6,1416.712189
223,7,1386.867141
223,8,1381.513195
224,5,1835.245157
224,6,1416.712189
224,7,1386.867141
224,8,1381.513195
225,5,1835.245157
225,6,1416.712189
225,7,1386.867141
225,8,1381.513195
226,5,1835.245157
226,6,1416.712189
226,7,1386.867141
226,8,1381.513195
227,5,1835.245157
227,6,1416.712189
227,7,1386.867141
227,8,1381.513195
228,5,1835.245157
228,6,1416.712189
228,7,1386.867141
228,8,1381.513195
229,5,1835.245157
229,6,1416.712189
229,7,1386.867141
229,8,1381.513195
230,5,1835.245157
230,6,1416.712189
230,7,1386.867141
230,8,1381.513195
231,5,1835.245157
231,6,1416.712189
231,7,1386.867141
231,8,1381.513195
232,5,1835.245157
232,6,1416.712189
232,7,1386.867141
232,8,1381.513195
233,5,1835.245157
233,6,1416.712189
233,7,1385.291510
233,8,1381.513195
234,5,1835.245157
234,6,1416.712189
234,7,1385.291510
234,8,1381.513195
235,5,1835.245157
235,6,1416.712189
235,7,1385.291510
235,8,1381.513195
236,5,1835.245157
236,6,1416.712189
236,7,1385.291510
236,8,1381.513195
237,5,1812.652781
237,6,1416.712189
237,7,1385.291510
237,8,1381.513195
238,5,1803.741112
238,6,1416.712189
238,7,1385.291510
238,8,1381.513195
239,5,1803.741112
239,6,1416.712189
239,7,1385.291510
239,8,1381.513195
240,5,1803.741112
240,6,1416.712189
240,7,1385.291510
240,8,1381.513195
241,5,1803.741112
241,6,1416.712189
241,7,1385.291510
241,8,1381.513195
242,5,1803.741112
242,6,1416.712189
242,7,1385.291510
242,8,1381.513195
243,5,1793.575627
243,6,1402.501927
243,7,1385.291510
243,8,1381.513195
244,5,1793.575627
244,6,1402.501927
244,7,1385.291510
244,8,1381.513195
245,5,1793.575627
245,6,1402.501927
245,7,1385.291510
245,8,1381.513195
246,5,1793.575627
246,6,1402.501927
246,7,1385.291510
246,8,1381.513195
247,5,1793.575627
247,6,1402.501927
247,7,1385.291510
247,8,1381.513195
248,5,1793.575627
248,6,1402.501927
248,7,1385.291510
248,8,1381.513195
249,5,1793.575627
249,6,1402.501927
249,7,1385.291510
249,8,1381.513195
250,5,1793.575627
250,6,1402.501927
250,7,1385.291510
250,8,1381.513195
251,5,1793.575627
251,6,1402.501927
251,7,1385.291510
251,8,1381.513195
252,5,1793.575627
252,6,1402.501927
252,7,1385.291510
252,8,1381.513195
253,5,1789.513604
253,6,1402.501927
253,7,1385.291510
253,8,1381.513195
254,5,1789.513604
254,6,1402.501927
254,7,1384.216577
254,8,1381.513195
255,5,1789.513604
255,6,1402.501927
255,7,1384.216577
255,8,1381.513195
256,5,1789.513604
256,6,1402.501927
256,7,1384.216577
256,8,1381.513195
257,5,1789.513604
257,6,1402.501927
257,7,1384.216577
257,8,1381.513195
258,5,1779.267647
258,6,1397.659079
258,7,1384.216577
258,8,1381.513195
259,5,1779.267647
259,6,1397.659079
259,7,1384.216577
259,8,1381.513195
260,5,1779.267647
260,6,1397.659079
260,7,1384.216577
260,8,1381.513195
261,5,1779.267647
261,6,1397.659079
261,7,1384.216577
261,8,1381.513195
262,5,1779.267647
262,6,1397.659079
262,7,1384.216577
262,8,1381.513195
263,5,1767.748464
263,6,1397.659079
263,7,1384.216577
263,8,1381.513195
264,5,1767.748464
264,6,1397.659079
264,7,1384.216577
264,8,1381.513195
265,5,1767.748464
265,6,1397.659079
265,7,1384.216577
265,8,1381.513195
266,5,1767.748464
266,6,1397.659079
266,7,1379.373729
267,5,1767.748464
267,6,1397.659079
267,7,1379.373729
268,5,1767.748464
268,6,1397.659079
268,7,1379.373729
269,5,1767.748464
269,6,1397.659079
269,7,1379.373729
270,5,1767.748464
270,6,1397.659079
270,7,1379.373729
271,5,1767.748464
271,6,1397.659079
271,7,1379.373729
272,5,1767.748464
272,6,1397.659079
272,7,1379.373729
273,5,1737.523699
273,6,1397.659079
273,7,1379.373729
274,5,1737.523699
274,6,1397.659079
274,7,1379.373729
275,5,1737.523699
275,6,1397.659079
275,7,1379.373729
276,5,1737.523699
276,6,1397.659079
276,7,1379.373729
277,5,1737.523699
277,6,1397.659079
277,7,1379.373729
278,5,1737.523699
278,6,1397.659079
278,7,1379.373729
279,5,1737.523699
279,6,1397.659079
279,7,1379.373729
280,5,1737.523699
280,6,1397.659079
280,7,1379.373729
281,5,1737.523699
281,6,1397.659079
281,7,1379.373729
282,5,1737.523699
282,6,1397.659079
282,7,1379.373729
283,5,1737.523699
283,6,1397.659079
283,7,1379.373729
284,5,1737.523699
284,6,1397.659079
284,7,1379.373729
285,5,1737.523699
285,6,1397.659079
285,7,1379.373729
286,5,1737.523699
286,6,1397.659079
286,7,1379.373729
287,5,1737.523699
287,6,1397.659079
287,7,1379.373729
288,5,1737.523699
288,6,1397.659079
288,7,1378.100506
289,5,1737.523699
289,6,1397.659079
289,7,1378.100506
290,5,1733.785396
290,6,1397.659079
290,7,1378.100506
291,5,1733.785396
291,6,1397.659079
291,7,1378.100506
292,5,1733.785396
292,6,1397.659079
292,7,1378.100506
293,5,1709.614729
293,6,1397.659079
293,7,1378.100506
294,5,1709.614729
294,6,1397.659079
294,7,1378.100506
295,5,1709.614729
295,6,1397.659079
295,7,1378.100506
296,5,1709.614729
296,6,1397.659079
296,7,1378.100506
297,5,1709.614729
297,6,1397.659079
297,7,1378.100506
298,5,1705.365095
298,6,1397.659079
298,7,1378.100506
299,5,1705.365095
299,6,1397.659079
299,7,1378.100506
300,5,1705.365095
300,6,1397.659079
300,7,1378.100506
301,5,1705.365095
301,6,1397.659079
301,7,1378.100506
302,5,1705.365095
302,6,1397.659079
302,7,1378.100506
303,5,1705.365095
303,6,1397.659079
303,7,1378.100506
304,5,1705.365095
304,6,1397.659079
304,7,1378.100506
305,5,1705.365095
305,6,1397.659079
305,7,1378.100506
306,5,1705.365095
306,6,1397.659079
306,7,1378.100506
307,5,1705.365095
307,6,1397.659079
307,7,1378.100506
308,5,1705.365095
308,6,1397.659079
308,7,1378.100506
309,5,1705.365095
309,6,1397.659079
309,7,1378.100506
310,5,1705.365095
310,6,1397.659079
310,7,1378.100506
311,5,1705.365095
311,6,1397.659079
311,7,1378.100506
312,5,1705.365095
312,6,1397.659079
312,7,1378.100506
313,5,1651.462507
313,6,1397.659079
313,7,1378.100506
314,5,1651.462507
314,6,1397.659079
314,7,1378.100506
315,5,1651.462507
315,6,1397.659079
315,7,1378.100506
316,5,1651.462507
316,6,1397.659079
316,7,1378.100506
317,5,1651.462507
317,6,1397.659079
317,7,1378.100506
318,5,1651.462507
318,6,1397.659079
318,7,1378.100506
319,5,1651.462507
319,6,1397.659079
319,7,1378.100506
320,5,1651.462507
320,6,1397.659079
320,7,1378.100506
321,5,1651.462507
321,6,1397.659079
321,7,1378.100506
322,5,1651.462507
322,6,1397.659079
322,7,1378.100506
323,5,1651.462507
323,6,1397.659079
323,7,1378.100506
324,5,1651.462507
324,6,1397.659079
324,7,1378.100506
325,5,1651.462507
325,6,1397.659079
325,7,1378.100506
326,5,1651.462507
326,6,1397.659079
326,7,1378.100506
327,5,1651.462507
327,6,1397.659079
327,7,1378.100506
328,5,1651.462507
328,6,1397.659079
328,7,1378.100506
329,5,1651.462507
329,6,1397.659079
329,7,1378.100506
330,5,1651.462507
330,6,1397.659079
330,7,1378.100506
