Generation,NV,TOC
1,53,23331.620757
1,56,19780.736333
1,59,18460.836783
1,65,18292.290143
1,68,16250.167052
1,81,16204.216753
1,83,16069.818877
1,87,15940.611103
1,92,15864.979761
1,105,15798.934096
1,106,15776.639289
1,109,15372.145257
1,117,15277.706386
1,157,15093.369968
2,53,23331.620757
2,55,19620.549722
2,59,18460.836783
2,64,18047.774756
2,68,16250.167052
2,70,16242.828730
2,74,15863.690027
2,78,15846.557843
2,97,15014.333249
3,53,23331.620757
3,54,20509.998998
3,55,19620.549722
3,58,19420.585977
3,59,18460.836783
3,64,18047.774756
3,65,17937.381873
3,67,17039.786731
3,68,16250.167052
3,70,16242.828730
3,72,16046.431498
3,74,15863.690027
3,75,15376.744536
3,97,15014.333249
3,102,14871.333050
3,108,14726.930814
4,53,23331.620757
4,54,20509.998998
4,55,19620.549722
4,56,18062.083347
4,60,17857.989605
4,64,15688.091102
4,69,15656.417110
4,73,15288.894467
4,92,15247.739189
4,97,15014.333249
4,102,14871.333050
4,103,14819.688444
4,108,14712.715920
4,115,14648.134324
5,53,20630.549989
5,54,19927.840973
5,55,19620.549722
5,56,18062.083347
5,60,17857.989605
5,62,15840.616445
5,64,15688.091102
5,69,15434.524518
5,73,15288.894467
5,83,15057.320779
5,95,15029.647749
5,97,15014.333249
5,102,14871.333050
5,103,14819.688444
5,104,14772.619475
5,107,14759.326738
5,108,14712.715920
5,110,14698.253897
5,115,14639.356059
6,53,20630.549989
6,54,19927.840973
6,55,19620.549722
6,56,18062.083347
6,60,16309.704518
6,62,15840.616445
6,64,15688.091102
6,68,15637.551070
6,69,15434.524518
6,70,15041.235692
6,82,14980.323727
6,83,14847.876068
6,94,14694.433471
6,106,14591.751197
6,114,14507.377776
7,53,20630.549989
7,54,19927.840973
7,55,17355.884535
7,60,16309.704518
7,62,15840.616445
7,64,15688.091102
7,68,15637.551070
7,69,15434.524518
7,70,15041.235692
7,75,15021.882234
7,82,14980.323727
7,83,14847.876068
7,91,14688.128737
7,105,14627.629529
7,106,14591.751197
7,114,14507.377776
8,52,20755.009461
8,53,20630.549989
8,54,18864.517715
8,55,17355.884535
8,60,16309.704518
8,62,15840.616445
8,64,15688.091102
8,68,15593.511458
8,69,15434.524518
8,70,15041.235692
8,75,15021.882234
8,76,14843.988524
8,78,14741.492536
8,91,14688.128737
8,105,14627.629529
8,106,14591.751197
8,114,14507.377776
9,50,18077.184249
9,55,17355.884535
9,58,16876.550397
9,59,16342.993423
9,60,16309.704518
9,62,15840.616445
9,64,15688.091102
9,68,15593.511458
9,69,15337.149261
9,70,15041.235692
9,71,14725.628638
9,79,14407.136959
10,50,18077.184249
10,55,17355.884535
10,58,16876.550397
10,59,16342.993423
10,60,16309.704518
10,62,15840.616445
10,64,15688.091102
10,66,15606.642576
10,68,15452.113446
10,69,15337.149261
10,70,14959.412244
10,71,14626.061882
10,79,14407.136959
11,50,18077.184249
11,52,17754.544328
11,55,17355.884535
11,56,16730.320033
11,57,16276.961631
11,59,15750.395178
11,64,15173.555643
11,70,14637.832743
11,71,14474.319610
11,74,14461.728803
11,79,14400.247988
11,87,14392.392057
12,50,18077.184249
12,52,17754.544328
12,55,17037.190009
12,56,16608.286038
12,57,16276.961631
12,59,15750.395178
12,61,15514.061677
12,63,15356.618444
12,64,15173.555643
12,68,15037.422777
12,70,14637.832743
12,71,14474.319610
12,73,14470.432271
12,74,14461.728803
12,79,14400.247988
12,87,14392.392057
12,90,14074.683302
13,50,18077.184249
13,52,17754.544328
13,55,17037.190009
13,56,16518.824092
13,57,16276.961631
13,59,15478.656059
13,62,14930.871710
13,67,14928.316473
13,68,14580.954170
13,70,14333.782185
13,90,13935.273249
14,50,18077.184249
14,52,17754.544328
14,53,17234.152558
14,55,17037.190009
14,56,16337.327370
14,57,16276.961631
14,59,15478.656059
14,62,14930.871710
14,67,14906.043135
14,68,14580.954170
14,70,14326.249880
14,88,13896.694057
15,50,18077.184249
15,52,17754.544328
15,53,17234.152558
15,55,17037.190009
15,56,16337.327370
15,57,15838.066410
15,59,15478.656059
15,62,14930.871710
15,67,14906.043135
15,68,14580.954170
15,70,14326.249880
15,71,14159.373139
15,86,13926.676804
15,88,13896.694057
16,50,18077.184249
16,52,17341.584787
16,53,17076.889638
16,54,16828.946707
16,55,16262.164745
16,57,15549.538648
16,58,15486.873965
16,59,15478.656059
16,61,15033.375627
16,62,14834.632910
16,64,14676.664498
16,66,14523.916908
16,67,13711.840795
17,50,15897.988986
17,55,15605.334840
17,57,15549.538648
17,58,15486.873965
17,59,15478.656059
17,60,14865.174593
17,62,14834.632910
17,64,14676.664498
17,66,14386.803534
17,67,13711.840795
17,73,13679.290640
18,49,19215.996789
18,50,15897.988986
18,55,15605.334840
18,57,15549.538648
18,58,15452.458924
18,60,14865.174593
18,61,14683.743851
18,64,14676.664498
18,66,14386.803534
18,67,13711.840795
18,72,13580.907714
19,49,19215.996789
19,50,15897.988986
19,54,15501.999230
19,55,14853.915471
19,58,14485.200856
19,60,14427.498810
19,61,14292.877575
19,64,14080.515827
19,67,13711.840795
19,72,13580.907714
20,48,19250.422531
20,49,19215.996789
20,50,15897.988986
20,54,15501.999230
20,55,14853.915471
20,57,14712.853280
20,58,14485.200856
20,60,14427.498810
20,61,14292.877575
20,64,13710.136069
20,71,13583.306295
20,72,13580.907714
21,48,19250.422531
21,49,15887.767904
21,53,15423.027708
21,54,14602.407000
21,57,14255.959214
21,61,13873.974258
21,63,13797.996983
21,64,13442.925947
22,48,18625.464601
22,49,15887.767904
22,53,15423.027708
22,54,14602.407000
22,57,14255.959214
22,59,14210.272402
22,60,13975.201609
22,61,13873.974258
22,62,13823.371240
22,63,13797.996983
22,64,13442.925947
22,66,13436.813087
23,47,18668.090450
23,48,18625.464601
23,49,15887.767904
23,53,15423.027708
23,54,14602.407000
23,55,14343.551825
23,57,14255.959214
23,58,14127.252335
23,60,13975.201609
23,61,13781.753631
23,64,13442.925947
23,66,13436.813087
24,47,18668.090450
24,48,18625.464601
24,49,15887.767904
24,51,15736.641826
24,53,15423.027708
24,54,14602.407000
24,55,14343.551825
24,57,14255.959214
24,58,14127.252335
24,60,13975.201609
24,61,13781.753631
24,64,13442.925947
24,66,13436.813087
25,47,18668.090450
25,48,18621.494132
25,49,15887.767904
25,51,15736.641826
25,53,15423.027708
25,54,14602.407000
25,55,14343.551825
25,57,14255.959214
25,58,14127.252335
25,60,13975.201609
25,61,13781.753631
25,64,13442.925947
25,66,13436.813087
25,68,13433.128737
25,69,13418.712893
25,72,13359.614385
26,47,18668.090450
26,48,18621.494132
26,49,15887.767904
26,51,15736.641826
26,53,15423.027708
26,54,14602.407000
26,55,14265.800844
26,57,14161.551390
26,58,14046.292737
26,60,13933.825878
26,61,13749.902093
26,64,13393.381364
26,65,13390.031958
26,72,13319.279081
27,47,18668.090450
27,48,18577.363729
27,49,15887.767904
27,51,15736.641826
27,53,15188.274489
27,54,14602.407000
27,55,14265.800844
27,57,14161.551390
27,58,14046.292737
27,60,13933.825878
27,61,13749.902093
27,64,13393.381364
27,65,13390.031958
27,72,13319.279081
28,46,18855.911067
28,47,18668.090450
28,48,18577.363729
28,49,15887.767904
28,51,15736.641826
28,53,15188.274489
28,54,14602.407000
28,55,14265.800844
28,57,14161.551390
28,58,14046.292737
28,60,13933.825878
28,61,13749.902093
28,64,13393.381364
28,65,13390.031958
28,71,13163.953492
29,46,18855.911067
29,47,18577.892572
29,48,18400.621875
29,49,15297.336824
29,53,15188.274489
29,54,14602.407000
29,55,14265.800844
29,57,14161.551390
29,58,14046.292737
29,60,13933.825878
29,61,13749.902093
29,64,13393.381364
29,65,13390.031958
29,68,13387.569684
29,71,13163.953492
30,46,18855.911067
30,47,18547.783770
30,48,18400.621875
30,49,15297.336824
30,53,15188.274489
30,54,14602.407000
30,55,14265.800844
30,57,14161.551390
30,58,14046.292737
30,60,13933.825878
30,61,13749.902093
30,64,13393.381364
30,65,13390.031958
30,68,13387.569684
30,69,13224.606067
30,70,13094.250071
31,46,18855.911067
31,47,18547.783770
31,48,18306.149962
31,49,15297.336824
31,53,15188.274489
31,54,14602.407000
31,55,14265.800844
31,57,14029.163348
31,60,13866.497009
31,61,13653.922108
31,63,13380.558255
31,67,13256.611846
31,69,13205.533548
31,70,13041.796713
31,71,13029.509968
32,46,18855.911067
32,47,18547.783770
32,48,18306.149962
32,49,15297.336824
32,52,15056.909547
32,54,14602.407000
32,55,14265.800844
32,57,14029.163348
32,60,13866.497009
32,61,13653.922108
32,63,13380.558255
32,64,13377.092277
32,67,13256.611846
32,69,13205.533548
32,70,13041.796713
32,71,13029.509968
33,46,18855.911067
33,47,18547.783770
33,48,15694.191655
33,49,15297.336824
33,51,14887.171669
33,54,14602.407000
33,55,14265.800844
33,57,14029.163348
33,60,13866.497009
33,61,13653.922108
33,63,13380.558255
33,64,13377.092277
33,67,13256.611846
33,69,13205.533548
33,70,13041.796713
33,71,13029.509968
34,46,18855.911067
34,47,18273.342950
34,48,15694.191655
34,49,15297.336824
34,51,14887.171669
34,54,14602.407000
34,55,14265.800844
34,57,14029.163348
34,58,13371.417329
34,67,13256.611846
34,68,13155.125456
34,70,13041.796713
34,71,13029.509968
35,46,18855.911067
35,47,18163.857537
35,48,15694.191655
35,49,15297.336824
35,50,15080.610506
35,51,14887.171669
35,54,14602.407000
35,55,14265.800844
35,57,14029.163348
35,58,13371.417329
35,67,13234.468595
35,68,13155.125456
35,70,13041.796713
35,71,13029.509968
36,46,18855.911067
36,47,18163.857537
36,48,15694.191655
36,49,15297.336824
36,50,14749.333172
36,54,14204.795582
36,57,14007.874923
36,58,13371.417329
36,67,13234.468595
36,68,13035.632986
36,69,12975.671207
37,46,18855.911067
37,47,18163.857537
37,48,15694.191655
37,49,15297.336824
37,50,14749.333172
37,54,14204.795582
37,56,13739.625044
37,58,13371.417329
37,65,13086.411408
37,68,13035.632986
37,69,12975.671207
38,45,18101.428528
38,48,15694.191655
38,49,15297.336824
38,50,14749.333172
38,54,14204.795582
38,56,13739.625044
38,58,13371.417329
38,59,13347.389181
38,60,13298.074381
38,65,13086.411408
38,68,13035.632986
38,69,12975.671207
39,45,18101.428528
39,47,16804.661944
39,48,15694.191655
39,49,15297.336824
39,50,14749.333172
39,54,14204.795582
39,56,13739.625044
39,58,13371.417329
39,59,13347.389181
39,60,13298.074381
39,61,13290.291771
39,64,13257.806738
39,65,13086.411408
39,68,13035.632986
39,69,12975.671207
40,45,18101.428528
40,47,16804.661944
40,48,15694.191655
40,49,15297.336824
40,50,14749.333172
40,54,14204.795582
40,56,13739.625044
40,58,13371.417329
40,59,13347.389181
40,60,13298.074381
40,61,13290.291771
40,63,13225.009700
40,65,13086.411408
40,68,13035.632986
40,69,12975.671207
41,45,17972.837940
41,47,16804.661944
41,48,15694.191655
41,49,15297.336824
41,50,14749.333172
41,53,14163.881821
41,56,13712.388248
41,58,13371.417329
41,59,13317.568621
41,60,13251.443355
41,63,13201.906376
41,64,13074.281039
41,68,13019.029742
41,69,12956.142592
42,45,17972.837940
42,46,17721.654040
42,47,16804.661944
42,48,15694.191655
42,49,15297.336824
42,50,14749.333172
42,53,14163.881821
42,56,13712.388248
42,58,13371.417329
42,59,13317.568621
42,60,13251.443355
42,62,13232.647804
42,63,13201.906376
42,64,13074.281039
42,68,13019.029742
42,69,12956.142592
43,45,17972.837940
43,46,17601.582124
43,47,16804.661944
43,48,15694.191655
43,49,15297.336824
43,50,14749.333172
43,52,14548.231755
43,53,14163.881821
43,56,13712.388248
43,58,13371.417329
43,59,13317.568621
43,60,13145.765719
43,61,13135.108909
43,64,13074.281039
43,68,13019.029742
43,69,12956.142592
44,45,17972.837940
44,46,17601.582124
44,47,16208.220857
44,48,14814.934382
44,50,14749.333172
44,52,14548.231755
44,53,14163.881821
44,55,13693.844277
44,58,13371.417329
44,59,13317.568621
44,60,13145.765719
44,61,13135.108909
44,64,13074.281039
44,68,13019.029742
44,69,12956.142592
44,74,12942.506538
45,45,17972.837940
45,46,17601.582124
45,47,16208.220857
45,48,14814.934382
45,50,14749.333172
45,52,14548.231755
45,53,14163.881821
45,55,13693.844277
45,58,13371.417329
45,59,13317.568621
45,60,13145.765719
45,61,13135.108909
45,63,13096.129921
45,64,13074.281039
45,68,13019.029742
45,69,12956.142592
45,74,12942.506538
45,75,12939.746982
46,45,17972.837940
46,46,17601.582124
46,47,16208.220857
46,48,14814.934382
46,50,14749.333172
46,52,13993.441376
46,55,13620.327795
46,57,13241.279662
46,60,13123.627683
46,62,13030.676150
46,64,12983.116599
46,67,12914.648739
46,72,12823.734104
47,45,17972.837940
47,46,17601.582124
47,47,16208.220857
47,48,14814.934382
47,50,14749.333172
47,52,13993.441376
47,55,13620.327795
47,57,13241.279662
47,58,13133.644690
47,60,13123.627683
47,62,13030.676150
47,64,12983.116599
47,67,12914.648739
47,72,12823.734104
48,45,17972.837940
48,46,17601.582124
48,47,16208.220857
48,48,14814.934382
48,50,14749.333172
48,52,13993.441376
48,55,13620.327795
48,57,13241.279662
48,58,13133.644690
48,60,13123.627683
48,62,13030.676150
48,64,12983.116599
48,67,12914.648739
48,72,12823.734104
49,45,17972.837940
49,46,17601.582124
49,47,16208.220857
49,48,14814.934382
49,50,14631.776550
49,52,13993.441376
49,55,13620.327795
49,57,13241.279662
49,58,13133.644690
49,60,13123.627683
49,62,13030.676150
49,64,12983.116599
49,67,12914.648739
49,72,12823.734104
50,45,17972.837940
50,46,17601.582124
50,47,16135.689490
50,48,14814.934382
50,50,14631.776550
50,52,13993.441376
50,55,13620.327795
50,57,13241.279662
50,58,13133.644690
50,60,13123.627683
50,61,12967.960508
50,65,12954.701907
50,67,12914.648739
50,72,12823.734104
51,45,17972.837940
51,46,17601.582124
51,47,16135.689490
51,48,14814.934382
51,49,14750.890686
51,50,14412.517678
51,51,13899.328635
51,54,13587.621600
51,57,13241.279662
51,58,12957.258647
51,65,12927.089694
51,67,12896.086484
51,72,12822.534049
52,45,17972.837940
52,46,17601.582124
52,47,16135.689490
52,48,14814.934382
52,49,14750.890686
52,50,14412.517678
52,51,13899.328635
52,54,13587.621600
52,56,13562.255513
52,57,13241.279662
52,58,12957.258647
52,61,12904.989518
52,67,12896.086484
52,72,12822.534049
53,45,17972.837940
53,46,16902.610904
53,47,16135.689490
53,48,14814.934382
53,49,14750.890686
53,50,14412.517678
53,51,13899.328635
53,54,13587.621600
53,56,13562.255513
53,57,13241.279662
53,58,12957.258647
53,61,12904.989518
53,67,12896.086484
53,72,12822.534049
54,45,17972.837940
54,46,16902.610904
54,47,16135.689490
54,48,14814.934382
54,49,14750.890686
54,50,14412.517678
54,51,13899.328635
54,54,13587.621600
54,56,13562.255513
54,57,13202.155725
54,58,12957.258647
54,61,12904.989518
54,63,12861.722312
54,72,12822.534049
55,45,17972.837940
55,46,16902.610904
55,47,15715.442306
55,48,14814.934382
55,49,14750.890686
55,50,14412.517678
55,51,13899.328635
55,54,13587.621600
55,56,13562.255513
55,57,13202.155725
55,58,12957.258647
55,61,12904.989518
55,63,12861.722312
55,72,12822.534049
56,45,17972.837940
56,46,16902.610904
56,47,15715.442306
56,48,14814.934382
56,49,14750.890686
56,50,14412.517678
56,51,13820.045061
56,54,13557.019368
56,56,13421.886811
56,57,13075.608551
56,58,12920.137693
56,61,12886.822395
56,62,12775.980751
56,65,12717.452483
57,45,17811.095420
57,46,16902.610904
57,47,15715.442306
57,48,14814.934382
57,49,14750.890686
57,50,14412.517678
57,51,13820.045061
57,54,13557.019368
57,56,13390.904385
57,57,13075.608551
57,58,12920.137693
57,61,12886.822395
57,62,12775.980751
57,65,12717.452483
58,45,17811.095420
58,46,16902.610904
58,47,15715.442306
58,48,14814.934382
58,49,14750.890686
58,50,14412.517678
58,51,13820.045061
58,54,13557.019368
58,56,13390.904385
58,57,13075.608551
58,58,12920.137693
58,61,12886.822395
58,62,12753.501164
58,65,12717.452483
59,45,17811.095420
59,46,16902.610904
59,47,15715.442306
59,48,14814.934382
59,49,14750.890686
59,50,14412.517678
59,51,13820.045061
59,54,13557.019368
59,56,13390.904385
59,57,13075.608551
59,58,12920.137693
59,59,12864.156443
59,62,12753.501164
59,65,12717.452483
60,45,17811.095420
60,46,16902.610904
60,47,15715.442306
60,48,14814.934382
60,49,14750.890686
60,50,14412.517678
60,51,13820.045061
60,54,13557.019368
60,56,13390.904385
60,57,13075.608551
60,58,12920.137693
60,59,12864.156443
60,62,12753.501164
60,65,12717.452483
61,45,17603.519061
61,46,16902.610904
61,47,15715.442306
61,48,14814.934382
61,49,14604.688886
61,50,14412.517678
61,51,13805.900711
61,54,13454.095108
61,56,13390.904385
61,57,13075.608551
61,58,12890.265861
61,59,12837.893216
61,62,12753.501164
61,65,12676.005508
62,44,17734.377254
62,45,17603.519061
62,46,16902.610904
62,47,15715.442306
62,48,14814.934382
62,49,14604.688886
62,50,14412.517678
62,51,13805.900711
62,54,13454.095108
62,56,13390.904385
62,57,13075.608551
62,58,12890.265861
62,59,12837.893216
62,62,12753.501164
62,65,12676.005508
63,44,17734.377254
63,45,17603.519061
63,46,16902.610904
63,47,15715.442306
63,48,14814.934382
63,49,14604.688886
63,50,14412.517678
63,51,13805.900711
63,54,13454.095108
63,56,13390.904385
63,57,13075.608551
63,58,12890.265861
63,59,12837.893216
63,62,12753.501164
63,65,12676.005508
64,44,17734.377254
64,45,16927.659649
64,46,16902.610904
64,47,15715.442306
64,48,14814.934382
64,49,14604.688886
64,50,14412.517678
64,51,13805.900711
64,54,13454.095108
64,56,13390.904385
64,57,13075.608551
64,58,12890.265861
64,59,12837.893216
64,61,12782.499745
64,62,12753.501164
64,65,12676.005508
65,44,17710.688368
65,45,16927.659649
65,46,16902.610904
65,47,15715.442306
65,48,14814.934382
65,49,14604.688886
65,50,14412.517678
65,51,13805.900711
65,54,13454.095108
65,56,13390.904385
65,57,13075.608551
65,58,12890.265861
65,59,12837.893216
65,61,12782.499745
65,62,12686.495204
65,65,12676.005508
66,44,17710.688368
66,45,16927.659649
66,46,16902.610904
66,47,15715.442306
66,48,14814.934382
66,49,14223.350975
66,50,13770.340711
66,54,13391.027835
66,56,13319.399388
66,57,13075.608551
66,58,12862.691799
66,59,12740.908284
66,62,12664.275686
66,63,12561.164828
67,44,17710.688368
67,45,16927.659649
67,46,16902.610904
67,47,15377.573909
67,48,14814.934382
67,49,14223.350975
67,50,13770.340711
67,54,13391.027835
67,56,13319.399388
67,57,13075.608551
67,58,12862.691799
67,59,12740.908284
67,62,12664.275686
67,63,12561.164828
68,44,17130.842670
68,45,16927.659649
68,46,16902.610904
68,47,15377.573909
68,48,14814.934382
68,49,14223.350975
68,50,13770.340711
68,54,13391.027835
68,56,13319.399388
68,57,12850.726621
68,59,12740.908284
68,62,12664.275686
68,63,12561.164828
69,43,18087.999212
69,44,16582.789137
69,47,15377.573909
69,48,14814.934382
69,49,14223.350975
69,50,13770.340711
69,54,13391.027835
69,56,13319.399388
69,57,12850.726621
69,59,12740.908284
69,62,12664.275686
69,63,12561.164828
70,43,18087.999212
70,44,16582.789137
70,46,16283.766936
70,47,15377.573909
70,48,14814.934382
70,49,14223.350975
70,50,13770.340711
70,54,13391.027835
70,56,13319.399388
70,57,12850.726621
70,59,12740.908284
70,62,12664.275686
70,63,12561.164828
70,64,12532.717343
71,43,18028.524519
71,44,16582.789137
71,46,16283.766936
71,47,15377.573909
71,48,14814.934382
71,49,13876.150912
71,50,13689.187224
71,54,13386.959500
71,56,13281.478789
71,57,12761.253115
71,59,12656.988385
71,62,12627.387989
71,63,12561.164828
71,64,12504.745330
72,43,18028.524519
72,44,16582.789137
72,46,16283.766936
72,47,15377.573909
72,48,14814.934382
72,49,13876.150912
72,50,13689.187224
72,54,13386.959500
72,56,13281.478789
72,57,12761.253115
72,59,12656.988385
72,62,12627.387989
72,63,12561.164828
72,64,12504.745330
73,43,18028.524519
73,44,16582.789137
73,46,16283.766936
73,47,15377.573909
73,48,14814.934382
73,49,13876.150912
73,50,13689.187224
73,54,13386.959500
73,56,13281.478789
73,57,12761.253115
73,59,12656.988385
73,60,12650.921820
73,62,12627.387989
73,63,12561.164828
73,64,12504.745330
74,43,17320.768576
74,44,16582.789137
74,46,16283.766936
74,47,15377.573909
74,48,14814.934382
74,49,13876.150912
74,50,13689.187224
74,54,13386.959500
74,55,13098.350706
74,57,12761.253115
74,59,12656.988385
74,60,12650.921820
74,62,12627.387989
74,63,12561.164828
74,64,12504.745330
75,43,16959.572578
75,44,16582.789137
75,46,16283.766936
75,47,15377.573909
75,48,14814.934382
75,49,13834.577336
75,50,13689.187224
75,54,13386.959500
75,55,13098.350706
75,57,12761.253115
75,59,12656.988385
75,60,12650.921820
75,62,12627.387989
75,63,12561.164828
75,64,12504.745330
75,65,12476.247623
76,43,16959.572578
76,44,16582.789137
76,46,16283.766936
76,47,15377.573909
76,48,14814.934382
76,49,13834.577336
76,50,13689.187224
76,53,13340.619183
76,55,13038.660952
76,57,12742.912177
76,59,12656.988385
76,60,12604.495162
76,62,12539.349882
76,63,12524.793220
76,64,12485.844577
76,65,12476.247623
76,67,12472.403536
77,43,16959.572578
77,44,16582.789137
77,45,16312.196457
77,46,16283.766936
77,47,15377.573909
77,48,14814.934382
77,49,13834.577336
77,50,13689.187224
77,53,13340.619183
77,54,13323.147486
77,55,13038.660952
77,57,12742.912177
77,59,12656.988385
77,60,12604.495162
77,62,12539.349882
77,63,12524.793220
77,64,12485.844577
77,65,12476.247623
77,67,12472.403536
78,43,16959.572578
78,44,16582.789137
78,45,16312.196457
78,46,16086.693705
78,47,15377.573909
78,48,14814.934382
78,49,13834.577336
78,50,13689.187224
78,53,13340.619183
78,54,13323.147486
78,55,13038.660952
78,56,12936.392605
78,57,12742.912177
78,59,12656.988385
78,60,12604.495162
78,62,12539.349882
78,63,12524.793220
78,64,12485.844577
78,65,12476.247623
78,67,12472.403536
79,43,16959.572578
79,44,16535.402783
79,45,16312.196457
79,46,16086.693705
79,47,15377.573909
79,48,14814.934382
79,49,13834.577336
79,50,13689.187224
79,53,13340.619183
79,54,13323.147486
79,55,13038.660952
79,56,12801.038139
79,57,12742.912177
79,59,12656.988385
79,60,12604.495162
79,62,12539.349882
79,63,12512.627096
79,64,12485.844577
79,65,12476.247623
79,66,12441.243829
80,43,16959.572578
80,44,16535.402783
80,45,16312.196457
80,46,16086.693705
80,47,15377.573909
80,48,14814.934382
80,49,13834.577336
80,50,13689.187224
80,53,13340.619183
80,54,13323.147486
80,55,13038.660952
80,56,12801.038139
80,57,12731.327449
80,58,12609.344693
80,60,12604.495162
80,62,12539.349882
80,63,12512.627096
80,64,12485.844577
80,65,12476.247623
80,66,12441.243829
81,43,16959.572578
81,44,16535.402783
81,45,15621.588316
81,47,15377.573909
81,48,14814.934382
81,49,13834.577336
81,50,13689.187224
81,53,13340.619183
81,54,13323.147486
81,55,13003.650684
81,56,12753.640278
81,57,12712.065084
81,58,12609.344693
81,60,12578.677496
81,62,12491.572230
81,63,12491.102947
81,64,12485.844577
81,65,12447.340753
81,66,12399.234480
82,43,16959.572578
82,44,16535.402783
82,45,15621.588316
82,47,15377.573909
82,48,14814.934382
82,49,13834.577336
82,50,13689.187224
82,53,13340.619183
82,54,13323.147486
82,55,12746.370800
82,57,12712.065084
82,58,12609.344693
82,60,12578.677496
82,62,12491.572230
82,63,12491.102947
82,64,12485.844577
82,65,12447.340753
82,66,12399.234480
83,43,16959.572578
83,44,16535.402783
83,45,15621.588316
83,46,15427.629732
83,47,15377.573909
83,48,14814.934382
83,49,13834.577336
83,50,13689.187224
83,52,13298.912493
83,55,12746.370800
83,57,12712.065084
83,58,12609.344693
83,60,12578.677496
83,62,12491.572230
83,63,12491.102947
83,64,12485.844577
83,65,12447.340753
83,66,12399.234480
84,43,16959.572578
84,44,16535.402783
84,45,15621.588316
84,46,15427.629732
84,47,15377.573909
84,48,14814.934382
84,49,13834.577336
84,50,13689.187224
84,52,13298.912493
84,55,12746.370800
84,57,12712.065084
84,58,12609.344693
84,60,12578.677496
84,62,12491.572230
84,63,12491.102947
84,64,12485.844577
84,65,12447.340753
84,66,12399.234480
85,43,16959.572578
85,44,16322.147354
85,45,15621.588316
85,46,15427.629732
85,47,15377.573909
85,48,14814.934382
85,49,13834.577336
85,50,13689.187224
85,52,13298.912493
85,55,12746.370800
85,57,12630.265998
85,58,12609.344693
85,60,12578.677496
85,62,12491.572230
85,63,12491.102947
85,64,12485.844577
85,65,12447.340753
85,66,12399.234480
86,43,16959.572578
86,44,15535.666851
86,46,15427.629732
86,47,15377.573909
86,48,13780.977336
86,50,13640.260914
86,52,13200.244513
86,55,12634.771396
86,57,12612.238312
86,58,12519.455599
86,60,12451.791478
86,63,12346.081986
87,43,16959.572578
87,44,15535.666851
87,46,15427.629732
87,47,15377.573909
87,48,13780.977336
87,50,13640.260914
87,52,13200.244513
87,54,12765.960065
87,55,12634.771396
87,57,12463.877632
87,60,12451.791478
87,63,12346.081986
88,42,16282.635863
88,44,15535.666851
88,46,15427.629732
88,47,15377.573909
88,48,13780.977336
88,50,13640.260914
88,52,13200.244513
88,54,12765.960065
88,55,12634.771396
88,57,12463.877632
88,60,12451.791478
88,63,12346.081986
89,42,16282.635863
89,44,15535.666851
89,46,15427.629732
89,47,15377.573909
89,48,13780.977336
89,50,13640.260914
89,52,13200.244513
89,54,12765.960065
89,55,12634.771396
89,57,12463.877632
89,60,12451.791478
89,62,12442.265085
89,63,12346.081986
90,42,16282.635863
90,43,15925.845309
90,44,15535.666851
90,46,15284.643034
90,48,13780.977336
90,50,13640.260914
90,52,13200.244513
90,54,12731.644737
90,55,12634.771396
90,57,12463.877632
90,60,12451.791478
90,62,12442.265085
90,63,12346.081986
91,42,16282.635863
91,43,15925.845309
91,44,15535.666851
91,46,14757.181968
91,47,13571.544685
91,52,13200.244513
91,54,12717.055414
91,55,12628.815314
91,57,12428.727442
91,60,12385.913579
91,62,12313.602792
92,42,16282.635863
92,43,15925.845309
92,44,15535.666851
92,46,14757.181968
92,47,13571.544685
92,52,13200.244513
92,54,12717.055414
92,55,12628.815314
92,57,12428.727442
92,60,12385.913579
92,62,12313.602792
93,42,16282.635863
93,43,15925.845309
93,44,15535.666851
93,45,14077.655618
93,47,13571.544685
93,51,12868.679891
93,54,12717.055414
93,55,12628.815314
93,57,12428.727442
93,60,12385.913579
93,62,12313.602792
94,42,16282.635863
94,43,15925.845309
94,44,15419.075632
94,45,14077.655618
94,47,13571.544685
94,51,12868.679891
94,54,12687.724068
94,55,12628.815314
94,56,12588.300703
94,57,12428.727442
94,60,12385.913579
94,62,12313.602792
95,42,16282.635863
95,43,15925.845309
95,44,15419.075632
95,45,14077.655618
95,47,13571.544685
95,51,12868.679891
95,54,12687.724068
95,55,12626.603523
95,56,12588.300703
95,57,12428.727442
95,60,12385.913579
95,62,12313.602792
96,42,16282.635863
96,43,15560.602317
96,44,14893.705039
96,45,14077.655618
96,47,13507.783900
96,50,12773.703677
96,53,12527.757181
96,57,12375.210519
96,59,12339.710361
96,62,12263.198378
97,42,16282.635863
97,43,15560.602317
97,44,14893.705039
97,45,14077.655618
97,47,13507.783900
97,50,12773.703677
97,53,12527.757181
97,57,12375.210519
97,59,12339.710361
97,60,12338.446781
97,62,12263.198378
98,42,16282.635863
98,43,15351.861189
98,44,14893.705039
98,45,14077.655618
98,47,13507.783900
98,50,12773.703677
98,53,12527.757181
98,57,12375.210519
98,59,12339.710361
98,60,12338.446781
98,62,12263.198378
99,42,16282.635863
99,43,15351.861189
99,44,14893.705039
99,45,14077.655618
99,47,13507.783900
99,49,13293.473193
99,50,12773.703677
99,53,12527.757181
99,57,12375.210519
99,59,12339.710361
99,60,12338.446781
99,62,12263.198378
100,41,15991.339760
100,43,15351.861189
100,44,14893.705039
100,45,14077.655618
100,47,13507.783900
100,49,13293.473193
100,50,12773.703677
100,53,12527.757181
100,57,12375.210519
100,59,12339.710361
100,60,12287.384744
100,62,12263.198378
101,41,15991.339760
101,43,15351.861189
101,44,14893.705039
101,45,13954.389277
101,47,13467.677929
101,49,13293.473193
101,50,12763.605902
101,53,12514.064038
101,55,12506.639447
101,57,12362.735013
101,59,12307.567413
101,60,12247.395431
102,41,15991.339760
102,43,14978.028060
102,44,14755.508487
102,45,13954.389277
102,47,13467.677929
102,49,13293.473193
102,50,12763.605902
102,53,12514.064038
102,55,12506.639447
102,57,12362.735013
102,59,12307.567413
102,60,12247.395431
103,41,15991.339760
103,43,14978.028060
103,44,14755.508487
103,45,13954.389277
103,47,13467.677929
103,49,12815.455001
103,50,12763.605902
103,52,12678.149629
103,53,12514.064038
103,55,12506.639447
103,57,12362.735013
103,59,12307.567413
103,60,12247.395431
104,41,15991.339760
104,43,14833.997675
104,44,14755.508487
104,45,13954.389277
104,47,13467.677929
104,49,12815.455001
104,50,12763.605902
104,51,12626.065433
104,53,12514.064038
104,55,12473.297708
104,57,12362.735013
104,59,12307.567413
104,60,12247.395431
105,41,15909.252372
105,43,14833.997675
105,44,14755.508487
105,45,13954.389277
105,46,13218.586091
105,49,12815.455001
105,50,12763.605902
105,51,12626.065433
105,53,12514.064038
105,55,12473.297708
105,57,12362.735013
105,59,12307.567413
105,60,12247.395431
105,65,12237.776324
106,41,15909.252372
106,42,15635.808218
106,43,14833.997675
106,44,14755.508487
106,45,13954.389277
106,46,13218.586091
106,49,12815.455001
106,50,12603.668296
106,53,12480.755144
106,54,12454.712806
106,57,12334.418170
106,59,12294.215506
106,60,12233.733451
107,41,15909.252372
107,42,15635.808218
107,43,14833.997675
107,44,14755.508487
107,45,13954.389277
107,46,13218.586091
107,49,12815.455001
107,50,12603.668296
107,53,12480.755144
107,54,12454.712806
107,57,12334.418170
107,59,12294.215506
107,60,12233.733451
108,41,15909.252372
108,42,15635.808218
108,43,14833.997675
108,44,14755.508487
108,45,13954.389277
108,46,13218.586091
108,49,12815.455001
108,50,12603.668296
108,52,12540.148214
108,53,12480.755144
108,54,12454.712806
108,57,12334.418170
108,59,12294.215506
108,60,12233.733451
109,41,15909.252372
109,42,15635.808218
109,43,14833.997675
109,44,14755.508487
109,45,13954.389277
109,46,13218.586091
109,49,12815.455001
109,50,12603.668296
109,51,12587.899970
109,52,12535.596096
109,53,12480.755144
109,54,12454.712806
109,57,12334.418170
109,59,12294.215506
109,60,12233.733451
110,41,15909.252372
110,42,15635.808218
110,43,14833.997675
110,44,14755.508487
110,45,13954.389277
110,46,13218.586091
110,47,13192.700441
110,49,12815.455001
110,50,12603.668296
110,51,12510.244055
110,53,12480.755144
110,54,12454.712806
110,55,12383.939470
110,57,12334.418170
110,59,12294.215506
110,60,12233.733451
111,41,15909.252372
111,42,15635.808218
111,43,14833.997675
111,44,14755.508487
111,45,13954.389277
111,46,13218.586091
111,47,13137.795472
111,49,12772.333559
111,50,12574.378944
111,51,12491.070555
111,53,12449.102037
111,55,12383.939470
111,57,12334.418170
111,59,12197.669826
112,41,15909.252372
112,42,15635.808218
112,43,14833.997675
112,44,14714.255707
112,45,13954.389277
112,46,13218.586091
112,47,13137.795472
112,49,12772.333559
112,50,12574.378944
112,51,12491.070555
112,53,12449.102037
112,55,12383.939470
112,57,12334.418170
112,59,12197.669826
113,41,15909.252372
113,42,15518.189121
113,43,14833.997675
113,44,14613.259767
113,45,13954.389277
113,46,13218.586091
113,47,13137.795472
113,49,12772.333559
113,50,12574.378944
113,51,12491.070555
113,53,12449.102037
113,55,12383.939470
113,57,12334.418170
113,59,12197.669826
114,41,15909.252372
114,42,15373.902985
114,43,14833.997675
114,44,14582.945879
114,45,13954.389277
114,46,13218.586091
114,47,13137.795472
114,49,12772.333559
114,50,12574.378944
114,51,12491.070555
114,53,12449.102037
114,55,12383.939470
114,57,12334.418170
114,58,12280.167775
114,59,12197.669826
115,41,15773.763623
115,42,15373.902985
115,43,14661.288912
115,44,14582.945879
115,45,13954.389277
115,46,13218.586091
115,47,13137.795472
115,49,12772.333559
115,50,12574.378944
115,51,12491.070555
115,53,12449.102037
115,55,12383.939470
115,57,12334.418170
115,58,12280.167775
115,59,12197.669826
116,41,15773.763623
116,42,15373.902985
116,43,14661.288912
116,44,14320.456867
116,45,13954.389277
116,46,13218.586091
116,47,13137.795472
116,49,12741.149298
116,50,12552.257472
116,51,12437.104272
116,53,12427.108235
116,54,12363.409548
116,57,12334.418170
116,58,12254.574755
116,59,12192.752533
117,40,16261.186522
117,41,15507.036624
117,42,14822.165907
117,43,14574.514949
117,44,14270.676999
117,45,13954.389277
117,46,13218.586091
117,47,13137.795472
117,49,12741.149298
117,50,12552.257472
117,51,12437.104272
117,53,12427.108235
117,54,12363.409548
117,57,12334.418170
117,58,12254.574755
117,59,12192.752533
118,40,16261.186522
118,41,15507.036624
118,42,14822.165907
118,43,14574.514949
118,44,14234.323707
118,45,13954.389277
118,46,13218.586091
118,47,13137.795472
118,49,12741.149298
118,50,12514.052153
118,51,12437.104272
118,53,12427.108235
118,54,12363.409548
118,57,12334.418170
118,58,12254.574755
118,59,12192.752533
119,40,16261.186522
119,41,15507.036624
119,42,14822.165907
119,43,14574.514949
119,44,14234.323707
119,45,13954.389277
119,46,13218.586091
119,47,13137.795472
119,49,12741.149298
119,50,12514.052153
119,51,12437.104272
119,53,12427.108235
119,54,12363.409548
119,57,12334.418170
119,58,12254.574755
119,59,12192.752533
120,40,16261.186522
120,41,15507.036624
120,42,14816.748650
120,43,14574.514949
120,44,14234.323707
120,45,13954.389277
120,46,13218.586091
120,47,13137.795472
120,49,12741.149298
120,50,12511.241312
120,51,12429.192808
120,53,12427.108235
120,54,12363.409548
120,57,12334.418170
120,58,12254.574755
120,59,12192.752533
121,40,16261.186522
121,41,15507.036624
121,42,14816.748650
121,43,14574.514949
121,44,14234.323707
121,45,13954.389277
121,46,13011.997568
121,49,12741.149298
121,50,12470.174905
121,51,12412.718510
121,53,12396.722885
121,54,12352.286490
121,57,12313.236739
121,58,12152.255704
122,40,16261.186522
122,41,15507.036624
122,42,14816.748650
122,43,14574.514949
122,44,14234.323707
122,45,13954.389277
122,46,13011.997568
122,49,12741.149298
122,50,12470.174905
122,51,12412.718510
122,53,12396.722885
122,54,12352.286490
122,57,12313.236739
122,58,12152.255704
123,40,16261.186522
123,41,15507.036624
123,42,14816.748650
123,43,14574.514949
123,44,14234.323707
123,45,13954.389277
123,46,13011.997568
123,49,12507.632906
123,50,12470.174905
123,51,12412.718510
123,53,12396.722885
123,54,12352.286490
123,57,12313.236739
123,58,12152.255704
124,40,16261.186522
124,41,15507.036624
124,42,14816.748650
124,43,14574.514949
124,44,14234.323707
124,45,13954.389277
124,46,13011.997568
124,49,12507.632906
124,50,12470.174905
124,51,12412.718510
124,53,12396.722885
124,54,12352.286490
124,57,12313.236739
124,58,12152.255704
125,40,16261.186522
125,41,15148.810312
125,42,14682.926769
125,43,14574.514949
125,44,14234.323707
125,45,13954.389277
125,46,13011.997568
125,48,12475.124283
125,50,12470.174905
125,51,12412.718510
125,53,12396.722885
125,54,12352.286490
125,57,12313.236739
125,58,12152.255704
125,67,12134.054316
126,40,16261.186522
126,41,15148.810312
126,42,14682.926769
126,43,14574.514949
126,44,14234.323707
126,45,13762.388934
126,46,13001.833447
126,48,12469.004024
126,51,12404.762371
126,52,12345.824421
126,57,12108.649547
127,40,16261.186522
127,41,15148.810312
127,42,14682.926769
127,43,14574.514949
127,44,14234.323707
127,45,13762.388934
127,46,13001.833447
127,48,12469.004024
127,51,12404.762371
127,52,12345.824421
127,57,12108.649547
128,40,16261.186522
128,41,15148.810312
128,42,14682.926769
128,43,14551.436121
128,44,14234.323707
128,45,13762.388934
128,46,13001.833447
128,48,12469.004024
128,51,12404.762371
128,52,12345.824421
128,57,12108.649547
129,40,16261.186522
129,41,15148.810312
129,42,14682.926769
129,43,14551.436121
129,44,14234.323707
129,45,13762.388934
129,46,13001.833447
129,48,12469.004024
129,51,12404.762371
129,52,12345.824421
129,56,12336.742937
129,57,12108.649547
130,40,16261.186522
130,41,15148.810312
130,42,14682.926769
130,43,14551.436121
130,44,14234.323707
130,45,13762.388934
130,46,13001.833447
130,48,12469.004024
130,51,12404.762371
130,52,12345.824421
130,56,12336.742937
130,57,12108.649547
131,40,16261.186522
131,41,15148.810312
131,42,14682.926769
131,43,14518.141506
131,44,13914.626531
131,45,13762.388934
131,46,12909.727900
131,48,12438.299623
131,49,12421.903193
131,51,12390.100200
131,52,12305.946709
131,57,12084.351925
132,40,16261.186522
132,41,15148.810312
132,42,14623.727275
132,43,13976.661973
132,44,13914.626531
132,45,13762.388934
132,46,12909.727900
132,48,12438.299623
132,49,12421.903193
132,51,12390.100200
132,52,12305.946709
132,57,12084.351925
133,40,16261.186522
133,41,15148.810312
133,42,14623.727275
133,43,13976.661973
133,44,13914.626531
133,45,13762.388934
133,46,12794.966787
133,48,12438.299623
133,49,12421.903193
133,51,12390.100200
133,52,12305.946709
133,57,12084.351925
134,40,16261.186522
134,41,15148.810312
134,42,14278.534370
134,43,13976.661973
134,44,13914.626531
134,45,13762.388934
134,46,12794.966787
134,48,12438.299623
134,49,12421.903193
134,51,12390.100200
134,52,12305.946709
134,57,12084.351925
135,40,15232.310938
135,41,15148.810312
135,42,14278.534370
135,43,13976.661973
135,44,13914.626531
135,45,13762.388934
135,46,12794.966787
135,48,12438.299623
135,49,12421.903193
135,51,12390.100200
135,52,12305.946709
135,57,12084.351925
136,40,15232.310938
136,41,15148.810312
136,42,14278.534370
136,43,13905.116940
136,44,13686.823821
136,45,13622.954633
136,46,12787.366954
136,48,12388.345979
136,50,12358.098562
136,51,12319.114933
136,52,12298.859654
136,57,12074.402798
137,40,15019.074760
137,42,14278.534370
137,43,13905.116940
137,44,13686.823821
137,45,13622.954633
137,46,12787.366954
137,48,12388.345979
137,50,12358.098562
137,51,12319.114933
137,52,12298.859654
137,57,12074.402798
138,40,15019.074760
138,42,14278.534370
138,43,13905.116940
138,44,13686.823821
138,45,13622.954633
138,46,12787.366954
138,48,12388.345979
138,50,12358.098562
138,51,12319.114933
138,52,12298.859654
138,57,12074.402798
139,40,15019.074760
139,42,14278.534370
139,43,13905.116940
139,44,13686.823821
139,45,13622.954633
139,46,12787.366954
139,48,12388.345979
139,50,12358.098562
139,51,12319.114933
139,52,12298.859654
139,57,12074.402798
139,63,12064.100267
140,40,14569.105405
140,42,14278.534370
140,43,13905.116940
140,44,13686.823821
140,45,13622.954633
140,46,12787.366954
140,48,12388.345979
140,50,12282.784529
140,57,12074.402798
140,63,12064.100267
140,64,12058.171482
141,40,14569.105405
141,42,14278.534370
141,43,13794.382789
141,44,13686.823821
141,45,13622.954633
141,46,12784.912949
141,48,12364.569617
141,49,12240.470599
141,57,11993.466320
142,40,14569.105405
142,42,14278.534370
142,43,13794.382789
142,44,13686.823821
142,45,13622.954633
142,46,12784.912949
142,48,12364.569617
142,49,12240.470599
142,57,11993.466320
142,66,11956.057465
143,40,14569.105405
143,41,14302.157624
143,42,14278.534370
143,43,13794.382789
143,44,13686.823821
143,45,13622.954633
143,46,12784.912949
143,48,12364.569617
143,49,12240.470599
143,57,11993.466320
143,66,11956.057465
144,39,15546.877328
144,40,14569.105405
144,41,14302.157624
144,42,14278.534370
144,43,13794.382789
144,44,13686.823821
144,45,13622.954633
144,46,12784.912949
144,48,12364.569617
144,49,12240.470599
144,57,11993.466320
144,66,11956.057465
145,39,15546.877328
145,40,14569.105405
145,41,14302.157624
145,42,14278.534370
145,43,13794.382789
145,44,13686.823821
145,45,13622.954633
145,46,12784.912949
145,48,12364.569617
145,49,12240.470599
145,57,11993.466320
145,66,11956.057465
146,39,15485.446796
146,40,14569.105405
146,41,14302.157624
146,42,14205.083986
146,43,13778.881968
146,44,13665.302120
146,45,13550.721333
146,46,12784.912949
146,48,12322.689582
146,49,12236.428039
146,57,11975.660337
146,64,11908.678979
147,39,14721.448435
147,40,14559.561935
147,41,14302.157624
147,42,14205.083986
147,43,13778.881968
147,44,13665.302120
147,45,13550.721333
147,46,12784.912949
147,48,12322.689582
147,49,12236.428039
147,57,11975.660337
147,64,11908.678979
148,39,14721.448435
148,40,14559.561935
148,41,14302.157624
148,42,13923.284328
148,43,13778.881968
148,44,13665.302120
148,45,13550.721333
148,46,12784.912949
148,48,12322.689582
148,49,12236.428039
148,57,11975.660337
148,64,11908.678979
149,39,14721.448435
149,40,14559.561935
149,41,14302.157624
149,42,13923.284328
149,43,13778.881968
149,44,13665.302120
149,45,13550.721333
149,46,12784.912949
149,48,12322.689582
149,49,12236.428039
149,54,12218.168427
149,57,11975.660337
149,64,11908.678979
150,39,14721.448435
150,40,14559.561935
150,41,13751.132726
150,44,13665.302120
150,45,13550.721333
150,46,12784.912949
150,48,12322.689582
150,49,12236.428039
150,54,12218.168427
150,57,11975.660337
150,64,11908.678979
151,39,14721.448435
151,40,14225.056134
151,41,13729.470145
151,44,13657.233739
151,45,13476.719515
151,46,12631.339449
151,47,12310.112621
151,49,12223.334399
151,54,12214.796089
151,56,11955.400793
151,64,11897.538148
152,39,14721.448435
152,40,14225.056134
152,41,13729.470145
152,44,13657.233739
152,45,13476.719515
152,46,12631.339449
152,47,12310.112621
152,49,12223.334399
152,54,12214.796089
152,56,11955.400793
152,64,11897.538148
153,38,15658.888019
153,39,14721.448435
153,40,13869.667286
153,41,13729.470145
153,43,13620.884354
153,45,13476.719515
153,46,12631.339449
153,47,12310.112621
153,49,12223.334399
153,54,12214.796089
153,56,11955.400793
153,64,11897.538148
154,38,15542.998326
154,39,14721.448435
154,40,13869.667286
154,41,13729.470145
154,42,13696.839405
154,43,13620.884354
154,45,13476.719515
154,46,12631.339449
154,47,12310.112621
154,49,12223.334399
154,54,12214.796089
154,56,11955.400793
154,64,11897.538148
155,38,15542.998326
155,39,14721.448435
155,40,13869.667286
155,41,13729.470145
155,42,13696.839405
155,43,13620.884354
155,45,13291.864063
155,46,12631.339449
155,47,12310.112621
155,49,12223.334399
155,54,12214.796089
155,56,11955.400793
155,64,11897.538148
156,38,15542.998326
156,39,14721.448435
156,40,13869.667286
156,41,13657.740626
156,43,13599.801946
156,44,13449.191404
156,45,13268.078871
156,46,12593.257831
156,47,12293.059603
156,49,12207.761148
156,54,12203.430153
156,56,11954.896407
156,62,11846.750485
157,38,15542.998326
157,39,14721.448435
157,40,13869.667286
157,41,13657.740626
157,43,13599.801946
157,44,13449.191404
157,45,13268.078871
157,46,12593.257831
157,47,12293.059603
157,49,12207.761148
157,53,12157.282361
157,56,11954.896407
157,62,11846.750485
158,38,15542.998326
158,39,14721.448435
158,40,13869.667286
158,41,13657.740626
158,43,13599.801946
158,44,13449.191404
158,45,13268.078871
158,46,12593.257831
158,47,12293.059603
158,49,12207.761148
158,53,12157.282361
158,56,11954.896407
158,62,11846.750485
159,38,15542.998326
159,39,14721.448435
159,40,13869.667286
159,41,13657.740626
159,42,13579.514279
159,44,13422.983537
159,45,13268.078871
159,46,12593.257831
159,47,12293.059603
159,49,12207.761148
159,53,12157.282361
159,56,11954.896407
159,60,11865.702210
159,62,11846.750485
160,38,15542.998326
160,39,14721.448435
160,40,13754.877298
160,41,13657.740626
160,42,13579.514279
160,44,13422.983537
160,45,13268.078871
160,46,12593.257831
160,47,12293.059603
160,49,12207.761148
160,53,12157.282361
160,56,11954.896407
160,60,11865.702210
160,62,11846.750485
161,38,15542.998326
161,39,14721.448435
161,40,13754.877298
161,41,13657.740626
161,42,13563.520505
161,44,13422.983537
161,45,13268.078871
161,46,12554.908273
161,47,12285.288381
161,49,12161.861311
161,53,12157.282361
161,56,11935.202683
161,60,11851.141127
161,61,11839.620813
162,38,15542.998326
162,39,14721.448435
162,40,13754.877298
162,41,13657.740626
162,42,13563.520505
162,43,13536.639033
162,44,13422.983537
162,45,13268.078871
162,46,12554.908273
162,47,12285.288381
162,49,12161.861311
162,53,12157.282361
162,56,11935.202683
162,60,11851.141127
162,61,11839.620813
163,38,15542.998326
163,39,14528.837784
163,40,13754.877298
163,41,13657.740626
163,42,13563.520505
163,43,13536.639033
163,44,13422.983537
163,45,13268.078871
163,46,12554.908273
163,47,12285.288381
163,49,12161.861311
163,53,12157.282361
163,56,11935.202683
163,60,11851.141127
163,61,11839.620813
164,38,15542.998326
164,39,14528.837784
164,40,13754.877298
164,41,13657.740626
164,42,13563.520505
164,43,13501.209884
164,44,13422.983537
164,45,13268.078871
164,46,12554.908273
164,47,12285.288381
164,49,12161.861311
164,53,12157.282361
164,56,11935.202683
164,59,11892.850115
164,60,11851.141127
164,61,11839.620813
165,38,15542.998326
165,39,14528.837784
165,40,13754.877298
165,41,13657.740626
165,42,13563.520505
165,43,13501.209884
165,44,13422.983537
165,45,13268.078871
165,46,12554.908273
165,47,12285.288381
165,49,12161.861311
165,53,12157.282361
165,56,11935.202683
165,59,11892.850115
165,60,11851.141127
165,61,11839.620813
166,38,15542.998326
166,39,14355.922421
166,40,13754.877298
166,41,13657.740626
166,42,13563.520505
166,43,13501.209884
166,44,13422.983537
166,45,13185.171343
166,46,12554.908273
166,47,12233.436992
166,49,12161.861311
166,53,12070.443298
166,54,12019.433242
166,56,11933.156618
166,59,11836.711069
166,60,11810.140537
167,38,15542.998326
167,39,13870.800444
167,40,13754.877298
167,41,13630.266704
167,42,13563.520505
167,43,13501.209884
167,44,13422.983537
167,45,13185.171343
167,46,12455.134078
167,47,12233.436992
167,49,12161.861311
167,53,12070.443298
167,54,12019.433242
167,56,11933.156618
167,59,11815.305189
167,60,11810.140537
168,38,14850.469638
168,39,13870.800444
168,40,13754.877298
168,41,13630.266704
168,42,13563.520505
168,43,13501.209884
168,44,13422.983537
168,45,13185.171343
168,46,12455.134078
168,47,12233.436992
168,49,12161.861311
168,53,12070.443298
168,54,12019.433242
168,56,11933.156618
168,59,11815.305189
168,60,11810.140537
169,38,14850.469638
169,39,13870.800444
169,40,13754.877298
169,41,13630.266704
169,42,13563.520505
169,43,13501.209884
169,44,13422.983537
169,45,13185.171343
169,46,12455.134078
169,47,12233.436992
169,49,12161.861311
169,53,12070.443298
169,54,12019.433242
169,56,11933.156618
169,59,11803.779986
169,61,11758.434968
170,38,14850.469638
170,39,13870.800444
170,40,13754.877298
170,41,13596.314844
170,42,13563.520505
170,43,13501.209884
170,44,13422.983537
170,45,13185.171343
170,46,12455.134078
170,47,12233.436992
170,49,12161.861311
170,53,12070.443298
170,54,12019.433242
170,56,11933.156618
170,59,11803.779986
170,61,11758.434968
170,65,11745.666931
171,38,14850.469638
171,39,13870.800444
171,40,13754.877298
171,41,13596.314844
171,42,13563.520505
171,43,13501.209884
171,44,13422.983537
171,45,13185.171343
171,46,12455.134078
171,47,12233.436992
171,49,12141.346033
171,53,12039.670507
171,54,12016.832289
171,56,11892.312870
171,58,11772.873971
171,61,11750.622175
171,65,11728.823155
172,38,14850.469638
172,39,13870.800444
172,40,13754.877298
172,41,13596.314844
172,42,13563.520505
172,43,13501.209884
172,44,13422.983537
172,45,13185.171343
172,46,12455.134078
172,47,12233.436992
172,49,12141.346033
172,53,12039.670507
172,54,12016.832289
172,56,11892.312870
172,58,11772.873971
172,61,11750.622175
172,65,11728.823155
173,38,14850.469638
173,39,13870.800444
173,40,13754.877298
173,41,13596.314844
173,42,13563.520505
173,43,13501.209884
173,44,12970.189654
173,46,12455.134078
173,47,12233.436992
173,49,12141.346033
173,53,12039.670507
173,54,12016.832289
173,56,11892.312870
173,58,11772.873971
173,61,11750.622175
173,65,11728.823155
174,38,14850.469638
174,39,13870.800444
174,40,13754.877298
174,41,13596.314844
174,42,13563.520505
174,43,13501.209884
174,44,12970.189654
174,46,12455.134078
174,47,12233.436992
174,49,12141.346033
174,51,12124.246146
174,53,12039.670507
174,54,12016.832289
174,56,11892.312870
174,58,11772.873971
174,61,11750.622175
174,65,11728.823155
175,38,14850.469638
175,39,13870.800444
175,40,13754.877298
175,41,13596.314844
175,42,13563.520505
175,43,13501.209884
175,44,12970.189654
175,46,12455.134078
175,47,12233.436992
175,49,12141.346033
175,51,12124.246146
175,53,12039.670507
175,54,12016.832289
175,56,11892.312870
175,58,11772.873971
175,61,11750.622175
175,65,11728.823155
176,38,14850.469638
176,39,13837.183506
176,40,13754.877298
176,41,13596.314844
176,42,13563.520505
176,43,13501.209884
176,44,12970.189654
176,46,12424.958424
176,47,12233.436992
176,49,12141.346033
176,51,12112.015430
176,53,12033.583587
176,54,12009.598922
176,56,11892.312870
176,58,11763.299412
176,61,11750.622175
176,64,11681.729436
177,38,14410.275853
177,39,13837.183506
177,40,13754.877298
177,41,13596.314844
177,42,13563.520505
177,43,13501.209884
177,44,12970.189654
177,46,12424.958424
177,47,12233.436992
177,49,12141.346033
177,51,12112.015430
177,53,12033.583587
177,54,12009.598922
177,56,11892.312870
177,58,11763.299412
177,61,11750.622175
177,64,11681.729436
178,38,14410.275853
178,39,13837.183506
178,40,13754.877298
178,41,13596.314844
178,42,13531.319258
178,43,13501.209884
178,44,12970.189654
178,46,12424.958424
178,47,12233.436992
178,49,12141.346033
178,51,12090.873937
178,53,12033.583587
178,54,12009.598922
178,56,11892.312870
178,58,11763.299412
178,61,11750.622175
178,64,11681.729436
179,38,14410.275853
179,39,13837.183506
179,40,13754.877298
179,41,13596.314844
179,42,13531.319258
179,43,13501.209884
179,44,12970.189654
179,46,12424.958424
179,47,12233.436992
179,49,12141.346033
179,51,12090.873937
179,53,12033.583587
179,54,12009.598922
179,56,11892.312870
179,58,11763.299412
179,61,11750.622175
179,64,11681.729436
180,38,14410.275853
180,39,13837.183506
180,40,13754.877298
180,41,13596.314844
180,42,13531.319258
180,43,13501.209884
180,44,12970.189654
180,46,12424.958424
180,47,12233.436992
180,49,12141.346033
180,51,12090.873937
180,53,12033.583587
180,54,12009.598922
180,56,11892.312870
180,58,11763.299412
180,61,11750.622175
180,64,11681.729436
181,37,15469.252241
181,38,14410.275853
181,39,13837.183506
181,40,13754.877298
181,41,13596.314844
181,42,13531.319258
181,43,13449.679092
181,44,12970.189654
181,46,12424.958424
181,47,12179.118729
181,49,12130.862946
181,51,12090.873937
181,53,11933.540753
181,56,11861.350066
181,57,11747.423510
181,61,11737.891975
181,64,11681.729436
182,37,14409.721704
182,39,13837.183506
182,40,13754.877298
182,41,13596.314844
182,42,13531.319258
182,43,13449.679092
182,44,12970.189654
182,46,12424.958424
182,47,12179.118729
182,49,12130.862946
182,51,12047.035035
182,53,11933.540753
182,56,11728.768894
182,64,11681.729436
183,37,14409.721704
183,38,13956.845155
183,39,13755.707658
183,40,13754.877298
183,41,13596.314844
183,42,13531.319258
183,43,13449.679092
183,44,12970.189654
183,45,12711.453796
183,46,12424.958424
183,47,12179.118729
183,49,12130.862946
183,51,12047.035035
183,53,11933.540753
183,56,11728.768894
183,64,11681.729436
184,36,14126.595288
184,38,13956.845155
184,39,13720.660457
184,41,13596.314844
184,42,13531.319258
184,43,13449.679092
184,44,12970.189654
184,45,12711.453796
184,46,12424.958424
184,47,12179.118729
184,49,12130.862946
184,51,12047.035035
184,53,11933.540753
184,56,11728.768894
184,64,11681.729436
185,36,14126.595288
185,38,13956.845155
185,39,13720.660457
185,40,13576.670451
185,42,13460.649466
185,43,13449.679092
185,44,12970.189654
185,45,12711.453796
185,46,12424.958424
185,47,12179.118729
185,49,12130.862946
185,51,12047.035035
185,53,11933.540753
185,56,11728.768894
185,64,11681.729436
186,36,14126.595288
186,38,13811.232112
186,39,13720.660457
186,40,13576.670451
186,42,13460.649466
186,43,13415.691837
186,44,12961.989386
186,45,12698.623866
186,46,12424.958424
186,47,12123.350367
186,51,12046.142979
186,53,11933.540753
186,56,11714.874645
186,64,11676.338236
187,36,14104.736644
187,38,13811.232112
187,39,13720.660457
187,40,13576.670451
187,42,13347.045114
187,44,12961.989386
187,45,12698.623866
187,46,12424.958424
187,47,12123.350367
187,51,12046.142979
187,53,11933.540753
187,56,11714.874645
187,64,11676.338236
188,36,14104.736644
188,38,13811.232112
188,39,13695.432589
188,40,13576.670451
188,41,13224.713567
188,44,12961.989386
188,45,12698.623866
188,46,12424.958424
188,47,12123.350367
188,51,12046.142979
188,53,11933.540753
188,56,11714.874645
188,64,11676.338236
189,35,14268.501095
189,36,14104.736644
189,38,13811.232112
189,39,13477.915174
189,41,13224.713567
189,44,12961.989386
189,45,12698.623866
189,46,12424.958424
189,47,12123.350367
189,51,12046.142979
189,53,11933.540753
189,56,11714.874645
189,64,11676.338236
190,35,14268.501095
190,36,14104.736644
190,38,13811.232112
190,39,13477.915174
190,41,13224.713567
190,44,12961.989386
190,45,12698.623866
190,46,12276.322141
190,47,12123.350367
190,51,12046.142979
190,53,11933.540753
190,54,11856.150554
190,56,11714.874645
190,64,11676.338236
191,35,14268.501095
191,36,14104.736644
191,38,13811.232112
191,39,13477.915174
191,40,13307.385835
191,41,13224.713567
191,43,13002.304793
191,44,12784.395241
191,45,12671.684655
191,46,12273.916243
191,47,12078.895294
191,51,12046.142979
191,53,11933.540753
191,54,11829.873394
191,56,11659.568230
192,35,14268.501095
192,36,14104.736644
192,38,13394.276216
192,40,13307.385835
192,41,13224.713567
192,43,13002.304793
192,44,12784.395241
192,45,12671.684655
192,46,12273.916243
192,47,12078.895294
192,51,11988.112275
192,53,11933.540753
192,54,11829.873394
192,56,11659.568230
193,35,14268.501095
193,36,14104.736644
193,38,13394.276216
193,40,13307.385835
193,41,13224.713567
193,43,13002.304793
193,44,12784.395241
193,45,12671.684655
193,46,12273.916243
193,47,12078.895294
193,51,11988.112275
193,53,11933.540753
193,54,11829.873394
193,56,11659.568230
194,35,14268.501095
194,36,14104.736644
194,38,13394.276216
194,40,13307.385835
194,41,13224.713567
194,43,13002.304793
194,44,12784.395241
194,45,12671.684655
194,46,12273.916243
194,47,12078.895294
194,51,11988.112275
194,53,11933.540753
194,54,11829.873394
194,56,11659.568230
195,35,14268.501095
195,36,14104.736644
195,38,13394.276216
195,40,13307.385835
195,41,13224.713567
195,43,13002.304793
195,44,12784.395241
195,45,12671.684655
195,46,12273.916243
195,47,12078.895294
195,51,11988.112275
195,53,11933.540753
195,54,11829.873394
195,56,11659.568230
196,35,14268.501095
196,36,14104.736644
196,38,13394.276216
196,40,13307.385835
196,41,13146.655552
196,43,13002.304793
196,44,12777.314252
196,45,12671.684655
196,46,12266.310582
196,47,12060.630546
196,51,11934.956655
196,53,11906.282034
196,54,11807.948493
196,56,11619.175987
197,35,14241.303789
197,36,14104.736644
197,38,13394.276216
197,40,13307.385835
197,41,13146.655552
197,43,13002.304793
197,44,12777.314252
197,45,12671.684655
197,46,12266.310582
197,47,12060.630546
197,51,11934.956655
197,53,11906.282034
197,54,11807.948493
197,56,11619.175987
198,35,14241.303789
198,36,14104.736644
198,37,13871.171706
198,38,13394.276216
198,40,13307.385835
198,41,13146.655552
198,43,13002.304793
198,44,12777.314252
198,45,12671.684655
198,46,12266.310582
198,47,12060.630546
198,51,11934.956655
198,53,11906.282034
198,54,11807.948493
198,56,11619.175987
199,35,14241.303789
199,36,14104.736644
199,37,13871.171706
199,38,13394.276216
199,40,13307.385835
199,41,13146.655552
199,43,13002.304793
199,44,12777.314252
199,45,12671.684655
199,46,12266.310582
199,47,12060.630546
199,51,11934.956655
199,53,11906.282034
199,54,11807.948493
199,56,11619.175987
200,35,14241.303789
200,36,14104.736644
200,37,13871.171706
200,38,13394.276216
200,40,13307.385835
200,41,13146.655552
200,43,13002.304793
200,44,12777.314252
200,45,12671.684655
200,46,12266.310582
200,47,12060.630546
200,51,11934.956655
200,53,11776.730609
200,56,11619.175987
201,35,14241.303789
201,36,14104.736644
201,37,13871.171706
201,38,13394.276216
201,40,13307.385835
201,41,13064.630406
201,43,12968.963645
201,44,12776.083207
201,45,12671.684655
201,46,12266.310582
201,47,12028.959899
201,50,11933.720012
201,53,11748.611066
201,56,11591.654631
202,35,14189.962121
202,36,13878.219667
202,37,13871.171706
202,38,13394.276216
202,40,13307.385835
202,41,13064.630406
202,43,12968.963645
202,44,12776.083207
202,45,12671.684655
202,46,12266.310582
202,47,12028.959899
202,50,11933.720012
202,53,11748.611066
202,56,11591.654631
203,35,14189.962121
203,36,13878.219667
203,37,13871.171706
203,38,13394.276216
203,40,13307.385835
203,41,13064.630406
203,43,12968.963645
203,44,12776.083207
203,45,12671.684655
203,46,12266.310582
203,47,12028.959899
203,50,11933.720012
203,53,11748.611066
203,56,11591.654631
204,35,14189.962121
204,36,13878.219667
204,37,13871.171706
204,38,13394.276216
204,40,13307.385835
204,41,13064.630406
204,43,12968.963645
204,44,12776.083207
204,45,12671.684655
204,46,12266.310582
204,47,12028.959899
204,50,11933.720012
204,53,11748.611066
204,56,11591.654631
205,35,14189.962121
205,36,13878.219667
205,37,13871.171706
205,38,13394.276216
205,40,13307.385835
205,41,13064.630406
205,43,12968.963645
205,44,12776.083207
205,45,12671.684655
205,46,12266.310582
205,47,12028.959899
205,50,11933.720012
205,53,11748.611066
205,56,11591.654631
206,35,14189.962121
206,36,13878.219667
206,37,13871.171706
206,38,13394.276216
206,40,13301.738257
206,41,13010.510779
206,43,12927.386762
206,44,12774.173175
206,45,12661.616217
206,46,12266.057709
206,47,11985.686381
206,50,11906.351647
206,53,11748.611066
206,56,11591.654631
207,35,13868.356121
207,38,13394.276216
207,40,13301.738257
207,41,13010.510779
207,43,12927.386762
207,44,12774.173175
207,45,12661.616217
207,46,12266.057709
207,47,11985.686381
207,50,11906.351647
207,53,11748.611066
207,56,11591.654631
208,35,13868.356121
208,38,13394.276216
208,39,13369.953729
208,40,13301.738257
208,41,13010.510779
208,43,12927.386762
208,44,12774.173175
208,45,12661.616217
208,46,12266.057709
208,47,11985.686381
208,50,11906.351647
208,53,11748.611066
208,56,11591.654631
209,35,13868.356121
209,38,13239.565251
209,41,13010.510779
209,43,12927.386762
209,44,12774.173175
209,45,12661.616217
209,46,12266.057709
209,47,11985.686381
209,50,11906.351647
209,53,11748.611066
209,56,11591.654631
210,35,13868.356121
210,38,13239.565251
210,41,13010.510779
210,43,12927.386762
210,44,12774.173175
210,45,12661.616217
210,46,12266.057709
210,47,11985.686381
210,50,11906.351647
210,53,11748.611066
210,56,11591.654631
211,35,13868.356121
211,37,13791.000154
211,38,13233.415572
211,41,13009.878304
211,42,12875.893420
211,44,12774.173175
211,45,12624.951187
211,46,12266.057709
211,47,11983.442559
211,50,11901.742154
211,53,11748.611066
211,56,11591.654631
212,35,13868.356121
212,37,13791.000154
212,38,13233.415572
212,40,13115.567995
212,41,13009.878304
212,42,12875.893420
212,44,12774.173175
212,45,12624.951187
212,46,12266.057709
212,47,11983.442559
212,50,11901.742154
212,52,11896.417488
212,53,11748.611066
212,56,11591.654631
213,35,13868.356121
213,36,13764.736421
213,38,13233.415572
213,40,13115.567995
213,41,13009.878304
213,42,12875.893420
213,44,12774.173175
213,45,12624.951187
213,46,12266.057709
213,47,11983.442559
213,50,11901.742154
213,51,11697.158081
213,52,11696.038286
213,56,11591.654631
214,35,13801.967423
214,36,13764.736421
214,38,13233.415572
214,39,13216.616508
214,40,13115.567995
214,41,13009.878304
214,42,12875.893420
214,44,12710.088792
214,45,12624.951187
214,46,12266.057709
214,47,11983.442559
214,50,11901.742154
214,51,11697.158081
214,52,11696.038286
214,56,11560.438377
214,57,11553.687865
215,35,13801.967423
215,36,13764.736421
215,38,13233.415572
215,39,13216.616508
215,40,13115.567995
215,41,13009.878304
215,42,12875.893420
215,44,12710.088792
215,45,12624.951187
215,46,12266.057709
215,47,11983.442559
215,50,11901.742154
215,51,11697.158081
215,52,11696.038286
215,55,11661.785546
215,56,11560.438377
215,57,11553.687865
216,35,13801.967423
216,36,13764.736421
216,38,13233.415572
216,39,13216.616508
216,40,13115.567995
216,41,13009.878304
216,42,12875.893420
216,44,12695.384784
216,45,12617.050031
216,46,12266.057709
216,47,11973.210121
216,50,11901.742154
216,51,11696.887926
216,52,11682.807949
216,55,11513.278223
217,35,13801.967423
217,36,13764.736421
217,38,13233.415572
217,39,13216.616508
217,40,13115.567995
217,41,13009.878304
217,42,12875.893420
217,44,12695.384784
217,45,12617.050031
217,46,12266.057709
217,47,11973.210121
217,50,11901.742154
217,51,11696.887926
217,52,11682.807949
217,55,11513.278223
218,35,13801.967423
218,36,13764.736421
218,38,13233.415572
218,39,13216.616508
218,40,13115.567995
218,41,13009.878304
218,42,12875.893420
218,44,12695.384784
218,45,12617.050031
218,46,12266.057709
218,47,11973.210121
218,50,11901.742154
218,51,11696.887926
218,52,11682.807949
218,55,11513.278223
219,35,13801.967423
219,36,13764.736421
219,38,13233.415572
219,39,13216.616508
219,40,13104.296117
219,41,13009.878304
219,42,12875.893420
219,43,12641.947602
219,45,12617.050031
219,46,12266.057709
219,47,11973.210121
219,50,11901.742154
219,51,11696.887926
219,52,11682.807949
219,55,11513.278223
220,35,13801.967423
220,36,13764.736421
220,38,13233.415572
220,39,13142.157243
220,40,13104.296117
220,41,13009.878304
220,42,12875.893420
220,43,12641.947602
220,45,12617.050031
220,46,12266.057709
220,47,11973.210121
220,50,11901.742154
220,51,11696.887926
220,52,11682.807949
220,55,11513.278223
221,35,13801.967423
221,36,13764.736421
221,38,13210.350891
221,39,13142.157243
221,40,13104.296117
221,41,13009.878304
221,42,12839.944458
221,43,12615.079442
221,44,12569.395741
221,46,12266.057709
221,47,11936.682020
221,49,11678.931768
221,52,11675.625012
221,53,11606.881936
221,55,11492.383489
222,35,13801.967423
222,36,13764.736421
222,37,13715.829461
222,38,13210.350891
222,39,13142.157243
222,40,13104.296117
222,41,13009.878304
222,42,12839.944458
222,43,12615.079442
222,44,12569.395741
222,46,12266.057709
222,47,11936.682020
222,49,11678.931768
222,52,11675.625012
222,53,11606.881936
222,55,11492.383489
223,35,13801.967423
223,36,13764.736421
223,37,13715.829461
223,38,13210.350891
223,39,13142.157243
223,40,13082.468561
223,41,13009.878304
223,42,12839.944458
223,43,12615.079442
223,44,12569.395741
223,46,12266.057709
223,47,11936.682020
223,49,11678.931768
223,52,11675.625012
223,53,11606.881936
223,55,11492.383489
224,35,13801.967423
224,36,13589.005125
224,38,13210.350891
224,39,13142.157243
224,40,13082.468561
224,41,13009.878304
224,42,12839.944458
224,43,12615.079442
224,44,12569.395741
224,46,12266.057709
224,47,11936.682020
224,49,11678.931768
224,52,11675.625012
224,53,11606.881936
224,55,11492.383489
225,35,13801.967423
225,36,13516.403260
225,38,13210.350891
225,39,13142.157243
225,40,13082.468561
225,41,13009.878304
225,42,12839.944458
225,43,12615.079442
225,44,12569.395741
225,46,12266.057709
225,47,11936.682020
225,49,11678.931768
225,52,11617.325342
225,53,11606.881936
225,55,11492.383489
226,35,13801.967423
226,36,13516.403260
226,38,13210.350891
226,39,13142.157243
226,40,13021.077140
226,41,13009.878304
226,42,12839.944458
226,43,12589.250436
226,44,12561.768387
226,46,12221.366624
226,47,11925.707789
226,49,11674.801131
226,52,11615.257790
226,53,11604.829484
226,54,11602.796417
226,55,11483.080067
227,35,13801.967423
227,36,13516.403260
227,38,13210.350891
227,39,13004.843995
227,40,12936.036081
227,42,12839.944458
227,43,12589.250436
227,44,12561.768387
227,46,12221.366624
227,47,11925.707789
227,49,11674.801131
227,52,11615.257790
227,53,11604.829484
227,54,11602.796417
227,55,11483.080067
228,35,13801.967423
228,36,13516.403260
228,37,13408.741410
228,38,13210.350891
228,39,13004.843995
228,40,12936.036081
228,42,12808.684668
228,43,12589.250436
228,44,12561.768387
228,45,12403.762757
228,46,12221.366624
228,47,11925.707789
228,49,11674.801131
228,52,11615.257790
228,53,11604.829484
228,54,11602.796417
228,55,11483.080067
229,35,13699.592550
229,36,13516.403260
229,37,13408.741410
229,38,13210.350891
229,39,13004.843995
229,40,12936.036081
229,42,12808.684668
229,43,12589.250436
229,44,12520.117099
229,45,12403.762757
229,46,12221.366624
229,47,11925.707789
229,49,11674.801131
229,52,11615.257790
229,53,11604.829484
229,54,11602.796417
229,55,11483.080067
230,35,13699.592550
230,36,13516.403260
230,37,13408.741410
230,38,13210.350891
230,39,13004.843995
230,40,12936.036081
230,42,12808.684668
230,43,12589.250436
230,44,12520.117099
230,45,12403.762757
230,46,12212.119578
230,47,11925.707789
230,49,11674.801131
230,51,11584.859681
230,55,11483.080067
231,35,13699.592550
231,36,13516.403260
231,37,13408.741410
231,38,13210.350891
231,39,13004.843995
231,40,12936.036081
231,42,12804.932950
231,43,12525.207298
231,44,12478.748075
231,45,12376.055865
231,46,12207.696286
231,47,11925.707789
231,49,11674.801131
231,51,11538.724101
231,55,11455.320061
232,35,13699.592550
232,36,13516.403260
232,37,13408.741410
232,38,13210.350891
232,39,13004.843995
232,40,12936.036081
232,42,12804.932950
232,43,12525.207298
232,44,12478.748075
232,45,12376.055865
232,46,12207.696286
232,47,11925.707789
232,49,11674.801131
232,51,11538.724101
232,55,11455.320061
233,35,13699.592550
233,36,13516.403260
233,37,13408.741410
233,38,13210.350891
233,39,13004.843995
233,40,12936.036081
233,42,12804.932950
233,43,12525.207298
233,44,12478.748075
233,45,12376.055865
233,46,12207.696286
233,47,11925.707789
233,49,11674.801131
233,51,11538.724101
233,55,11455.320061
234,35,13699.592550
234,36,13516.403260
234,37,13408.741410
234,38,13210.350891
234,39,13004.843995
234,40,12936.036081
234,42,12804.932950
234,43,12525.207298
234,44,12478.748075
234,45,12376.055865
234,46,12207.696286
234,47,11925.707789
234,49,11674.801131
234,51,11538.724101
234,55,11455.320061
235,35,13699.592550
235,36,13516.403260
235,37,13408.741410
235,38,13210.350891
235,39,13004.843995
235,40,12936.036081
235,42,12804.932950
235,43,12525.207298
235,44,12478.748075
235,45,12376.055865
235,46,12177.252144
235,47,11925.707789
235,49,11674.801131
235,51,11538.724101
235,55,11455.320061
236,35,13699.592550
236,36,13516.403260
236,37,13408.741410
236,38,13210.350891
236,39,13004.843995
236,40,12920.674229
236,42,12802.380234
236,43,12467.026964
236,45,12326.315487
236,46,12168.160083
236,47,11858.516155
236,49,11672.687545
236,51,11538.724101
236,55,11455.320061
237,35,13699.592550
237,36,13516.403260
237,37,13408.741410
237,38,13210.350891
237,39,13004.843995
237,40,12920.674229
237,42,12802.380234
237,43,12467.026964
237,45,12326.315487
237,46,12168.160083
237,47,11858.516155
237,49,11672.687545
237,51,11538.724101
237,55,11455.320061
238,35,13699.592550
238,36,13516.403260
238,37,13408.741410
238,38,13140.888568
238,39,13004.843995
238,40,12920.674229
238,42,12802.380234
238,43,12467.026964
238,45,12326.315487
238,46,12168.160083
238,47,11858.516155
238,49,11672.687545
238,51,11538.724101
238,55,11455.320061
239,35,13699.592550
239,36,13516.403260
239,37,13408.741410
239,38,13140.888568
239,39,13004.843995
239,40,12920.674229
239,42,12802.380234
239,43,12467.026964
239,45,12326.315487
239,46,12168.160083
239,47,11858.516155
239,49,11672.687545
239,51,11538.724101
239,55,11455.320061
240,35,13699.592550
240,36,13516.403260
240,37,13408.741410
240,38,13140.888568
240,39,13004.843995
240,40,12920.674229
240,42,12802.380234
240,43,12467.026964
240,45,12326.315487
240,46,12168.160083
240,47,11858.516155
240,49,11651.258602
240,51,11538.724101
240,55,11455.320061
241,35,13699.592550
241,36,13516.403260
241,37,13408.741410
241,38,13140.888568
241,39,13004.843995
241,40,12907.444375
241,42,12770.133020
241,43,12463.972706
241,45,12292.396096
241,46,12165.328458
241,47,11832.148278
241,49,11651.258602
241,50,11630.655752
241,51,11529.028285
241,55,11435.010883
242,35,13699.592550
242,36,13516.403260
242,37,13408.741410
242,38,13140.888568
242,39,13004.843995
242,40,12907.444375
242,42,12770.133020
242,43,12463.972706
242,45,12292.396096
242,46,12165.328458
242,47,11832.148278
242,49,11651.258602
242,50,11630.655752
242,51,11529.028285
242,55,11435.010883
243,35,13699.592550
243,36,13510.355430
243,37,13408.741410
243,38,13140.888568
243,39,13004.843995
243,40,12907.444375
243,42,12770.133020
243,43,12463.972706
243,45,12292.396096
243,46,12165.328458
243,47,11832.148278
243,49,11651.258602
243,50,11630.655752
243,51,11529.028285
243,55,11435.010883
244,35,13699.592550
244,36,13510.355430
244,37,13408.741410
244,38,13140.888568
244,39,12934.137427
244,40,12907.444375
244,42,12770.133020
244,43,12463.972706
244,45,12292.396096
244,46,12165.328458
244,47,11832.148278
244,49,11651.258602
244,50,11630.655752
244,51,11529.028285
244,55,11435.010883
245,35,13699.592550
245,36,13510.355430
245,37,13408.741410
245,38,13140.888568
245,39,12934.137427
245,40,12907.444375
245,42,12770.133020
245,43,12463.972706
245,45,12292.396096
245,46,12165.328458
245,47,11832.148278
245,49,11651.258602
245,50,11630.655752
245,51,11529.028285
245,55,11435.010883
246,35,13699.592550
246,36,13428.647970
246,37,13408.741410
246,38,13140.888568
246,39,12934.137427
246,40,12907.444375
246,42,12667.465752
246,43,12399.014931
246,45,12265.902069
246,46,12163.303337
246,47,11832.148278
246,49,11651.258602
246,50,11626.411595
246,51,11518.811740
246,55,11432.190335
247,35,13699.592550
247,36,13428.647970
247,37,13408.741410
247,38,13114.681081
247,39,12934.137427
247,40,12907.444375
247,42,12667.465752
247,43,12377.803911
247,45,12265.902069
247,46,12163.303337
247,47,11832.148278
247,49,11651.258602
247,50,11626.411595
247,51,11518.811740
247,55,11432.190335
248,35,13699.592550
248,36,13393.368972
248,38,13114.681081
248,39,12934.137427
248,40,12907.444375
248,42,12667.465752
248,43,12377.803911
248,45,12265.902069
248,46,12163.303337
248,47,11832.148278
248,49,11651.258602
248,50,11626.411595
248,51,11518.811740
248,55,11432.190335
249,35,13699.592550
249,36,13393.368972
249,38,13114.681081
249,39,12934.137427
249,40,12907.444375
249,42,12667.465752
249,43,12377.803911
249,45,12265.902069
249,46,12163.303337
249,47,11832.148278
249,49,11651.258602
249,50,11626.411595
249,51,11518.811740
249,55,11432.190335
250,35,13699.592550
250,36,13393.368972
250,38,13114.681081
250,39,12934.137427
250,40,12907.444375
250,42,12530.106016
250,43,12377.803911
250,45,12265.902069
250,46,12163.303337
250,47,11832.148278
250,49,11651.258602
250,50,11626.411595
250,51,11483.917708
250,55,11432.190335
251,35,13699.592550
251,36,13364.688886
251,38,13114.681081
251,39,12934.137427
251,40,12907.444375
251,41,12516.992639
251,43,12377.803911
251,45,12244.351734
251,46,12159.801175
251,47,11773.462364
251,49,11651.258602
251,50,11626.411595
251,51,11482.815555
251,55,11432.011865
252,35,13699.592550
252,36,13364.688886
252,38,13027.066249
252,39,12934.137427
252,40,12907.444375
252,41,12516.992639
252,43,12377.803911
252,45,12244.351734
252,46,12159.801175
252,47,11773.462364
252,49,11543.968451
252,51,11482.815555
252,55,11432.011865
253,35,13699.592550
253,36,13364.688886
253,37,13112.713738
253,38,13027.066249
253,39,12934.137427
253,40,12907.444375
253,41,12516.992639
253,43,12377.803911
253,45,12244.351734
253,46,12159.801175
253,47,11773.462364
253,49,11543.968451
253,51,11482.815555
253,55,11432.011865
254,35,13699.592550
254,36,13323.861060
254,37,13112.713738
254,38,13027.066249
254,39,12934.137427
254,40,12907.444375
254,41,12516.992639
254,43,12377.803911
254,45,12244.351734
254,46,12159.801175
254,47,11773.462364
254,49,11543.968451
254,51,11482.815555
254,55,11432.011865
255,35,13699.592550
255,36,13323.861060
255,37,13112.713738
255,38,13027.066249
255,39,12934.137427
255,40,12907.444375
255,41,12516.992639
255,43,12377.803911
255,45,12244.351734
255,46,12159.801175
255,47,11773.462364
255,48,11612.094854
255,49,11543.968451
255,51,11482.815555
255,55,11432.011865
256,35,13699.592550
256,36,13323.861060
256,37,13112.713738
256,38,13027.066249
256,39,12934.137427
256,40,12883.765467
256,41,12421.597565
256,43,12310.436614
256,45,12106.527503
256,47,11772.737470
256,48,11612.094854
256,49,11540.957021
256,51,11466.949840
256,55,11423.632035
257,35,13699.592550
257,36,13323.861060
257,37,13112.713738
257,38,13027.066249
257,39,12934.137427
257,40,12883.765467
257,41,12421.597565
257,43,12310.436614
257,45,12106.527503
257,46,12019.595963
257,47,11772.737470
257,48,11553.237510
257,49,11540.957021
257,51,11458.235216
257,55,11423.632035
258,35,13699.592550
258,36,13323.861060
258,37,13037.589647
258,38,13027.066249
258,39,12739.533708
258,41,12421.597565
258,43,12310.436614
258,45,12106.527503
258,46,12019.595963
258,47,11772.737470
258,48,11553.237510
258,49,11540.957021
258,50,11540.648772
258,51,11458.235216
258,55,11423.632035
259,35,13699.592550
259,36,13323.861060
259,37,13037.589647
259,38,13023.736415
259,39,12739.533708
259,41,12421.597565
259,43,12310.436614
259,45,12106.527503
259,46,12019.595963
259,47,11772.737470
259,48,11553.237510
259,49,11540.957021
259,50,11540.648772
259,51,11458.235216
259,55,11423.632035
260,35,13699.592550
260,36,13224.998324
260,37,13037.589647
260,38,12910.910097
260,39,12739.533708
260,41,12421.597565
260,43,12310.436614
260,45,12106.527503
260,46,12019.595963
260,47,11772.737470
260,48,11553.237510
260,49,11540.957021
260,50,11540.648772
260,51,11458.235216
260,55,11423.632035
261,35,13699.592550
261,36,13224.998324
261,37,13037.589647
261,38,12910.910097
261,39,12739.533708
261,40,12674.962316
261,41,12389.483561
261,43,12310.436614
261,45,12106.527503
261,46,11976.266366
261,47,11747.522459
261,48,11553.237510
261,49,11527.955612
261,50,11512.148949
261,51,11452.571545
261,55,11397.790557
262,35,13699.592550
262,36,13224.998324
262,37,13037.589647
262,38,12867.717749
262,39,12739.533708
262,40,12674.962316
262,41,12389.483561
262,43,12310.436614
262,45,12106.527503
262,46,11976.266366
262,47,11703.942973
262,48,11553.237510
262,49,11527.955612
262,50,11512.148949
262,51,11452.571545
262,55,11397.790557
263,35,13699.592550
263,36,13224.998324
263,37,13037.589647
263,38,12847.073599
263,39,12739.533708
263,40,12674.962316
263,41,12389.483561
263,43,12310.436614
263,45,12106.527503
263,46,11976.266366
263,47,11703.942973
263,48,11553.237510
263,49,11527.955612
263,50,11512.148949
263,51,11452.571545
263,55,11397.790557
264,35,13651.260507
264,36,13148.015497
264,37,13037.589647
264,38,12847.073599
264,39,12739.533708
264,40,12674.962316
264,41,12389.483561
264,43,12310.436614
264,45,12106.527503
264,46,11976.266366
264,47,11703.942973
264,48,11553.237510
264,49,11527.955612
264,50,11512.148949
264,51,11452.571545
264,55,11397.790557
265,35,13651.260507
265,36,13148.015497
265,37,13037.589647
265,38,12829.754038
265,39,12739.533708
265,40,12674.962316
265,41,12389.483561
265,43,12310.436614
265,45,12106.527503
265,46,11976.266366
265,47,11703.942973
265,48,11553.237510
265,49,11527.955612
265,50,11512.148949
265,51,11452.571545
265,53,11443.132545
265,55,11397.790557
266,35,13651.260507
266,36,13148.015497
266,37,13037.589647
266,38,12829.754038
266,39,12739.533708
266,40,12674.962316
266,41,12389.483561
266,42,12263.580433
266,45,12106.527503
266,46,11929.694584
266,47,11670.844153
266,48,11553.237510
266,49,11503.963141
266,51,11445.641976
266,53,11443.132545
266,55,11388.268759
267,35,13651.260507
267,36,13148.015497
267,37,13037.589647
267,38,12829.754038
267,39,12718.889558
267,40,12674.962316
267,41,12389.483561
267,42,12263.580433
267,45,12106.527503
267,46,11929.694584
267,47,11670.844153
267,48,11553.237510
267,49,11503.963141
267,50,11492.284903
267,51,11445.641976
267,53,11443.132545
267,55,11388.268759
268,35,13651.260507
268,36,13148.015497
268,37,13037.589647
268,38,12745.893512
268,39,12718.889558
268,40,12640.656718
268,41,12389.483561
268,42,12263.580433
268,45,12106.527503
268,46,11929.694584
268,47,11670.844153
268,48,11553.237510
268,49,11503.963141
268,50,11492.284903
268,51,11445.641976
268,53,11443.132545
268,55,11388.268759
269,35,13651.260507
269,36,13148.015497
269,37,12968.354251
269,38,12745.893512
269,39,12619.014858
269,41,12389.483561
269,42,12263.580433
269,45,12106.527503
269,46,11929.694584
269,47,11670.844153
269,48,11553.237510
269,49,11503.963141
269,50,11492.284903
269,51,11445.641976
269,53,11443.132545
269,55,11388.268759
270,35,13651.260507
270,36,13145.860344
270,37,12968.354251
270,38,12745.893512
270,39,12619.014858
270,41,12389.483561
270,42,12263.580433
270,45,12106.527503
270,46,11929.694584
270,47,11670.844153
270,48,11553.237510
270,49,11503.963141
270,50,11492.284903
270,51,11445.641976
270,53,11443.132545
270,55,11388.268759
271,35,13651.260507
271,36,13145.860344
271,37,12968.354251
271,38,12745.893512
271,39,12619.014858
271,41,12389.483561
271,42,12263.580433
271,43,12233.066839
271,45,12101.340209
271,46,11906.652439
271,47,11544.278861
271,49,11501.388317
271,50,11486.699890
271,51,11405.249733
271,55,11388.268759
272,35,13135.911704
272,37,12968.354251
272,38,12745.893512
272,39,12550.857689
272,41,12389.483561
272,42,12263.580433
272,43,12233.066839
272,45,12101.340209
272,46,11906.652439
272,47,11544.278861
272,49,11501.388317
272,50,11486.699890
272,51,11405.249733
272,55,11388.268759
273,35,13135.911704
273,37,12968.354251
273,38,12736.283190
273,39,12550.857689
273,41,12389.483561
273,42,12263.580433
273,43,12233.066839
273,45,12101.340209
273,46,11906.652439
273,47,11544.278861
273,49,11501.388317
273,50,11434.852705
273,51,11405.249733
273,55,11388.268759
274,35,13135.911704
274,37,12968.354251
274,38,12736.283190
274,39,12550.857689
274,41,12389.483561
274,42,12263.580433
274,43,12233.066839
274,45,12101.340209
274,46,11906.652439
274,47,11544.278861
274,49,11501.388317
274,50,11434.852705
274,51,11405.249733
274,55,11388.268759
275,35,13135.911704
275,36,13110.500830
275,37,12910.756534
275,38,12736.283190
275,39,12550.857689
275,40,12543.843882
275,41,12389.483561
275,42,12263.580433
275,43,12233.066839
275,45,12101.340209
275,46,11906.652439
275,47,11544.278861
275,49,11501.388317
275,50,11434.852705
275,51,11405.249733
275,55,11388.268759
276,35,13135.911704
276,36,13046.978171
276,37,12910.756534
276,38,12736.283190
276,39,12550.857689
276,40,12504.363847
276,41,12384.328015
276,42,12251.209170
276,43,12233.066839
276,45,11778.747185
276,47,11544.278861
276,49,11499.113565
276,50,11434.852705
276,51,11403.419868
276,55,11385.970888
277,35,13135.911704
277,36,12814.142883
277,38,12736.283190
277,39,12550.857689
277,40,12504.363847
277,41,12384.328015
277,42,12251.209170
277,43,12233.066839
277,45,11778.747185
277,47,11544.278861
277,49,11499.113565
277,50,11434.852705
277,51,11403.419868
277,55,11385.970888
278,35,13135.911704
278,36,12814.142883
278,38,12736.283190
278,39,12536.434641
278,40,12504.363847
278,41,12384.328015
278,42,12225.416578
278,45,11778.747185
278,47,11544.278861
278,48,11514.958404
278,49,11499.113565
278,50,11434.852705
278,51,11403.419868
278,55,11385.970888
279,35,13135.911704
279,36,12814.142883
279,38,12736.283190
279,39,12536.434641
279,40,12504.363847
279,41,12384.328015
279,42,12225.416578
279,45,11778.747185
279,47,11544.278861
279,48,11514.958404
279,49,11499.113565
279,50,11434.852705
279,51,11403.419868
279,55,11385.970888
280,35,13135.911704
280,36,12814.142883
280,37,12760.497741
280,38,12736.283190
280,39,12536.434641
280,40,12504.363847
280,41,12384.328015
280,42,12225.416578
280,45,11778.747185
280,47,11544.278861
280,48,11514.958404
280,49,11499.113565
280,50,11434.852705
280,51,11403.419868
280,55,11385.970888
281,35,13135.911704
281,36,12814.142883
281,37,12760.497741
281,38,12736.283190
281,39,12536.434641
281,40,12504.363847
281,41,12378.456019
281,42,12218.006993
281,45,11712.061561
281,47,11532.571336
281,48,11514.958404
281,49,11494.809787
281,50,11412.875434
281,51,11403.419868
281,55,11374.848751
282,35,13135.911704
282,36,12814.142883
282,37,12760.497741
282,38,12667.811244
282,39,12536.434641
282,40,12504.363847
282,41,12378.456019
282,42,12218.006993
282,45,11712.061561
282,47,11532.571336
282,48,11514.958404
282,49,11494.809787
282,50,11412.875434
282,51,11403.419868
282,55,11374.848751
283,35,13135.911704
283,36,12814.142883
283,37,12760.497741
283,38,12667.811244
283,39,12536.434641
283,40,12504.363847
283,41,12378.456019
283,42,12218.006993
283,45,11712.061561
283,47,11532.571336
283,48,11514.958404
283,49,11494.809787
283,50,11412.875434
283,51,11357.253970
284,35,13135.911704
284,36,12814.142883
284,37,12684.796589
284,38,12667.811244
284,39,12536.434641
284,40,12504.363847
284,41,12378.456019
284,42,12218.006993
284,45,11712.061561
284,47,11532.571336
284,48,11514.958404
284,49,11494.809787
284,50,11412.875434
284,51,11357.253970
285,35,13135.911704
285,36,12814.142883
285,37,12684.796589
285,38,12667.811244
285,39,12536.434641
285,40,12504.363847
285,41,12378.456019
285,42,12218.006993
285,45,11712.061561
285,46,11691.102051
285,47,11532.571336
285,48,11514.958404
285,49,11494.809787
285,50,11412.875434
285,51,11357.253970
286,35,13135.911704
286,36,12814.142883
286,37,12684.796589
286,38,12667.811244
286,39,12536.434641
286,40,12460.373615
286,41,12279.435808
286,42,12156.283588
286,45,11701.331341
286,46,11663.353456
286,47,11530.856082
286,48,11511.898782
286,49,11392.279506
286,51,11357.253970
287,35,13135.911704
287,36,12814.142883
287,37,12684.796589
287,38,12667.811244
287,39,12536.434641
287,40,12460.373615
287,41,12279.435808
287,42,12156.283588
287,45,11701.331341
287,46,11663.353456
287,47,11530.856082
287,48,11455.217467
287,49,11392.279506
287,51,11357.253970
288,35,13135.911704
288,36,12814.142883
288,37,12684.796589
288,38,12667.811244
288,39,12536.434641
288,40,12460.373615
288,41,12279.435808
288,42,12156.283588
288,45,11701.331341
288,46,11663.353456
288,47,11530.856082
288,48,11455.217467
288,49,11392.279506
288,51,11357.253970
289,35,13135.911704
289,36,12814.142883
289,37,12684.796589
289,38,12667.811244
289,39,12535.430484
289,40,12460.373615
289,41,12279.435808
289,42,12156.283588
289,45,11701.331341
289,46,11663.353456
289,47,11530.856082
289,48,11450.849365
289,49,11392.279506
289,51,11357.253970
290,35,13135.911704
290,36,12814.142883
290,37,12684.796589
290,38,12667.811244
290,39,12535.430484
290,40,12460.373615
290,41,12279.435808
290,42,12156.283588
290,45,11701.331341
290,46,11663.353456
290,47,11530.856082
290,48,11438.945768
290,49,11392.279506
290,51,11357.253970
291,35,13135.911704
291,36,12814.142883
291,37,12684.796589
291,38,12667.811244
291,39,12535.430484
291,40,12456.697960
291,41,12273.865360
291,42,12145.977130
291,45,11498.607414
291,48,11413.547500
291,49,11392.279506
291,50,11371.440263
291,51,11356.658749
292,35,12900.051947
292,36,12811.813067
292,37,12684.796589
292,38,12575.723056
292,39,12535.430484
292,40,12456.697960
292,41,12273.865360
292,42,12145.977130
292,45,11498.607414
292,48,11413.547500
292,49,11392.279506
292,50,11371.440263
292,51,11356.658749
293,35,12900.051947
293,36,12811.813067
293,37,12684.796589
293,38,12575.723056
293,39,12444.052399
293,41,12273.865360
293,42,12145.977130
293,43,12094.391769
293,45,11498.607414
293,48,11413.547500
293,49,11392.279506
293,50,11371.440263
293,51,11356.658749
294,35,12900.051947
294,36,12722.517036
294,37,12684.796589
294,38,12575.723056
294,39,12444.052399
294,41,12273.865360
294,42,12145.977130
294,43,12094.391769
294,45,11498.607414
294,48,11413.547500
294,49,11392.279506
294,50,11371.440263
294,51,11356.658749
295,34,13571.888124
295,35,12900.051947
295,36,12722.517036
295,37,12665.237689
295,38,12529.490830
295,39,12444.052399
295,41,12232.649823
295,42,12145.977130
295,43,12061.080228
295,45,11498.607414
295,47,11419.255605
295,48,11413.547500
295,49,11392.279506
295,50,11362.956745
295,51,11356.658749
296,34,13571.888124
296,35,12900.051947
296,36,12722.517036
296,37,12665.237689
296,38,12388.363476
296,41,12232.433101
296,42,12145.977130
296,43,12022.703757
296,45,11492.879526
296,47,11419.255605
296,48,11400.513645
296,49,11384.300059
296,50,11353.103595
297,34,13571.888124
297,35,12900.051947
297,36,12716.950302
297,37,12665.237689
297,38,12388.363476
297,39,12381.427141
297,41,12232.433101
297,42,12145.977130
297,43,12022.703757
297,45,11492.879526
297,47,11419.255605
297,48,11400.513645
297,49,11384.300059
297,50,11353.103595
298,34,13571.888124
298,35,12900.051947
298,36,12716.950302
298,37,12665.237689
298,38,12388.363476
298,39,12381.427141
298,41,12232.433101
298,42,12136.729795
298,43,12022.703757
298,45,11492.879526
298,46,11420.024188
298,47,11419.255605
298,48,11400.513645
298,49,11384.300059
298,50,11353.103595
299,34,13571.888124
299,35,12900.051947
299,36,12716.950302
299,37,12665.237689
299,38,12388.363476
299,39,12381.427141
299,41,12232.433101
299,42,12136.729795
299,43,12022.703757
299,45,11492.879526
299,46,11420.024188
299,47,11419.255605
299,48,11400.513645
299,49,11384.300059
299,50,11328.946559
300,34,13571.888124
300,35,12900.051947
300,36,12716.950302
300,37,12665.237689
300,38,12388.363476
300,39,12381.427141
300,41,12171.992972
300,42,12136.729795
300,43,12022.703757
300,45,11492.879526
300,46,11420.024188
300,47,11419.255605
300,48,11400.513645
300,49,11384.300059
300,50,11328.946559
301,34,13571.888124
301,35,12900.051947
301,36,12716.950302
301,37,12665.237689
301,38,12388.363476
301,39,12366.294082
301,41,12171.992972
301,42,12115.269442
301,43,12010.856833
301,45,11491.059239
301,46,11420.024188
301,47,11413.981572
301,48,11400.513645
301,49,11384.300059
301,50,11328.946559
302,34,13571.888124
302,35,12900.051947
302,36,12716.950302
302,37,12665.237689
302,38,12388.030928
302,39,12366.294082
302,41,12171.992972
302,42,12115.269442
302,43,12010.856833
302,45,11491.059239
302,46,11420.024188
302,47,11413.981572
302,48,11400.513645
302,49,11347.431624
302,50,11328.946559
303,34,13571.888124
303,35,12900.051947
303,36,12716.950302
303,37,12665.237689
303,38,12388.030928
303,39,12355.555129
303,41,12171.992972
303,42,12115.269442
303,43,12010.856833
303,45,11491.059239
303,46,11420.024188
303,47,11413.981572
303,48,11400.513645
303,49,11347.431624
303,50,11328.946559
304,34,13571.888124
304,35,12900.051947
304,36,12716.950302
304,37,12665.237689
304,38,12388.030928
304,39,12355.555129
304,41,12171.992972
304,42,12115.269442
304,43,12010.856833
304,45,11491.059239
304,46,11420.024188
304,47,11413.981572
304,48,11346.582763
304,50,11328.946559
305,34,13571.888124
305,35,12900.051947
305,36,12716.950302
305,37,12665.237689
305,38,12388.030928
305,39,12355.555129
305,41,12122.353348
305,42,12115.269442
305,43,12010.856833
305,45,11491.059239
305,46,11420.024188
305,47,11413.981572
305,48,11346.582763
305,49,11314.345339
306,34,13571.888124
306,35,12900.051947
306,36,12716.950302
306,37,12665.237689
306,38,12388.030928
306,39,12355.555129
306,40,12123.542867
306,41,12119.898449
306,42,11951.235014
306,45,11491.059239
306,46,11419.544059
306,47,11359.356767
306,48,11346.064413
306,49,11308.732514
307,34,13571.888124
307,35,12900.051947
307,36,12716.950302
307,37,12665.237689
307,38,12325.181179
307,40,12123.542867
307,41,12119.898449
307,42,11951.235014
307,45,11491.059239
307,46,11419.544059
307,47,11359.356767
307,48,11346.064413
307,49,11308.732514
308,34,13571.888124
308,35,12900.051947
308,36,12716.950302
308,37,12665.237689
308,38,12325.181179
308,40,12123.542867
308,41,12097.251554
308,42,11951.235014
308,45,11491.059239
308,46,11419.544059
308,47,11359.356767
308,48,11346.064413
308,49,11308.732514
309,34,13571.888124
309,35,12877.920685
309,36,12716.950302
309,37,12665.237689
309,38,12325.181179
309,40,12123.542867
309,41,12097.251554
309,42,11951.235014
309,45,11491.059239
309,46,11413.340765
309,47,11359.356767
309,48,11346.064413
309,49,11308.732514
309,52,11307.995395
310,34,13571.888124
310,35,12855.304067
310,36,12716.950302
310,37,12665.237689
310,38,12325.181179
310,40,12123.542867
310,41,12031.463725
310,42,11951.235014
310,45,11478.474468
310,46,11413.340765
310,47,11359.356767
310,48,11346.064413
310,49,11308.732514
310,52,11307.995395
311,34,13571.888124
311,35,12837.061756
311,36,12716.950302
311,37,12624.253526
311,38,12308.048374
311,40,12108.197012
311,41,11965.454977
311,42,11944.402006
311,45,11463.310634
311,46,11406.822667
311,47,11359.356767
311,48,11337.626175
311,49,11307.345381
311,52,11290.550777
312,34,13571.888124
312,35,12837.061756
312,36,12716.950302
312,37,12624.253526
312,38,12308.048374
312,40,12108.197012
312,41,11965.454977
312,42,11944.402006
312,45,11463.310634
312,46,11406.822667
312,47,11359.356767
312,48,11337.626175
312,49,11307.345381
312,52,11290.550777
313,34,13571.888124
313,35,12837.061756
313,36,12716.950302
313,37,12620.805182
313,38,12308.048374
313,40,12108.197012
313,41,11965.454977
313,42,11944.402006
313,44,11460.029079
313,46,11406.822667
313,47,11359.356767
313,48,11337.626175
313,49,11307.345381
313,52,11290.550777
314,34,13571.888124
314,35,12837.061756
314,36,12716.950302
314,37,12620.805182
314,38,12308.048374
314,40,12108.197012
314,41,11965.454977
314,42,11944.402006
314,44,11460.029079
314,46,11406.822667
314,47,11359.356767
314,48,11337.626175
314,49,11307.345381
314,52,11290.550777
315,34,13571.888124
315,35,12837.061756
315,36,12680.067191
315,37,12620.805182
315,38,12308.048374
315,40,12105.539109
315,41,11965.454977
315,42,11944.402006
315,44,11460.029079
315,45,11427.378155
315,46,11406.822667
315,47,11356.624236
315,48,11337.626175
315,49,11307.345381
315,52,11290.550777
316,34,13571.888124
316,35,12837.061756
316,36,12680.067191
316,37,12620.805182
316,38,12308.048374
316,40,12058.083358
316,41,11958.138969
316,42,11944.402006
316,44,11443.113618
316,45,11424.261055
316,46,11402.427596
316,47,11344.514260
316,48,11313.702784
316,49,11298.672372
316,52,11274.896727
317,34,13571.888124
317,35,12837.061756
317,36,12680.067191
317,37,12620.805182
317,38,12308.048374
317,40,12058.083358
317,41,11958.138969
317,42,11944.402006
317,44,11443.113618
317,45,11424.261055
317,46,11402.427596
317,47,11344.514260
317,48,11313.702784
317,49,11298.672372
317,52,11274.896727
318,34,13571.888124
318,35,12835.374660
318,36,12680.067191
318,37,12544.773870
318,38,12308.048374
318,40,12058.083358
318,41,11958.138969
318,42,11874.563872
318,44,11443.113618
318,45,11424.261055
318,46,11402.427596
318,47,11344.514260
318,48,11313.702784
318,49,11298.672372
318,52,11274.896727
319,34,13457.107772
319,35,12835.374660
319,36,12566.550983
319,37,12544.773870
319,38,12308.048374
319,40,12058.083358
319,41,11958.138969
319,42,11874.563872
319,44,11443.113618
319,45,11424.261055
319,46,11402.427596
319,47,11344.514260
319,48,11313.702784
319,49,11298.672372
319,52,11274.896727
320,34,13457.107772
320,35,12835.374660
320,36,12566.550983
320,37,12544.773870
320,38,12308.048374
320,40,12058.083358
320,41,11958.138969
320,42,11874.563872
320,44,11443.113618
320,45,11424.261055
320,46,11402.427596
320,47,11344.514260
320,48,11313.702784
320,49,11298.672372
320,52,11274.896727
321,34,13457.107772
321,35,12835.374660
321,36,12566.550983
321,37,12544.773870
321,38,12308.048374
321,40,12058.083358
321,41,11859.242688
321,43,11499.427682
321,44,11427.224118
321,45,11407.620781
321,46,11387.818946
321,47,11329.784268
321,48,11313.702784
321,49,11298.672372
321,51,11239.836868
322,34,13457.107772
322,35,12835.374660
322,36,12566.550983
322,37,12544.773870
322,38,12308.048374
322,40,12058.083358
322,41,11859.242688
322,43,11499.427682
322,44,11427.224118
322,45,11407.620781
322,46,11387.818946
322,47,11329.784268
322,48,11313.702784
322,49,11298.672372
322,51,11239.836868
323,34,13457.107772
323,35,12835.374660
323,36,12566.550983
323,37,12544.773870
323,38,12308.048374
323,40,12058.083358
323,41,11859.242688
323,43,11499.427682
323,44,11427.224118
323,45,11407.620781
323,46,11387.818946
323,47,11329.784268
323,48,11313.702784
323,49,11298.672372
323,51,11239.836868
324,34,13457.107772
324,35,12835.374660
324,36,12566.550983
324,37,12544.773870
324,38,12308.048374
324,40,12058.083358
324,41,11859.242688
324,43,11499.427682
324,44,11427.224118
324,45,11407.620781
324,46,11387.818946
324,47,11329.784268
324,48,11249.464921
324,51,11239.836868
325,34,13457.107772
325,35,12835.374660
325,36,12540.999982
325,38,12308.048374
325,40,12058.083358
325,41,11859.242688
325,43,11499.427682
325,44,11427.224118
325,45,11407.620781
325,46,11387.818946
325,47,11317.808492
325,48,11249.464921
325,51,11239.836868
326,34,13435.426953
326,35,12835.374660
326,36,12475.931348
326,38,12308.048374
326,40,12058.083358
326,41,11856.793562
326,42,11495.099794
326,44,11427.224118
326,45,11346.680204
326,47,11317.808492
326,48,11237.994978
327,34,13435.426953
327,35,12835.374660
327,36,12475.931348
327,38,12308.048374
327,40,12058.083358
327,41,11856.793562
327,42,11495.099794
327,44,11427.224118
327,45,11346.680204
327,47,11317.808492
327,48,11237.994978
