Generation,NV,TOC
1,21,6664.464268
1,24,6529.738723
1,25,6436.303876
1,27,6044.607567
1,28,5916.371304
1,32,5539.043630
1,33,5501.482390
1,37,5375.999125
1,41,5174.178301
1,42,5058.537536
2,21,6664.464268
2,22,6604.328369
2,24,6529.738723
2,25,6436.303876
2,26,6237.569432
2,27,6044.607567
2,28,5916.371304
2,30,5897.283967
2,32,5500.873923
2,37,5360.793882
2,38,5151.763469
2,40,4766.088057
2,42,4728.522050
3,21,6664.464268
3,22,6604.328369
3,24,6429.322607
3,26,6231.715401
3,27,6044.607567
3,28,5916.371304
3,30,5771.765329
3,31,5397.711395
3,36,4647.037798
4,21,6664.464268
4,22,6604.328369
4,23,5610.496211
4,28,5190.292405
4,35,4602.469819
5,21,6638.092198
5,22,6354.509941
5,23,5610.496211
5,27,5586.238448
5,28,5190.292405
5,32,5147.549799
5,34,4592.860207
5,35,4559.767795
6,21,6638.092198
6,22,6072.265414
6,23,5610.496211
6,26,5301.750729
6,27,5238.818266
6,28,5190.292405
6,31,5044.033586
6,33,5016.320509
6,34,4571.163846
6,35,4559.767795
7,20,6277.349539
7,22,5950.506338
7,23,5562.638075
7,24,5376.945823
7,26,5301.750729
7,27,5238.818266
7,28,5142.234893
7,29,4793.272017
7,31,4765.994462
7,32,4744.677690
7,33,4544.682883
8,19,5851.380332
8,23,5562.638075
8,24,5376.945823
8,25,5295.204130
8,26,4877.665270
8,28,4752.510524
8,32,4744.677690
8,33,4544.682883
8,36,4539.094497
9,19,5851.380332
9,21,5757.094516
9,23,5562.638075
9,24,5376.945823
9,25,5295.204130
9,26,4877.665270
9,28,4752.510524
9,29,4598.539420
9,33,4544.682883
9,34,4535.726964
10,19,5845.023934
10,21,5333.064255
10,23,5134.513654
10,24,5008.437734
10,26,4877.665270
10,27,4874.436498
10,28,4752.510524
10,29,4598.539420
10,32,4569.697963
10,33,4544.682883
10,34,4513.114948
11,18,6243.759953
11,19,5845.023934
11,20,5674.521272
11,21,5333.064255
11,22,4890.390721
11,25,4886.929575
11,26,4877.665270
11,27,4688.843931
11,29,4598.539420
11,30,4583.565620
11,32,4525.371925
11,34,4513.114948
11,35,4495.451861
12,18,6095.406494
12,19,5473.894812
12,20,5012.932919
12,22,4890.390721
12,23,4803.514116
12,26,4722.226891
12,27,4688.843931
12,28,4574.672756
12,30,4569.161081
12,32,4525.300840
12,34,4512.547128
12,35,4495.451861
13,18,5850.631120
13,19,5473.894812
13,20,5012.932919
13,22,4890.390721
13,23,4803.514116
13,25,4699.777998
13,27,4688.843931
13,28,4574.672756
13,30,4569.161081
13,32,4525.300840
13,34,4512.547128
13,35,4495.451861
14,18,5838.369602
14,19,5473.894812
14,20,5012.932919
14,22,4890.390721
14,23,4803.514116
14,25,4699.777998
14,27,4688.843931
14,28,4574.672756
14,30,4569.161081
14,32,4525.300840
14,34,4503.425433
14,35,4495.451861
15,18,5457.388043
15,19,5015.599020
15,20,5012.932919
15,22,4890.390721
15,23,4803.514116
15,25,4699.777998
15,26,4654.871940
15,27,4615.607197
15,28,4570.274302
15,29,4558.769646
15,30,4551.292398
15,32,4525.300840
15,34,4503.425433
15,35,4495.451861
16,17,5631.367892
16,18,5154.747656
16,19,4891.265667
16,20,4883.037643
16,23,4803.514116
16,25,4699.777998
16,26,4654.871940
16,27,4615.607197
16,28,4570.274302
16,29,4558.769646
16,30,4551.292398
16,31,4549.333270
16,32,4525.300840
16,34,4503.425433
16,35,4495.451861
17,17,5631.367892
17,18,5154.747656
17,19,4814.362847
17,20,4796.052417
17,22,4741.361141
17,25,4654.012312
17,26,4607.064903
17,28,4570.274302
17,29,4558.769646
17,30,4487.767242
17,34,4485.915384
18,17,5573.518286
18,18,5154.747656
18,19,4814.362847
18,20,4796.052417
18,22,4741.361141
18,25,4654.012312
18,26,4607.064903
18,28,4570.274302
18,29,4558.769646
18,30,4487.767242
18,34,4485.915384
19,17,5573.518286
19,18,5154.747656
19,19,4814.362847
19,20,4602.040716
19,28,4543.068714
19,30,4487.767242
19,34,4485.915384
20,17,5474.292044
20,18,5067.348110
20,19,4814.362847
20,20,4602.040716
20,28,4543.068714
20,30,4487.767242
20,34,4485.915384
21,17,5379.362774
21,18,5067.348110
21,19,4814.362847
21,20,4602.040716
21,28,4543.068714
21,30,4487.767242
21,34,4485.915384
21,35,4459.123414
22,17,5213.088803
22,18,5030.677349
22,19,4813.307225
22,20,4602.040716
22,28,4543.068714
22,30,4487.767242
22,34,4485.915384
22,35,4459.123414
23,16,5544.975402
23,17,5061.911323
23,18,4966.735354
23,19,4813.307225
23,20,4602.040716
23,28,4543.068714
23,30,4487.767242
23,34,4485.915384
23,35,4459.123414
24,16,5523.393171
24,17,5038.690341
24,18,4798.364707
24,19,4724.551314
24,20,4602.040716
24,24,4573.527061
24,28,4543.068714
24,30,4454.090232
24,35,4448.786055
25,16,5355.439219
25,17,5038.690341
25,18,4798.364707
25,19,4724.551314
25,20,4602.040716
25,24,4573.527061
25,26,4556.816965
25,28,4520.409974
25,30,4454.090232
25,35,4448.786055
26,16,5355.439219
26,17,5013.688983
26,18,4798.364707
26,19,4724.551314
26,20,4602.040716
26,23,4578.474634
26,24,4573.527061
26,26,4556.816965
26,28,4520.409974
26,30,4454.090232
26,35,4448.786055
26,36,4446.942699
27,16,5355.439219
27,17,5013.688983
27,18,4798.364707
27,19,4684.630813
27,20,4602.040716
27,23,4578.474634
27,24,4573.527061
27,26,4556.816965
27,27,4548.460724
27,28,4520.409974
27,30,4454.090232
27,35,4448.786055
27,36,4446.942699
28,16,5355.439219
28,17,4999.673288
28,18,4798.364707
28,19,4684.630813
28,20,4602.040716
28,23,4578.474634
28,24,4573.527061
28,26,4556.816965
28,27,4548.460724
28,28,4520.409974
28,30,4454.090232
28,35,4448.786055
28,36,4446.942699
29,16,5355.439219
29,17,4999.673288
29,18,4798.364707
29,19,4676.752416
29,20,4581.804662
29,23,4578.474634
29,24,4497.385513
29,28,4496.088650
29,30,4452.112458
29,34,4432.642896
30,16,5340.217089
30,17,4999.673288
30,18,4798.364707
30,19,4676.752416
30,20,4581.804662
30,23,4578.474634
30,24,4497.385513
30,27,4459.520403
30,30,4452.112458
30,34,4432.642896
31,16,5340.217089
31,17,4932.209612
31,18,4798.364707
31,19,4676.752416
31,20,4581.804662
31,23,4578.474634
31,24,4497.385513
31,27,4459.520403
31,30,4452.112458
31,33,4429.927305
32,16,5340.217089
32,17,4732.007258
32,18,4712.474655
32,19,4676.752416
32,20,4581.804662
32,23,4578.474634
32,24,4497.385513
32,27,4459.520403
32,30,4452.112458
32,33,4429.927305
33,16,5129.657941
33,17,4732.007258
33,18,4712.474655
33,19,4676.752416
33,20,4581.804662
33,23,4578.474634
33,24,4497.385513
33,27,4459.520403
33,30,4452.112458
33,33,4429.927305
33,34,4427.523840
34,16,4978.747685
34,17,4713.173626
34,18,4712.474655
34,19,4648.760462
34,20,4581.804662
34,23,4491.296932
34,26,4454.605727
34,30,4452.112458
34,33,4420.031781
34,34,4415.097321
35,16,4925.389217
35,17,4713.173626
35,18,4712.474655
35,19,4648.760462
35,20,4581.804662
35,21,4560.979722
35,23,4491.296932
35,26,4454.605727
35,30,4452.112458
35,33,4420.031781
35,34,4415.097321
36,16,4904.654701
36,17,4713.173626
36,18,4712.474655
36,19,4639.426660
36,20,4581.804662
36,21,4560.979722
36,22,4500.588333
36,23,4491.296932
36,26,4454.605727
36,30,4452.112458
36,33,4420.031781
36,34,4415.097321
37,16,4904.654701
37,17,4713.173626
37,18,4712.474655
37,19,4639.426660
37,20,4581.804662
37,21,4560.979722
37,22,4483.158355
37,26,4454.605727
37,30,4452.112458
37,33,4420.031781
37,34,4415.097321
38,15,5191.731708
38,16,4904.654701
38,17,4713.173626
38,18,4712.474655
38,19,4625.369765
38,20,4581.804662
38,21,4560.979722
38,22,4483.158355
38,26,4454.605727
38,30,4452.112458
38,33,4420.031781
38,34,4415.097321
39,15,5191.731708
39,16,4904.654701
39,17,4711.122071
39,18,4697.667701
39,19,4625.369765
39,20,4570.863846
39,21,4560.979722
39,22,4474.147160
39,26,4445.203480
39,31,4424.339240
39,32,4382.795272
40,15,5191.731708
40,16,4904.654701
40,17,4709.663730
40,18,4697.667701
40,19,4625.369765
40,20,4570.863846
40,21,4533.071606
40,22,4474.147160
40,26,4445.203480
40,31,4424.339240
40,32,4382.795272
41,15,5191.731708
41,16,4904.654701
41,17,4709.663730
41,18,4697.667701
41,19,4598.882173
41,20,4570.863846
41,21,4532.692202
41,22,4474.147160
41,26,4445.203480
41,29,4405.662801
41,32,4382.795272
41,35,4378.608716
42,15,5057.879440
42,16,4904.654701
42,17,4646.135251
42,19,4577.426766
42,20,4570.863846
42,21,4532.692202
42,22,4474.147160
42,26,4445.203480
42,28,4410.377994
42,29,4405.662801
42,31,4395.984005
42,32,4339.962215
43,15,5057.879440
43,16,4904.654701
43,17,4646.135251
43,19,4577.426766
43,20,4570.863846
43,21,4532.692202
43,22,4474.147160
43,25,4471.048117
43,26,4445.203480
43,28,4410.377994
43,29,4405.662801
43,31,4395.984005
43,32,4339.962215
44,15,5057.879440
44,16,4904.654701
44,17,4575.639185
44,19,4568.426123
44,21,4486.183875
44,22,4464.880928
44,25,4455.751912
44,26,4418.961453
44,28,4374.207620
44,30,4373.219515
44,31,4339.015796
45,15,5057.879440
45,16,4904.654701
45,17,4550.979824
45,19,4528.901984
45,21,4486.183875
45,22,4464.880928
45,23,4461.438066
45,25,4455.751912
45,26,4418.961453
45,28,4374.207620
45,30,4373.219515
45,31,4339.015796
46,15,5057.879440
46,16,4810.892662
46,17,4550.979824
46,19,4528.901984
46,21,4486.183875
46,22,4464.880928
46,23,4461.438066
46,25,4455.751912
46,26,4418.961453
46,27,4341.542414
46,31,4339.015796
47,15,5057.879440
47,16,4810.892662
47,17,4535.485362
47,19,4528.901984
47,21,4486.183875
47,22,4449.378162
47,25,4429.970701
47,26,4418.961453
47,27,4341.542414
47,31,4339.015796
48,15,4976.298559
48,16,4810.892662
48,17,4535.485362
48,19,4528.901984
48,20,4483.352724
48,21,4458.669562
48,22,4449.378162
48,23,4439.540060
48,25,4429.970701
48,26,4418.961453
48,27,4341.542414
48,31,4339.015796
49,15,4967.503393
49,16,4737.227604
49,17,4485.293200
49,20,4479.378150
49,21,4446.485696
49,22,4406.397067
49,25,4391.247144
49,26,4340.284604
49,31,4339.015796
50,15,4967.503393
50,16,4737.227604
50,17,4485.293200
50,19,4461.244786
50,20,4454.490227
50,21,4429.757404
50,22,4391.881228
50,25,4391.247144
50,26,4340.284604
50,31,4339.015796
51,15,4867.802048
51,16,4737.227604
51,17,4485.293200
51,19,4461.244786
51,20,4454.490227
51,21,4429.757404
51,22,4391.881228
51,25,4391.247144
51,26,4340.284604
51,31,4339.015796
51,32,4338.810926
52,15,4833.649220
52,16,4727.267043
52,17,4485.293200
52,19,4461.244786
52,20,4454.490227
52,21,4429.757404
52,22,4391.881228
52,25,4391.247144
52,26,4340.284604
52,31,4339.015796
52,32,4338.810926
53,14,5007.117020
53,15,4807.672485
53,16,4727.267043
53,17,4485.293200
53,19,4429.857137
53,21,4429.757404
53,22,4391.881228
53,25,4346.373553
53,26,4338.262043
54,14,4960.927873
54,15,4789.898822
54,16,4654.836631
54,17,4483.329119
54,19,4425.641911
54,21,4418.157522
54,22,4375.592572
54,24,4337.211056
55,14,4960.927873
55,15,4697.734835
55,16,4654.836631
55,17,4483.329119
55,19,4387.443378
55,22,4375.592572
55,24,4337.211056
56,14,4960.927873
56,15,4659.399344
56,16,4654.836631
56,17,4483.329119
56,18,4426.100890
56,19,4387.443378
56,22,4375.592572
56,24,4337.211056
57,14,4960.927873
57,15,4659.399344
57,16,4654.836631
57,17,4483.329119
57,18,4426.100890
57,19,4387.443378
57,22,4375.592572
57,24,4337.211056
58,13,5484.039680
58,14,4796.914439
58,15,4659.399344
58,16,4654.836631
58,17,4438.304397
58,18,4426.100890
58,19,4387.443378
58,22,4375.592572
58,24,4337.211056
59,13,5456.332774
59,14,4791.067676
59,15,4659.399344
59,16,4615.547589
59,17,4427.390117
59,18,4426.100890
59,19,4379.284074
59,22,4374.408893
59,23,4313.500041
60,13,5425.655417
60,14,4791.067676
60,15,4659.399344
60,16,4576.252412
60,17,4427.390117
60,18,4426.100890
60,19,4372.078071
60,21,4327.274869
60,23,4313.500041
61,13,5075.999482
61,14,4791.067676
61,15,4659.399344
61,16,4576.252412
61,17,4427.390117
61,18,4426.100890
61,19,4372.078071
61,21,4327.274869
61,23,4313.500041
62,13,5020.534860
62,14,4791.067676
62,15,4659.399344
62,16,4576.252412
62,17,4427.390117
62,18,4333.487325
62,20,4313.977755
62,23,4313.500041
63,13,5020.534860
63,14,4734.725014
63,15,4612.218552
63,16,4576.252412
63,17,4427.390117
63,18,4332.498758
63,20,4313.977755
63,23,4313.500041
63,25,4308.202487
64,13,4930.773895
64,14,4713.000322
64,15,4603.373708
64,16,4574.449530
64,17,4307.565430
65,13,4930.773895
65,14,4695.608929
65,15,4594.591991
65,16,4574.449530
65,17,4307.565430
66,13,4930.773895
66,14,4690.800471
66,15,4579.602307
66,16,4568.495811
66,17,4307.565430
66,25,4305.579039
67,13,4838.320629
67,14,4690.800471
67,15,4579.602307
67,16,4568.495811
67,17,4307.565430
67,25,4305.579039
68,13,4838.320629
68,14,4690.800471
68,15,4579.602307
68,16,4568.495811
68,17,4307.565430
68,19,4304.910862
68,21,4293.805785
69,13,4828.324158
69,14,4690.678940
69,15,4469.299388
69,17,4307.565430
69,18,4291.257566
70,13,4828.324158
70,14,4666.500426
70,15,4469.299388
70,17,4307.565430
70,18,4291.257566
70,20,4288.427462
71,13,4828.324158
71,14,4666.500426
71,15,4469.299388
71,17,4307.565430
71,18,4291.257566
71,20,4288.427462
72,13,4828.324158
72,14,4666.500426
72,15,4469.299388
72,16,4453.947812
72,17,4307.565430
72,18,4291.257566
72,20,4288.427462
73,13,4670.097409
73,14,4666.500426
73,15,4469.299388
73,16,4453.947812
73,17,4307.565430
73,18,4291.257566
73,20,4288.427462
73,24,4281.120404
74,13,4611.342961
74,15,4469.299388
74,16,4361.733577
74,17,4307.565430
74,18,4291.257566
74,20,4288.124174
74,23,4264.965476
75,13,4611.342961
75,15,4324.852642
75,17,4307.565430
75,18,4291.257566
75,20,4278.636439
75,23,4264.965476
75,24,4260.668357
76,13,4611.342961
76,14,4607.763838
76,15,4324.852642
76,16,4268.663939
76,23,4264.965476
76,24,4260.668357
77,13,4611.342961
77,14,4607.763838
77,15,4324.852642
77,16,4268.663939
77,19,4249.728901
78,13,4611.342961
78,14,4607.763838
78,15,4324.852642
78,16,4268.663939
78,18,4258.589190
78,19,4249.728901
79,13,4604.780891
79,15,4324.852642
79,16,4262.975723
79,17,4258.934229
79,18,4250.736568
79,19,4240.060061
80,13,4604.780891
80,15,4324.852642
80,16,4262.975723
80,17,4233.375912
81,13,4559.021906
81,15,4324.852642
81,16,4244.217010
81,17,4233.375912
82,13,4558.900010
82,14,4502.249993
82,15,4324.852642
82,16,4244.217010
82,17,4233.125251
82,19,4227.670440
83,13,4552.489494
83,14,4502.249993
83,15,4324.852642
83,16,4244.217010
83,17,4233.125251
83,19,4227.670440
84,13,4494.049858
84,15,4324.852642
84,16,4227.933258
84,19,4198.491948
84,20,4194.819690
85,13,4494.049858
85,15,4324.852642
85,16,4227.933258
85,19,4196.312618
85,20,4194.819690
86,13,4494.049858
86,14,4418.922853
86,15,4324.852642
86,16,4227.933258
86,19,4196.312618
86,20,4171.639779
87,13,4494.049858
87,14,4418.922853
87,15,4324.852642
87,16,4227.933258
87,19,4196.312618
87,20,4171.639779
88,13,4494.049858
88,14,4418.922853
88,15,4324.852642
88,16,4227.933258
88,17,4219.127013
88,19,4196.312618
88,20,4171.639779
88,22,4165.287486
89,13,4488.450017
89,14,4394.666566
89,15,4242.449119
89,16,4227.933258
89,17,4219.127013
89,19,4172.285043
89,20,4164.639629
89,21,4155.326298
90,13,4488.450017
90,14,4394.666566
90,15,4242.449119
90,16,4227.933258
90,17,4219.127013
90,19,4172.285043
90,20,4164.639629
90,21,4155.326298
91,13,4433.893797
91,14,4394.666566
91,15,4242.449119
91,16,4227.933258
91,17,4219.127013
91,19,4172.285043
91,20,4164.639629
91,21,4155.326298
92,13,4433.893797
92,14,4394.666566
92,15,4242.449119
92,16,4227.933258
92,17,4219.127013
92,19,4172.285043
92,20,4164.639629
92,21,4155.326298
92,22,4154.344483
93,13,4433.893797
93,14,4394.666566
93,15,4242.449119
93,16,4227.933258
93,17,4219.127013
93,18,4212.878868
93,19,4172.285043
93,20,4164.639629
93,21,4155.326298
93,22,4154.344483
93,24,4144.649891
94,13,4433.702158
94,14,4388.942067
94,15,4242.449119
94,16,4226.606545
94,17,4218.597917
94,18,4199.723402
94,19,4170.564141
94,20,4161.790947
94,21,4151.536659
94,24,4144.649891
95,12,4748.449153
95,13,4433.702158
95,14,4388.942067
95,15,4242.449119
95,16,4226.606545
95,17,4218.597917
95,18,4199.723402
95,19,4170.564141
95,20,4161.790947
95,21,4151.536659
95,24,4144.649891
96,12,4748.449153
96,13,4433.702158
96,14,4383.678907
96,15,4242.449119
96,16,4226.606545
96,17,4218.597917
96,18,4199.723402
96,19,4170.564141
96,20,4161.790947
96,21,4151.536659
96,24,4144.649891
97,12,4748.449153
97,13,4433.702158
97,14,4383.678907
97,15,4242.449119
97,16,4226.606545
97,17,4218.597917
97,18,4194.388520
97,19,4169.335461
97,20,4161.790947
97,21,4151.536659
97,24,4144.649891
98,12,4748.449153
98,13,4433.702158
98,14,4383.678907
98,15,4242.449119
98,16,4226.606545
98,17,4207.399659
98,18,4194.388520
98,19,4169.335461
98,20,4161.790947
98,21,4151.536659
98,24,4144.649891
99,12,4678.490992
99,13,4433.702158
99,14,4376.111324
99,15,4242.449119
99,16,4214.680215
99,17,4207.399659
99,18,4194.388520
99,19,4169.015164
99,20,4149.966734
99,22,4132.633458
100,12,4552.507312
100,13,4433.702158
100,14,4376.111324
100,15,4242.449119
100,16,4214.680215
100,17,4207.399659
100,18,4187.859967
100,19,4169.015164
100,20,4149.966734
100,22,4132.633458
101,12,4552.507312
101,13,4404.405115
101,14,4360.887083
101,15,4242.449119
101,16,4214.680215
101,17,4207.399659
101,18,4187.859967
101,19,4169.015164
101,20,4149.966734
101,22,4124.929454
102,12,4532.497568
102,13,4404.405115
102,14,4360.887083
102,15,4232.955702
102,16,4214.680215
102,17,4207.399659
102,18,4187.859967
102,19,4169.015164
102,20,4149.966734
102,22,4124.929454
103,12,4489.998635
103,13,4404.405115
103,14,4360.887083
103,15,4232.955702
103,16,4214.680215
103,17,4184.025094
103,19,4169.015164
103,20,4149.966734
103,22,4124.929454
104,12,4481.215034
104,13,4313.359146
104,15,4232.955702
104,16,4201.735218
104,17,4177.780571
104,19,4154.308674
104,20,4140.912488
104,22,4113.295163
105,12,4481.215034
105,13,4313.359146
105,15,4232.955702
105,16,4201.735218
105,17,4177.780571
105,19,4154.308674
105,20,4140.912488
105,22,4113.295163
106,12,4441.678336
106,13,4313.359146
106,15,4228.250530
106,16,4201.735218
106,17,4177.780571
106,19,4154.308674
106,20,4140.912488
106,22,4113.295163
107,12,4441.678336
107,13,4313.359146
107,15,4228.250530
107,16,4201.735218
107,17,4177.780571
107,19,4154.308674
107,20,4140.912488
107,22,4113.295163
108,12,4432.299525
108,13,4313.359146
108,15,4228.250530
108,16,4201.735218
108,17,4177.780571
108,19,4154.308674
108,20,4140.912488
108,22,4113.295163
109,12,4431.571562
109,13,4312.226771
109,15,4228.250530
109,16,4201.735218
109,17,4173.715539
109,19,4154.046320
109,20,4140.912488
109,22,4113.295163
110,12,4431.571562
110,13,4312.226771
110,15,4228.250530
110,16,4201.735218
110,17,4173.715539
110,19,4154.046320
110,20,4140.912488
110,22,4113.295163
111,12,4430.776965
111,13,4312.226771
111,15,4228.250530
111,16,4201.735218
111,17,4171.640067
111,19,4124.838597
111,22,4113.295163
112,12,4427.137779
112,13,4312.226771
112,15,4205.325130
112,16,4201.735218
112,17,4171.640067
112,19,4124.838597
112,22,4113.295163
113,12,4427.137779
113,13,4312.226771
113,15,4205.325130
113,16,4201.735218
113,17,4171.640067
113,19,4124.838597
113,22,4113.295163
114,12,4407.882336
114,13,4310.462237
114,15,4197.948126
114,17,4171.640067
114,19,4124.838597
114,22,4113.295163
115,12,4381.357540
115,13,4310.462237
115,14,4246.247666
115,15,4197.948126
115,17,4155.104092
115,18,4140.737163
115,19,4110.083572
116,12,4362.481531
116,13,4310.462237
116,14,4246.247666
116,15,4197.948126
116,17,4155.104092
116,18,4140.737163
116,19,4110.083572
117,12,4345.350587
117,13,4309.382639
117,14,4244.020765
117,15,4197.948126
117,17,4155.104092
117,18,4140.737163
117,19,4110.083572
118,12,4345.350587
118,13,4309.382639
118,14,4203.888290
118,15,4197.948126
118,17,4155.104092
118,18,4140.737163
118,19,4110.083572
119,12,4345.350587
119,13,4308.189070
119,14,4200.754988
119,15,4197.948126
119,17,4154.844116
119,18,4125.932387
119,19,4110.083572
120,12,4345.350587
120,13,4294.460970
120,14,4200.754988
120,15,4197.948126
120,17,4154.844116
120,18,4122.236115
120,19,4110.083572
120,22,4109.903630
121,12,4345.350587
121,13,4294.460970
121,14,4200.754988
121,15,4197.948126
121,17,4154.844116
121,18,4112.209416
121,19,4110.083572
121,22,4109.903630
122,12,4341.262040
122,13,4294.460970
122,14,4200.754988
122,15,4197.948126
122,17,4141.711328
122,18,4112.209416
122,19,4110.083572
122,21,4101.055693
123,12,4341.262040
123,13,4294.460970
123,14,4200.754988
123,15,4197.948126
123,17,4135.890612
123,18,4112.209416
123,19,4110.083572
123,21,4101.055693
124,12,4338.023661
124,13,4291.996008
124,14,4200.754988
124,15,4193.675971
124,16,4149.533249
124,17,4110.861158
124,19,4110.083572
124,21,4101.055693
125,12,4338.023661
125,13,4291.996008
125,14,4190.800836
125,16,4149.533249
125,17,4110.861158
125,19,4108.781897
125,20,4099.554058
126,12,4338.023661
126,13,4290.879888
126,14,4190.800836
126,16,4149.533249
126,17,4110.861158
126,19,4108.781897
126,20,4099.554058
127,12,4338.023661
127,13,4290.879888
127,14,4190.800836
127,16,4149.533249
127,17,4110.861158
127,19,4108.781897
127,20,4099.554058
127,21,4097.306224
128,12,4338.023661
128,13,4290.879888
128,14,4190.800836
128,16,4149.533249
128,17,4110.861158
128,18,4104.822991
128,20,4099.554058
128,21,4095.780066
129,12,4321.176681
129,13,4289.225786
129,14,4190.800836
129,16,4149.533249
129,17,4110.861158
129,18,4099.678177
129,20,4098.732029
129,21,4095.780066
130,12,4321.176681
130,13,4273.252639
130,14,4190.800836
130,15,4153.290287
130,16,4149.533249
130,17,4110.861158
130,18,4094.954986
130,19,4079.925726
131,12,4321.176681
131,13,4273.252639
131,14,4190.800836
131,15,4153.290287
131,16,4133.469875
131,17,4110.861158
131,18,4094.954986
131,19,4076.122788
132,12,4316.596997
132,13,4256.705601
132,14,4190.800836
132,15,4153.290287
132,16,4115.494174
132,17,4110.861158
132,18,4087.750475
132,19,4076.122788
133,12,4316.596997
133,13,4256.705601
133,14,4190.800836
133,15,4153.290287
133,16,4115.494174
133,17,4110.861158
133,18,4087.750475
133,19,4076.122788
134,12,4313.904675
134,13,4247.866956
134,14,4190.800836
134,15,4153.290287
134,16,4113.664274
134,17,4110.861158
134,18,4064.869083
135,12,4313.904675
135,13,4243.639848
135,14,4190.800836
135,15,4153.290287
135,16,4113.664274
135,17,4110.861158
135,18,4064.869083
136,12,4293.569734
136,13,4243.349242
136,14,4181.886219
136,15,4153.290287
136,16,4103.682900
136,18,4064.869083
136,19,4062.678096
137,12,4293.569734
137,13,4243.349242
137,14,4181.886219
137,15,4153.290287
137,16,4103.682900
137,18,4064.869083
137,19,4062.678096
138,12,4293.569734
138,13,4243.349242
138,14,4181.886219
138,15,4153.290287
138,16,4103.682900
138,18,4064.869083
138,19,4062.678096
139,12,4276.755084
139,13,4224.268549
139,14,4181.886219
139,15,4153.290287
139,16,4083.771913
139,18,4064.869083
139,19,4062.678096
140,12,4276.755084
140,13,4224.268549
140,14,4181.886219
140,15,4151.041460
140,16,4083.771913
140,18,4064.869083
140,19,4062.678096
141,12,4276.755084
141,13,4224.268549
141,14,4177.549113
141,15,4151.041460
141,16,4083.771913
141,18,4064.869083
141,19,4062.678096
142,12,4276.755084
142,13,4224.268549
142,14,4177.549113
142,15,4151.041460
142,16,4083.771913
142,18,4064.869083
142,19,4062.678096
143,12,4276.755084
143,13,4191.948747
143,14,4177.549113
143,15,4151.041460
143,16,4083.771913
143,17,4070.926938
143,18,4064.869083
143,19,4060.214354
144,12,4254.239699
144,13,4191.948747
144,14,4137.220985
144,16,4083.771913
144,17,4068.654840
144,18,4062.913644
144,19,4060.214354
145,12,4254.239699
145,13,4181.116408
145,14,4137.220985
145,15,4135.240461
145,16,4081.881869
145,17,4068.654840
145,18,4062.913644
145,19,4060.214354
146,12,4254.239699
146,13,4181.116408
146,14,4137.220985
146,15,4135.240461
146,16,4081.881869
146,17,4068.654840
146,18,4062.913644
146,19,4060.214354
147,12,4254.239699
147,13,4171.861177
147,14,4137.220985
147,15,4079.576495
147,17,4068.654840
147,18,4062.913644
147,19,4060.214354
148,12,4254.239699
148,13,4171.861177
148,14,4137.220985
148,15,4079.576495
148,17,4068.654840
148,18,4062.913644
148,19,4060.214354
149,12,4240.734690
149,13,4163.065248
149,14,4129.664984
149,15,4079.576495
149,17,4068.654840
149,18,4062.913644
149,19,4059.727589
150,12,4240.734690
150,13,4163.065248
150,14,4129.664984
150,15,4079.576495
150,17,4068.654840
150,18,4062.913644
150,19,4059.727589
151,12,4240.734690
151,13,4159.343409
151,14,4129.664984
151,15,4079.576495
151,17,4068.654840
151,18,4062.913644
151,19,4059.727589
152,12,4240.734690
152,13,4148.154915
152,14,4110.744433
152,15,4079.576495
152,17,4060.084163
152,19,4059.727589
152,20,4055.214471
153,12,4240.734690
153,13,4148.154915
153,14,4110.744433
153,15,4079.576495
153,17,4060.084163
153,19,4059.727589
153,20,4055.214471
154,12,4224.987479
154,13,4148.154915
154,14,4110.744433
154,15,4079.352567
154,16,4075.180148
154,17,4048.548225
155,12,4224.987479
155,13,4148.154915
155,14,4079.466052
155,15,4079.352567
155,16,4075.180148
155,17,4047.761943
156,12,4224.987479
156,13,4134.741487
156,14,4079.466052
156,15,4066.706947
156,17,4047.761943
157,12,4224.987479
157,13,4134.741487
157,14,4079.466052
157,15,4066.706947
157,17,4047.761943
157,21,4042.371240
158,12,4224.987479
158,13,4134.741487
158,14,4076.289954
158,15,4066.706947
158,17,4047.761943
158,21,4042.371240
159,12,4224.987479
159,13,4126.546292
159,14,4076.289954
159,15,4066.615337
159,17,4047.761943
159,21,4038.854589
160,12,4209.095845
160,13,4126.546292
160,14,4075.675314
160,15,4066.182669
160,17,4047.761943
160,21,4038.854589
161,12,4198.911028
161,13,4126.546292
161,14,4075.675314
161,15,4066.182669
161,17,4047.761943
161,21,4038.854589
162,12,4136.515338
162,13,4126.546292
162,14,4064.567394
162,17,4047.761943
162,21,4038.854589
163,12,4136.515338
163,13,4126.546292
163,14,4064.567394
163,15,4056.802616
163,17,4047.761943
163,21,4038.854589
164,12,4112.286626
164,14,4064.567394
164,15,4056.212513
164,17,4047.761943
164,21,4038.854589
165,11,4371.163410
165,12,4112.286626
165,14,4064.567394
165,15,4056.212513
165,17,4047.761943
165,21,4038.854589
165,22,4038.445282
166,11,4371.163410
166,12,4112.286626
166,14,4052.511061
166,17,4047.761943
166,21,4038.854589
166,22,4038.445282
167,11,4371.163410
167,12,4112.286626
167,14,4050.209586
167,17,4047.761943
167,21,4038.854589
167,22,4038.445282
168,11,4371.163410
168,12,4112.286626
168,14,4050.209586
168,17,4047.761943
168,21,4038.854589
168,22,4038.445282
169,11,4371.163410
169,12,4100.222971
169,13,4094.432122
169,14,4050.209586
169,16,4047.590830
169,17,4038.469152
169,22,4038.445282
170,11,4371.163410
170,12,4100.222971
170,13,4094.432122
170,14,4044.615583
170,16,4041.885887
170,17,4038.469152
170,22,4038.445282
171,11,4371.163410
171,12,4100.222971
171,13,4090.805315
171,14,4044.615583
171,15,4044.607217
171,16,4041.885887
171,17,4038.469152
171,22,4038.445282
172,11,4179.607987
172,12,4086.294237
172,14,4044.615583
172,15,4044.607217
172,16,4041.885887
172,17,4038.469152
172,22,4038.445282
173,11,4179.607987
173,12,4086.294237
173,14,4044.615583
173,15,4044.607217
173,16,4041.885887
173,17,4038.469152
173,21,4023.284872
174,11,4179.607987
174,12,4086.294237
174,14,4044.615583
174,15,4044.607217
174,16,4041.885887
174,17,4038.469152
174,21,4023.284872
175,11,4179.607987
175,12,4086.294237
175,14,4044.615583
175,15,4037.819182
175,21,4023.284872
176,11,4156.377486
176,12,4086.294237
176,14,4042.773107
176,15,4037.819182
176,21,4020.481817
177,11,4121.952791
177,12,4086.294237
177,13,4082.088590
177,14,4042.773107
177,15,4037.819182
177,21,4020.481817
178,11,4120.018982
178,12,4086.294237
178,13,4082.088590
178,14,4042.773107
178,15,4037.819182
178,21,4020.481817
179,11,4120.018982
179,12,4082.229097
179,13,4082.088590
179,14,4038.111877
179,15,4037.819182
179,16,4034.921839
179,21,4020.481817
180,11,4120.018982
180,12,4082.112500
180,13,4082.088590
180,14,4038.111877
180,15,4037.819182
180,16,4034.921839
180,21,4020.481817
181,11,4120.018982
181,12,4082.112500
181,13,4075.936959
181,14,4038.111877
181,15,4037.696807
181,16,4034.921839
181,21,4020.481817
182,11,4120.018982
182,12,4082.112500
182,13,4075.936959
182,14,4038.111877
182,15,4037.696807
182,16,4034.921839
182,21,4020.481817
183,11,4120.018982
183,12,4056.420445
183,14,4038.111877
183,15,4037.696807
183,16,4034.921839
183,19,4033.552037
183,20,4025.401779
183,21,4020.481817
184,11,4101.979132
184,12,4056.420445
184,14,4038.111877
184,15,4037.696807
184,16,4034.921839
184,19,4033.161442
184,20,4025.401779
184,21,4020.481817
185,11,4101.979132
185,12,4056.420445
185,14,4038.111877
185,15,4037.696807
185,16,4034.921839
185,18,4033.015249
185,20,4025.401779
185,21,4020.481817
185,22,4011.666121
186,11,4101.979132
186,12,4056.420445
186,14,4038.111877
186,15,4037.696807
186,16,4034.921839
186,18,4033.015249
186,20,4025.401779
186,21,4020.481817
186,22,4011.666121
187,11,4075.836207
187,12,4056.306961
187,14,4038.111877
187,15,4030.344616
187,17,4030.324258
187,20,4025.401779
187,21,4020.481817
187,22,4011.666121
188,11,4075.836207
188,12,4056.306961
188,14,4038.111877
188,15,4030.344616
188,17,4030.324258
188,20,4025.401779
188,21,4020.481817
188,22,4011.666121
189,11,4075.836207
189,12,4056.306961
189,13,4048.745107
189,14,4038.111877
189,15,4030.344616
189,17,4030.324258
189,20,4025.401779
189,21,4016.432202
189,22,4011.666121
190,11,4075.836207
190,12,4056.306961
190,13,4048.745107
190,14,4038.111877
190,15,4030.344616
190,17,4030.324258
190,20,4025.401779
190,21,4016.432202
190,22,4011.666121
191,11,4075.836207
191,12,4056.102928
191,13,4048.745107
191,14,4036.775259
191,15,4025.936159
191,17,4024.812428
191,21,4016.432202
191,22,4011.666121
192,11,4075.836207
192,12,4050.576324
192,13,4048.514619
192,14,4029.233529
192,15,4015.401920
192,22,4011.666121
193,11,4075.836207
193,12,4050.576324
193,13,4048.514619
193,14,4029.233529
193,15,4015.401920
193,22,4011.666121
194,11,4039.639832
194,14,4029.233529
194,15,4015.401920
194,18,4015.126308
194,22,4011.666121
195,11,4024.249719
195,15,4015.401920
195,18,4015.126308
195,22,4011.666121
196,11,4022.940531
196,14,4005.469117
197,11,4022.940531
197,14,4005.469117
198,11,4022.940531
198,14,4005.469117
199,11,4022.940531
199,14,4005.469117
200,11,4022.940531
200,14,4005.469117
201,11,4022.940531
201,14,4005.469117
202,11,4022.940531
202,14,4001.884969
203,11,4022.940531
203,14,4001.884969
204,11,4022.940531
204,14,4001.884969
205,11,4019.027039
205,14,4001.884969
206,11,4019.027039
206,14,4001.770186
207,11,4019.027039
207,12,3992.098364
208,11,4019.027039
208,12,3992.098364
209,11,4018.498771
209,12,3992.098364
210,11,4018.498771
210,12,3992.098364
211,11,4012.113848
211,12,3992.098364
212,11,4012.113848
212,12,3992.098364
213,11,4012.113848
213,12,3992.098364
214,11,4004.899969
214,12,3992.047889
215,11,4004.899969
215,12,3992.047889
216,11,4001.280873
216,12,3992.047889
217,11,3994.981857
217,12,3988.695608
218,11,3993.848222
218,12,3988.695608
219,11,3993.848222
219,12,3988.695608
220,11,3993.848222
220,12,3988.606043
221,11,3993.848222
221,12,3988.606043
222,11,3993.848222
222,12,3988.606043
223,11,3993.848222
223,12,3988.606043
224,11,3993.848222
224,12,3988.606043
225,11,3991.759902
225,12,3983.648854
226,11,3990.899626
226,12,3983.648854
227,11,3990.899626
227,12,3983.648854
228,11,3990.899626
228,12,3983.648854
228,13,3982.810085
229,11,3990.609239
229,12,3983.648854
229,13,3982.810085
230,11,3982.540467
231,11,3982.540467
231,13,3977.695105
232,11,3975.240233
233,11,3975.240233
233,13,3970.943358
234,11,3975.240233
234,12,3966.002439
235,11,3975.240233
235,12,3966.002439
236,11,3975.240233
236,12,3966.002439
237,11,3975.240233
237,12,3966.002439
238,11,3975.240233
238,12,3966.002439
239,11,3975.240233
239,12,3964.204566
240,11,3974.329439
240,12,3964.204566
241,11,3974.329439
241,12,3964.204566
242,11,3974.329439
242,12,3964.204566
243,11,3974.329439
243,12,3959.550421
244,11,3974.329439
244,12,3959.550421
245,11,3974.329439
245,12,3959.550421
246,11,3974.329439
246,12,3959.133780
247,11,3974.329439
247,12,3959.133780
248,11,3974.329439
248,12,3959.133780
249,11,3974.329439
249,12,3959.133780
250,11,3974.329439
250,12,3959.133780
250,14,3958.901815
251,11,3973.806426
251,12,3959.133780
251,14,3958.901815
252,11,3973.806426
252,12,3959.133780
252,14,3958.901815
253,11,3973.806426
253,12,3959.133780
253,14,3958.901815
254,11,3973.344803
254,12,3959.133780
254,14,3958.901815
255,11,3973.344803
255,12,3959.133780
255,14,3954.928168
256,11,3973.344803
256,12,3959.133780
256,14,3954.928168
257,11,3971.221659
257,12,3959.133780
257,14,3954.928168
258,11,3971.221659
258,12,3959.133780
258,14,3954.928168
259,11,3971.221659
259,12,3957.717322
259,14,3954.928168
260,11,3968.962810
260,12,3957.717322
260,14,3954.928168
261,11,3968.962810
261,12,3957.717322
261,14,3954.928168
262,11,3968.962810
262,12,3957.717322
262,14,3954.928168
263,11,3968.962810
263,12,3957.717322
263,14,3954.928168
264,11,3965.434952
264,12,3957.717322
264,14,3954.928168
265,11,3965.434952
265,12,3957.717322
265,14,3954.928168
266,11,3965.434952
266,12,3957.717322
266,14,3954.928168
267,11,3965.434952
267,12,3957.717322
267,14,3954.928168
268,11,3965.434952
268,12,3957.717322
268,14,3954.928168
269,11,3965.434952
269,12,3955.122979
269,14,3954.928168
270,11,3965.434952
270,12,3955.122979
270,14,3954.928168
271,11,3965.434952
271,12,3955.086572
271,14,3954.928168
272,11,3962.404381
272,12,3955.086572
272,14,3954.928168
273,11,3962.404381
273,12,3955.086572
273,14,3954.928168
274,11,3962.404381
274,12,3955.086572
274,14,3954.928168
275,11,3962.404381
275,12,3955.086572
275,13,3951.145123
276,11,3962.404381
276,12,3955.086572
276,13,3951.145123
277,11,3962.404381
277,12,3955.086572
277,13,3951.145123
278,11,3962.404381
278,12,3955.086572
278,13,3951.145123
279,11,3961.261192
279,12,3955.086572
279,13,3951.145123
280,11,3961.261192
280,12,3955.086572
280,13,3950.911048
281,11,3961.261192
281,12,3955.086572
281,13,3944.926759
282,11,3961.261192
282,12,3954.296264
282,13,3944.926759
283,11,3961.261192
283,12,3945.315810
283,13,3944.926759
284,11,3961.261192
284,12,3945.315810
284,13,3944.926759
285,11,3961.261192
285,12,3942.628095
286,11,3961.261192
286,12,3942.628095
287,11,3961.261192
287,12,3942.628095
288,11,3961.261192
288,12,3942.628095
289,11,3961.261192
289,12,3942.628095
290,11,3960.149240
290,12,3942.628095
291,11,3960.098326
291,12,3942.628095
291,14,3933.043739
292,11,3960.098326
292,12,3942.628095
292,13,3933.712043
292,14,3933.043739
293,11,3960.098326
293,12,3942.628095
293,13,3933.712043
293,14,3933.043739
294,11,3960.098326
294,12,3942.628095
294,13,3931.131861
295,11,3959.973436
295,12,3942.628095
295,13,3931.131861
296,11,3959.869535
296,12,3940.636801
296,13,3931.131861
297,11,3956.347176
297,12,3940.636801
297,13,3931.131861
297,14,3929.618764
298,11,3956.347176
298,12,3940.636801
298,13,3926.878907
299,11,3956.347176
299,12,3940.636801
299,13,3926.878907
299,15,3926.144207
300,11,3956.274585
300,12,3940.636801
300,13,3926.878907
300,15,3926.144207
301,11,3956.274585
301,12,3938.045134
301,13,3926.878907
301,15,3926.144207
302,11,3956.274585
302,12,3938.045134
302,13,3926.878907
302,15,3926.144207
303,11,3956.274585
303,12,3938.045134
303,13,3926.878907
303,15,3926.144207
304,11,3956.274585
304,12,3938.045134
304,13,3925.758987
305,11,3956.274585
305,12,3938.045134
305,13,3925.758987
306,11,3956.274585
306,12,3938.045134
306,13,3925.758987
307,11,3956.274585
307,12,3938.045134
307,13,3925.758987
308,11,3956.274585
308,12,3938.045134
308,13,3925.758987
309,11,3956.274585
309,12,3938.045134
309,13,3925.758987
310,11,3956.274585
310,12,3938.045134
310,13,3925.758987
311,11,3955.038757
311,12,3938.045134
311,13,3925.758987
312,11,3955.038757
312,12,3938.045134
312,13,3925.758987
313,11,3955.038757
313,12,3938.045134
313,13,3925.758987
314,11,3955.038757
314,12,3938.045134
314,13,3925.758987
315,11,3955.038757
315,12,3938.045134
315,13,3925.758987
316,11,3955.038757
316,12,3938.045134
316,13,3925.758987
317,11,3955.038757
317,12,3938.045134
317,13,3925.758987
318,11,3955.038757
318,12,3938.045134
318,13,3925.758987
319,11,3955.038757
319,12,3938.045134
319,13,3925.758987
320,11,3954.299319
320,12,3938.045134
320,13,3925.758987
321,11,3954.299319
321,12,3938.045134
321,13,3925.758987
322,11,3952.074803
322,12,3938.045134
322,13,3925.758987
323,11,3952.074803
323,12,3938.045134
323,13,3925.758987
324,11,3952.074803
324,12,3938.045134
324,13,3925.758987
324,14,3924.584481
325,11,3951.416890
325,12,3938.045134
325,13,3925.758987
325,14,3924.584481
326,11,3951.416890
326,12,3938.045134
326,13,3925.758987
326,14,3924.584481
327,11,3951.416890
327,12,3938.045134
327,13,3925.758987
327,14,3924.584481
328,11,3951.416890
328,12,3938.045134
328,13,3925.758987
328,14,3924.584481
329,11,3951.416890
329,12,3938.045134
329,13,3925.758987
329,14,3924.584481
