Iteration,NV,TOC
1,16,9218.168245
1,17,8136.231387
1,18,7825.365609
1,19,7179.962015
1,20,7132.760264
1,23,6784.367334
1,25,6245.685852
1,27,6209.811879
1,30,6177.006535
1,31,5227.377397
1,35,5085.267074
1,43,4977.963087
1,48,4961.483289
2,15,12064.843148
2,16,9218.168245
2,17,8136.231387
2,18,7825.365609
2,19,7179.962015
2,20,7007.129474
2,23,6784.367334
2,24,6189.772123
2,28,5793.835301
2,31,5227.377397
2,35,5085.267074
2,39,5016.293381
2,43,4977.963087
2,48,4961.483289
3,15,10632.944043
3,16,9218.168245
3,17,8136.231387
3,18,7825.365609
3,19,7179.962015
3,20,7007.129474
3,22,6853.930583
3,23,6511.844406
3,24,6189.772123
3,26,6078.131016
3,28,5645.555730
3,31,5227.377397
3,35,5085.267074
3,39,5016.293381
3,43,4977.963087
3,48,4961.483289
4,15,10632.944043
4,16,9218.168245
4,17,8136.231387
4,18,7825.365609
4,19,7179.962015
4,20,7007.129474
4,21,6973.234066
4,22,6689.166131
4,23,6511.844406
4,24,6189.772123
4,26,6078.131016
4,28,5645.555730
4,31,5227.377397
4,35,5085.267074
4,39,5016.293381
4,43,4977.963087
4,48,4961.483289
5,15,10632.944043
5,16,9127.202796
5,17,8136.231387
5,18,7825.365609
5,19,7179.962015
5,20,7007.129474
5,21,6973.234066
5,22,6655.555251
5,23,6504.007103
5,24,6189.772123
5,26,5826.672364
5,27,5768.376043
5,28,5645.555730
5,31,5227.377397
5,35,5085.267074
5,39,5016.293381
5,43,4977.963087
5,48,4961.483289
6,14,12596.764992
6,15,10390.695365
6,16,9127.202796
6,17,8136.231387
6,18,7825.365609
6,19,7179.962015
6,20,7007.129474
6,21,6720.170127
6,22,6655.555251
6,23,6504.007103
6,24,6189.772123
6,25,6054.771548
6,26,5826.672364
6,27,5768.376043
6,28,5645.555730
6,30,5477.063581
6,31,5227.377397
6,35,5085.267074
6,39,5016.293381
6,43,4977.963087
6,48,4961.483289
7,14,12596.764992
7,15,10390.695365
7,16,9127.202796
7,17,7563.865673
7,19,7179.962015
7,20,7007.129474
7,21,6720.170127
7,22,6655.555251
7,23,6504.007103
7,24,6189.772123
7,25,6054.771548
7,26,5826.672364
7,27,5768.376043
7,28,5645.555730
7,30,5477.063581
7,31,5227.377397
7,34,5170.773373
7,35,5085.267074
7,39,5016.293381
7,43,4977.963087
7,46,4841.822369
8,14,12596.764992
8,15,10390.695365
8,16,9127.202796
8,17,7563.865673
8,19,7179.962015
8,20,6959.852992
8,21,6720.170127
8,22,6588.464445
8,23,6504.007103
8,24,6189.772123
8,25,6024.218885
8,26,5826.672364
8,27,5768.376043
8,28,5490.949163
8,30,5477.063581
8,31,5227.377397
8,34,5170.773373
8,35,5085.267074
8,39,5016.293381
8,43,4977.963087
8,46,4841.822369
9,14,12596.764992
9,15,10390.695365
9,16,9127.202796
9,17,7563.865673
9,19,7179.962015
9,20,6959.852992
9,21,6720.170127
9,22,6413.433591
9,24,6189.772123
9,25,6024.218885
9,26,5826.672364
9,27,5768.376043
9,28,5490.949163
9,30,5477.063581
9,31,5227.377397
9,34,5170.773373
9,35,5085.267074
9,38,4713.400474
10,14,12596.764992
10,15,10390.695365
10,16,9127.202796
10,17,7563.865673
10,19,7179.962015
10,20,6959.852992
10,21,6720.170127
10,22,6413.433591
10,24,6189.772123
10,25,6004.736284
10,26,5826.672364
10,27,5768.376043
10,28,5490.949163
10,29,5058.117801
10,38,4713.400474
11,14,12596.764992
11,15,10390.695365
11,16,9127.202796
11,17,7563.865673
11,19,7179.962015
11,20,6907.922337
11,21,6720.170127
11,22,6413.433591
11,24,6189.772123
11,25,6004.736284
11,26,5826.672364
11,27,5768.376043
11,28,5225.843437
11,29,5058.117801
11,38,4713.400474
12,14,12596.764992
12,15,10390.695365
12,16,8962.526764
12,17,7360.174672
12,19,7179.962015
12,20,6419.278023
12,22,6413.433591
12,24,6189.772123
12,25,6004.736284
12,26,5583.821719
12,28,5225.843437
12,29,5058.117801
12,38,4713.400474
13,14,12596.764992
13,15,10390.695365
13,16,8962.526764
13,17,7360.174672
13,19,7030.874694
13,20,6419.278023
13,22,6413.433591
13,23,5648.287561
13,26,5583.821719
13,27,5136.403714
13,29,4967.105471
13,38,4713.400474
14,14,12596.764992
14,15,10390.695365
14,16,8962.526764
14,17,7360.174672
14,19,6782.511185
14,20,6419.278023
14,22,5890.955202
14,23,5648.287561
14,25,5569.858220
14,27,5136.403714
14,28,5115.472345
14,29,4967.105471
14,37,4899.849801
14,38,4713.400474
15,14,12596.764992
15,15,10351.395630
15,16,8962.526764
15,17,7360.174672
15,18,6560.043867
15,20,6279.693304
15,22,5890.955202
15,23,5648.287561
15,25,5569.858220
15,27,5136.403714
15,28,5115.472345
15,29,4967.105471
15,35,4884.110374
15,38,4713.400474
16,14,10950.962089
16,15,10351.395630
16,16,8962.526764
16,17,7360.174672
16,18,6560.043867
16,19,6404.162907
16,20,6279.693304
16,21,6093.765740
16,22,5890.955202
16,23,5648.287561
16,25,5569.858220
16,26,5389.980259
16,27,5136.403714
16,28,5115.472345
16,29,4967.105471
16,35,4884.110374
16,38,4713.400474
16,43,4689.015445
17,14,10950.962089
17,15,10351.395630
17,16,8962.526764
17,17,6544.035442
17,19,6404.162907
17,20,6279.693304
17,21,6093.765740
17,22,5890.955202
17,23,5648.287561
17,25,5569.858220
17,26,5389.980259
17,27,5136.403714
17,28,5115.472345
17,29,4967.105471
17,33,4838.468109
17,38,4713.400474
17,43,4689.015445
18,14,10950.962089
18,15,10256.463972
18,16,8962.526764
18,17,6544.035442
18,19,6404.162907
18,20,6279.693304
18,21,6093.765740
18,22,5890.955202
18,23,5648.287561
18,24,5602.569831
18,25,5499.545537
18,26,5389.980259
18,27,5136.403714
18,28,5115.472345
18,29,4967.105471
18,31,4827.938164
18,36,4798.701083
18,38,4713.400474
18,43,4689.015445
19,14,10950.962089
19,15,9828.188576
19,16,7725.480486
19,17,6544.035442
19,18,6386.703508
19,20,6279.693304
19,21,6093.765740
19,22,5890.955202
19,23,5648.287561
19,24,5602.569831
19,25,5499.545537
19,26,5389.980259
19,27,5136.403714
19,28,5115.472345
19,29,4967.105471
19,31,4827.938164
19,36,4798.701083
19,38,4713.400474
19,43,4689.015445
20,14,9497.233869
20,16,7725.480486
20,17,6544.035442
20,18,6386.703508
20,20,6279.693304
20,21,6093.765740
20,22,5890.955202
20,23,5648.287561
20,24,5602.569831
20,25,5499.545537
20,26,5389.980259
20,27,5136.403714
20,28,5115.472345
20,29,4967.105471
20,30,4897.451608
20,31,4827.938164
20,36,4798.701083
20,38,4713.400474
20,43,4689.015445
21,14,9497.233869
21,16,7725.480486
21,17,6544.035442
21,18,6386.703508
21,20,6279.693304
21,21,6093.765740
21,22,5890.955202
21,23,5648.287561
21,24,5602.569831
21,25,5499.545537
21,26,5389.980259
21,27,5136.403714
21,28,5115.472345
21,29,4967.105471
21,30,4897.451608
21,31,4827.938164
21,36,4798.701083
21,38,4713.400474
21,43,4689.015445
22,14,9091.441549
22,16,7725.480486
22,17,6544.035442
22,18,6386.703508
22,20,6271.399675
22,21,6093.765740
22,22,5718.025951
22,23,5648.287561
22,24,5602.569831
22,25,5398.965506
22,26,5389.980259
22,27,5136.403714
22,28,5115.472345
22,29,4967.105471
22,30,4791.528775
22,33,4677.404982
23,14,9091.441549
23,15,9040.071738
23,16,7725.480486
23,17,6544.035442
23,18,6386.703508
23,20,6271.399675
23,21,6093.765740
23,22,5718.025951
23,23,5648.287561
23,24,5445.583085
23,25,5398.965506
23,26,5389.980259
23,27,5136.403714
23,28,5080.127178
23,29,4967.105471
23,30,4791.528775
23,32,4790.934425
23,33,4677.404982
24,13,10266.447482
24,14,9091.441549
24,15,8501.510595
24,16,7725.480486
24,17,6544.035442
24,18,6386.703508
24,19,6296.738169
24,20,6173.940033
24,21,6093.765740
24,22,5718.025951
24,23,5648.287561
24,24,5445.583085
24,25,5398.965506
24,26,5382.293222
24,27,5136.403714
24,28,5080.127178
24,29,4967.105471
24,30,4791.528775
24,32,4790.934425
24,33,4677.404982
25,13,10266.447482
25,14,9091.441549
25,15,8501.510595
25,16,7725.480486
25,17,6544.035442
25,18,6386.703508
25,19,6296.738169
25,20,6075.187676
25,22,5718.025951
25,23,5648.287561
25,24,5445.583085
25,25,5398.965506
25,26,5283.012073
25,27,5136.403714
25,28,5080.127178
25,29,4967.105471
25,30,4791.528775
25,32,4790.934425
25,33,4677.404982
26,13,10266.447482
26,14,9091.441549
26,15,8501.510595
26,16,7725.480486
26,17,6544.035442
26,18,6386.703508
26,19,6296.738169
26,20,6075.187676
26,22,5718.025951
26,23,5648.287561
26,24,5445.583085
26,25,5398.965506
26,26,5200.843238
26,27,5054.370844
26,29,4967.105471
26,30,4791.528775
26,32,4790.934425
26,33,4677.404982
27,13,10266.447482
27,14,9091.441549
27,15,8501.510595
27,16,7725.480486
27,17,6544.035442
27,18,6263.091782
27,20,6075.187676
27,21,5691.752140
27,23,5612.449191
27,24,5445.583085
27,25,5398.965506
27,26,5200.843238
27,27,4863.081151
27,29,4699.731949
27,33,4677.404982
28,13,10266.447482
28,14,9091.441549
28,15,8501.510595
28,16,7725.480486
28,17,6544.035442
28,18,6263.091782
28,20,5908.586255
28,21,5691.752140
28,23,5612.449191
28,24,5445.583085
28,25,5398.965506
28,26,5200.843238
28,27,4863.081151
28,29,4699.731949
28,33,4677.404982
29,13,10266.447482
29,14,9091.441549
29,15,8501.510595
29,16,7725.480486
29,17,6544.035442
29,18,6263.091782
29,20,5908.586255
29,21,5691.752140
29,23,5364.007010
29,26,5200.843238
29,27,4863.081151
29,29,4699.731949
29,33,4677.404982
30,12,13208.513461
30,13,10266.447482
30,14,9091.441549
30,15,8501.510595
30,16,7725.480486
30,17,6544.035442
30,18,6263.091782
30,20,5908.586255
30,21,5691.752140
30,23,5364.007010
30,26,5200.843238
30,27,4863.081151
30,29,4699.731949
30,33,4677.404982
31,12,13208.513461
31,13,10266.447482
31,14,9091.441549
31,15,8501.510595
31,16,7725.480486
31,17,6544.035442
31,18,6263.091782
31,20,5908.586255
31,21,5691.752140
31,23,5364.007010
31,26,5097.810508
31,27,4863.081151
31,29,4699.731949
31,33,4677.404982
32,12,13208.513461
32,13,10266.447482
32,14,9091.441549
32,15,8501.510595
32,16,7725.480486
32,17,6544.035442
32,18,6263.091782
32,20,5908.586255
32,21,5691.752140
32,23,5364.007010
32,26,5097.810508
32,27,4863.081151
32,29,4699.731949
32,33,4677.404982
33,12,13208.513461
33,13,10266.447482
33,14,9091.441549
33,15,8501.510595
33,16,7725.480486
33,17,6544.035442
33,18,6263.091782
33,20,5908.586255
33,21,5691.752140
33,23,5364.007010
33,26,5097.810508
33,27,4863.081151
33,29,4699.731949
33,33,4677.404982
34,12,13208.513461
34,13,10266.447482
34,14,9091.441549
34,15,8501.510595
34,16,7725.480486
34,17,6544.035442
34,18,6263.091782
34,20,5908.586255
34,21,5691.752140
34,23,5364.007010
34,25,5316.199930
34,26,5097.810508
34,27,4863.081151
34,29,4699.731949
34,33,4677.404982
35,12,13208.513461
35,13,10266.447482
35,14,9091.441549
35,15,8485.382125
35,16,7725.480486
35,17,6544.035442
35,18,6263.091782
35,20,5908.586255
35,21,5691.752140
35,23,5364.007010
35,25,5316.199930
35,26,5097.810508
35,27,4863.081151
35,29,4699.731949
35,33,4677.404982
36,12,13208.513461
36,13,10266.447482
36,14,9091.441549
36,15,8485.382125
36,16,7725.480486
36,17,6544.035442
36,18,6263.091782
36,20,5908.586255
36,21,5691.752140
36,23,5364.007010
36,25,5316.199930
36,26,5097.810508
36,27,4863.081151
36,29,4699.731949
36,33,4677.404982
37,12,13208.513461
37,13,10266.447482
37,14,9091.441549
37,15,8485.382125
37,16,7725.480486
37,17,6544.035442
37,18,6263.091782
37,20,5908.586255
37,21,5577.024531
37,23,5364.007010
37,25,5316.199930
37,26,5097.810508
37,27,4863.081151
37,29,4699.731949
37,33,4677.404982
38,12,13208.513461
38,13,10266.447482
38,14,9091.441549
38,15,8432.704792
38,16,7725.480486
38,17,6544.035442
38,18,6263.091782
38,20,5908.586255
38,21,5472.880400
38,23,5364.007010
38,25,5316.199930
38,26,5097.810508
38,27,4863.081151
38,29,4699.731949
38,33,4677.404982
39,12,13208.513461
39,13,10266.447482
39,14,9091.441549
39,15,8432.704792
39,16,7694.228108
39,17,6544.035442
39,18,6263.091782
39,20,5908.586255
39,21,5472.880400
39,23,5364.007010
39,25,5316.199930
39,26,5097.810508
39,27,4863.081151
39,29,4699.731949
39,33,4677.404982
40,12,13208.513461
40,13,10266.447482
40,14,9091.441549
40,15,8432.704792
40,16,7694.228108
40,17,6544.035442
40,18,6263.091782
40,20,5908.586255
40,21,5472.880400
40,23,5364.007010
40,25,5316.199930
40,26,5097.810508
40,27,4863.081151
40,29,4699.731949
40,33,4677.404982
41,12,13208.513461
41,13,10266.447482
41,14,9091.441549
41,15,8432.704792
41,16,7694.228108
41,17,6544.035442
41,18,6263.091782
41,20,5862.671151
41,21,5472.880400
41,23,5364.007010
41,25,5316.199930
41,26,5097.810508
41,27,4863.081151
41,28,4704.592390
41,29,4699.731949
41,33,4677.404982
42,12,13208.513461
42,13,10266.447482
42,14,9091.441549
42,15,8432.704792
42,16,7486.082559
42,17,6544.035442
42,18,6263.091782
42,20,5541.179128
42,21,5182.593051
42,26,5097.810508
42,27,4863.081151
42,28,4704.592390
42,29,4699.731949
42,33,4677.404982
43,12,13208.513461
43,13,10266.447482
43,14,9091.441549
43,15,8432.704792
43,16,7486.082559
43,17,6544.035442
43,18,6263.091782
43,20,5541.179128
43,21,5182.593051
43,24,5131.801334
43,26,5097.810508
43,27,4863.081151
43,28,4704.592390
43,29,4699.731949
43,32,4664.360300
44,12,13208.513461
44,13,10266.447482
44,14,9091.441549
44,15,8432.704792
44,16,7486.082559
44,17,6544.035442
44,18,6263.091782
44,19,6173.736747
44,20,5541.179128
44,21,5182.593051
44,22,5154.925670
44,24,5131.801334
44,26,4753.065509
44,28,4704.592390
44,29,4699.731949
44,31,4622.972330
44,37,4515.141217
45,12,13208.513461
45,13,10266.447482
45,14,9091.441549
45,15,8432.704792
45,16,7486.082559
45,17,6544.035442
45,18,6263.091782
45,19,6173.736747
45,20,5465.634490
45,21,5182.593051
45,22,5154.925670
45,24,5131.801334
45,26,4753.065509
45,28,4704.592390
45,29,4699.731949
45,31,4497.692164
46,12,13208.513461
46,13,10266.447482
46,14,9091.441549
46,15,8432.704792
46,16,7458.984609
46,17,6544.035442
46,18,6263.091782
46,19,6173.736747
46,20,5465.634490
46,21,5182.593051
46,22,5154.925670
46,24,5131.801334
46,26,4753.065509
46,28,4704.592390
46,29,4699.731949
46,30,4691.565924
46,31,4497.692164
47,12,13208.513461
47,13,10266.447482
47,14,9091.441549
47,15,8397.909577
47,16,7458.984609
47,17,6544.035442
47,18,5461.978482
47,21,5182.593051
47,22,5154.925670
47,24,5131.801334
47,26,4753.065509
47,28,4704.592390
47,29,4699.731949
47,30,4622.067522
47,31,4497.692164
48,12,13208.513461
48,13,10266.447482
48,14,9091.441549
48,15,8198.786925
48,16,7458.984609
48,17,6544.035442
48,18,5461.978482
48,21,5182.593051
48,22,5154.925670
48,24,5131.801334
48,26,4753.065509
48,28,4606.918387
48,31,4497.692164
49,12,13208.513461
49,13,10266.447482
49,14,9091.441549
49,15,8198.786925
49,16,7458.984609
49,17,6544.035442
49,18,5461.978482
49,21,5182.593051
49,22,5154.925670
49,24,5131.801334
49,26,4753.065509
49,28,4606.918387
49,31,4497.692164
50,12,13208.513461
50,13,10266.447482
50,14,9091.441549
50,15,8198.786925
50,16,7458.984609
50,17,6544.035442
50,18,5461.978482
50,21,5182.593051
50,22,5154.925670
50,24,5131.801334
50,25,4959.226867
50,26,4753.065509
50,28,4606.918387
50,31,4497.692164
51,12,13208.513461
51,13,10266.447482
51,14,9091.441549
51,15,8198.786925
51,16,7458.984609
51,17,6357.958523
51,18,5461.978482
51,21,5182.593051
51,22,5154.925670
51,24,5110.360781
51,25,4959.226867
51,26,4753.065509
51,28,4606.918387
51,31,4497.692164
52,12,13208.513461
52,13,10266.447482
52,14,9091.441549
52,15,8198.786925
52,16,6761.769281
52,17,6357.958523
52,18,5461.978482
52,21,5182.593051
52,22,5154.925670
52,24,5110.360781
52,25,4959.226867
52,26,4753.065509
52,27,4570.793922
52,31,4443.358670
53,12,13208.513461
53,13,10266.447482
53,14,8976.119635
53,15,8198.786925
53,16,6761.769281
53,17,6357.958523
53,18,5461.978482
53,21,5182.593051
53,22,5145.588593
53,24,5110.360781
53,25,4959.226867
53,26,4753.065509
53,27,4570.793922
53,31,4443.358670
54,12,13208.513461
54,13,10266.447482
54,14,8976.119635
54,15,8198.786925
54,16,6761.769281
54,17,6357.958523
54,18,5461.978482
54,21,5182.593051
54,22,5024.105289
54,25,4959.226867
54,26,4753.065509
54,27,4570.793922
54,31,4443.358670
55,12,13208.513461
55,13,10266.447482
55,14,8976.119635
55,15,8198.786925
55,16,6761.769281
55,17,6357.958523
55,18,5461.978482
55,21,5182.593051
55,22,5024.105289
55,25,4959.226867
55,26,4753.065509
55,27,4570.793922
55,31,4443.358670
56,12,13208.513461
56,13,10266.447482
56,14,8976.119635
56,15,8198.786925
56,16,6761.769281
56,17,6357.958523
56,18,5461.978482
56,21,5182.593051
56,22,5024.105289
56,25,4959.226867
56,26,4753.065509
56,27,4570.793922
56,31,4443.358670
57,12,13208.513461
57,13,10266.447482
57,14,8976.119635
57,15,8089.983319
57,16,6761.769281
57,17,6357.958523
57,18,5461.978482
57,21,5182.593051
57,22,5024.105289
57,24,4956.424345
57,26,4753.065509
57,27,4570.793922
57,31,4443.358670
58,12,13208.513461
58,13,10266.447482
58,14,8138.675248
58,15,8089.983319
58,16,6761.769281
58,17,6357.958523
58,18,5461.978482
58,21,5182.593051
58,22,4854.647603
58,26,4753.065509
58,27,4570.793922
58,30,4440.737308
59,12,13208.513461
59,13,10266.447482
59,14,8138.675248
59,15,7984.829023
59,16,6761.769281
59,17,6357.958523
59,18,5461.978482
59,20,5286.683509
59,21,5182.593051
59,22,4854.647603
59,26,4732.926975
59,27,4570.793922
59,30,4440.737308
60,12,13208.513461
60,13,10266.447482
60,14,8138.675248
60,15,7984.829023
60,16,6761.769281
60,17,6357.958523
60,18,5461.978482
60,20,5286.683509
60,21,5182.593051
60,22,4854.647603
60,25,4715.336538
60,27,4570.793922
60,30,4440.737308
61,12,13208.513461
61,13,10266.447482
61,14,8138.675248
61,15,7984.829023
61,16,6761.769281
61,17,6357.958523
61,18,5461.978482
61,20,5286.683509
61,21,5182.593051
61,22,4854.647603
61,25,4715.336538
61,27,4570.793922
61,28,4482.877598
61,30,4440.737308
62,12,13208.513461
62,13,10266.447482
62,14,8138.675248
62,15,6406.447680
62,17,6357.958523
62,18,5461.978482
62,20,4818.487229
62,24,4518.674171
62,27,4506.867191
62,28,4249.324659
63,12,13208.513461
63,13,10266.447482
63,14,8138.675248
63,15,6406.447680
63,17,6357.958523
63,18,5461.978482
63,20,4818.487229
63,24,4518.674171
63,27,4506.867191
63,28,4249.324659
64,12,13208.513461
64,13,10266.447482
64,14,8138.675248
64,15,6406.447680
64,17,6357.958523
64,18,5461.978482
64,20,4818.487229
64,24,4518.674171
64,27,4506.867191
64,28,4249.324659
65,12,13208.513461
65,13,10266.447482
65,14,8138.675248
65,15,6406.447680
65,17,6357.958523
65,18,5461.978482
65,20,4818.487229
65,24,4518.674171
65,27,4506.867191
65,28,4249.324659
66,12,13208.513461
66,13,10266.447482
66,14,8037.546984
66,15,6406.447680
66,17,6357.958523
66,18,5461.978482
66,20,4818.487229
66,22,4730.681289
66,24,4518.674171
66,27,4506.867191
66,28,4249.324659
67,12,13208.513461
67,13,10266.447482
67,14,8037.546984
67,15,6406.447680
67,17,6357.958523
67,18,5461.978482
67,20,4818.487229
67,22,4730.681289
67,24,4518.674171
67,25,4473.815660
67,28,4249.324659
68,12,13208.513461
68,13,10266.447482
68,14,7664.830260
68,15,6406.447680
68,16,6185.757796
68,18,5461.978482
68,20,4818.487229
68,22,4730.681289
68,24,4518.674171
68,25,4473.815660
68,28,4249.324659
69,12,13208.513461
69,13,10266.447482
69,14,7664.830260
69,15,6406.447680
69,16,6185.757796
69,18,5461.978482
69,20,4818.487229
69,22,4730.681289
69,24,4518.674171
69,25,4473.815660
69,28,4249.324659
70,12,13208.513461
70,13,10266.447482
70,14,7664.830260
70,15,6406.447680
70,16,6185.757796
70,17,5843.795701
70,18,5461.978482
70,20,4818.487229
70,22,4730.681289
70,24,4518.674171
70,25,4473.815660
70,28,4249.324659
71,12,13208.513461
71,13,10266.447482
71,14,7664.830260
71,15,6406.447680
71,16,6185.757796
71,17,5843.795701
71,18,5461.978482
71,20,4818.487229
71,22,4730.681289
71,24,4518.674171
71,25,4473.815660
71,28,4249.324659
72,12,13208.513461
72,13,9253.043471
72,14,7664.830260
72,15,6406.447680
72,16,6185.757796
72,17,5843.795701
72,18,5461.978482
72,20,4818.487229
72,22,4730.681289
72,23,4424.912963
72,28,4249.324659
73,12,13208.513461
73,13,9253.043471
73,14,7664.830260
73,15,6406.447680
73,16,6185.757796
73,17,5843.795701
73,18,5461.978482
73,20,4818.487229
73,22,4730.681289
73,23,4424.912963
73,28,4249.324659
74,12,13208.513461
74,13,9253.043471
74,14,7664.830260
74,15,6406.447680
74,16,6185.757796
74,17,5843.795701
74,18,5461.978482
74,20,4818.487229
74,22,4730.681289
74,23,4424.912963
74,28,4249.324659
74,29,4248.544763
75,12,13208.513461
75,13,8023.861909
75,14,7664.830260
75,15,6400.523780
75,16,6185.757796
75,17,5843.795701
75,18,5461.978482
75,19,4944.483918
75,20,4818.487229
75,22,4730.681289
75,23,4424.912963
75,28,4249.324659
75,29,4248.544763
76,12,13208.513461
76,13,8023.861909
76,14,7664.830260
76,15,6400.523780
76,16,6185.757796
76,17,5843.795701
76,18,5461.978482
76,19,4944.483918
76,20,4818.487229
76,22,4730.681289
76,23,4424.912963
76,28,4249.324659
76,29,4248.544763
77,12,13208.513461
77,13,8023.861909
77,14,7664.830260
77,15,6400.523780
77,16,6185.757796
77,17,5843.795701
77,18,5461.978482
77,19,4944.483918
77,20,4818.487229
77,22,4730.681289
77,23,4424.912963
77,28,4249.324659
77,29,4248.544763
78,12,13208.513461
78,13,8023.861909
78,14,7664.830260
78,15,6400.523780
78,16,6062.314811
78,17,5569.476713
78,18,5461.978482
78,19,4944.483918
78,20,4818.487229
78,22,4730.681289
78,23,4424.912963
78,27,4422.124589
78,28,4249.324659
78,29,4248.544763
79,12,13208.513461
79,13,8023.861909
79,14,7664.830260
79,15,6400.523780
79,16,5786.940884
79,17,5569.476713
79,18,5461.978482
79,19,4944.483918
79,20,4818.487229
79,21,4751.662234
79,22,4730.681289
79,23,4424.912963
79,27,4422.124589
79,28,4249.324659
79,29,4248.544763
79,32,4239.433561
80,12,11488.054874
80,13,8023.861909
80,14,7664.830260
80,15,6400.523780
80,16,5786.940884
80,17,5569.476713
80,18,5461.978482
80,19,4944.483918
80,20,4818.487229
80,21,4751.662234
80,22,4730.681289
80,23,4424.912963
80,27,4422.124589
80,28,4249.324659
80,29,4248.544763
80,32,4206.148793
81,12,11488.054874
81,13,8023.861909
81,14,7664.830260
81,15,6327.843761
81,16,5618.235639
81,17,5393.818937
81,18,5308.225924
81,19,4944.483918
81,20,4680.402044
81,23,4424.912963
81,25,4404.203812
81,27,4356.515519
81,28,4249.324659
81,29,4248.544763
81,32,4206.148793
82,12,11488.054874
82,13,8023.861909
82,14,7405.596678
82,15,6327.843761
82,16,5618.235639
82,17,5393.818937
82,18,5308.225924
82,19,4944.483918
82,20,4680.402044
82,23,4424.912963
82,25,4404.203812
82,27,4356.515519
82,28,4249.324659
82,29,4248.544763
82,32,4206.148793
83,12,11488.054874
83,13,8023.861909
83,14,7405.596678
83,15,6327.843761
83,16,5618.235639
83,17,5393.818937
83,18,5308.225924
83,19,4944.483918
83,20,4680.402044
83,23,4424.912963
83,25,4404.203812
83,27,4356.515519
83,28,4249.324659
83,29,4248.544763
83,32,4206.148793
84,12,11488.054874
84,13,8023.861909
84,14,6988.585006
84,15,6327.843761
84,16,5618.235639
84,17,5393.818937
84,18,5308.225924
84,19,4944.483918
84,20,4680.402044
84,23,4424.912963
84,25,4404.203812
84,27,4356.515519
84,28,4191.380768
85,12,11488.054874
85,13,8023.861909
85,14,6988.585006
85,15,5929.978067
85,16,5618.235639
85,17,5393.818937
85,18,5308.225924
85,19,4944.483918
85,20,4680.402044
85,23,4424.912963
85,25,4404.203812
85,27,4356.515519
85,28,4191.380768
86,12,11488.054874
86,13,8023.861909
86,14,5971.736848
86,15,5929.978067
86,16,5618.235639
86,17,5393.818937
86,18,5308.225924
86,19,4944.483918
86,20,4680.402044
86,23,4424.912963
86,25,4404.203812
86,27,4356.515519
86,28,4191.380768
87,12,11488.054874
87,13,8023.861909
87,14,5971.736848
87,15,5929.978067
87,16,5223.213490
87,18,5171.725221
87,19,4944.483918
87,20,4617.933168
87,23,4424.912963
87,25,4404.203812
87,26,4342.395899
87,28,4191.380768
88,12,11488.054874
88,13,7943.132733
88,14,5971.736848
88,15,5929.978067
88,16,5223.213490
88,18,4874.209607
88,20,4617.933168
88,23,4424.912963
88,25,4404.203812
88,26,4342.395899
88,28,4191.380768
89,12,11479.328559
89,13,7918.139018
89,14,5971.736848
89,15,5727.032009
89,16,5223.213490
89,18,4874.209607
89,20,4617.933168
89,23,4424.912963
89,25,4404.203812
89,26,4342.395899
89,27,4155.745099
90,12,11479.328559
90,13,7918.139018
90,14,5971.736848
90,15,5727.032009
90,16,5223.213490
90,18,4874.209607
90,20,4617.933168
90,21,4541.048002
90,23,4424.912963
90,25,4404.203812
90,26,4342.395899
90,27,4155.745099
91,12,11479.328559
91,13,7918.139018
91,14,5971.736848
91,15,5727.032009
91,16,5223.213490
91,18,4874.209607
91,20,4617.933168
91,21,4541.048002
91,23,4424.912963
91,25,4404.203812
91,26,4342.395899
91,27,4155.745099
92,12,11479.328559
92,13,7918.139018
92,14,5971.736848
92,15,5727.032009
92,16,5223.213490
92,17,5202.897817
92,18,4874.209607
92,19,4804.461329
92,20,4617.933168
92,21,4541.048002
92,23,4424.912963
92,25,4404.203812
92,26,4342.395899
92,27,4155.745099
93,12,11479.328559
93,13,7918.139018
93,14,5971.736848
93,15,5727.032009
93,16,5223.213490
93,17,5202.897817
93,18,4874.209607
93,19,4781.285505
93,20,4617.933168
93,21,4541.048002
93,23,4424.912963
93,25,4404.203812
93,26,4342.395899
93,27,4155.745099
94,12,10735.253881
94,13,7918.139018
94,14,5971.736848
94,15,5727.032009
94,16,5223.213490
94,17,5202.897817
94,18,4860.617961
94,19,4781.285505
94,20,4617.933168
94,21,4541.048002
94,23,4424.912963
94,25,4404.203812
94,26,4342.395899
94,27,4155.745099
95,12,10735.253881
95,13,7918.139018
95,14,5971.736848
95,15,5727.032009
95,16,5223.213490
95,17,5108.261863
95,18,4860.617961
95,19,4781.285505
95,20,4617.933168
95,21,4541.048002
95,23,4424.912963
95,25,4404.203812
95,26,4342.395899
95,27,4155.745099
96,12,10735.253881
96,13,7835.898063
96,14,5971.736848
96,15,5727.032009
96,16,5223.213490
96,17,5108.261863
96,18,4860.617961
96,19,4662.572429
96,20,4617.933168
96,21,4541.048002
96,23,4424.912963
96,25,4404.203812
96,26,4340.952905
96,27,4155.745099
97,12,10735.253881
97,13,7835.898063
97,14,5971.736848
97,15,5727.032009
97,16,5223.213490
97,17,5108.261863
97,18,4860.617961
97,19,4662.572429
97,20,4617.933168
97,21,4541.048002
97,23,4424.912963
97,25,4404.203812
97,26,4340.952905
97,27,4155.745099
98,12,10735.253881
98,13,7835.898063
98,14,5971.736848
98,15,5727.032009
98,16,5223.213490
98,17,5108.261863
98,18,4860.617961
98,19,4662.572429
98,20,4617.933168
98,21,4541.048002
98,23,4424.912963
98,25,4404.203812
98,26,4340.952905
98,27,4155.745099
99,12,10475.495909
99,13,7835.898063
99,14,5971.736848
99,15,5727.032009
99,16,5223.213490
99,17,5108.261863
99,18,4860.617961
99,19,4662.572429
99,20,4617.933168
99,21,4541.048002
99,23,4424.912963
99,25,4404.203812
99,26,4340.952905
99,27,4155.745099
100,12,10475.495909
100,13,7835.898063
100,14,5971.736848
100,15,5727.032009
100,16,5223.213490
100,17,5108.261863
100,18,4860.617961
100,19,4662.572429
100,20,4617.933168
100,21,4541.048002
100,23,4424.912963
100,25,4404.203812
100,26,4340.952905
100,27,4155.745099
101,12,10475.495909
101,13,7835.898063
101,14,5971.736848
101,15,5727.032009
101,16,5223.213490
101,17,5108.261863
101,18,4860.617961
101,19,4662.572429
101,20,4617.933168
101,21,4541.048002
101,23,4424.912963
101,25,4404.203812
101,26,4340.952905
101,27,4155.745099
102,12,10475.495909
102,13,7835.898063
102,14,5971.736848
102,15,5727.032009
102,16,5223.213490
102,17,5108.261863
102,18,4860.617961
102,19,4662.572429
102,20,4617.933168
102,21,4541.048002
102,22,4525.541178
102,23,4394.433332
102,26,4340.952905
102,27,4155.745099
103,12,10475.495909
103,13,7835.898063
103,14,5971.736848
103,15,5727.032009
103,16,5223.213490
103,17,5108.261863
103,18,4844.323942
103,19,4662.572429
103,20,4617.933168
103,21,4541.048002
103,22,4525.541178
103,23,4394.433332
103,25,4349.392101
103,26,4279.132692
103,27,4155.745099
104,11,12290.974425
104,12,10475.495909
104,13,7746.188421
104,14,5971.736848
104,15,5727.032009
104,16,5223.213490
104,17,5108.261863
104,18,4844.323942
104,19,4662.572429
104,20,4617.933168
104,21,4541.048002
104,22,4060.713115
105,11,12290.974425
105,12,10475.495909
105,13,7746.188421
105,14,5971.736848
105,15,5727.032009
105,16,5223.213490
105,17,5108.261863
105,18,4844.323942
105,19,4662.572429
105,20,4617.933168
105,21,4541.048002
105,22,4060.713115
106,11,12290.974425
106,12,10475.495909
106,13,7746.188421
106,14,5971.736848
106,15,5727.032009
106,16,5223.213490
106,17,5108.261863
106,18,4844.323942
106,19,4662.572429
106,20,4597.288510
106,21,4541.048002
106,22,4060.713115
107,11,12230.617158
107,12,10475.495909
107,13,7746.188421
107,14,5971.736848
107,15,5727.032009
107,16,5223.213490
107,17,5108.261863
107,18,4844.323942
107,19,4662.572429
107,20,4597.288510
107,21,4541.048002
107,22,4060.713115
108,11,12230.617158
108,12,9372.077791
108,13,7746.188421
108,14,5971.736848
108,15,5727.032009
108,16,5223.213490
108,17,5108.261863
108,18,4844.323942
108,19,4662.572429
108,20,4597.288510
108,21,4541.048002
108,22,4060.713115
109,11,12230.617158
109,12,9372.077791
109,13,7746.188421
109,14,5971.736848
109,15,5727.032009
109,16,5223.213490
109,17,5108.261863
109,18,4844.323942
109,19,4662.572429
109,20,4597.288510
109,21,4541.048002
109,22,4060.713115
110,11,12230.617158
110,12,9372.077791
110,13,7746.188421
110,14,5971.736848
110,15,5727.032009
110,16,5223.213490
110,17,5108.261863
110,18,4844.323942
110,19,4662.572429
110,20,4597.288510
110,21,4541.048002
110,22,4060.713115
111,11,12230.617158
111,12,9372.077791
111,13,7746.188421
111,14,5971.736848
111,15,5727.032009
111,16,5223.213490
111,17,5108.261863
111,18,4844.323942
111,19,4662.572429
111,20,4597.288510
111,21,4541.048002
111,22,4060.713115
112,11,12230.617158
112,12,9372.077791
112,13,7746.188421
112,14,5971.736848
112,15,5727.032009
112,16,5223.213490
112,17,5000.743688
112,18,4844.323942
112,19,4662.572429
112,20,4597.288510
112,21,4541.048002
112,22,4060.713115
113,11,12230.617158
113,12,9372.077791
113,13,7746.188421
113,14,5971.736848
113,15,5727.032009
113,16,5223.213490
113,17,4949.488740
113,18,4844.323942
113,19,4662.572429
113,20,4597.288510
113,21,4541.048002
113,22,4060.713115
114,11,12230.617158
114,12,9372.077791
114,13,7746.188421
114,14,5971.736848
114,15,5727.032009
114,16,5223.213490
114,17,4949.488740
114,18,4685.028189
114,19,4407.722450
114,22,4060.713115
114,26,4048.802601
115,11,12230.617158
115,12,9372.077791
115,13,7746.188421
115,14,5971.736848
115,15,5727.032009
115,16,5223.213490
115,17,4949.488740
115,18,4685.028189
115,19,4407.722450
115,22,4060.713115
115,26,4048.802601
116,11,11529.701450
116,12,9372.077791
116,13,7704.209145
116,14,5971.736848
116,15,5727.032009
116,16,5223.213490
116,17,4949.488740
116,18,4685.028189
116,19,4407.722450
116,22,4060.713115
116,26,4048.802601
117,11,11529.701450
117,12,9372.077791
117,13,7704.209145
117,14,5971.736848
117,15,5727.032009
117,16,5223.213490
117,17,4949.488740
117,18,4685.028189
117,19,4407.722450
117,22,4060.713115
117,26,4048.802601
117,27,4035.191995
118,11,11529.701450
118,12,9372.077791
118,13,7704.209145
118,14,5971.736848
118,15,5727.032009
118,16,5112.998764
118,17,4949.488740
118,18,4685.028189
118,19,4407.722450
118,22,4060.713115
118,26,4048.802601
118,27,4035.191995
119,11,11529.701450
119,12,9372.077791
119,13,7704.209145
119,14,5971.736848
119,15,5727.032009
119,16,5112.998764
119,17,4949.488740
119,18,4580.109159
119,19,4407.722450
119,22,4060.713115
119,26,4048.802601
119,27,4035.191995
120,11,11529.701450
120,12,9372.077791
120,13,7704.209145
120,14,5971.736848
120,15,5727.032009
120,16,5112.998764
120,17,4949.488740
120,18,4580.109159
120,19,4407.722450
120,22,4060.713115
120,26,4048.802601
120,27,4035.191995
120,31,3991.264741
121,11,11529.701450
121,12,9372.077791
121,13,7704.209145
121,14,5971.736848
121,15,5727.032009
121,16,5112.998764
121,17,4747.843051
121,18,4580.109159
121,19,4407.722450
121,22,4060.713115
121,26,4048.802601
121,27,4035.191995
121,31,3991.264741
122,11,11529.701450
122,12,9372.077791
122,13,7663.000819
122,14,5971.736848
122,15,5727.032009
122,16,5112.998764
122,17,4747.843051
122,18,4580.109159
122,19,4407.722450
122,20,4266.021671
122,22,4060.713115
122,26,4048.802601
122,27,3959.954003
123,11,11529.701450
123,12,9372.077791
123,13,7663.000819
123,14,5971.736848
123,15,5727.032009
123,16,5112.998764
123,17,4747.843051
123,18,4580.109159
123,19,4407.722450
123,20,4266.021671
123,22,4060.713115
123,24,3997.734011
123,27,3959.954003
124,11,11529.701450
124,12,9372.077791
124,13,7663.000819
124,14,5971.736848
124,15,5727.032009
124,16,5112.998764
124,17,4747.843051
124,18,4580.109159
124,19,4407.722450
124,20,4266.021671
124,22,4060.713115
124,24,3997.734011
124,27,3959.954003
125,11,11529.701450
125,12,9372.077791
125,13,7663.000819
125,14,5971.736848
125,15,5727.032009
125,16,5112.998764
125,17,4747.843051
125,18,4580.109159
125,19,4407.722450
125,20,4266.021671
125,22,4060.713115
125,24,3997.734011
125,27,3959.954003
126,11,11529.701450
126,12,9372.077791
126,13,7663.000819
126,14,5971.736848
126,15,5727.032009
126,16,5112.998764
126,17,4747.843051
126,18,4580.109159
126,19,4407.722450
126,20,4266.021671
126,22,4060.713115
126,24,3997.734011
126,27,3959.954003
127,11,11529.701450
127,12,9372.077791
127,13,7663.000819
127,14,5971.736848
127,15,5727.032009
127,16,5112.998764
127,17,4747.843051
127,18,4580.109159
127,19,4407.722450
127,20,4266.021671
127,22,4060.713115
127,24,3997.734011
127,27,3959.954003
128,11,11529.701450
128,12,9372.077791
128,13,7663.000819
128,14,5971.736848
128,15,5727.032009
128,16,5112.998764
128,17,4747.843051
128,18,4580.109159
128,19,4407.722450
128,20,4266.021671
128,22,4060.713115
128,24,3997.734011
128,27,3959.954003
129,11,11529.701450
129,12,9372.077791
129,13,7663.000819
129,14,5971.736848
129,15,5727.032009
129,16,5112.998764
129,17,4738.535151
129,18,4580.109159
129,19,4407.722450
129,20,4266.021671
129,22,4060.713115
129,24,3997.734011
129,27,3959.954003
130,11,11529.701450
130,12,9372.077791
130,13,7663.000819
130,14,5971.736848
130,15,5727.032009
130,16,5063.861608
130,17,4738.535151
130,18,4505.777111
130,19,4407.722450
130,20,4266.021671
130,22,4060.713115
130,24,3997.734011
130,27,3959.954003
131,11,11529.701450
131,12,8853.274774
131,13,7663.000819
131,14,5971.736848
131,15,5727.032009
131,16,5063.861608
131,17,4738.535151
131,18,4505.777111
131,19,4407.722450
131,20,4266.021671
131,22,4060.713115
131,24,3997.734011
131,27,3959.954003
132,11,11529.701450
132,12,8853.274774
132,13,7663.000819
132,14,5971.736848
132,15,5727.032009
132,16,5063.861608
132,17,4688.734981
132,18,4505.777111
132,19,4407.722450
132,20,4266.021671
132,22,4060.713115
132,24,3997.734011
132,27,3959.954003
133,11,11529.701450
133,12,8853.274774
133,13,7663.000819
133,14,5971.736848
133,15,5674.346670
133,16,5063.861608
133,17,4688.734981
133,18,4505.777111
133,19,4407.722450
133,20,4266.021671
133,22,4060.713115
133,24,3997.734011
133,27,3959.954003
134,11,11529.701450
134,12,8853.274774
134,13,7663.000819
134,14,5971.736848
134,15,5674.346670
134,16,5063.861608
134,17,4688.734981
134,18,4505.777111
134,19,4407.722450
134,20,4266.021671
134,22,4060.713115
134,24,3997.734011
134,25,3910.739052
135,11,11529.701450
135,12,8853.274774
135,13,7663.000819
135,14,5971.736848
135,15,5674.346670
135,16,5063.861608
135,17,4688.734981
135,18,4505.777111
135,19,4362.011333
135,20,4266.021671
135,22,4060.713115
135,24,3997.734011
135,25,3910.739052
136,11,11529.701450
136,12,8853.274774
136,13,7663.000819
136,14,5971.736848
136,15,5674.346670
136,16,5063.861608
136,17,4688.734981
136,18,4505.777111
136,19,4362.011333
136,20,4266.021671
136,22,4060.713115
136,24,3997.734011
136,25,3910.739052
137,11,11529.701450
137,12,8784.631673
137,13,6894.379543
137,14,5971.736848
137,15,5674.346670
137,16,5063.861608
137,17,4688.734981
137,18,4505.777111
137,19,4362.011333
137,20,4266.021671
137,22,4060.713115
137,23,4040.409739
137,24,3997.734011
137,25,3910.739052
138,11,11529.701450
138,12,7851.902133
138,13,6894.379543
138,14,5971.736848
138,15,5674.346670
138,16,5063.861608
138,17,4688.734981
138,18,4505.777111
138,19,4362.011333
138,20,4266.021671
138,22,4060.713115
138,23,4040.409739
138,24,3997.734011
138,25,3910.739052
139,11,11529.701450
139,12,7851.902133
139,13,6741.420797
139,14,5971.736848
139,15,5674.346670
139,16,4842.902646
139,17,4688.734981
139,18,4505.777111
139,19,4362.011333
139,20,4266.021671
139,22,4060.713115
139,23,4012.905410
139,24,3997.734011
139,25,3910.739052
140,11,11529.701450
140,12,7851.902133
140,13,6741.420797
140,14,5971.736848
140,15,5674.346670
140,16,4842.902646
140,17,4688.734981
140,18,4505.777111
140,19,4362.011333
140,20,4266.021671
140,22,4060.713115
140,23,4012.905410
140,24,3997.734011
140,25,3910.739052
141,11,11529.701450
141,12,7851.902133
141,13,6741.420797
141,14,5971.736848
141,15,5674.346670
141,16,4842.902646
141,17,4688.734981
141,18,4505.777111
141,19,4362.011333
141,20,4241.110487
141,22,4060.713115
141,23,4012.905410
141,24,3997.734011
141,25,3910.739052
142,11,11529.701450
142,12,7851.902133
142,13,6741.420797
142,14,5971.736848
142,15,5399.080917
142,16,4842.902646
142,17,4688.734981
142,18,4505.777111
142,19,4362.011333
142,20,4241.110487
142,22,4060.713115
142,23,4012.905410
142,24,3997.734011
142,25,3910.739052
143,11,11529.701450
143,12,7851.902133
143,13,6741.420797
143,14,5971.736848
143,15,5399.080917
143,16,4842.902646
143,17,4688.734981
143,18,4505.777111
143,19,4362.011333
143,20,4241.110487
143,22,4060.713115
143,23,4012.905410
143,24,3997.734011
143,25,3910.739052
144,11,10671.269136
144,12,7851.902133
144,13,6667.603481
144,14,5971.736848
144,15,5399.080917
144,16,4842.902646
144,17,4688.734981
144,18,4505.777111
144,19,4362.011333
144,20,4241.110487
144,22,4060.713115
144,23,4012.905410
144,24,3997.734011
144,25,3910.739052
145,11,10671.269136
145,12,7851.902133
145,13,6667.603481
145,14,5971.736848
145,15,5399.080917
145,16,4842.902646
145,17,4688.734981
145,18,4395.014625
145,19,4362.011333
145,20,4241.110487
145,22,4060.713115
145,23,4012.905410
145,24,3997.734011
145,25,3910.739052
146,11,10671.269136
146,12,7851.902133
146,13,6667.603481
146,14,5971.736848
146,15,5399.080917
146,16,4842.902646
146,17,4688.734981
146,18,4395.014625
146,19,4362.011333
146,20,4241.110487
146,22,4060.713115
146,23,4012.905410
146,24,3997.734011
146,25,3910.739052
147,11,10671.269136
147,12,7851.902133
147,13,6667.603481
147,14,5971.736848
147,15,5399.080917
147,16,4842.902646
147,17,4688.734981
147,18,4395.014625
147,19,4362.011333
147,20,4241.110487
147,21,4188.430207
147,22,4060.713115
147,23,4012.905410
147,24,3997.734011
147,25,3910.739052
148,11,10671.269136
148,12,7851.902133
148,13,6667.603481
148,14,5971.736848
148,15,5399.080917
148,16,4842.902646
148,17,4688.734981
148,18,4395.014625
148,19,4362.011333
148,20,4241.110487
148,21,4188.430207
148,22,4060.713115
148,23,4012.905410
148,24,3997.734011
148,25,3910.739052
149,11,10671.269136
149,12,7345.195586
149,13,6667.603481
149,14,5971.736848
149,15,5399.080917
149,16,4842.902646
149,17,4688.734981
149,18,4395.014625
149,19,4362.011333
149,20,4175.754328
149,22,4060.713115
149,23,4012.905410
149,24,3997.734011
149,25,3910.739052
150,11,10671.269136
150,12,7345.195586
150,13,6667.603481
150,14,5971.736848
150,15,5399.080917
150,16,4842.902646
150,17,4688.734981
150,18,4395.014625
150,19,4362.011333
150,20,4175.754328
150,22,4060.713115
150,23,4012.905410
150,24,3997.734011
150,25,3910.739052
151,11,10671.269136
151,12,7345.195586
151,13,6667.603481
151,14,5971.736848
151,15,5399.080917
151,16,4842.902646
151,17,4688.734981
151,18,4395.014625
151,19,4362.011333
151,20,4175.754328
151,22,4060.713115
151,23,4012.905410
151,24,3997.734011
151,25,3910.739052
152,11,10671.269136
152,12,7345.195586
152,13,6667.603481
152,14,5971.736848
152,15,5399.080917
152,16,4842.902646
152,17,4688.734981
152,18,4395.014625
152,19,4362.011333
152,20,4175.754328
152,22,4060.713115
152,23,4012.905410
152,24,3997.734011
152,25,3910.739052
153,11,10671.269136
153,12,7345.195586
153,13,6667.603481
153,14,5971.736848
153,15,5399.080917
153,16,4842.902646
153,17,4688.734981
153,18,4395.014625
153,19,4362.011333
153,20,4175.754328
153,22,4060.713115
153,23,4012.905410
153,24,3997.734011
153,25,3910.739052
154,11,10671.269136
154,12,7345.195586
154,13,6667.603481
154,14,5971.736848
154,15,5399.080917
154,16,4842.902646
154,17,4688.734981
154,18,4395.014625
154,19,4362.011333
154,20,4175.754328
154,22,4060.713115
154,23,4012.905410
154,24,3997.734011
154,25,3910.739052
155,11,10671.269136
155,12,7345.195586
155,13,6667.603481
155,14,5971.736848
155,15,5399.080917
155,16,4842.902646
155,17,4688.734981
155,18,4395.014625
155,19,4362.011333
155,20,4175.754328
155,21,4119.758279
155,22,4060.713115
155,23,4012.905410
155,24,3997.734011
155,25,3910.739052
156,11,10671.269136
156,12,7345.195586
156,13,6667.603481
156,14,5971.736848
156,15,5399.080917
156,16,4842.902646
156,17,4688.734981
156,18,4395.014625
156,19,4362.011333
156,20,4175.754328
156,21,4073.611910
156,22,4060.713115
156,23,4012.905410
156,24,3997.734011
156,25,3910.739052
157,11,10671.269136
157,12,7345.195586
157,13,6667.603481
157,14,5971.736848
157,15,5399.080917
157,16,4842.902646
157,17,4688.734981
157,18,4395.014625
157,19,4362.011333
157,20,4175.754328
157,21,4073.611910
157,22,4060.713115
157,23,4012.905410
157,24,3997.734011
157,25,3910.739052
158,11,10671.269136
158,12,7345.195586
158,13,6667.603481
158,14,5971.736848
158,15,5393.360035
158,16,4842.902646
158,17,4589.983892
158,18,4395.014625
158,19,4362.011333
158,20,4175.754328
158,21,4073.611910
158,22,4060.713115
158,23,4012.905410
158,24,3997.734011
158,25,3910.739052
159,11,10671.269136
159,12,7199.964621
159,13,6667.603481
159,14,5971.736848
159,15,5393.360035
159,16,4842.902646
159,17,4589.983892
159,18,4395.014625
159,19,4362.011333
159,20,4175.754328
159,21,4073.611910
159,22,4060.713115
159,23,4012.905410
159,24,3997.734011
159,25,3910.739052
160,11,10671.269136
160,12,7199.964621
160,13,6667.603481
160,14,5971.736848
160,15,5393.360035
160,16,4842.902646
160,17,4589.983892
160,18,4395.014625
160,19,4362.011333
160,20,4175.754328
160,21,4073.611910
160,22,4060.713115
160,23,4012.905410
160,24,3997.734011
160,25,3910.739052
161,11,10671.269136
161,12,7199.964621
161,13,6667.603481
161,14,5971.736848
161,15,5393.360035
161,16,4842.902646
161,17,4589.983892
161,18,4395.014625
161,19,4362.011333
161,20,4175.754328
161,21,4073.611910
161,22,4060.713115
161,23,4012.905410
161,24,3997.734011
161,25,3910.739052
162,11,10671.269136
162,12,7199.964621
162,13,6667.603481
162,14,5971.736848
162,15,5393.360035
162,16,4842.902646
162,17,4589.983892
162,18,4395.014625
162,19,4362.011333
162,20,4175.754328
162,21,4073.611910
162,22,4060.713115
162,23,4012.905410
162,24,3997.734011
162,25,3910.739052
163,11,10671.269136
163,12,7199.964621
163,13,6667.603481
163,14,5971.736848
163,15,5393.360035
163,16,4799.398695
163,17,4589.983892
163,18,4395.014625
163,19,4362.011333
163,20,4154.851745
163,21,4073.611910
163,22,4060.713115
163,23,4012.905410
163,24,3997.734011
163,25,3910.739052
164,11,10671.269136
164,12,7199.964621
164,13,6667.603481
164,14,5971.736848
164,15,5393.360035
164,16,4799.398695
164,17,4589.983892
164,18,4395.014625
164,19,4362.011333
164,20,4056.114389
164,23,4012.905410
164,24,3997.734011
164,25,3910.739052
165,11,10671.269136
165,12,7199.964621
165,13,6667.603481
165,14,5971.736848
165,15,5393.360035
165,16,4799.398695
165,17,4589.983892
165,18,4395.014625
165,19,4362.011333
165,20,4056.114389
165,23,4012.905410
165,24,3997.734011
165,25,3910.739052
166,11,10671.269136
166,12,7199.964621
166,13,6667.603481
166,14,5971.736848
166,15,5393.360035
166,16,4799.398695
166,17,4589.983892
166,18,4395.014625
166,19,4362.011333
166,20,4056.114389
166,23,4012.905410
166,24,3997.734011
166,25,3910.739052
167,11,10671.269136
167,12,7199.964621
167,13,6667.603481
167,14,5971.736848
167,15,5393.360035
167,16,4799.398695
167,17,4589.983892
167,18,4395.014625
167,19,4362.011333
167,20,4056.114389
167,23,4012.905410
167,24,3997.734011
167,25,3910.739052
168,11,10671.269136
168,12,7199.964621
168,13,6667.603481
168,14,5971.736848
168,15,5393.360035
168,16,4799.398695
168,17,4589.983892
168,18,4395.014625
168,19,4362.011333
168,20,4056.114389
168,23,4012.905410
168,24,3967.017904
168,25,3910.739052
169,11,10671.269136
169,12,6863.746885
169,13,6667.603481
169,14,5971.736848
169,15,5393.360035
169,16,4799.398695
169,17,4589.983892
169,18,4395.014625
169,19,4362.011333
169,20,4056.114389
169,23,4012.905410
169,24,3967.017904
169,25,3910.739052
170,11,10671.269136
170,12,6863.746885
170,13,6102.939100
170,14,5971.736848
170,15,5393.360035
170,16,4799.398695
170,17,4589.983892
170,18,4395.014625
170,19,4324.875427
170,20,4056.114389
170,23,4012.905410
170,24,3967.017904
170,25,3910.739052
171,11,10671.269136
171,12,6863.746885
171,13,6102.939100
171,14,5971.736848
171,15,5393.360035
171,16,4799.398695
171,17,4589.983892
171,18,4395.014625
171,19,4324.875427
171,20,4056.114389
171,23,4012.905410
171,24,3967.017904
171,25,3910.739052
172,11,10671.269136
172,12,6863.746885
172,13,6102.939100
172,14,5850.955156
172,15,5393.360035
172,16,4799.398695
172,17,4575.187915
172,18,4395.014625
172,19,4324.875427
172,20,4056.114389
172,23,4012.905410
172,24,3967.017904
172,25,3910.739052
173,11,10582.744567
173,12,6863.746885
173,13,6102.939100
173,14,5850.955156
173,15,5393.360035
173,16,4799.398695
173,17,4575.187915
173,18,4395.014625
173,19,4324.875427
173,20,4056.114389
173,23,4012.905410
173,24,3967.017904
173,25,3910.739052
174,11,10582.744567
174,12,6863.746885
174,13,5725.771387
174,15,5393.360035
174,16,4799.398695
174,17,4575.187915
174,18,4395.014625
174,19,4324.875427
174,20,4056.114389
174,22,3950.271656
174,25,3910.739052
175,11,10582.744567
175,12,6863.746885
175,13,5725.771387
175,15,5393.360035
175,16,4799.398695
175,17,4575.187915
175,18,4395.014625
175,19,4324.875427
175,20,4056.114389
175,22,3950.271656
175,25,3910.739052
176,11,10582.744567
176,12,6863.746885
176,13,5725.771387
176,15,5393.360035
176,16,4799.398695
176,17,4575.187915
176,18,4395.014625
176,19,4292.269558
176,20,4056.114389
176,22,3950.271656
176,25,3910.739052
177,11,10582.744567
177,12,6863.746885
177,13,5725.771387
177,15,5393.360035
177,16,4799.398695
177,17,4575.187915
177,18,4395.014625
177,19,4292.269558
177,20,4056.114389
177,22,3950.271656
177,25,3910.739052
178,11,10582.744567
178,12,6863.746885
178,13,5725.771387
178,14,5629.876653
178,15,5393.360035
178,16,4799.398695
178,17,4575.187915
178,18,4395.014625
178,19,4292.269558
178,20,4056.114389
178,22,3950.271656
178,25,3910.739052
179,11,10582.744567
179,12,6736.782198
179,13,5655.544284
179,14,5629.876653
179,15,5204.451192
179,16,4799.398695
179,17,4575.187915
179,18,4395.014625
179,19,4292.269558
179,20,4056.114389
179,22,3950.271656
179,25,3910.739052
180,11,10582.744567
180,12,6736.782198
180,13,5655.544284
180,14,5629.876653
180,15,5204.451192
180,16,4799.398695
180,17,4575.187915
180,18,4395.014625
180,19,4292.269558
180,20,4056.114389
180,22,3950.271656
180,25,3910.739052
181,11,10582.744567
181,12,6736.782198
181,13,5655.544284
181,14,5629.876653
181,15,5204.451192
181,16,4799.398695
181,17,4575.187915
181,18,4395.014625
181,19,4292.269558
181,20,4056.114389
181,22,3950.271656
181,25,3910.739052
182,11,10582.744567
182,12,6736.782198
182,13,5655.544284
182,14,5629.876653
182,15,5204.451192
182,16,4799.398695
182,17,4575.187915
182,18,4395.014625
182,19,4292.269558
182,20,4056.114389
182,22,3950.271656
182,25,3910.739052
183,11,10582.744567
183,12,6736.782198
183,13,5655.544284
183,14,5629.876653
183,15,5204.451192
183,16,4799.398695
183,17,4575.187915
183,18,4395.014625
183,19,4292.269558
183,20,4056.114389
183,22,3950.271656
183,25,3910.739052
184,11,10582.744567
184,12,6607.144380
184,13,5655.544284
184,14,5629.876653
184,15,5204.451192
184,16,4799.398695
184,17,4575.187915
184,18,4395.014625
184,19,4292.269558
184,20,4056.114389
184,22,3950.271656
184,25,3910.739052
185,11,10582.744567
185,12,6607.144380
185,13,5655.544284
185,14,5629.876653
185,15,5204.451192
185,16,4799.398695
185,17,4575.187915
185,18,4395.014625
185,19,4292.269558
185,20,4056.114389
185,22,3950.271656
185,25,3910.739052
186,11,10582.744567
186,12,6607.144380
186,13,5655.544284
186,14,5629.876653
186,15,5204.451192
186,16,4799.398695
186,17,4575.187915
186,18,4395.014625
186,19,4292.269558
186,20,4056.114389
186,22,3950.271656
186,25,3910.739052
187,11,10582.744567
187,12,6607.144380
187,13,5655.544284
187,14,5629.876653
187,15,5204.451192
187,16,4799.398695
187,17,4575.187915
187,18,4395.014625
187,19,4292.269558
187,20,4056.114389
187,22,3950.271656
187,25,3910.739052
188,11,10582.744567
188,12,6607.144380
188,13,5655.544284
188,14,5629.876653
188,15,5204.451192
188,16,4799.398695
188,17,4575.187915
188,18,4395.014625
188,19,4292.269558
188,20,4056.114389
188,22,3950.271656
188,25,3910.739052
189,11,9779.218833
189,12,6607.144380
189,13,5655.544284
189,14,5629.876653
189,15,5143.344392
189,16,4799.398695
189,17,4575.187915
189,18,4395.014625
189,19,4292.269558
189,20,4013.236708
189,22,3950.271656
189,25,3910.739052
190,11,9779.218833
190,12,6607.144380
190,13,5655.544284
190,14,5629.876653
190,15,5143.344392
190,16,4799.398695
190,17,4575.187915
190,18,4395.014625
190,19,4292.269558
190,20,4013.236708
190,22,3950.271656
190,25,3910.739052
191,11,9779.218833
191,12,6607.144380
191,13,5655.544284
191,14,5629.876653
191,15,5143.344392
191,16,4799.398695
191,17,4575.187915
191,18,4395.014625
191,19,4292.269558
191,20,4013.236708
191,22,3950.271656
191,25,3910.739052
192,11,9779.218833
192,12,6607.144380
192,13,5655.544284
192,14,5629.876653
192,15,5143.344392
192,16,4799.398695
192,17,4575.187915
192,18,4395.014625
192,19,4292.269558
192,20,4013.236708
192,22,3950.271656
192,25,3910.739052
193,11,9779.218833
193,12,6607.144380
193,13,5655.544284
193,14,5629.876653
193,15,5143.344392
193,16,4799.398695
193,17,4575.187915
193,18,4395.014625
193,19,4292.269558
193,20,4013.236708
193,22,3950.271656
193,25,3910.739052
194,11,9779.218833
194,12,6546.292650
194,13,5655.544284
194,14,5629.876653
194,15,5143.344392
194,16,4788.429833
194,17,4575.187915
194,18,4395.014625
194,19,4292.269558
194,20,4013.236708
194,22,3950.271656
194,25,3910.739052
195,11,9779.218833
195,12,6546.292650
195,13,5655.544284
195,14,5629.876653
195,15,5143.344392
195,16,4788.429833
195,17,4575.187915
195,18,4395.014625
195,19,4292.269558
195,20,4013.236708
195,22,3950.271656
195,25,3910.739052
196,11,9779.218833
196,12,6546.292650
196,13,5655.544284
196,14,5595.313175
196,15,5143.344392
196,16,4788.429833
196,17,4575.187915
196,18,4395.014625
196,19,4292.269558
196,20,4013.236708
196,22,3950.271656
196,25,3910.739052
197,11,9779.218833
197,12,6546.292650
197,13,5655.544284
197,14,5595.313175
197,15,5143.344392
197,16,4788.429833
197,17,4575.187915
197,18,4395.014625
197,19,4292.269558
197,20,4013.236708
197,22,3950.271656
197,25,3910.739052
198,11,9779.218833
198,12,6546.292650
198,13,5655.544284
198,14,5595.313175
198,15,5051.448044
198,16,4788.429833
198,17,4575.187915
198,18,4395.014625
198,19,4292.269558
198,20,4013.236708
198,22,3950.271656
198,25,3910.739052
199,11,7454.533453
199,12,6546.292650
199,13,5655.544284
199,14,5595.313175
199,15,5051.448044
199,16,4788.429833
199,17,4575.187915
199,18,4395.014625
199,19,4292.269558
199,20,4013.236708
199,22,3950.271656
199,25,3910.739052
200,11,7454.533453
200,12,6546.292650
200,13,5655.544284
200,14,5595.313175
200,15,5051.448044
200,16,4788.429833
200,17,4540.654833
200,18,4334.552838
200,19,4292.269558
200,20,4013.236708
200,22,3950.271656
200,25,3910.739052
201,11,7454.533453
201,12,6546.292650
201,13,5655.544284
201,14,5595.313175
201,15,5051.448044
201,16,4788.429833
201,17,4540.654833
201,18,4334.552838
201,19,4292.269558
201,20,4013.236708
201,22,3950.271656
201,25,3910.739052
202,11,7454.533453
202,12,6502.442554
202,13,5655.544284
202,14,5595.313175
202,15,5051.448044
202,16,4788.429833
202,17,4540.654833
202,18,4334.552838
202,19,4292.269558
202,20,4013.236708
202,22,3950.271656
202,25,3910.739052
203,11,7454.533453
203,12,6502.442554
203,13,5655.544284
203,14,5595.313175
203,15,5051.448044
203,16,4788.429833
203,17,4540.654833
203,18,4334.552838
203,19,4292.269558
203,20,4013.236708
203,22,3950.271656
203,25,3910.739052
204,11,7454.533453
204,12,6502.442554
204,13,5655.544284
204,14,5595.313175
204,15,5051.448044
204,16,4788.429833
204,17,4540.654833
204,18,4334.552838
204,19,4292.269558
204,20,4013.236708
204,22,3950.271656
204,23,3886.092802
205,11,7454.533453
205,12,6502.442554
205,13,5655.544284
205,14,5595.313175
205,15,5051.448044
205,16,4788.429833
205,17,4540.654833
205,18,4334.552838
205,19,4292.269558
205,20,4013.236708
205,22,3950.271656
205,23,3886.092802
206,11,7454.533453
206,12,6502.442554
206,13,5655.544284
206,14,5595.313175
206,15,5051.448044
206,16,4788.429833
206,17,4540.654833
206,18,4334.552838
206,19,4292.269558
206,20,4013.236708
206,22,3950.271656
206,23,3886.092802
207,11,7454.533453
207,12,6502.442554
207,13,5655.544284
207,14,5595.313175
207,15,5051.448044
207,16,4788.429833
207,17,4540.654833
207,18,4334.552838
207,19,4292.269558
207,20,4013.236708
207,22,3950.271656
207,23,3886.092802
208,11,7454.533453
208,12,6502.442554
208,13,5655.544284
208,14,5595.313175
208,15,5051.448044
208,16,4788.429833
208,17,4540.654833
208,18,4334.552838
208,19,4292.269558
208,20,4013.236708
208,22,3950.271656
208,23,3886.092802
209,11,7454.533453
209,12,6115.163556
209,13,5516.752372
209,15,5017.404859
209,16,4788.429833
209,17,4540.654833
209,18,4334.552838
209,19,4292.269558
209,20,4013.236708
209,22,3950.271656
209,23,3886.092802
210,11,7454.533453
210,12,6115.163556
210,13,5516.752372
210,15,5017.404859
210,16,4788.429833
210,17,4540.654833
210,18,4334.552838
210,19,4292.269558
210,20,4013.236708
210,22,3950.271656
210,23,3886.092802
210,33,3855.328902
211,11,7454.533453
211,12,6115.163556
211,13,5516.752372
211,15,5017.404859
211,16,4788.429833
211,17,4540.654833
211,18,4334.552838
211,19,4271.154491
211,20,4013.236708
211,22,3950.271656
211,23,3886.092802
211,33,3855.328902
212,11,7454.533453
212,12,6115.163556
212,13,5516.752372
212,15,5017.404859
212,16,4788.429833
212,17,4540.654833
212,18,4334.552838
212,19,4271.154491
212,20,4013.236708
212,22,3950.271656
212,23,3886.092802
212,33,3855.328902
213,11,7454.533453
213,12,6115.163556
213,13,5516.752372
213,15,5017.404859
213,16,4788.429833
213,17,4540.654833
213,18,4334.552838
213,19,4271.154491
213,20,4013.236708
213,21,3981.224382
213,22,3950.271656
213,23,3886.092802
213,33,3855.328902
214,11,7454.533453
214,12,6043.225593
214,13,5516.752372
214,15,5017.404859
214,16,4788.429833
214,17,4540.654833
214,18,4334.552838
214,19,4271.154491
214,20,4013.236708
214,21,3981.224382
214,22,3950.271656
214,23,3886.092802
214,27,3834.461144
215,10,12348.867520
215,11,7454.533453
215,12,6043.225593
215,13,5516.752372
215,15,5017.404859
215,16,4788.429833
215,17,4540.654833
215,18,4334.552838
215,19,4271.154491
215,20,4013.236708
215,21,3981.224382
215,22,3950.271656
215,23,3886.092802
215,27,3834.461144
216,10,12348.867520
216,11,7454.533453
216,12,6043.225593
216,13,5516.752372
216,15,5017.404859
216,16,4788.429833
216,17,4540.654833
216,18,4334.552838
216,19,4271.154491
216,20,4013.236708
216,21,3981.224382
216,22,3950.271656
216,23,3886.092802
216,25,3878.996010
216,27,3834.461144
217,10,12348.867520
217,11,7454.533453
217,12,6043.225593
217,13,5516.752372
217,15,5017.404859
217,16,4788.429833
217,17,4540.654833
217,18,4334.552838
217,19,4271.154491
217,20,4013.236708
217,21,3981.224382
217,22,3950.271656
217,23,3886.092802
217,25,3878.996010
217,27,3834.461144
218,10,12348.867520
218,11,7454.533453
218,12,6043.225593
218,13,5516.752372
218,15,5017.404859
218,16,4788.429833
218,17,4540.654833
218,18,4334.552838
218,19,4271.154491
218,20,4013.236708
218,21,3981.224382
218,22,3950.271656
218,23,3886.092802
218,25,3878.996010
218,27,3834.461144
219,10,12348.867520
219,11,7454.533453
219,12,6043.225593
219,13,5516.752372
219,15,5017.404859
219,16,4788.429833
219,17,4540.654833
219,18,4334.552838
219,19,4271.154491
219,20,4013.236708
219,21,3981.224382
219,22,3950.271656
219,23,3886.092802
219,25,3878.996010
219,27,3834.461144
220,10,12348.867520
220,11,7454.533453
220,12,6043.225593
220,13,5516.752372
220,14,4967.426363
220,16,4788.429833
220,17,4540.654833
220,18,4334.552838
220,19,4271.154491
220,20,4013.236708
220,21,3981.224382
220,22,3950.271656
220,23,3886.092802
220,25,3878.996010
220,27,3834.461144
221,10,12348.867520
221,11,7454.533453
221,12,6043.225593
221,13,5516.752372
221,14,4967.426363
221,16,4788.429833
221,17,4540.654833
221,18,4334.552838
221,19,4271.154491
221,20,4013.236708
221,21,3981.224382
221,22,3950.271656
221,23,3886.092802
221,25,3878.996010
221,27,3834.461144
222,10,12348.867520
222,11,7454.533453
222,12,6043.225593
222,13,5516.752372
222,14,4967.426363
222,16,4788.429833
222,17,4540.654833
222,18,4334.552838
222,19,4271.154491
222,20,4013.236708
222,21,3981.224382
222,22,3934.215800
222,23,3886.092802
222,25,3878.996010
222,27,3834.461144
223,10,12348.867520
223,11,7454.533453
223,12,6043.225593
223,13,5516.752372
223,14,4967.426363
223,15,4727.281763
223,17,4540.654833
223,18,4334.552838
223,19,4271.154491
223,20,4013.236708
223,21,3981.224382
223,22,3934.215800
223,23,3886.092802
223,25,3878.996010
223,27,3834.461144
224,10,12348.867520
224,11,7246.310807
224,12,6043.225593
224,13,5516.752372
224,14,4967.426363
224,15,4727.281763
224,17,4540.654833
224,18,4334.552838
224,19,4271.154491
224,20,4013.236708
224,21,3981.224382
224,22,3934.215800
224,23,3886.092802
224,25,3878.996010
224,27,3834.461144
225,10,12348.867520
225,11,7246.310807
225,12,6043.225593
225,13,5516.752372
225,14,4967.426363
225,15,4727.281763
225,17,4540.654833
225,18,4334.552838
225,19,4224.537014
225,20,4013.236708
225,21,3981.224382
225,22,3934.215800
225,23,3886.092802
225,25,3878.996010
225,27,3834.461144
226,10,9210.321438
226,11,7246.310807
226,12,6043.225593
226,13,5516.752372
226,14,4967.426363
226,15,4727.281763
226,17,4540.654833
226,18,4334.552838
226,19,4224.537014
226,20,4013.236708
226,21,3981.224382
226,22,3934.215800
226,23,3886.092802
226,25,3878.996010
226,27,3834.461144
227,10,9210.321438
227,11,7246.310807
227,12,6043.225593
227,13,5516.752372
227,14,4967.426363
227,15,4727.281763
227,17,4540.654833
227,18,4334.552838
227,19,4224.537014
227,20,4013.236708
227,21,3981.224382
227,22,3934.215800
227,23,3886.092802
227,25,3878.996010
227,27,3834.461144
227,32,3801.035575
228,10,9210.321438
228,11,7246.310807
228,12,6043.225593
228,13,5516.752372
228,14,4967.426363
228,15,4727.281763
228,17,4540.654833
228,18,4334.552838
228,19,4224.537014
228,20,4013.236708
228,21,3981.224382
228,22,3934.215800
228,23,3886.092802
228,25,3878.996010
228,27,3834.461144
228,32,3801.035575
229,10,9210.321438
229,11,7246.310807
229,12,6043.225593
229,13,5516.752372
229,14,4967.426363
229,15,4727.281763
229,17,4540.654833
229,18,4334.552838
229,19,4209.380195
229,20,4013.236708
229,21,3981.224382
229,22,3934.215800
229,23,3886.092802
229,25,3878.996010
229,27,3834.461144
229,32,3801.035575
230,10,9210.321438
230,11,7246.310807
230,12,6043.225593
230,13,5516.752372
230,14,4900.892303
230,15,4727.281763
230,17,4540.654833
230,18,4334.552838
230,19,4209.380195
230,20,4013.236708
230,21,3981.224382
230,22,3934.215800
230,23,3886.092802
230,25,3878.996010
230,27,3834.461144
230,32,3801.035575
231,10,9210.321438
231,11,7246.310807
231,12,6043.225593
231,13,5516.752372
231,14,4900.892303
231,15,4727.281763
231,16,4672.554026
231,17,4539.089950
231,18,4334.552838
231,19,4209.380195
231,20,4013.236708
231,21,3981.224382
231,22,3934.215800
231,23,3886.092802
231,25,3878.996010
231,27,3793.128444
232,10,9210.321438
232,11,7246.310807
232,12,6043.225593
232,13,5516.752372
232,14,4900.892303
232,15,4727.281763
232,16,4672.554026
232,17,4539.089950
232,18,4334.552838
232,19,4209.380195
232,20,4013.236708
232,21,3981.224382
232,22,3934.215800
232,23,3886.092802
232,25,3878.996010
232,27,3793.128444
233,10,8819.156016
233,11,7246.310807
233,12,6043.225593
233,13,5516.752372
233,14,4900.892303
233,15,4727.281763
233,16,4672.554026
233,17,4539.089950
233,18,4334.552838
233,19,4209.380195
233,20,4013.236708
233,21,3981.224382
233,22,3934.215800
233,23,3886.092802
233,25,3878.996010
233,27,3793.128444
234,10,8819.156016
234,11,7246.310807
234,12,6043.225593
234,13,5516.752372
234,14,4900.892303
234,15,4727.281763
234,16,4672.554026
234,17,4437.863982
234,18,4334.552838
234,19,4209.380195
234,20,4013.236708
234,21,3981.224382
234,22,3934.215800
234,23,3886.092802
234,25,3878.996010
234,27,3793.128444
235,10,8819.156016
235,11,7246.310807
235,12,6043.225593
235,13,5516.752372
235,14,4900.892303
235,15,4727.281763
235,16,4672.554026
235,17,4437.863982
235,18,4334.552838
235,19,4209.380195
235,20,4013.236708
235,21,3981.224382
235,22,3934.215800
235,23,3886.092802
235,25,3878.996010
235,27,3793.128444
236,10,8819.156016
236,11,7246.310807
236,12,6043.225593
236,13,5516.752372
236,14,4900.892303
236,15,4727.281763
236,16,4672.554026
236,17,4437.863982
236,18,4334.552838
236,19,4209.380195
236,20,4013.236708
236,21,3981.224382
236,22,3934.215800
236,23,3886.092802
236,25,3878.996010
236,27,3793.128444
237,10,8819.156016
237,11,7246.310807
237,12,6043.225593
237,13,5516.752372
237,14,4900.892303
237,15,4727.281763
237,16,4672.554026
237,17,4437.863982
237,18,4334.552838
237,19,4209.380195
237,20,4013.236708
237,21,3981.224382
237,22,3934.215800
237,23,3886.092802
237,25,3878.996010
237,27,3793.128444
238,10,8819.156016
238,11,7246.310807
238,12,6043.225593
238,13,5516.752372
238,14,4900.892303
238,15,4727.281763
238,16,4672.554026
238,17,4437.863982
238,18,4334.552838
238,19,4209.380195
238,20,4013.236708
238,21,3981.224382
238,22,3934.215800
238,23,3886.092802
238,25,3878.996010
238,27,3793.128444
239,10,8819.156016
239,11,7246.310807
239,12,6043.225593
239,13,5516.752372
239,14,4900.892303
239,15,4727.281763
239,16,4672.554026
239,17,4437.863982
239,18,4319.571534
239,19,4197.515104
239,20,4013.236708
239,21,3981.224382
239,22,3934.215800
239,23,3886.092802
239,25,3878.996010
239,27,3793.128444
240,10,8819.156016
240,11,7246.310807
240,12,6043.225593
240,13,5516.752372
240,14,4900.892303
240,15,4727.281763
240,16,4501.838995
240,17,4437.863982
240,18,4319.571534
240,19,4197.515104
240,20,4013.236708
240,21,3905.172951
240,23,3886.092802
240,25,3878.996010
240,27,3793.128444
241,10,8819.156016
241,11,7246.310807
241,12,6043.225593
241,13,5516.752372
241,14,4900.892303
241,15,4727.281763
241,16,4501.838995
241,17,4437.863982
241,18,4319.571534
241,19,4197.515104
241,20,4013.236708
241,21,3905.172951
241,23,3886.092802
241,25,3878.996010
241,27,3793.128444
242,10,8819.156016
242,11,7246.310807
242,12,6043.225593
242,13,5516.752372
242,14,4900.892303
242,15,4727.281763
242,16,4501.838995
242,17,4338.885150
242,18,4319.571534
242,19,4197.515104
242,20,4013.236708
242,21,3905.172951
242,23,3886.092802
242,25,3878.996010
242,27,3793.128444
243,10,8819.156016
243,11,7246.310807
243,12,6043.225593
243,13,5516.752372
243,14,4900.892303
243,15,4727.281763
243,16,4501.838995
243,17,4338.885150
243,18,4319.571534
243,19,4197.515104
243,20,4013.236708
243,21,3905.172951
243,23,3886.092802
243,25,3878.996010
243,27,3793.128444
244,10,8819.156016
244,11,7246.310807
244,12,6001.623780
244,13,5406.760792
244,14,4900.892303
244,15,4727.281763
244,16,4501.838995
244,17,4338.885150
244,18,4303.121910
244,19,4197.515104
244,20,4013.236708
244,21,3905.172951
244,23,3886.092802
244,25,3878.996010
244,27,3793.128444
245,10,8819.156016
245,11,7246.310807
245,12,6001.623780
245,13,5406.760792
245,14,4900.892303
245,15,4727.281763
245,16,4501.838995
245,17,4338.885150
245,18,4303.121910
245,19,4155.213661
245,20,4013.236708
245,21,3905.172951
245,23,3886.092802
245,24,3834.173932
245,27,3793.128444
246,10,8819.156016
246,11,7246.310807
246,12,6001.623780
246,13,5406.760792
246,14,4900.892303
246,15,4727.281763
246,16,4501.838995
246,17,4338.885150
246,18,4303.121910
246,19,4155.213661
246,20,4013.236708
246,21,3905.172951
246,23,3886.092802
246,24,3834.173932
246,27,3793.128444
247,10,8819.156016
247,11,7246.310807
247,12,6001.623780
247,13,5406.760792
247,14,4900.892303
247,15,4727.281763
247,16,4501.838995
247,17,4338.885150
247,18,4303.121910
247,19,4155.213661
247,20,4013.236708
247,21,3905.172951
247,23,3886.092802
247,24,3834.173932
247,27,3793.128444
248,10,8819.156016
248,11,7246.310807
248,12,6001.623780
248,13,5406.760792
248,14,4900.892303
248,15,4727.281763
248,16,4501.838995
248,17,4338.885150
248,18,4303.121910
248,19,4155.213661
248,20,4013.236708
248,21,3905.172951
248,23,3886.092802
248,24,3834.173932
248,27,3793.128444
248,29,3790.943100
249,10,8810.402384
249,11,7246.310807
249,12,5947.518520
249,13,5406.760792
249,14,4900.892303
249,15,4727.281763
249,16,4501.838995
249,17,4338.885150
249,18,4119.197404
249,20,4013.236708
249,21,3905.172951
249,23,3886.092802
249,24,3834.173932
249,27,3793.128444
249,29,3790.943100
250,10,8810.402384
250,11,7246.310807
250,12,5947.518520
250,13,5406.760792
250,14,4900.892303
250,15,4727.281763
250,16,4501.838995
250,17,4338.885150
250,18,4119.197404
250,20,4013.236708
250,21,3905.172951
250,23,3886.092802
250,24,3834.173932
250,27,3793.128444
250,29,3790.943100
251,10,8810.402384
251,11,7246.310807
251,12,5947.518520
251,13,5406.760792
251,14,4900.892303
251,15,4727.281763
251,16,4501.838995
251,17,4338.885150
251,18,4119.197404
251,20,4013.236708
251,21,3905.172951
251,23,3886.092802
251,24,3834.173932
251,27,3793.128444
251,29,3790.943100
252,10,8810.402384
252,11,7246.310807
252,12,5947.518520
252,13,5406.760792
252,14,4900.892303
252,15,4727.281763
252,16,4501.838995
252,17,4338.885150
252,18,4119.197404
252,20,4013.236708
252,21,3905.172951
252,23,3886.092802
252,24,3834.173932
252,27,3793.128444
252,29,3790.943100
253,10,8810.402384
253,11,7246.310807
253,12,5947.518520
253,13,5406.760792
253,14,4900.892303
253,15,4727.281763
253,16,4501.838995
253,17,4338.885150
253,18,4119.197404
253,20,4013.236708
253,21,3905.172951
253,23,3886.092802
253,24,3834.173932
253,27,3793.128444
253,29,3790.943100
254,10,8810.402384
254,11,7246.310807
254,12,5762.083426
254,13,5406.760792
254,14,4900.892303
254,15,4727.281763
254,16,4501.838995
254,17,4338.885150
254,18,4119.197404
254,20,4013.236708
254,21,3905.172951
254,23,3886.092802
254,24,3834.173932
254,27,3793.128444
254,29,3790.943100
255,10,8810.402384
255,11,7246.310807
255,12,5762.083426
255,13,5406.760792
255,14,4900.892303
255,15,4727.281763
255,16,4501.838995
255,17,4338.885150
255,18,4119.197404
255,20,4013.236708
255,21,3905.172951
255,23,3886.092802
255,24,3834.173932
255,27,3793.128444
255,29,3790.943100
256,10,8810.402384
256,11,7246.310807
256,12,5762.083426
256,13,5406.760792
256,14,4900.892303
256,15,4727.281763
256,16,4501.838995
256,17,4338.885150
256,18,4119.197404
256,20,4013.236708
256,21,3905.172951
256,23,3886.092802
256,24,3834.173932
256,27,3793.128444
256,29,3790.943100
257,10,8810.402384
257,11,7246.310807
257,12,5762.083426
257,13,5406.760792
257,14,4900.892303
257,15,4727.281763
257,16,4501.838995
257,17,4338.885150
257,18,4119.197404
257,20,4013.236708
257,21,3905.172951
257,23,3886.092802
257,24,3834.173932
257,27,3793.128444
257,29,3790.943100
258,10,8810.402384
258,11,7246.310807
258,12,5762.083426
258,13,5406.760792
258,14,4900.892303
258,15,4727.281763
258,16,4501.838995
258,17,4338.885150
258,18,4119.197404
258,20,4013.236708
258,21,3905.172951
258,23,3886.092802
258,24,3834.173932
258,27,3793.128444
258,29,3790.943100
259,10,8595.720529
259,11,7246.310807
259,12,5762.083426
259,13,5406.760792
259,14,4900.892303
259,15,4727.281763
259,16,4501.838995
259,17,4338.885150
259,18,4119.197404
259,20,3974.046205
259,21,3846.187873
259,24,3834.173932
259,27,3793.128444
259,29,3790.943100
259,30,3787.391801
260,10,8595.720529
260,11,7246.310807
260,12,5762.083426
260,13,5406.760792
260,14,4900.892303
260,15,4727.281763
260,16,4501.838995
260,17,4338.885150
260,18,4119.197404
260,20,3974.046205
260,21,3846.187873
260,24,3834.173932
260,27,3793.128444
260,29,3790.943100
260,30,3787.391801
261,10,8595.720529
261,11,7246.310807
261,12,5762.083426
261,13,5406.760792
261,14,4900.892303
261,15,4727.281763
261,16,4501.838995
261,17,4338.885150
261,18,4119.197404
261,20,3974.046205
261,21,3846.187873
261,24,3834.173932
261,27,3793.128444
261,29,3790.943100
261,30,3787.391801
262,10,8503.209110
262,11,7246.310807
262,12,5762.083426
262,13,5406.760792
262,14,4900.892303
262,15,4727.281763
262,16,4501.838995
262,17,4338.885150
262,18,4119.197404
262,20,3974.046205
262,21,3846.187873
262,24,3834.173932
262,27,3793.128444
262,29,3790.943100
262,30,3787.391801
263,10,8503.209110
263,11,7246.310807
263,12,5762.083426
263,13,5406.760792
263,14,4900.892303
263,15,4727.281763
263,16,4501.838995
263,17,4338.885150
263,18,4119.197404
263,20,3974.046205
263,21,3846.187873
263,24,3834.173932
263,27,3793.128444
263,29,3790.943100
263,30,3787.391801
264,10,8503.209110
264,11,7246.310807
264,12,5762.083426
264,13,5406.760792
264,14,4900.892303
264,15,4727.281763
264,16,4501.838995
264,17,4313.807197
264,18,4119.197404
264,20,3974.046205
264,21,3846.187873
264,24,3834.173932
264,27,3793.128444
264,29,3775.257602
265,10,8503.209110
265,11,7246.310807
265,12,5762.083426
265,13,5406.760792
265,14,4900.892303
265,15,4727.281763
265,16,4501.838995
265,17,4313.807197
265,18,4119.197404
265,20,3974.046205
265,21,3846.187873
265,24,3834.173932
265,27,3793.128444
265,29,3775.257602
266,10,8503.209110
266,11,7137.863936
266,12,5762.083426
266,13,5406.760792
266,14,4900.892303
266,15,4727.281763
266,16,4501.838995
266,17,4313.807197
266,18,4119.197404
266,20,3974.046205
266,21,3846.187873
266,24,3834.173932
266,27,3793.128444
266,29,3775.257602
267,10,8503.209110
267,11,7137.863936
267,12,5762.083426
267,13,5406.760792
267,14,4900.892303
267,15,4727.281763
267,16,4501.838995
267,17,4313.807197
267,18,4119.197404
267,20,3974.046205
267,21,3846.187873
267,24,3834.173932
267,27,3793.128444
267,29,3775.257602
268,10,8503.209110
268,11,7137.863936
268,12,5762.083426
268,13,5406.760792
268,14,4900.892303
268,15,4727.281763
268,16,4501.838995
268,17,4313.807197
268,18,4119.197404
268,20,3974.046205
268,21,3846.187873
268,24,3834.173932
268,27,3793.128444
268,29,3775.257602
269,10,8485.158758
269,11,7137.863936
269,12,5762.083426
269,13,5406.760792
269,14,4766.371505
269,15,4727.281763
269,16,4501.838995
269,17,4313.807197
269,18,4119.197404
269,20,3974.046205
269,21,3846.187873
269,24,3834.173932
269,27,3793.128444
269,28,3789.200446
269,29,3775.257602
270,10,8485.158758
270,11,7137.863936
270,12,5762.083426
270,13,5406.760792
270,14,4766.371505
270,15,4727.281763
270,16,4501.838995
270,17,4313.807197
270,18,4119.197404
270,20,3974.046205
270,21,3846.187873
270,24,3834.173932
270,27,3793.128444
270,28,3766.068330
271,10,8485.158758
271,11,7137.863936
271,12,5762.083426
271,13,5406.760792
271,14,4766.371505
271,15,4612.739549
271,16,4501.838995
271,17,4313.807197
271,18,4119.197404
271,20,3974.046205
271,21,3846.187873
271,24,3834.173932
271,25,3820.328015
271,27,3793.128444
271,28,3766.068330
272,10,8485.158758
272,11,7137.863936
272,12,5762.083426
272,13,5406.760792
272,14,4766.371505
272,15,4612.739549
272,16,4501.838995
272,17,4313.807197
272,18,4119.197404
272,20,3974.046205
272,21,3846.187873
272,24,3834.173932
272,25,3820.328015
272,27,3793.128444
272,28,3766.068330
273,10,8485.158758
273,11,7137.863936
273,12,5762.083426
273,13,5406.760792
273,14,4766.371505
273,15,4612.739549
273,16,4501.838995
273,17,4313.807197
273,18,4119.197404
273,20,3974.046205
273,21,3846.187873
273,24,3834.173932
273,25,3820.328015
273,27,3793.128444
273,28,3766.068330
274,10,8485.158758
274,11,7137.863936
274,12,5762.083426
274,13,5406.760792
274,14,4766.371505
274,15,4612.739549
274,16,4445.727027
274,17,4313.807197
274,18,4119.197404
274,20,3974.046205
274,21,3846.187873
274,24,3834.173932
274,25,3820.328015
274,27,3793.128444
274,28,3766.068330
275,10,8485.158758
275,11,7137.863936
275,12,5762.083426
275,13,5406.760792
275,14,4766.371505
275,15,4612.739549
275,16,4445.727027
275,17,4313.807197
275,18,4119.197404
275,20,3974.046205
275,21,3846.187873
275,24,3834.173932
275,25,3820.328015
275,27,3793.128444
275,28,3766.068330
276,10,8485.158758
276,11,7125.035268
276,12,5762.083426
276,13,5406.760792
276,14,4766.371505
276,15,4612.739549
276,16,4445.727027
276,17,4307.644215
276,18,4119.197404
276,20,3974.046205
276,21,3846.187873
276,24,3834.173932
276,25,3820.328015
276,27,3793.128444
276,28,3766.068330
277,10,8485.158758
277,11,7125.035268
277,12,5762.083426
277,13,5406.760792
277,14,4766.371505
277,15,4612.739549
277,16,4445.727027
277,17,4307.644215
277,18,4119.197404
277,20,3974.046205
277,21,3846.187873
277,24,3834.173932
277,25,3820.328015
277,27,3793.128444
277,28,3766.068330
278,10,8485.158758
278,11,7125.035268
278,12,5762.083426
278,13,5406.760792
278,14,4766.371505
278,15,4612.739549
278,16,4445.727027
278,17,4307.644215
278,18,4119.197404
278,20,3974.046205
278,21,3846.187873
278,24,3834.173932
278,25,3820.328015
278,27,3793.128444
278,28,3766.068330
279,10,8354.119900
279,11,7125.035268
279,12,5688.324693
279,13,5406.760792
279,14,4766.371505
279,15,4612.739549
279,16,4405.947871
279,17,4273.981401
279,18,4119.197404
279,20,3974.046205
279,21,3846.187873
279,24,3834.173932
279,25,3820.328015
279,27,3793.128444
279,28,3766.068330
280,10,8354.119900
280,11,7125.035268
280,12,5688.324693
280,13,5406.760792
280,14,4766.371505
280,15,4612.739549
280,16,4405.947871
280,17,4273.981401
280,18,4119.197404
280,20,3974.046205
280,21,3846.187873
280,24,3834.173932
280,25,3820.328015
280,27,3793.128444
280,28,3766.068330
281,10,8354.119900
281,11,7125.035268
281,12,5688.324693
281,13,5406.760792
281,14,4766.371505
281,15,4612.739549
281,16,4405.947871
281,17,4273.981401
281,18,4119.197404
281,20,3889.384380
281,21,3846.187873
281,24,3834.173932
281,25,3820.328015
281,27,3793.128444
281,28,3766.068330
281,31,3762.838087
282,10,8354.119900
282,11,7125.035268
282,12,5688.324693
282,13,5406.760792
282,14,4766.371505
282,15,4612.739549
282,16,4405.947871
282,17,4273.981401
282,18,4119.197404
282,20,3889.384380
282,21,3846.187873
282,24,3834.173932
282,25,3820.328015
282,27,3773.456495
282,28,3766.068330
282,31,3762.838087
283,10,8354.119900
283,11,7125.035268
283,12,5688.324693
283,13,5406.760792
283,14,4766.371505
283,15,4612.739549
283,16,4405.947871
283,17,4273.981401
283,18,4119.197404
283,20,3889.384380
283,21,3846.187873
283,24,3834.173932
283,25,3820.328015
283,27,3773.456495
283,28,3766.068330
283,31,3762.838087
284,10,8354.119900
284,11,7024.296030
284,12,5688.324693
284,13,5406.760792
284,14,4766.371505
284,15,4543.494794
284,16,4405.947871
284,17,4273.981401
284,18,4119.197404
284,20,3889.384380
284,21,3846.187873
284,24,3834.173932
284,25,3820.328015
284,27,3773.456495
284,28,3766.068330
284,31,3762.838087
285,10,8354.119900
285,11,7024.296030
285,12,5688.324693
285,13,5349.863338
285,14,4766.371505
285,15,4543.494794
285,16,4405.947871
285,17,4273.981401
285,18,4119.197404
285,20,3889.384380
285,21,3846.187873
285,23,3842.684446
285,24,3834.173932
285,25,3820.328015
285,27,3773.456495
285,28,3766.068330
285,31,3762.838087
286,10,8354.119900
286,11,7024.296030
286,12,5688.324693
286,13,5349.863338
286,14,4766.371505
286,15,4543.494794
286,16,4405.947871
286,17,4273.981401
286,18,4119.197404
286,20,3889.384380
286,21,3846.187873
286,23,3842.684446
286,24,3834.173932
286,25,3820.328015
286,27,3773.456495
286,28,3766.068330
286,31,3762.838087
287,10,8354.119900
287,11,7024.296030
287,12,5688.324693
287,13,5349.863338
287,14,4766.371505
287,15,4543.494794
287,16,4405.947871
287,17,4273.981401
287,18,4119.197404
287,20,3889.384380
287,21,3846.187873
287,23,3842.684446
287,24,3834.173932
287,25,3820.328015
287,27,3773.456495
287,28,3766.068330
287,31,3762.838087
288,10,8354.119900
288,11,6931.779160
288,12,5688.324693
288,13,5349.863338
288,14,4766.371505
288,15,4543.494794
288,16,4405.947871
288,17,4273.981401
288,18,4119.197404
288,19,4108.973255
288,20,3889.384380
288,21,3846.187873
288,23,3842.684446
288,24,3834.173932
288,25,3820.328015
288,27,3773.456495
288,28,3766.068330
288,31,3762.838087
289,10,8323.957135
289,11,6822.226689
289,12,5688.324693
289,13,5349.863338
289,14,4766.371505
289,15,4543.494794
289,16,4405.947871
289,17,4273.981401
289,18,4119.197404
289,19,4108.973255
289,20,3889.384380
289,21,3846.187873
289,23,3842.684446
289,24,3834.173932
289,25,3820.328015
289,27,3773.456495
289,28,3766.068330
289,31,3762.838087
290,10,8323.957135
290,11,6822.226689
290,12,5688.324693
290,13,5349.863338
290,14,4766.371505
290,15,4543.494794
290,16,4405.947871
290,17,4273.981401
290,18,4119.197404
290,19,3985.577329
290,20,3889.384380
290,21,3846.187873
290,23,3842.684446
290,24,3834.173932
290,25,3820.328015
290,27,3773.456495
290,28,3766.068330
290,31,3762.838087
291,10,8323.957135
291,11,6822.226689
291,12,5688.324693
291,13,5349.863338
291,14,4766.371505
291,15,4543.494794
291,16,4405.947871
291,17,4273.981401
291,18,4119.197404
291,19,3985.577329
291,20,3889.384380
291,21,3846.187873
291,23,3842.684446
291,24,3834.173932
291,25,3820.328015
291,27,3773.456495
291,28,3766.068330
291,31,3762.838087
292,10,8323.957135
292,11,6822.226689
292,12,5688.324693
292,13,5349.863338
292,14,4766.371505
292,15,4543.494794
292,16,4405.947871
292,17,4273.981401
292,18,4119.197404
292,19,3985.577329
292,20,3889.384380
292,21,3846.187873
292,23,3842.684446
292,24,3834.173932
292,25,3820.328015
292,27,3773.456495
292,28,3766.068330
292,31,3762.838087
293,10,8323.957135
293,11,6794.262260
293,12,5688.324693
293,13,5349.863338
293,14,4766.371505
293,15,4543.494794
293,16,4405.947871
293,17,4273.981401
293,18,4119.197404
293,19,3985.577329
293,20,3889.384380
293,21,3846.187873
293,23,3842.684446
293,24,3834.173932
293,25,3820.328015
293,27,3773.456495
293,28,3766.068330
293,31,3762.838087
294,10,7970.283874
294,11,6699.593490
294,12,5688.324693
294,13,5349.863338
294,14,4766.371505
294,15,4543.494794
294,16,4405.947871
294,17,4273.981401
294,18,4119.197404
294,19,3932.696770
294,20,3889.384380
294,21,3846.187873
294,23,3842.684446
294,24,3821.723772
294,25,3820.328015
294,27,3773.456495
294,28,3766.068330
294,29,3706.895578
295,10,7970.283874
295,11,6699.593490
295,12,5688.324693
295,13,5349.863338
295,14,4766.371505
295,15,4543.494794
295,16,4405.947871
295,17,4273.981401
295,18,4119.197404
295,19,3932.696770
295,20,3889.384380
295,21,3846.187873
295,23,3842.684446
295,24,3821.723772
295,25,3820.328015
295,27,3773.456495
295,28,3766.068330
295,29,3706.895578
296,10,7970.283874
296,11,6699.593490
296,12,5688.324693
296,13,5349.863338
296,14,4766.371505
296,15,4543.494794
296,16,4405.947871
296,17,4273.981401
296,18,4119.197404
296,19,3932.696770
296,20,3889.384380
296,21,3835.029014
296,24,3821.723772
296,25,3820.328015
296,27,3773.456495
296,28,3766.068330
296,29,3706.895578
297,10,7970.283874
297,11,6699.593490
297,12,5688.324693
297,13,5349.863338
297,14,4766.371505
297,15,4543.494794
297,16,4405.947871
297,17,4273.981401
297,18,4119.197404
297,19,3932.696770
297,20,3889.384380
297,21,3835.029014
297,24,3821.723772
297,25,3820.328015
297,27,3773.456495
297,28,3766.068330
297,29,3706.895578
298,10,7970.283874
298,11,6699.593490
298,12,5688.324693
298,13,5349.863338
298,14,4766.371505
298,15,4543.494794
298,16,4405.947871
298,17,4273.981401
298,18,4119.197404
298,19,3932.696770
298,20,3889.384380
298,21,3835.029014
298,24,3821.723772
298,25,3820.328015
298,26,3801.963099
298,27,3773.456495
298,28,3766.068330
298,29,3706.895578
299,10,7970.283874
299,11,6699.593490
299,12,5631.918773
299,13,5349.863338
299,14,4766.371505
299,15,4524.601494
299,16,4405.947871
299,17,4273.981401
299,18,4119.197404
299,19,3932.696770
299,20,3889.384380
299,21,3835.029014
299,24,3821.723772
299,25,3820.328015
299,26,3801.963099
299,27,3773.456495
299,28,3766.068330
299,29,3706.895578
300,10,7970.283874
300,11,6699.593490
300,12,5631.918773
300,13,5349.863338
300,14,4766.371505
300,15,4524.601494
300,16,4405.947871
300,17,4273.981401
300,18,4119.197404
300,19,3932.696770
300,20,3889.384380
300,21,3835.029014
300,24,3821.723772
300,25,3820.328015
300,26,3801.963099
300,27,3773.456495
300,28,3766.068330
300,29,3706.895578
301,10,7970.283874
301,11,6699.593490
301,12,5631.918773
301,13,5349.863338
301,14,4766.371505
301,15,4524.601494
301,16,4405.947871
301,17,4273.981401
301,18,4119.197404
301,19,3932.696770
301,20,3889.384380
301,21,3835.029014
301,24,3821.723772
301,25,3820.328015
301,26,3801.963099
301,27,3773.456495
301,28,3766.068330
301,29,3706.895578
302,10,7970.283874
302,11,6699.593490
302,12,5631.918773
302,13,5349.863338
302,14,4766.371505
302,15,4524.601494
302,16,4405.947871
302,17,4273.981401
302,18,4119.197404
302,19,3932.696770
302,20,3889.384380
302,21,3835.029014
302,24,3821.723772
302,25,3820.328015
302,26,3801.963099
302,27,3743.301032
302,29,3706.895578
303,10,7970.283874
303,11,6699.593490
303,12,5631.918773
303,13,5349.863338
303,14,4766.371505
303,15,4524.601494
303,16,4405.947871
303,17,4273.981401
303,18,4119.197404
303,19,3932.696770
303,20,3889.384380
303,21,3835.029014
303,24,3821.723772
303,25,3820.328015
303,26,3801.963099
303,27,3743.301032
303,29,3706.895578
304,10,7970.283874
304,11,6699.593490
304,12,5237.110283
304,14,4766.371505
304,15,4438.079796
304,16,4405.947871
304,17,4273.981401
304,18,4119.197404
304,19,3875.311458
304,21,3835.029014
304,24,3821.723772
304,25,3820.328015
304,26,3801.963099
304,27,3743.301032
304,29,3706.895578
305,10,7970.283874
305,11,6521.123308
305,12,5237.110283
305,14,4766.371505
305,15,4438.079796
305,16,4405.947871
305,17,4273.981401
305,18,4119.197404
305,19,3875.311458
305,21,3835.029014
305,24,3821.723772
305,25,3753.016053
305,27,3743.301032
305,29,3706.895578
306,10,7970.283874
306,11,6521.123308
306,12,5237.110283
306,14,4766.371505
306,15,4438.079796
306,16,4405.947871
306,17,4273.981401
306,18,4119.197404
306,19,3875.311458
306,21,3835.029014
306,24,3821.723772
306,25,3753.016053
306,27,3743.301032
306,29,3706.895578
307,10,7970.283874
307,11,6521.123308
307,12,5237.110283
307,14,4766.371505
307,15,4438.079796
307,16,4405.947871
307,17,4273.981401
307,18,4119.197404
307,19,3875.311458
307,21,3835.029014
307,24,3821.723772
307,25,3753.016053
307,27,3743.301032
307,29,3706.895578
308,10,7970.283874
308,11,6521.123308
308,12,5237.110283
308,14,4766.371505
308,15,4438.079796
308,16,4405.947871
308,17,4273.981401
308,18,4119.197404
308,19,3875.311458
308,21,3835.029014
308,23,3828.951085
308,24,3821.723772
308,25,3753.016053
308,27,3743.301032
308,29,3706.895578
309,10,7634.304638
309,11,6521.123308
309,12,5237.110283
309,14,4766.371505
309,15,4438.079796
309,16,4405.947871
309,17,4273.981401
309,18,4119.197404
309,19,3739.288080
309,29,3706.895578
310,10,7634.304638
310,11,6521.123308
310,12,5237.110283
310,14,4766.371505
310,15,4438.079796
310,16,4405.947871
310,17,4179.334761
310,18,4119.197404
310,19,3739.288080
310,29,3706.895578
311,10,7634.304638
311,11,6521.123308
311,12,5237.110283
311,14,4766.371505
311,15,4438.079796
311,16,4405.947871
311,17,4179.334761
311,18,4119.197404
311,19,3739.288080
311,29,3706.895578
312,10,7634.304638
312,11,6521.123308
312,12,5237.110283
312,14,4766.371505
312,15,4438.079796
312,16,4405.947871
312,17,4179.334761
312,18,4119.197404
312,19,3739.288080
312,29,3706.895578
313,10,7634.304638
313,11,6521.123308
313,12,5237.110283
313,14,4766.371505
313,15,4438.079796
313,16,4405.947871
313,17,4179.334761
313,18,4119.197404
313,19,3739.288080
313,29,3706.895578
314,10,7634.304638
314,11,6317.938521
314,12,5237.110283
314,14,4766.371505
314,15,4438.079796
314,16,4375.626685
314,17,4179.334761
314,18,4119.197404
314,19,3739.288080
314,29,3706.895578
315,10,7634.304638
315,11,6317.938521
315,12,5237.110283
315,14,4766.371505
315,15,4438.079796
315,16,4375.626685
315,17,4179.334761
315,18,4119.197404
315,19,3739.288080
315,29,3706.895578
316,10,7634.304638
316,11,6317.938521
316,12,5237.110283
316,14,4766.371505
316,15,4438.079796
316,16,4375.626685
316,17,4179.334761
316,18,4119.197404
316,19,3739.288080
316,29,3706.895578
317,10,7634.304638
317,11,6317.938521
317,12,5237.110283
317,14,4766.371505
317,15,4438.079796
317,16,4375.626685
317,17,4179.334761
317,18,4119.197404
317,19,3739.288080
317,29,3706.895578
318,10,7634.304638
318,11,6317.938521
318,12,5237.110283
318,14,4766.371505
318,15,4438.079796
318,16,4375.626685
318,17,4179.334761
318,18,4053.556795
318,19,3739.288080
318,29,3706.895578
319,10,7634.304638
319,11,6317.938521
319,12,5237.110283
319,14,4766.371505
319,15,4438.079796
319,16,4352.073039
319,17,4179.334761
319,18,4030.791187
319,19,3739.288080
319,29,3706.895578
320,10,7634.304638
320,11,6317.938521
320,12,5237.110283
320,14,4766.371505
320,15,4438.079796
320,16,4352.073039
320,17,4179.334761
320,18,4030.791187
320,19,3739.288080
320,29,3706.895578
321,10,7634.304638
321,11,6317.938521
321,12,5237.110283
321,14,4766.371505
321,15,4438.079796
321,16,4352.073039
321,17,4179.334761
321,18,4030.791187
321,19,3739.288080
321,29,3706.895578
322,10,7634.304638
322,11,6317.938521
322,12,5237.110283
322,14,4766.371505
322,15,4438.079796
322,16,4352.073039
322,17,4179.334761
322,18,4030.791187
322,19,3739.288080
322,29,3706.895578
323,10,7634.304638
323,11,6317.938521
323,12,5237.110283
323,14,4766.371505
323,15,4438.079796
323,16,4352.073039
323,17,4179.334761
323,18,4030.791187
323,19,3739.288080
323,29,3706.895578
324,10,7584.416719
324,11,6193.246458
324,12,5237.110283
324,14,4766.371505
324,15,4438.079796
324,16,4352.073039
324,17,4179.334761
324,18,4030.791187
324,19,3739.288080
324,29,3706.895578
325,10,7584.416719
325,11,6193.246458
325,12,5237.110283
325,14,4766.371505
325,15,4438.079796
325,16,4352.073039
325,17,4179.334761
325,18,4030.791187
325,19,3739.288080
325,29,3706.895578
326,10,7584.416719
326,11,6193.246458
326,12,5237.110283
326,14,4766.371505
326,15,4438.079796
326,16,4352.073039
326,17,4179.334761
326,18,4030.791187
326,19,3739.288080
326,29,3706.895578
