Generation,NV,TOC
1,12,4424.288621
1,13,3335.604653
1,15,3176.678301
1,16,3067.503621
1,17,2899.098461
1,18,2871.523756
1,19,2765.604838
1,20,2737.664438
1,22,2384.778345
1,25,2293.766037
2,12,3584.863680
2,13,3335.604653
2,14,2950.054148
2,17,2603.576610
2,20,2365.288814
2,21,2358.275638
2,24,2305.962453
2,25,2293.766037
2,28,2280.951686
3,12,3464.103309
3,13,3335.604653
3,14,2950.054148
3,17,2603.576610
3,20,2355.311622
3,24,2305.962453
3,25,2260.494204
3,32,2256.605972
4,9,3879.451522
4,10,3795.761607
4,11,3524.989492
4,12,3436.019391
4,13,2992.135634
4,14,2950.054148
4,15,2686.766696
4,16,2587.702368
4,19,2444.167563
4,20,2355.311622
4,23,2349.321762
4,24,2242.313288
4,31,2237.223265
5,9,3879.451522
5,10,3795.761607
5,11,3524.989492
5,12,3251.323774
5,13,2992.135634
5,14,2950.054148
5,15,2686.766696
5,16,2587.702368
5,19,2347.672881
5,20,2327.376552
5,22,2229.907344
6,9,3879.451522
6,10,3543.649388
6,11,3362.946166
6,12,3143.956402
6,13,2931.750011
6,15,2533.922746
6,17,2392.525870
6,19,2316.357599
6,22,2229.907344
7,9,3879.451522
7,10,3492.931270
7,11,3362.946166
7,12,3143.956402
7,13,2931.750011
7,15,2487.704624
7,17,2392.525870
7,18,2372.336845
7,19,2316.357599
7,21,2246.902806
7,22,2229.907344
8,9,3879.451522
8,10,3401.675555
8,11,3247.794800
8,12,2927.167198
8,13,2850.113771
8,14,2799.868638
8,15,2487.704624
8,16,2352.421436
8,17,2334.473182
8,19,2316.357599
8,20,2224.449983
9,9,3783.007986
9,10,3401.675555
9,11,3247.794800
9,12,2840.773220
9,13,2591.596718
9,14,2529.646197
9,15,2478.806884
9,16,2352.421436
9,17,2326.087914
9,19,2305.061126
9,20,2224.449983
9,27,2206.429115
10,9,3783.007986
10,10,3401.675555
10,11,3064.818115
10,12,2840.773220
10,13,2525.932885
10,14,2497.039046
10,15,2441.818768
10,16,2352.421436
10,17,2326.087914
10,19,2245.361194
10,20,2224.449983
10,22,2211.064819
10,23,2193.986852
11,9,3563.840190
11,10,3259.217928
11,11,3064.818115
11,12,2840.773220
11,13,2525.932885
11,14,2497.039046
11,15,2399.597131
11,16,2352.421436
11,17,2326.087914
11,18,2261.361526
11,19,2212.156611
11,22,2175.311232
12,9,3563.840190
12,10,3259.217928
12,11,3064.818115
12,12,2840.773220
12,13,2525.932885
12,14,2497.039046
12,15,2399.597131
12,16,2352.421436
12,17,2326.087914
12,18,2261.361526
12,19,2212.156611
12,22,2175.311232
13,9,3511.779785
13,10,3108.445726
13,11,3064.818115
13,12,2840.773220
13,13,2525.932885
13,14,2497.039046
13,15,2399.597131
13,16,2352.421436
13,17,2301.707450
13,18,2261.361526
13,19,2185.436619
13,22,2175.311232
13,24,2163.244122
13,26,2114.521500
14,9,3511.779785
14,10,3108.445726
14,11,3064.818115
14,12,2840.773220
14,13,2444.058399
14,14,2406.612098
14,15,2334.751205
14,16,2266.486207
14,17,2206.504652
14,19,2148.601095
14,20,2130.005655
14,22,2097.235495
14,24,2073.033995
15,9,3480.542444
15,10,3067.149331
15,11,2920.816354
15,12,2840.773220
15,13,2444.058399
15,14,2324.097283
15,15,2253.401031
15,16,2215.415646
15,17,2206.504652
15,19,2148.601095
15,20,2130.005655
15,22,2097.235495
15,24,2073.033995
16,9,3352.725946
16,10,2959.874415
16,11,2920.816354
16,12,2721.075160
16,13,2444.058399
16,14,2324.097283
16,15,2253.401031
16,16,2215.415646
16,17,2206.504652
16,19,2148.601095
16,20,2130.005655
16,22,2097.235495
16,24,2073.033995
17,9,3349.214764
17,10,2959.874415
17,11,2835.281907
17,12,2721.075160
17,13,2444.058399
17,14,2317.196385
17,15,2253.401031
17,16,2215.415646
17,17,2206.504652
17,19,2148.601095
17,20,2130.005655
17,22,2097.235495
17,24,2073.033995
18,9,3349.214764
18,10,2959.874415
18,11,2784.815434
18,12,2646.127833
18,13,2444.058399
18,14,2317.196385
18,15,2253.401031
18,16,2215.415646
18,17,2206.504652
18,18,2201.786518
18,19,2148.601095
18,20,2130.005655
18,22,2097.235495
18,24,2073.033995
19,9,3232.230121
19,10,2903.842976
19,11,2733.396124
19,12,2646.127833
19,13,2293.695580
19,14,2260.575287
19,15,2236.520960
19,16,2186.822237
19,19,2107.446561
19,21,2087.548455
19,23,2060.981448
20,9,3232.230121
20,10,2903.842976
20,11,2733.396124
20,12,2646.127833
20,13,2293.695580
20,14,2260.575287
20,15,2236.520960
20,16,2186.822237
20,19,2107.446561
20,21,2087.548455
20,23,2060.981448
21,9,3179.101623
21,10,2903.842976
21,11,2733.396124
21,12,2646.127833
21,13,2293.695580
21,14,2260.575287
21,15,2236.520960
21,16,2186.822237
21,17,2184.353660
21,19,2107.446561
21,21,2087.548455
21,23,2060.981448
22,9,3179.101623
22,10,2903.842976
22,11,2449.324068
22,13,2293.695580
22,14,2260.575287
22,15,2236.520960
22,16,2186.822237
22,17,2166.650974
22,19,2107.446561
22,20,2100.050009
22,21,2087.548455
22,23,2060.981448
23,9,3179.101623
23,10,2884.265789
23,11,2449.324068
23,12,2384.855773
23,13,2293.695580
23,14,2231.377224
23,15,2176.387162
23,17,2166.650974
23,19,2089.349514
23,21,2087.548455
23,23,2060.981448
24,9,3138.466098
24,10,2884.265789
24,11,2407.850720
24,12,2384.855773
24,13,2293.695580
24,14,2180.476050
24,15,2159.455796
24,16,2138.602685
24,18,2111.303169
24,19,2083.385265
24,22,2025.279041
25,9,3138.466098
25,10,2884.265789
25,11,2407.850720
25,12,2384.855773
25,13,2293.695580
25,14,2180.476050
25,15,2159.455796
25,16,2138.602685
25,18,2111.303169
25,19,2083.385265
25,22,2025.279041
26,9,3138.466098
26,10,2732.527750
26,11,2407.850720
26,12,2346.962317
26,13,2293.695580
26,14,2180.476050
26,15,2159.455796
26,16,2138.602685
26,18,2111.303169
26,19,2083.385265
26,22,2025.279041
27,9,3062.640759
27,10,2704.697730
27,11,2404.769241
27,12,2346.962317
27,13,2261.899415
27,14,2180.476050
27,15,2159.455796
27,16,2138.602685
27,17,2097.104759
27,19,2083.385265
27,21,2078.713249
27,22,2025.279041
28,9,3062.640759
28,10,2480.886745
28,11,2372.513703
28,12,2316.985693
28,13,2261.899415
28,14,2180.476050
28,15,2159.455796
28,16,2138.602685
28,17,2097.104759
28,19,2083.385265
28,20,2063.787597
28,22,2025.279041
29,8,3555.867824
29,9,2949.772650
29,10,2480.886745
29,11,2345.158386
29,12,2316.985693
29,13,2261.899415
29,14,2180.476050
29,15,2159.455796
29,16,2134.149917
29,17,2097.104759
29,19,2083.385265
29,20,2060.580238
29,22,2025.279041
30,8,3555.867824
30,9,2949.772650
30,10,2480.886745
30,11,2345.158386
30,12,2316.985693
30,13,2261.899415
30,14,2180.476050
30,15,2159.455796
30,16,2134.149917
30,17,2097.104759
30,19,2083.385265
30,20,2055.416490
30,22,2025.279041
31,8,3555.867824
31,9,2949.772650
31,10,2480.886745
31,11,2345.158386
31,12,2288.561801
31,13,2261.899415
31,14,2180.476050
31,15,2137.229965
31,16,2134.149917
31,17,2097.104759
31,19,2083.385265
31,20,2055.416490
31,22,2025.279041
32,8,3555.867824
32,9,2949.772650
32,10,2480.886745
32,11,2345.158386
32,12,2245.726875
32,14,2155.852008
32,15,2137.229965
32,16,2112.474479
32,17,2097.104759
32,19,2083.385265
32,20,2055.416490
32,22,2025.279041
33,8,3555.867824
33,9,2949.772650
33,10,2452.758343
33,11,2345.158386
33,12,2245.726875
33,14,2155.852008
33,15,2130.157606
33,16,2112.474479
33,17,2097.104759
33,19,2083.385265
33,20,2055.416490
33,22,2025.279041
34,8,3170.846735
34,9,2949.772650
34,10,2452.758343
34,11,2339.464050
34,12,2245.726875
34,13,2220.128575
34,14,2155.852008
34,15,2112.556145
34,16,2101.550278
34,17,2097.104759
34,19,2073.842516
34,20,2055.416490
34,22,2025.279041
35,8,3170.846735
35,9,2795.551851
35,10,2452.758343
35,11,2339.464050
35,12,2245.726875
35,13,2220.128575
35,14,2155.852008
35,15,2112.556145
35,16,2101.550278
35,17,2097.104759
35,19,2073.842516
35,20,2055.416490
35,22,2025.279041
36,8,3170.846735
36,9,2795.551851
36,10,2434.248000
36,11,2339.464050
36,12,2245.726875
36,13,2220.128575
36,14,2155.852008
36,15,2112.556145
36,16,2101.550278
36,17,2097.104759
36,19,2073.842516
36,20,2046.039737
36,22,2025.279041
37,8,3170.846735
37,9,2774.863140
37,10,2434.248000
37,11,2339.464050
37,12,2230.784016
37,13,2205.387349
37,14,2135.222308
37,15,2092.908596
37,19,2007.865863
38,8,3170.846735
38,9,2675.942352
38,10,2434.248000
38,11,2339.464050
38,12,2230.784016
38,13,2205.387349
38,14,2135.222308
38,15,2092.908596
38,19,2007.865863
39,8,3170.846735
39,9,2675.942352
39,10,2434.248000
39,11,2339.464050
39,12,2230.784016
39,13,2205.387349
39,14,2135.222308
39,15,2092.908596
39,18,2061.277013
39,19,2007.865863
40,8,3170.846735
40,9,2675.942352
40,10,2434.248000
40,11,2339.464050
40,12,2230.784016
40,13,2205.387349
40,14,2123.038853
40,15,2092.908596
40,18,2061.277013
40,19,2005.925898
41,8,2983.191454
41,9,2675.942352
41,10,2434.248000
41,11,2339.464050
41,12,2230.784016
41,13,2205.387349
41,14,2123.038853
41,15,2092.908596
41,18,2061.277013
41,19,2005.925898
42,8,2881.636034
42,9,2671.409421
42,10,2434.248000
42,11,2287.320026
42,12,2230.784016
42,13,2205.387349
42,14,2123.038853
42,15,2092.908596
42,18,2061.277013
42,19,2005.925898
43,8,2881.636034
43,9,2671.409421
43,10,2434.248000
43,11,2287.320026
43,12,2230.784016
43,13,2205.387349
43,14,2123.038853
43,15,2092.908596
43,18,2061.277013
43,19,2005.925898
44,8,2872.859496
44,9,2671.409421
44,10,2434.248000
44,11,2287.320026
44,12,2230.784016
44,13,2205.387349
44,14,2123.038853
44,15,2092.908596
44,18,2061.277013
44,19,2005.925898
45,8,2872.859496
45,9,2671.409421
45,10,2434.248000
45,11,2287.320026
45,12,2230.784016
45,13,2166.406210
45,14,2123.038853
45,15,2092.908596
45,17,2069.188418
45,18,2061.277013
45,19,2005.925898
46,8,2872.859496
46,9,2671.409421
46,10,2434.248000
46,11,2287.320026
46,12,2230.784016
46,13,2166.406210
46,14,2123.038853
46,15,2092.908596
46,17,2069.188418
46,18,2061.277013
46,19,2005.925898
47,8,2872.859496
47,9,2580.977994
47,10,2429.834623
47,11,2237.694572
47,12,2156.479804
47,13,2151.404741
47,14,2087.652539
47,16,2066.810467
47,18,2054.406344
47,19,1999.266883
48,7,3159.198193
48,8,2844.395554
48,9,2580.977994
48,10,2429.834623
48,11,2237.694572
48,12,2156.479804
48,13,2151.404741
48,14,2087.652539
48,16,2066.810467
48,18,2054.406344
48,19,1999.266883
49,7,3159.198193
49,8,2793.563007
49,9,2580.977994
49,10,2429.834623
49,11,2237.694572
49,12,2156.479804
49,13,2138.637288
49,14,2087.652539
49,16,2066.810467
49,18,2054.406344
49,19,1999.266883
50,7,3159.198193
50,8,2793.563007
50,9,2580.977994
50,10,2429.834623
50,11,2237.694572
50,12,2156.479804
50,13,2138.637288
50,14,2087.652539
50,15,2084.942787
50,16,2066.810467
50,18,2054.406344
50,19,1999.266883
51,7,3159.198193
51,8,2793.563007
51,9,2580.977994
51,10,2429.834623
51,11,2237.694572
51,12,2156.479804
51,13,2138.637288
51,14,2087.652539
51,15,2084.942787
51,16,2066.810467
51,17,2065.795132
51,18,2054.406344
51,19,1999.266883
52,7,3159.198193
52,8,2793.563007
52,9,2580.977994
52,10,2424.819246
52,11,2237.694572
52,12,2148.262299
52,13,2138.637288
52,14,2076.307104
52,15,2053.264787
52,17,2052.452713
52,18,2036.200712
52,19,1999.266883
53,7,3159.198193
53,8,2749.790529
53,9,2580.977994
53,10,2424.819246
53,11,2237.694572
53,12,2148.262299
53,13,2118.136851
53,14,2076.307104
53,15,2053.264787
53,17,2052.452713
53,18,2036.200712
53,19,1999.266883
54,7,3159.198193
54,8,2749.790529
54,9,2580.977994
54,10,2424.819246
54,11,2235.661185
54,12,2148.262299
54,13,2118.136851
54,14,2076.307104
54,15,2053.264787
54,17,2052.452713
54,18,2036.200712
54,19,1999.266883
55,7,3156.340007
55,8,2749.790529
55,9,2580.977994
55,10,2424.819246
55,11,2235.661185
55,12,2148.262299
55,13,2118.136851
55,14,2076.307104
55,15,2053.264787
55,17,2052.452713
55,18,2036.200712
55,19,1999.266883
56,7,3156.340007
56,8,2749.790529
56,9,2580.977994
56,10,2424.819246
56,11,2235.661185
56,12,2148.262299
56,13,2118.136851
56,14,2076.307104
56,15,2053.264787
56,17,2052.452713
56,18,2036.200712
56,19,1999.266883
57,7,3150.519232
57,8,2749.790529
57,9,2580.977994
57,10,2424.819246
57,11,2232.541096
57,12,2148.262299
57,13,2107.040176
57,14,2068.127250
57,15,2053.264787
57,16,2044.705115
57,18,2013.672973
57,19,1999.266883
58,7,3150.519232
58,8,2749.790529
58,9,2580.977994
58,10,2424.819246
58,11,2232.541096
58,12,2148.262299
58,13,2091.974412
58,14,2068.127250
58,15,2053.264787
58,16,2044.705115
58,18,2013.672973
58,19,1999.266883
59,7,3150.519232
59,8,2749.790529
59,9,2580.977994
59,10,2424.819246
59,11,2232.541096
59,12,2148.262299
59,13,2091.974412
59,14,2068.127250
59,15,2052.559834
59,16,2044.705115
59,17,2010.479545
59,19,1999.266883
60,7,3150.519232
60,8,2749.790529
60,9,2580.977994
60,10,2392.345220
60,11,2232.541096
60,12,2109.013443
60,13,2091.974412
60,14,2068.127250
60,15,2052.559834
60,16,2044.705115
60,17,2010.479545
60,19,1999.266883
61,7,3150.519232
61,8,2727.867065
61,9,2580.977994
61,10,2325.803586
61,11,2208.490669
61,12,2109.013443
61,13,2091.974412
61,14,2068.127250
61,15,2052.559834
61,16,2044.705115
61,17,2010.479545
61,19,1999.266883
62,7,3150.519232
62,8,2727.867065
62,9,2580.977994
62,10,2315.671706
62,11,2208.490669
62,12,2101.695232
62,13,2091.974412
62,14,2068.127250
62,15,2049.948123
62,16,2044.705115
62,17,2006.864137
62,19,1990.038707
63,7,3146.680570
63,8,2727.867065
63,9,2580.977994
63,10,2315.671706
63,11,2208.490669
63,12,2101.695232
63,13,2091.974412
63,14,2068.127250
63,15,2049.948123
63,16,2044.705115
63,17,2006.864137
63,19,1990.038707
64,7,3116.971698
64,8,2727.867065
64,9,2526.943915
64,10,2315.671706
64,11,2208.490669
64,12,2101.695232
64,13,2081.129930
64,14,2064.751740
64,15,2049.948123
64,16,2044.705115
64,17,2006.864137
64,19,1990.038707
65,7,3068.782982
65,8,2727.867065
65,9,2526.943915
65,10,2315.671706
65,11,2208.490669
65,12,2101.695232
65,13,2081.129930
65,14,2064.751740
65,15,2049.948123
65,16,2044.705115
65,17,2006.864137
65,19,1990.038707
66,7,3068.782982
66,8,2727.867065
66,9,2526.943915
66,10,2315.671706
66,11,2208.490669
66,12,2101.695232
66,13,2081.129930
66,14,2064.751740
66,15,2049.948123
66,16,2044.705115
66,17,2006.864137
66,19,1990.038707
67,7,3068.782982
67,8,2727.867065
67,9,2526.943915
67,10,2315.671706
67,11,2208.490669
67,12,2099.215770
67,13,2073.943972
67,14,2051.037289
67,15,2034.698835
67,17,1996.483775
67,19,1981.891776
68,7,3068.782982
68,8,2727.867065
68,9,2511.263866
68,10,2315.671706
68,11,2208.490669
68,12,2095.869858
68,13,2073.943972
68,14,2051.037289
68,15,2034.698835
68,17,1996.483775
68,19,1981.891776
69,7,3037.687488
69,8,2727.867065
69,9,2511.263866
69,10,2315.671706
69,11,2208.490669
69,12,2095.869858
69,13,2073.943972
69,14,2051.037289
69,15,2034.698835
69,17,1996.483775
69,19,1981.891776
70,7,3037.687488
70,8,2727.867065
70,9,2511.263866
70,10,2315.671706
70,11,2155.850959
70,12,2095.869858
70,13,2073.943972
70,14,2051.037289
70,15,2034.698835
70,17,1996.483775
70,19,1981.891776
71,7,3037.687488
71,8,2727.867065
71,9,2511.263866
71,10,2315.671706
71,11,2155.850959
71,12,2095.869858
71,13,2073.943972
71,14,2051.037289
71,15,2034.698835
71,17,1996.483775
71,19,1981.891776
72,7,3037.687488
72,8,2725.460543
72,9,2511.263866
72,10,2308.062115
72,11,2155.850959
72,12,2095.869858
72,13,2068.248291
72,14,2051.037289
72,15,2034.698835
72,17,1996.483775
72,19,1975.844157
73,7,3037.687488
73,8,2725.460543
73,9,2511.263866
73,10,2308.062115
73,11,2155.850959
73,12,2095.869858
73,13,2068.248291
73,14,2051.037289
73,15,2034.698835
73,17,1996.483775
73,19,1975.844157
74,7,3037.687488
74,8,2725.460543
74,9,2492.641597
74,10,2308.062115
74,11,2155.850959
74,12,2095.869858
74,13,2068.248291
74,14,2051.037289
74,15,2034.698835
74,17,1996.483775
74,19,1975.844157
75,7,3037.687488
75,8,2725.460543
75,9,2479.635945
75,10,2308.062115
75,11,2155.850959
75,12,2095.869858
75,13,2068.248291
75,14,2051.037289
75,15,2034.698835
75,17,1996.483775
75,19,1975.844157
76,7,3037.687488
76,8,2656.834209
76,9,2479.635945
76,10,2233.846045
76,11,2153.390690
76,12,2089.095223
76,13,2068.248291
76,14,2051.037289
76,15,2034.698835
76,16,2033.840092
76,17,1996.483775
76,19,1975.844157
77,7,3037.687488
77,8,2656.834209
77,9,2479.635945
77,10,2229.559582
77,11,2153.390690
77,12,2089.095223
77,13,2059.327627
77,14,2051.037289
77,15,2018.010289
77,16,2016.484488
77,17,1969.004927
78,7,3024.259018
78,8,2656.834209
78,9,2479.635945
78,10,2229.559582
78,11,2153.390690
78,12,2089.095223
78,13,2057.117910
78,14,2051.037289
78,15,2018.010289
78,16,2016.484488
78,17,1969.004927
79,7,2944.223086
79,8,2656.834209
79,9,2479.635945
79,10,2220.354950
79,11,2153.390690
79,12,2089.095223
79,13,2057.117910
79,14,2051.037289
79,15,2018.010289
79,16,2016.484488
79,17,1969.004927
80,7,2944.223086
80,8,2656.834209
80,9,2470.951094
80,10,2220.354950
80,11,2153.390690
80,12,2071.400208
80,13,2057.117910
80,14,2051.037289
80,15,2018.010289
80,16,2016.484488
80,17,1969.004927
81,7,2944.223086
81,8,2656.834209
81,9,2470.951094
81,10,2220.354950
81,11,2153.390690
81,12,2071.400208
81,13,2057.117910
81,14,2051.037289
81,15,2018.010289
81,16,2016.484488
81,17,1969.004927
82,7,2929.166720
82,8,2656.834209
82,9,2415.420851
82,10,2220.354950
82,11,2153.390690
82,12,2033.599926
82,15,2018.010289
82,16,2016.484488
82,17,1969.004927
83,7,2927.118930
83,8,2656.834209
83,9,2415.420851
83,10,2220.354950
83,11,2153.390690
83,12,2033.599926
83,15,2018.010289
83,16,2016.484488
83,17,1969.004927
84,7,2895.959777
84,8,2647.248258
84,9,2415.420851
84,10,2220.354950
84,11,2148.684102
84,12,2033.599926
84,15,2018.010289
84,16,2016.484488
84,17,1969.004927
85,7,2895.959777
85,8,2647.248258
85,9,2415.420851
85,10,2220.354950
85,11,2148.684102
85,12,2033.599926
85,15,2018.010289
85,16,2016.484488
85,17,1969.004927
86,7,2895.959777
86,8,2647.248258
86,9,2415.420851
86,10,2220.354950
86,11,2148.684102
86,12,2033.599926
86,15,2018.010289
86,16,2016.484488
86,17,1969.004927
87,7,2895.959777
87,8,2617.972857
87,9,2415.420851
87,10,2220.354950
87,11,2148.684102
87,12,2033.599926
87,15,1983.774636
87,17,1969.004927
88,7,2895.959777
88,8,2617.972857
88,9,2415.420851
88,10,2220.354950
88,11,2148.684102
88,12,2033.599926
88,15,1983.774636
88,17,1969.004927
89,7,2895.959777
89,8,2617.972857
89,9,2415.420851
89,10,2220.354950
89,11,2148.684102
89,12,2033.599926
89,15,1983.774636
89,17,1969.004927
90,7,2895.959777
90,8,2617.972857
90,9,2415.420851
90,10,2220.354950
90,11,2148.684102
90,12,2033.599926
90,15,1983.774636
90,17,1969.004927
91,7,2895.959777
91,8,2617.972857
91,9,2415.420851
91,10,2220.354950
91,11,2148.684102
91,12,2033.599926
91,15,1983.774636
91,17,1969.004927
92,7,2895.959777
92,8,2617.972857
92,9,2412.379363
92,10,2220.354950
92,11,2148.684102
92,12,2029.365297
92,15,1983.774636
92,17,1969.004927
93,7,2871.235996
93,8,2617.972857
93,9,2412.379363
93,10,2220.354950
93,11,2148.684102
93,12,2029.365297
93,15,1983.774636
93,17,1969.004927
94,7,2871.235996
94,8,2617.972857
94,9,2412.379363
94,10,2220.354950
94,11,2148.684102
94,12,2029.365297
94,15,1983.774636
94,17,1969.004927
95,7,2871.235996
95,8,2617.972857
95,9,2412.379363
95,10,2220.354950
95,11,2148.684102
95,12,2029.365297
95,15,1983.774636
95,17,1969.004927
96,7,2871.235996
96,8,2617.972857
96,9,2412.379363
96,10,2220.354950
96,11,2148.684102
96,12,2029.365297
96,15,1983.774636
96,17,1969.004927
97,7,2871.235996
97,8,2600.604349
97,9,2412.379363
97,10,2220.354950
97,11,2148.684102
97,12,2029.365297
97,15,1983.774636
97,17,1969.004927
98,7,2871.235996
98,8,2587.363780
98,9,2412.379363
98,10,2220.354950
98,11,2148.684102
98,12,2029.365297
98,14,2027.318355
98,15,1983.774636
98,17,1969.004927
99,7,2871.235996
99,8,2587.363780
99,9,2412.379363
99,10,2220.354950
99,11,2148.684102
99,12,2029.365297
99,14,2027.318355
99,15,1983.774636
99,17,1969.004927
100,7,2871.235996
100,8,2587.363780
100,9,2389.626350
100,10,2220.354950
100,11,2148.684102
100,12,2029.365297
100,14,2027.318355
100,15,1983.774636
100,17,1969.004927
101,7,2871.235996
101,8,2587.363780
101,9,2389.626350
101,10,2220.354950
101,11,2148.684102
101,12,2029.365297
101,13,2028.271293
101,14,2027.318355
101,15,1983.774636
101,17,1969.004927
102,7,2871.235996
102,8,2587.363780
102,9,2389.626350
102,10,2220.354950
102,11,2137.409504
102,12,2012.010571
102,15,1959.210821
103,7,2829.154643
103,8,2587.363780
103,9,2389.626350
103,10,2220.354950
103,11,2137.409504
103,12,2012.010571
103,15,1959.210821
104,7,2829.154643
104,8,2578.424039
104,9,2389.626350
104,10,2220.354950
104,11,2137.409504
104,12,2012.010571
104,15,1959.210821
105,7,2829.154643
105,8,2578.424039
105,9,2344.259886
105,10,2220.354950
105,11,2137.409504
105,12,2012.010571
105,15,1959.210821
106,7,2829.154643
106,8,2578.424039
106,9,2344.259886
106,10,2220.354950
106,11,2137.409504
106,12,2012.010571
106,15,1959.210821
107,7,2812.992077
107,8,2559.442141
107,9,2344.259886
107,10,2220.354950
107,11,2137.409504
107,12,2012.010571
107,15,1959.210821
108,7,2812.992077
108,8,2559.442141
108,9,2344.259886
108,10,2220.354950
108,11,2137.409504
108,12,2012.010571
108,13,1981.735977
108,15,1959.210821
109,7,2806.707056
109,8,2537.982620
109,9,2344.259886
109,10,2220.354950
109,11,2137.409504
109,12,2012.010571
109,13,1981.735977
109,15,1959.210821
110,7,2806.707056
110,8,2537.982620
110,9,2344.259886
110,10,2220.354950
110,11,2137.409504
110,12,2012.010571
110,13,1981.735977
110,15,1959.210821
111,7,2806.707056
111,8,2537.982620
111,9,2344.259886
111,10,2220.354950
111,11,2137.409504
111,12,2012.010571
111,13,1981.735977
111,15,1959.210821
112,7,2806.707056
112,8,2537.982620
112,9,2344.259886
112,10,2210.010946
112,11,2137.409504
112,12,2012.010571
112,13,1977.086212
112,15,1959.210821
113,7,2806.707056
113,8,2537.982620
113,9,2344.259886
113,10,2210.010946
113,11,2137.409504
113,12,2012.010571
113,13,1977.086212
113,15,1959.210821
114,7,2806.707056
114,8,2530.918676
114,9,2344.259886
114,10,2210.010946
114,11,2137.409504
114,12,2012.010571
114,13,1977.086212
114,15,1959.210821
115,7,2776.064358
115,8,2530.918676
115,9,2344.259886
115,10,2210.010946
115,11,2137.409504
115,12,2012.010571
115,13,1977.086212
115,15,1959.210821
116,7,2776.064358
116,8,2530.918676
116,9,2344.259886
116,10,2210.010946
116,11,2137.409504
116,12,2012.010571
116,13,1977.086212
116,15,1959.210821
117,7,2776.064358
117,8,2530.918676
117,9,2344.259886
117,10,2203.728191
117,11,2124.639476
117,12,2008.647475
117,13,1977.086212
117,15,1959.210821
118,7,2776.064358
118,8,2530.918676
118,9,2344.259886
118,10,2203.728191
118,11,2124.639476
118,12,2008.647475
118,13,1972.431812
118,15,1959.210821
119,6,3300.809657
119,7,2776.064358
119,8,2530.918676
119,9,2344.259886
119,10,2203.728191
119,11,2124.639476
119,12,2008.647475
119,13,1972.431812
119,15,1959.210821
120,6,3300.809657
120,7,2776.064358
120,8,2530.918676
120,9,2344.259886
120,10,2203.728191
120,11,2124.639476
120,12,2008.647475
120,13,1972.431812
120,15,1959.210821
121,6,3300.809657
121,7,2776.064358
121,8,2530.918676
121,9,2344.259886
121,10,2203.728191
121,11,2124.639476
121,12,2008.647475
121,13,1972.431812
121,15,1959.210821
122,6,3300.809657
122,7,2776.064358
122,8,2504.930684
122,9,2340.392105
122,10,2203.009336
122,11,2124.639476
122,12,2008.647475
122,13,1959.745516
122,15,1949.069839
123,6,3300.809657
123,7,2776.064358
123,8,2504.930684
123,9,2340.392105
123,10,2203.009336
123,11,2124.639476
123,12,2008.647475
123,13,1959.745516
123,15,1949.069839
124,6,3300.809657
124,7,2776.064358
124,8,2504.930684
124,9,2340.392105
124,10,2203.009336
124,11,2124.639476
124,12,2008.647475
124,13,1959.745516
124,15,1949.069839
125,6,3300.809657
125,7,2776.064358
125,8,2504.930684
125,9,2340.392105
125,10,2203.009336
125,11,2124.639476
125,12,2008.647475
125,13,1959.745516
125,15,1949.069839
126,6,3285.096757
126,7,2776.064358
126,8,2498.337917
126,9,2340.392105
126,10,2203.009336
126,11,2078.285181
126,12,2008.647475
126,13,1959.745516
126,15,1949.069839
127,6,3285.096757
127,7,2776.064358
127,8,2498.337917
127,9,2340.392105
127,10,2196.964714
127,11,2043.925414
127,12,1986.240933
127,13,1957.471012
127,15,1949.069839
128,6,3285.096757
128,7,2776.064358
128,8,2498.337917
128,9,2340.392105
128,10,2196.964714
128,11,2043.925414
128,12,1986.240933
128,13,1957.471012
128,15,1949.069839
129,6,3285.096757
129,7,2776.064358
129,8,2498.337917
129,9,2340.392105
129,10,2196.964714
129,11,2043.925414
129,12,1986.240933
129,13,1957.471012
129,15,1949.069839
130,6,3285.096757
130,7,2776.064358
130,8,2498.337917
130,9,2340.392105
130,10,2196.964714
130,11,2043.925414
130,12,1986.240933
130,13,1957.471012
130,15,1949.069839
131,6,3285.096757
131,7,2776.064358
131,8,2498.337917
131,9,2340.392105
131,10,2196.964714
131,11,2043.925414
131,12,1986.240933
131,13,1957.471012
131,15,1949.069839
132,6,3285.096757
132,7,2772.451582
132,8,2498.337917
132,9,2340.392105
132,10,2196.964714
132,11,2041.739457
132,12,1986.240933
132,13,1953.689748
132,15,1949.069839
133,6,3227.144208
133,7,2772.451582
133,8,2498.337917
133,9,2340.392105
133,10,2196.964714
133,11,2041.739457
133,12,1986.240933
133,13,1953.689748
133,15,1949.069839
134,6,3227.144208
134,7,2772.451582
134,8,2498.337917
134,9,2340.392105
134,10,2196.964714
134,11,2041.739457
134,12,1986.240933
134,13,1953.689748
134,15,1949.069839
135,6,3227.144208
135,7,2772.451582
135,8,2498.337917
135,9,2340.392105
135,10,2196.964714
135,11,2041.739457
135,12,1986.240933
135,13,1953.689748
135,15,1949.069839
136,6,3227.144208
136,7,2772.451582
136,8,2498.337917
136,9,2328.590259
136,10,2196.964714
136,11,2041.739457
136,12,1986.240933
136,13,1953.689748
136,15,1949.069839
137,6,3227.144208
137,7,2772.451582
137,8,2498.337917
137,9,2328.590259
137,10,2188.110445
137,11,2041.739457
137,12,1985.875220
137,13,1949.621308
137,15,1949.069839
138,6,3190.979774
138,7,2772.451582
138,8,2498.337917
138,9,2313.507444
138,10,2188.110445
138,11,2041.739457
138,12,1985.875220
138,13,1949.621308
138,15,1949.069839
139,6,3190.979774
139,7,2772.451582
139,8,2498.337917
139,9,2313.507444
139,10,2188.110445
139,11,2041.739457
139,12,1985.875220
139,13,1949.621308
139,15,1949.069839
140,6,3157.508480
140,7,2772.451582
140,8,2498.337917
140,9,2313.507444
140,10,2188.110445
140,11,2041.739457
140,12,1985.875220
140,13,1949.621308
140,15,1949.069839
141,6,3121.687220
141,7,2772.451582
141,8,2498.337917
141,9,2313.507444
141,10,2188.110445
141,11,2041.739457
141,12,1985.875220
141,13,1949.621308
141,15,1949.069839
142,6,3121.687220
142,7,2772.451582
142,8,2498.337917
142,9,2313.507444
142,10,2188.110445
142,11,2041.739457
142,12,1985.875220
142,13,1949.368565
142,14,1942.679170
143,6,3121.687220
143,7,2772.451582
143,8,2498.337917
143,9,2313.507444
143,10,2188.110445
143,11,2041.739457
143,12,1985.875220
143,13,1949.368565
143,14,1942.679170
144,6,3121.687220
144,7,2772.451582
144,8,2498.337917
144,9,2313.507444
144,10,2188.110445
144,11,2041.739457
144,12,1985.875220
144,13,1949.368565
144,14,1942.679170
145,6,3121.687220
145,7,2772.451582
145,8,2498.337917
145,9,2313.507444
145,10,2188.110445
145,11,2041.739457
145,12,1985.875220
145,13,1949.368565
145,14,1942.679170
146,6,3121.687220
146,7,2755.557854
146,8,2498.337917
146,9,2313.507444
146,10,2188.110445
146,11,2041.739457
146,12,1985.875220
146,13,1949.368565
146,14,1942.679170
147,6,3121.687220
147,7,2755.557854
147,8,2498.337917
147,9,2267.547137
147,10,2188.110445
147,11,2039.259113
147,12,1985.875220
147,13,1949.368565
147,14,1942.679170
148,6,3121.687220
148,7,2755.557854
148,8,2498.337917
148,9,2267.547137
148,10,2188.110445
148,11,2039.259113
148,12,1985.875220
148,13,1949.368565
148,14,1942.679170
149,6,3121.687220
149,7,2755.557854
149,8,2498.337917
149,9,2267.547137
149,10,2148.719262
149,11,2039.259113
149,12,1985.875220
149,13,1949.368565
149,14,1942.679170
150,6,3121.687220
150,7,2755.557854
150,8,2498.337917
150,9,2267.547137
150,10,2148.719262
150,11,2039.259113
150,12,1985.875220
150,13,1949.368565
150,14,1942.679170
151,6,3121.687220
151,7,2755.557854
151,8,2498.337917
151,9,2267.547137
151,10,2137.521988
151,11,2039.259113
151,12,1985.875220
151,13,1949.368565
151,14,1942.679170
152,6,3121.687220
152,7,2725.974984
152,8,2498.337917
152,9,2240.212060
152,10,2137.521988
152,11,2011.706371
152,12,1985.872073
152,13,1949.368565
152,14,1935.030182
153,6,3121.687220
153,7,2725.974984
153,8,2498.337917
153,9,2240.212060
153,10,2137.521988
153,11,2011.706371
153,12,1985.872073
153,13,1949.368565
153,14,1935.030182
154,6,3121.687220
154,7,2725.974984
154,8,2498.337917
154,9,2240.212060
154,10,2137.521988
154,11,2011.706371
154,12,1985.872073
154,13,1949.368565
154,14,1935.030182
155,6,3121.687220
155,7,2725.974984
155,8,2498.337917
155,9,2240.212060
155,10,2137.521988
155,11,2011.706371
155,12,1985.872073
155,13,1949.368565
155,14,1935.030182
156,6,3121.687220
156,7,2725.974984
156,8,2498.337917
156,9,2240.212060
156,10,2137.521988
156,11,2011.706371
156,12,1985.872073
156,13,1949.368565
156,14,1935.030182
157,6,3121.687220
157,7,2725.974984
157,8,2498.337917
157,9,2240.212060
157,10,2137.521988
157,11,2011.706371
157,12,1985.872073
157,13,1949.368565
157,14,1935.030182
158,6,3121.687220
158,7,2725.974984
158,8,2498.337917
158,9,2240.212060
158,10,2137.521988
158,11,2011.706371
158,12,1985.872073
158,13,1949.368565
158,14,1935.030182
159,6,3121.687220
159,7,2725.974984
159,8,2498.337917
159,9,2240.212060
159,10,2137.521988
159,11,2011.706371
159,12,1985.872073
159,13,1949.368565
159,14,1935.030182
160,6,3121.687220
160,7,2725.974984
160,8,2498.337917
160,9,2240.212060
160,10,2137.521988
160,11,2011.706371
160,12,1985.872073
160,13,1949.368565
160,14,1935.030182
161,6,3121.687220
161,7,2725.974984
161,8,2498.337917
161,9,2240.212060
161,10,2137.521988
161,11,2011.706371
161,12,1985.872073
161,13,1949.368565
161,14,1935.030182
162,6,3121.687220
162,7,2725.974984
162,8,2474.429108
162,9,2240.212060
162,10,2137.521988
162,11,2009.589176
162,12,1979.827452
162,13,1949.368565
162,14,1935.030182
163,6,3121.687220
163,7,2725.974984
163,8,2474.429108
163,9,2240.212060
163,10,2108.102974
163,11,2009.589176
163,12,1979.827452
163,13,1949.368565
163,14,1935.030182
164,6,3121.687220
164,7,2725.974984
164,8,2474.429108
164,9,2240.212060
164,10,2108.102974
164,11,2009.589176
164,12,1979.827452
164,13,1949.368565
164,14,1935.030182
165,6,3121.687220
165,7,2725.974984
165,8,2474.429108
165,9,2240.212060
165,10,2108.102974
165,11,2009.589176
165,12,1979.827452
165,13,1949.368565
165,14,1935.030182
166,6,3121.687220
166,7,2725.974984
166,8,2474.429108
166,9,2240.212060
166,10,2108.102974
166,11,2009.589176
166,12,1979.827452
166,13,1949.368565
166,14,1935.030182
167,6,3121.687220
167,7,2725.974984
167,8,2474.429108
167,9,2240.212060
167,10,2108.102974
167,11,2009.589176
167,12,1979.827452
167,13,1949.368565
167,14,1922.030456
168,6,3121.687220
168,7,2725.974984
168,8,2474.429108
168,9,2240.212060
168,10,2108.102974
168,11,2009.589176
168,12,1979.827452
168,13,1949.368565
168,14,1922.030456
169,6,3121.687220
169,7,2725.974984
169,8,2474.429108
169,9,2240.212060
169,10,2108.102974
169,11,2009.589176
169,12,1979.827452
169,13,1949.368565
169,14,1922.030456
170,6,3105.981856
170,7,2725.974984
170,8,2474.429108
170,9,2240.212060
170,10,2108.102974
170,11,2009.589176
170,12,1979.827452
170,13,1949.368565
170,14,1922.030456
171,6,3105.981856
171,7,2725.650047
171,8,2474.429108
171,9,2240.212060
171,10,2108.102974
171,11,2009.589176
171,12,1979.827452
171,13,1949.368565
171,14,1922.030456
172,6,3105.981856
172,7,2725.650047
172,8,2474.429108
172,9,2240.212060
172,10,2108.102974
172,11,1981.227380
172,12,1979.827452
172,13,1949.368565
172,14,1921.364810
173,6,3105.981856
173,7,2725.650047
173,8,2474.429108
173,9,2240.212060
173,10,2108.102974
173,11,1981.227380
173,12,1979.827452
173,13,1949.368565
173,14,1921.364810
174,6,3105.981856
174,7,2725.650047
174,8,2474.429108
174,9,2240.212060
174,10,2108.102974
174,11,1981.227380
174,12,1979.827452
174,13,1949.368565
174,14,1921.364810
175,6,3105.981856
175,7,2725.650047
175,8,2474.429108
175,9,2240.212060
175,10,2108.102974
175,11,1981.227380
175,12,1979.827452
175,13,1949.368565
175,14,1921.364810
176,6,3105.981856
176,7,2725.650047
176,8,2474.429108
176,9,2240.212060
176,10,2108.102974
176,11,1981.227380
176,12,1979.827452
176,13,1949.368565
176,14,1921.364810
177,6,3105.981856
177,7,2685.169286
177,8,2474.429108
177,9,2240.212060
177,10,2108.102974
177,11,1981.227380
177,12,1979.827452
177,13,1949.368565
177,14,1920.967943
178,6,3105.981856
178,7,2685.169286
178,8,2474.429108
178,9,2240.212060
178,10,2108.102974
178,11,1981.227380
178,12,1979.827452
178,13,1949.368565
178,14,1920.967943
179,6,3105.981856
179,7,2685.169286
179,8,2474.429108
179,9,2240.212060
179,10,2108.102974
179,11,1981.227380
179,12,1979.827452
179,13,1949.368565
179,14,1920.967943
180,6,3105.981856
180,7,2685.169286
180,8,2474.429108
180,9,2240.212060
180,10,2108.102974
180,11,1981.227380
180,12,1979.827452
180,13,1949.368565
180,14,1920.967943
181,6,3086.329088
181,7,2685.169286
181,8,2474.429108
181,9,2240.212060
181,10,2108.102974
181,11,1981.227380
181,12,1979.827452
181,13,1949.368565
181,14,1920.967943
182,6,3086.329088
182,7,2685.169286
182,8,2474.429108
182,9,2240.212060
182,10,2108.102974
182,11,1981.227380
182,12,1979.827452
182,13,1947.669195
182,14,1920.967943
183,6,3086.329088
183,7,2685.169286
183,8,2474.429108
183,9,2240.212060
183,10,2108.102974
183,11,1981.227380
183,12,1979.827452
183,13,1947.669195
183,14,1920.967943
184,6,3086.329088
184,7,2685.169286
184,8,2474.429108
184,9,2240.212060
184,10,2108.102974
184,11,1981.227380
184,12,1979.827452
184,13,1947.669195
184,14,1920.967943
185,6,3086.329088
185,7,2685.169286
185,8,2474.429108
185,9,2240.212060
185,10,2108.102974
185,11,1981.227380
185,12,1979.827452
185,13,1947.669195
185,14,1920.967943
186,6,3086.329088
186,7,2685.169286
186,8,2474.429108
186,9,2240.212060
186,10,2108.102974
186,11,1981.227380
186,12,1979.827452
186,13,1947.669195
186,14,1920.967943
187,6,3086.329088
187,7,2685.169286
187,8,2474.429108
187,9,2240.212060
187,10,2108.102974
187,11,1981.227380
187,12,1979.827452
187,13,1947.567713
187,14,1910.152043
188,6,3086.329088
188,7,2685.169286
188,8,2474.429108
188,9,2240.212060
188,10,2108.102974
188,11,1981.227380
188,12,1979.827452
188,13,1947.567713
188,14,1910.152043
189,6,3086.329088
189,7,2685.169286
189,8,2473.391840
189,9,2240.212060
189,10,2108.102974
189,11,1981.227380
189,12,1979.827452
189,13,1947.567713
189,14,1910.152043
190,6,3086.329088
190,7,2685.169286
190,8,2473.391840
190,9,2240.212060
190,10,2108.102974
190,11,1981.227380
190,12,1979.827452
190,13,1947.567713
190,14,1910.152043
191,6,3086.329088
191,7,2685.169286
191,8,2473.391840
191,9,2240.212060
191,10,2108.102974
191,11,1981.227380
191,12,1979.827452
191,13,1947.567713
191,14,1910.152043
192,6,3086.329088
192,7,2685.169286
192,8,2473.391840
192,9,2240.212060
192,10,2077.874961
192,11,1967.388833
192,13,1943.884957
192,14,1910.152043
193,6,3086.329088
193,7,2685.169286
193,8,2473.391840
193,9,2240.212060
193,10,2077.874961
193,11,1967.388833
193,13,1943.884957
193,14,1910.152043
194,6,3086.329088
194,7,2667.928242
194,8,2473.391840
194,9,2240.212060
194,10,2077.874961
194,11,1967.388833
194,12,1958.584022
194,13,1943.884957
194,14,1910.152043
195,6,3086.329088
195,7,2667.928242
195,8,2473.391840
195,9,2240.212060
195,10,2077.874961
195,11,1967.388833
195,12,1958.584022
195,13,1943.884957
195,14,1910.152043
196,6,3086.329088
196,7,2667.928242
196,8,2473.391840
196,9,2240.212060
196,10,2077.874961
196,11,1967.388833
196,12,1958.584022
196,13,1943.884957
196,14,1910.152043
197,6,3086.329088
197,7,2667.928242
197,8,2473.391840
197,9,2240.212060
197,10,2068.378860
197,11,1967.388833
197,12,1958.584022
197,13,1943.884957
197,14,1910.152043
198,6,3086.329088
198,7,2667.928242
198,8,2473.391840
198,9,2240.212060
198,10,2068.378860
198,11,1967.388833
198,12,1958.584022
198,13,1943.884957
198,14,1910.152043
199,6,3086.329088
199,7,2667.928242
199,8,2473.391840
199,9,2240.212060
199,10,2068.378860
199,11,1967.388833
199,12,1958.584022
199,13,1943.884957
199,14,1910.152043
200,6,3086.329088
200,7,2667.928242
200,8,2473.391840
200,9,2240.212060
200,10,2068.378860
200,11,1967.388833
200,12,1958.584022
200,13,1943.884957
200,14,1910.152043
201,6,3086.329088
201,7,2667.928242
201,8,2473.391840
201,9,2240.212060
201,10,2068.378860
201,11,1967.388833
201,12,1958.584022
201,13,1943.884957
201,14,1910.152043
202,6,3086.329088
202,7,2653.109489
202,8,2473.391840
202,9,2240.212060
202,10,2068.378860
202,11,1967.388833
202,12,1958.584022
202,13,1943.884957
202,14,1910.152043
203,6,3086.329088
203,7,2653.109489
203,8,2473.391840
203,9,2240.212060
203,10,2068.378860
203,11,1967.388833
203,12,1958.584022
203,13,1943.884957
203,14,1910.152043
204,6,3086.329088
204,7,2653.109489
204,8,2473.391840
204,9,2240.212060
204,10,2068.378860
204,11,1967.388833
204,12,1958.584022
204,13,1943.884957
204,14,1910.152043
205,6,3086.329088
205,7,2653.109489
205,8,2473.391840
205,9,2240.212060
205,10,2068.378860
205,11,1967.388833
205,12,1958.584022
205,13,1943.884957
205,14,1910.152043
206,6,3086.329088
206,7,2653.109489
206,8,2473.391840
206,9,2240.212060
206,10,2068.378860
206,11,1967.388833
206,12,1958.584022
206,13,1943.884957
206,14,1910.152043
207,6,3086.329088
207,7,2653.109489
207,8,2473.391840
207,9,2240.212060
207,10,2065.898516
207,11,1967.388833
207,12,1954.577956
207,13,1941.242629
207,14,1908.353585
208,6,3083.663994
208,7,2653.109489
208,8,2473.391840
208,9,2240.212060
208,10,2065.898516
208,11,1967.388833
208,12,1954.577956
208,13,1941.242629
208,14,1908.353585
209,6,3083.663994
209,7,2653.109489
209,8,2473.391840
209,9,2240.212060
209,10,2065.898516
209,11,1967.388833
209,12,1954.577956
209,13,1941.242629
209,14,1908.353585
210,6,3083.663994
210,7,2653.109489
210,8,2462.051265
210,9,2240.212060
210,10,2065.898516
210,11,1967.388833
210,12,1954.577956
210,13,1941.242629
210,14,1908.353585
211,6,3083.663994
211,7,2653.109489
211,8,2462.051265
211,9,2240.212060
211,10,2065.898516
211,11,1967.388833
211,12,1954.577956
211,13,1941.242629
211,14,1908.353585
212,6,3069.224517
212,7,2653.109489
212,8,2462.051265
212,9,2240.212060
212,10,2065.898516
212,11,1967.155572
212,12,1954.577956
212,13,1941.242629
212,14,1908.353585
213,6,3069.224517
213,7,2653.109489
213,8,2457.156203
213,9,2240.212060
213,10,2065.898516
213,11,1967.155572
213,12,1954.577956
213,13,1941.242629
213,14,1908.353585
214,6,3069.224517
214,7,2653.109489
214,8,2457.156203
214,9,2240.212060
214,10,2065.898516
214,11,1967.155572
214,12,1954.577956
214,13,1941.242629
214,14,1908.353585
215,6,3069.224517
215,7,2653.109489
215,8,2457.156203
215,9,2240.212060
215,10,2065.898516
215,11,1967.155572
215,12,1954.577956
215,13,1941.242629
215,14,1908.353585
216,6,3069.224517
216,7,2653.109489
216,8,2457.156203
216,9,2240.212060
216,10,2065.898516
216,11,1967.155572
216,12,1954.577956
216,13,1941.242629
216,14,1908.353585
217,6,3039.574539
217,7,2653.109489
217,8,2457.156203
217,9,2240.212060
217,10,2065.898516
217,11,1967.155572
217,12,1954.577956
217,13,1941.242629
217,14,1907.103707
218,6,3039.574539
218,7,2653.109489
218,8,2457.156203
218,9,2240.212060
218,10,2065.898516
218,11,1967.155572
218,12,1954.577956
218,13,1941.242629
218,14,1907.103707
219,6,3039.574539
219,7,2653.109489
219,8,2457.156203
219,9,2240.212060
219,10,2065.898516
219,11,1967.155572
219,12,1954.577956
219,13,1941.242629
219,14,1907.103707
220,6,3039.574539
220,7,2653.109489
220,8,2457.156203
220,9,2240.212060
220,10,2065.898516
220,11,1967.155572
220,12,1954.577956
220,13,1941.242629
220,14,1907.103707
221,6,3039.574539
221,7,2653.109489
221,8,2456.377531
221,9,2240.212060
221,10,2065.898516
221,11,1967.155572
221,12,1954.577956
221,13,1941.242629
221,14,1907.103707
222,6,3039.574539
222,7,2653.109489
222,8,2456.377531
222,9,2240.212060
222,10,2065.898516
222,11,1967.155572
222,12,1947.102885
222,13,1933.694227
222,14,1907.103707
223,6,3039.574539
223,7,2653.109489
223,8,2456.377531
223,9,2239.031637
223,10,2065.898516
223,11,1967.155572
223,12,1947.102885
223,13,1933.694227
223,14,1907.103707
224,6,3039.574539
224,7,2653.109489
224,8,2456.377531
224,9,2239.031637
224,10,2065.898516
224,11,1967.155572
224,12,1947.102885
224,13,1933.694227
224,14,1907.103707
225,6,3039.574539
225,7,2653.109489
225,8,2456.377531
225,9,2239.031637
225,10,2065.898516
225,11,1967.155572
225,12,1947.102885
225,13,1933.694227
225,14,1907.103707
226,6,3038.055334
226,7,2653.109489
226,8,2456.377531
226,9,2239.031637
226,10,2065.898516
226,11,1967.155572
226,12,1947.102885
226,13,1933.694227
226,14,1907.103707
227,6,3038.055334
227,7,2653.109489
227,8,2456.377531
227,9,2239.031637
227,10,2057.063826
227,11,1965.493695
227,12,1939.694758
227,13,1933.473443
227,14,1907.103707
228,6,3038.055334
228,7,2653.109489
228,8,2456.377531
228,9,2239.031637
228,10,2057.063826
228,11,1965.493695
228,12,1939.694758
228,13,1933.473443
228,14,1907.103707
229,6,3038.055334
229,7,2653.109489
229,8,2456.377531
229,9,2239.031637
229,10,2057.063826
229,11,1965.493695
229,12,1939.694758
229,13,1933.473443
229,14,1907.103707
230,6,3015.900996
230,7,2653.109489
230,8,2456.377531
230,9,2239.031637
230,10,2057.063826
230,11,1965.493695
230,12,1939.694758
230,13,1933.473443
230,14,1907.103707
231,6,3015.900996
231,7,2653.109489
231,8,2456.377531
231,9,2239.031637
231,10,2057.063826
231,11,1965.493695
231,12,1939.694758
231,13,1933.473443
231,14,1907.103707
232,6,3015.900996
232,7,2653.109489
232,8,2456.377531
232,9,2187.567636
232,10,2057.063826
232,11,1965.493695
232,12,1939.694758
232,13,1932.655625
232,14,1907.103707
233,6,3015.900996
233,7,2653.109489
233,8,2456.377531
233,9,2187.567636
233,10,2057.063826
233,11,1965.493695
233,12,1939.694758
233,13,1932.655625
233,14,1907.103707
234,6,3015.900996
234,7,2653.109489
234,8,2456.377531
234,9,2187.567636
234,10,2057.063826
234,11,1965.493695
234,12,1939.694758
234,13,1932.655625
234,14,1907.103707
235,6,3015.900996
235,7,2653.109489
235,8,2456.377531
235,9,2187.567636
235,10,2057.063826
235,11,1965.493695
235,12,1939.694758
235,13,1932.655625
235,14,1907.103707
236,6,3015.900996
236,7,2653.109489
236,8,2456.377531
236,9,2187.567636
236,10,2057.063826
236,11,1965.493695
236,12,1939.694758
236,13,1932.655625
236,14,1907.103707
237,6,3015.900996
237,7,2653.109489
237,8,2456.377531
237,9,2187.567636
237,10,2050.282179
237,11,1965.493695
237,12,1939.694758
237,13,1927.430154
237,14,1907.103707
238,6,2963.337909
238,7,2653.109489
238,8,2456.377531
238,9,2187.567636
238,10,2050.282179
238,11,1965.493695
238,12,1939.694758
238,13,1927.430154
238,14,1907.103707
239,6,2963.337909
239,7,2653.109489
239,8,2456.377531
239,9,2187.567636
239,10,2050.282179
239,11,1965.493695
239,12,1939.694758
239,13,1927.430154
239,14,1907.103707
240,6,2963.337909
240,7,2653.109489
240,8,2456.377531
240,9,2187.567636
240,10,2050.282179
240,11,1965.493695
240,12,1939.694758
240,13,1927.430154
240,14,1907.103707
241,6,2963.337909
241,7,2653.109489
241,8,2456.377531
241,9,2187.567636
241,10,2050.282179
241,11,1965.493695
241,12,1939.694758
241,13,1927.430154
241,14,1907.103707
242,6,2963.337909
242,7,2653.109489
242,8,2456.377531
242,9,2187.567636
242,10,2050.282179
242,11,1965.493695
242,12,1939.694758
242,13,1924.235173
242,14,1907.103707
243,6,2963.337909
243,7,2653.109489
243,8,2456.377531
243,9,2187.567636
243,10,2050.282179
243,11,1965.493695
243,12,1939.694758
243,13,1924.235173
243,14,1907.103707
244,6,2963.337909
244,7,2653.109489
244,8,2456.377531
244,9,2187.567636
244,10,2050.282179
244,11,1965.493695
244,12,1939.694758
244,13,1924.235173
244,14,1907.103707
245,6,2963.337909
245,7,2653.109489
245,8,2456.377531
245,9,2187.567636
245,10,2050.282179
245,11,1965.493695
245,12,1939.694758
245,13,1924.235173
245,14,1907.103707
246,6,2948.309804
246,7,2653.109489
246,8,2448.267748
246,9,2187.567636
246,10,2050.282179
246,11,1965.493695
246,12,1939.694758
246,13,1924.235173
246,14,1907.103707
247,6,2948.309804
247,7,2653.109489
247,8,2448.267748
247,9,2187.567636
247,10,2050.282179
247,11,1965.493695
247,12,1939.694758
247,13,1924.235173
247,14,1907.103707
248,6,2948.309804
248,7,2653.109489
248,8,2448.267748
248,9,2187.567636
248,10,2050.282179
248,11,1965.493695
248,12,1939.694758
248,13,1924.235173
248,14,1907.103707
249,6,2948.309804
249,7,2653.109489
249,8,2448.267748
249,9,2187.567636
249,10,2050.282179
249,11,1965.493695
249,12,1939.694758
249,13,1924.235173
249,14,1907.103707
250,6,2948.309804
250,7,2653.109489
250,8,2448.267748
250,9,2187.567636
250,10,2050.282179
250,11,1965.493695
250,12,1939.694758
250,13,1924.235173
250,14,1907.103707
251,6,2948.309804
251,7,2653.109489
251,8,2448.267748
251,9,2187.567636
251,10,2050.282179
251,11,1965.493695
251,12,1939.694758
251,13,1924.235173
251,14,1907.103707
252,6,2948.309804
252,7,2653.109489
252,8,2448.267748
252,9,2187.567636
252,10,2050.282179
252,11,1965.493695
252,12,1939.071184
252,13,1921.624553
252,14,1907.103707
253,6,2948.309804
253,7,2653.109489
253,8,2448.267748
253,9,2187.567636
253,10,2050.282179
253,11,1965.493695
253,12,1939.071184
253,13,1921.624553
253,14,1907.103707
254,6,2948.309804
254,7,2653.109489
254,8,2448.267748
254,9,2187.567636
254,10,2050.282179
254,11,1965.493695
254,12,1939.071184
254,13,1921.624553
254,14,1907.103707
255,6,2948.309804
255,7,2653.109489
255,8,2448.267748
255,9,2187.567636
255,10,2050.282179
255,11,1957.256275
255,12,1939.071184
255,13,1921.624553
255,14,1907.103707
256,6,2948.309804
256,7,2653.109489
256,8,2448.267748
256,9,2187.567636
256,10,2012.000991
256,11,1957.256275
256,12,1939.071184
256,13,1921.624553
256,14,1907.103707
257,6,2948.309804
257,7,2653.109489
257,8,2448.267748
257,9,2187.567636
257,10,2012.000991
257,11,1957.256275
257,12,1938.203576
257,13,1920.702312
257,14,1907.103707
258,6,2948.309804
258,7,2653.109489
258,8,2448.267748
258,9,2187.567636
258,10,2012.000991
258,11,1957.256275
258,12,1938.203576
258,13,1920.702312
258,14,1907.103707
259,6,2948.309804
259,7,2653.109489
259,8,2448.267748
259,9,2187.567636
259,10,2012.000991
259,11,1957.256275
259,12,1938.203576
259,13,1920.702312
259,14,1907.103707
260,6,2948.309804
260,7,2653.109489
260,8,2448.267748
260,9,2187.567636
260,10,2012.000991
260,11,1957.256275
260,12,1938.203576
260,13,1920.702312
260,14,1907.103707
261,6,2948.309804
261,7,2653.109489
261,8,2448.267748
261,9,2187.567636
261,10,2012.000991
261,11,1957.256275
261,12,1938.203576
261,13,1920.702312
261,14,1907.103707
262,6,2920.326157
262,7,2653.109489
262,8,2448.267748
262,9,2187.567636
262,10,2012.000991
262,11,1957.256275
262,12,1932.743390
262,13,1907.083789
262,14,1906.333895
263,6,2920.326157
263,7,2653.109489
263,8,2448.267748
263,9,2187.567636
263,10,2012.000991
263,11,1957.256275
263,12,1932.743390
263,13,1907.083789
263,14,1906.333895
264,6,2920.326157
264,7,2653.109489
264,8,2448.267748
264,9,2187.567636
264,10,2012.000991
264,11,1957.256275
264,12,1932.743390
264,13,1907.083789
264,14,1906.333895
265,6,2920.326157
265,7,2653.109489
265,8,2448.267748
265,9,2187.567636
265,10,2012.000991
265,11,1957.256275
265,12,1932.743390
265,13,1907.083789
265,14,1906.333895
266,6,2920.326157
266,7,2653.109489
266,8,2448.267748
266,9,2187.567636
266,10,2012.000991
266,11,1957.256275
266,12,1932.743390
266,13,1907.083789
266,14,1906.333895
267,6,2920.326157
267,7,2653.109489
267,8,2448.267748
267,9,2152.367893
267,10,2010.205785
267,11,1945.242258
267,12,1932.743390
267,13,1907.083789
267,14,1906.333895
268,6,2920.326157
268,7,2653.109489
268,8,2448.267748
268,9,2152.367893
268,10,2010.205785
268,11,1945.242258
268,12,1932.743390
268,13,1907.083789
268,14,1906.333895
269,6,2920.326157
269,7,2653.109489
269,8,2448.267748
269,9,2152.367893
269,10,2010.205785
269,11,1945.242258
269,12,1932.743390
269,13,1907.083789
269,14,1906.333895
270,6,2920.326157
270,7,2653.109489
270,8,2448.267748
270,9,2152.367893
270,10,2010.205785
270,11,1945.242258
270,12,1932.743390
270,13,1907.083789
270,14,1906.333895
271,6,2920.326157
271,7,2653.109489
271,8,2448.267748
271,9,2152.367893
271,10,2010.205785
271,11,1945.242258
271,12,1932.743390
271,13,1907.083789
271,14,1906.333895
272,6,2920.326157
272,7,2640.644489
272,8,2416.308434
272,9,2152.367893
272,10,2004.978670
272,11,1945.242258
272,12,1932.743390
272,13,1907.083789
272,14,1906.333895
273,6,2920.326157
273,7,2640.644489
273,8,2416.308434
273,9,2152.367893
273,10,2004.978670
273,11,1945.242258
273,12,1932.743390
273,13,1907.083789
273,14,1906.333895
274,6,2920.326157
274,7,2640.644489
274,8,2416.308434
274,9,2152.367893
274,10,2004.978670
274,11,1945.242258
274,12,1932.743390
274,13,1907.083789
274,14,1906.333895
275,6,2920.326157
275,7,2640.644489
275,8,2416.308434
275,9,2152.367893
275,10,2004.978670
275,11,1945.242258
275,12,1932.743390
275,13,1907.083789
275,14,1906.333895
276,6,2920.326157
276,7,2640.644489
276,8,2416.308434
276,9,2152.367893
276,10,2004.978670
276,11,1945.242258
276,12,1932.743390
276,13,1907.083789
276,14,1906.333895
277,6,2920.326157
277,7,2640.644489
277,8,2416.308434
277,9,2152.367893
277,10,2004.978670
277,11,1945.242258
277,12,1932.743390
277,13,1907.083789
277,14,1896.583826
278,6,2920.326157
278,7,2640.644489
278,8,2416.308434
278,9,2152.367893
278,10,2004.978670
278,11,1945.242258
278,12,1932.743390
278,13,1907.083789
278,14,1896.583826
279,6,2920.326157
279,7,2640.644489
279,8,2416.308434
279,9,2152.367893
279,10,2004.978670
279,11,1945.242258
279,12,1932.743390
279,13,1907.083789
279,14,1896.583826
280,6,2920.326157
280,7,2640.644489
280,8,2416.308434
280,9,2152.367893
280,10,2004.978670
280,11,1945.242258
280,12,1932.743390
280,13,1907.083789
280,14,1896.583826
281,6,2920.326157
281,7,2640.644489
281,8,2416.308434
281,9,2152.367893
281,10,2004.978670
281,11,1945.242258
281,12,1932.743390
281,13,1907.083789
281,14,1896.583826
282,6,2920.326157
282,7,2640.644489
282,8,2416.308434
282,9,2152.367893
282,10,2004.978670
282,11,1940.154081
282,12,1932.743390
282,13,1888.045146
283,6,2920.326157
283,7,2640.644489
283,8,2416.308434
283,9,2152.367893
283,10,2004.978670
283,11,1940.154081
283,12,1932.743390
283,13,1888.045146
284,6,2920.326157
284,7,2640.644489
284,8,2416.308434
284,9,2152.367893
284,10,2004.978670
284,11,1940.154081
284,12,1932.743390
284,13,1888.045146
285,6,2897.819723
285,7,2640.644489
285,8,2416.308434
285,9,2152.367893
285,10,2004.978670
285,11,1940.154081
285,12,1932.743390
285,13,1888.045146
286,6,2897.819723
286,7,2640.644489
286,8,2416.308434
286,9,2152.367893
286,10,2004.978670
286,11,1940.154081
286,12,1932.743390
286,13,1888.045146
287,6,2897.819723
287,7,2640.644489
287,8,2416.308434
287,9,2152.367893
287,10,2004.978670
287,11,1940.154081
287,12,1932.743390
287,13,1886.147046
288,6,2897.819723
288,7,2640.644489
288,8,2416.308434
288,9,2152.367893
288,10,2004.978670
288,11,1940.154081
288,12,1932.743390
288,13,1886.147046
289,6,2897.819723
289,7,2640.644489
289,8,2416.308434
289,9,2152.367893
289,10,2004.978670
289,11,1940.154081
289,12,1932.743390
289,13,1886.147046
290,6,2897.819723
290,7,2640.644489
290,8,2416.308434
290,9,2152.367893
290,10,2004.978670
290,11,1940.154081
290,12,1932.743390
290,13,1886.147046
291,6,2897.819723
291,7,2640.644489
291,8,2416.308434
291,9,2152.367893
291,10,2004.978670
291,11,1940.154081
291,12,1932.743390
291,13,1886.147046
292,6,2897.819723
292,7,2640.644489
292,8,2416.308434
292,9,2152.367893
292,10,1997.649015
292,11,1930.045025
292,13,1886.147046
293,6,2897.819723
293,7,2640.644489
293,8,2416.308434
293,9,2152.367893
293,10,1997.649015
293,11,1930.045025
293,13,1886.147046
294,6,2897.819723
294,7,2640.644489
294,8,2416.308434
294,9,2152.367893
294,10,1997.649015
294,11,1930.045025
294,13,1886.147046
295,6,2897.819723
295,7,2640.644489
295,8,2416.308434
295,9,2152.367893
295,10,1997.649015
295,11,1930.045025
295,13,1886.147046
296,6,2897.819723
296,7,2640.644489
296,8,2416.308434
296,9,2152.367893
296,10,1997.649015
296,11,1930.045025
296,13,1886.147046
297,6,2897.819723
297,7,2640.644489
297,8,2406.960440
297,9,2152.367893
297,10,1997.649015
297,11,1928.443636
297,13,1886.147046
298,6,2894.236128
298,7,2640.644489
298,8,2406.960440
298,9,2152.367893
298,10,1997.649015
298,11,1928.443636
298,13,1886.147046
299,6,2894.236128
299,7,2640.644489
299,8,2406.960440
299,9,2152.367893
299,10,1997.649015
299,11,1928.443636
299,13,1886.147046
300,6,2894.236128
300,7,2640.644489
300,8,2406.960440
300,9,2152.367893
300,10,1997.649015
300,11,1928.443636
300,13,1886.147046
301,6,2894.236128
301,7,2640.644489
301,8,2406.960440
301,9,2152.367893
301,10,1997.649015
301,11,1928.443636
301,13,1886.147046
302,6,2894.236128
302,7,2640.644489
302,8,2395.313782
302,9,2143.525038
302,10,1997.649015
302,11,1928.443636
302,13,1886.147046
303,6,2894.236128
303,7,2640.644489
303,8,2395.313782
303,9,2143.525038
303,10,1997.649015
303,11,1928.443636
303,13,1886.147046
304,6,2894.236128
304,7,2640.644489
304,8,2395.313782
304,9,2143.525038
304,10,1997.649015
304,11,1928.443636
304,13,1886.147046
305,6,2894.236128
305,7,2640.644489
305,8,2395.313782
305,9,2143.525038
305,10,1997.649015
305,11,1928.443636
305,13,1886.147046
306,6,2894.236128
306,7,2640.644489
306,8,2395.313782
306,9,2143.525038
306,10,1997.649015
306,11,1928.443636
306,13,1886.147046
307,6,2894.236128
307,7,2640.644489
307,8,2395.313782
307,9,2143.525038
307,10,1997.649015
307,11,1928.443636
307,13,1886.147046
308,6,2894.236128
308,7,2640.644489
308,8,2395.313782
308,9,2143.525038
308,10,1997.649015
308,11,1928.443636
308,13,1886.147046
309,6,2894.236128
309,7,2640.644489
309,8,2395.313782
309,9,2143.525038
309,10,1997.649015
309,11,1928.443636
309,13,1886.147046
310,6,2894.236128
310,7,2640.644489
310,8,2395.313782
310,9,2143.525038
310,10,1997.649015
310,11,1928.443636
310,13,1886.147046
311,6,2894.236128
311,7,2640.644489
311,8,2395.313782
311,9,2143.525038
311,10,1997.649015
311,11,1928.443636
311,13,1886.147046
312,6,2894.236128
312,7,2640.644489
312,8,2395.313782
312,9,2143.525038
312,10,1997.649015
312,11,1927.027774
312,12,1886.016355
313,6,2894.236128
313,7,2640.644489
313,8,2395.313782
313,9,2143.525038
313,10,1997.649015
313,11,1927.027774
313,12,1886.016355
314,6,2894.236128
314,7,2640.644489
314,8,2395.313782
314,9,2143.525038
314,10,1997.649015
314,11,1927.027774
314,12,1886.016355
315,6,2894.236128
315,7,2640.644489
315,8,2395.313782
315,9,2143.525038
315,10,1997.649015
315,11,1927.027774
315,12,1886.016355
316,6,2894.236128
316,7,2640.644489
316,8,2395.313782
316,9,2143.525038
316,10,1997.649015
316,11,1927.027774
316,12,1886.016355
317,6,2882.288960
317,7,2640.644489
317,8,2395.313782
317,9,2143.525038
317,10,1991.926690
317,11,1927.027774
317,12,1883.159516
318,6,2882.288960
318,7,2640.644489
318,8,2395.313782
318,9,2143.525038
318,10,1991.926690
318,11,1927.027774
318,12,1883.159516
319,6,2879.518677
319,7,2615.131754
319,8,2395.313782
319,9,2143.525038
319,10,1991.926690
319,11,1927.027774
319,12,1883.159516
320,6,2879.518677
320,7,2615.131754
320,8,2395.313782
320,9,2143.525038
320,10,1991.926690
320,11,1927.027774
320,12,1883.159516
321,6,2879.518677
321,7,2615.131754
321,8,2395.313782
321,9,2143.525038
321,10,1991.926690
321,11,1927.027774
321,12,1883.159516
322,6,2879.518677
322,7,2615.131754
322,8,2395.313782
322,9,2143.525038
322,10,1989.462554
322,11,1924.858450
322,12,1883.159516
323,6,2879.518677
323,7,2615.131754
323,8,2395.313782
323,9,2143.525038
323,10,1989.462554
323,11,1924.858450
323,12,1883.159516
324,6,2879.518677
324,7,2615.131754
324,8,2395.313782
324,9,2143.525038
324,10,1989.462554
324,11,1924.858450
324,12,1883.159516
325,6,2879.518677
325,7,2615.131754
325,8,2395.313782
325,9,2143.525038
325,10,1989.462554
325,11,1924.858450
325,12,1883.159516
326,6,2879.518677
326,7,2615.131754
326,8,2395.313782
326,9,2143.525038
326,10,1989.462554
326,11,1924.858450
326,12,1883.159516
327,6,2879.518677
327,7,2615.131754
327,8,2395.313782
327,9,2143.525038
327,10,1989.462554
327,11,1924.858450
327,12,1883.159516
328,6,2879.518677
328,7,2615.131754
328,8,2395.313782
328,9,2143.525038
328,10,1989.462554
328,11,1924.858450
328,12,1883.159516
