Iteration,NV,TOC
1,13,18766.123753
1,14,13833.771157
1,15,11961.843545
1,16,10136.957156
1,18,8199.029135
1,22,8014.258894
1,24,7633.933114
1,25,7455.953737
1,26,7022.046527
1,30,6158.271740
1,36,6105.081864
1,37,5531.240586
1,42,5494.059033
1,73,5464.338178
2,13,18766.123753
2,14,12604.378315
2,15,11961.843545
2,16,10136.957156
2,18,8199.029135
2,22,8014.258894
2,24,7633.933114
2,25,7455.953737
2,26,7022.046527
2,30,6158.271740
2,36,6105.081864
2,37,5531.240586
2,42,5494.059033
2,73,5464.338178
3,13,18766.123753
3,14,12604.378315
3,15,11961.843545
3,16,10136.957156
3,18,8199.029135
3,22,8014.258894
3,24,7633.933114
3,25,7455.953737
3,26,7022.046527
3,30,6158.271740
3,36,6105.081864
3,37,5531.240586
3,42,5494.059033
3,73,5464.338178
4,13,18766.123753
4,14,12604.378315
4,15,11961.843545
4,16,10136.957156
4,18,8199.029135
4,22,8014.258894
4,24,7633.933114
4,25,7455.953737
4,26,7022.046527
4,30,6158.271740
4,36,6105.081864
4,37,5531.240586
4,42,5494.059033
4,73,5464.338178
5,12,20116.337096
5,13,18766.123753
5,14,12604.378315
5,15,11961.843545
5,16,10136.957156
5,18,8199.029135
5,22,8014.258894
5,24,6711.080382
5,30,6158.271740
5,36,6105.081864
5,37,5531.240586
5,42,5494.059033
5,73,5464.338178
6,12,20116.337096
6,13,17369.735561
6,14,11872.785756
6,16,10136.957156
6,18,8199.029135
6,22,6917.443375
6,24,6711.080382
6,30,6158.271740
6,36,5424.746285
6,37,5402.221946
7,12,20116.337096
7,13,17369.735561
7,14,11872.785756
7,16,10136.957156
7,18,7671.384993
7,22,6917.443375
7,24,6711.080382
7,30,6158.271740
7,36,5424.746285
7,37,5402.221946
8,12,20116.337096
8,13,17252.624543
8,14,11872.785756
8,16,10136.957156
8,18,7671.384993
8,21,7132.738849
8,22,6917.443375
8,24,6711.080382
8,27,6571.820881
8,30,6158.271740
8,33,5950.591256
8,36,5424.746285
8,37,5402.221946
9,11,24666.872518
9,12,20116.337096
9,13,17252.624543
9,14,11872.785756
9,16,10136.957156
9,18,7671.384993
9,21,7132.738849
9,22,6917.443375
9,24,6711.080382
9,27,6571.820881
9,30,6158.271740
9,33,5950.591256
9,36,5424.746285
9,37,5402.221946
10,11,24666.872518
10,12,19256.015389
10,13,14946.106692
10,14,11872.785756
10,15,11816.728123
10,16,10136.957156
10,17,9510.658018
10,18,7671.384993
10,21,7132.738849
10,22,6917.443375
10,24,6520.993513
10,30,6158.271740
10,33,5630.445921
10,36,5424.746285
10,37,5402.221946
11,11,24666.872518
11,12,19256.015389
11,13,14946.106692
11,14,11872.785756
11,15,11373.390440
11,16,10136.957156
11,17,9510.658018
11,18,7671.384993
11,21,7132.738849
11,22,6917.443375
11,24,6506.502209
11,28,6118.759587
11,33,5630.445921
11,36,5424.746285
11,37,5402.221946
12,11,24666.872518
12,12,15963.707231
12,13,14946.106692
12,14,11872.785756
12,15,11373.390440
12,16,10136.957156
12,17,9510.658018
12,18,7671.384993
12,21,7132.738849
12,22,6917.443375
12,24,6506.502209
12,28,6118.759587
12,33,5630.445921
12,36,5424.746285
12,37,5402.221946
13,11,24666.872518
13,12,15963.707231
13,13,14034.936494
13,14,11872.785756
13,15,11373.390440
13,16,10136.957156
13,17,9510.658018
13,18,7671.384993
13,21,7132.738849
13,22,6917.443375
13,24,6506.502209
13,27,5920.283274
13,33,5630.445921
13,36,5424.746285
13,37,5402.221946
14,11,24666.872518
14,12,15963.707231
14,13,13951.000236
14,14,11872.785756
14,15,11373.390440
14,16,10136.957156
14,17,9510.658018
14,18,7671.384993
14,21,7132.738849
14,22,6917.443375
14,24,6506.502209
14,25,6459.691104
14,27,5920.283274
14,33,5630.445921
14,36,5424.746285
14,37,5402.221946
15,11,24666.872518
15,12,15963.707231
15,13,13951.000236
15,14,11872.785756
15,15,11373.390440
15,16,10136.957156
15,17,9471.095331
15,18,7671.384993
15,21,7132.738849
15,22,6917.443375
15,23,6510.374257
15,24,6506.502209
15,25,6459.691104
15,27,5920.283274
15,33,5630.445921
15,36,5424.746285
15,37,5402.221946
16,11,24666.872518
16,12,15963.707231
16,13,13951.000236
16,14,11872.785756
16,15,11373.390440
16,16,10136.957156
16,17,9113.962372
16,18,7671.384993
16,21,7132.738849
16,22,6670.503277
16,23,6510.374257
16,24,6506.502209
16,25,6459.691104
16,27,5920.283274
16,32,5675.592976
16,33,5630.445921
16,36,5424.746285
16,37,5402.221946
17,11,24666.872518
17,12,15963.707231
17,13,13393.059220
17,14,11872.785756
17,15,11373.390440
17,16,10136.957156
17,17,9113.962372
17,18,7671.384993
17,21,7132.738849
17,22,6670.503277
17,23,6510.374257
17,24,6364.470064
17,27,5920.283274
17,32,5675.592976
17,33,5630.445921
17,36,5424.746285
17,37,5402.221946
18,11,24666.872518
18,12,15963.707231
18,13,13393.059220
18,14,11872.785756
18,15,11373.390440
18,16,10136.957156
18,17,9113.962372
18,18,7671.384993
18,21,6796.432768
18,22,6670.503277
18,23,6510.374257
18,24,6364.470064
18,27,5920.283274
18,32,5675.592976
18,33,5630.445921
18,36,5424.746285
18,37,5402.221946
19,11,24666.872518
19,12,15963.707231
19,13,13393.059220
19,14,11872.785756
19,15,11373.390440
19,16,10136.957156
19,17,9113.962372
19,18,7671.384993
19,21,6796.432768
19,22,6670.503277
19,23,6233.953805
19,27,5920.283274
19,32,5675.592976
19,33,5630.445921
19,36,5424.746285
19,37,5402.221946
20,11,24666.872518
20,12,15606.974424
20,13,13393.059220
20,14,11872.785756
20,15,11373.390440
20,16,9074.117611
20,18,7671.384993
20,20,7455.755548
20,21,6796.432768
20,22,6670.503277
20,23,6233.953805
20,27,5920.283274
20,30,5835.907800
20,32,5675.592976
20,33,5630.445921
20,36,5424.746285
20,37,5402.221946
21,11,24666.872518
21,12,15606.974424
21,13,13393.059220
21,14,11872.785756
21,15,11283.597029
21,16,9074.117611
21,18,7671.384993
21,20,7455.755548
21,21,6796.432768
21,22,6670.503277
21,23,6233.953805
21,26,6094.417273
21,27,5920.283274
21,30,5835.907800
21,32,5675.592976
21,33,5630.445921
21,36,5424.746285
21,37,5402.221946
22,11,24666.872518
22,12,15606.974424
22,13,12695.774569
22,14,11872.785756
22,15,11283.597029
22,16,9074.117611
22,18,7671.384993
22,20,7455.755548
22,21,6796.432768
22,22,6670.503277
22,23,6233.953805
22,26,6094.417273
22,27,5920.283274
22,28,5906.162704
22,30,5835.907800
22,31,5800.661788
22,32,5675.592976
22,33,5630.445921
22,36,5424.746285
22,37,5402.221946
23,11,24666.872518
23,12,15606.974424
23,13,12695.774569
23,14,11872.785756
23,15,11283.597029
23,16,9074.117611
23,18,7671.384993
23,20,7455.755548
23,21,6796.432768
23,22,6670.503277
23,23,6233.953805
23,26,6094.417273
23,27,5920.283274
23,28,5906.162704
23,30,5835.907800
23,31,5800.661788
23,32,5675.592976
23,33,5630.445921
23,34,5565.433356
23,36,5424.746285
23,37,5402.221946
24,11,24666.872518
24,12,15606.974424
24,13,12695.774569
24,14,11872.785756
24,15,11283.597029
24,16,9074.117611
24,17,8662.056305
24,18,7671.384993
24,20,7455.755548
24,21,6796.432768
24,22,6670.503277
24,23,6233.953805
24,26,6094.417273
24,27,5920.283274
24,28,5906.162704
24,30,5835.907800
24,31,5800.661788
24,32,5675.592976
24,33,5630.445921
24,34,5565.433356
24,36,5424.746285
24,37,5402.221946
25,11,24666.872518
25,12,15606.974424
25,13,12695.774569
25,14,11872.785756
25,15,10873.436523
25,16,9074.117611
25,17,8662.056305
25,18,7671.384993
25,20,7455.755548
25,21,6796.432768
25,22,6670.503277
25,23,6233.953805
25,26,6094.417273
25,27,5920.283274
25,28,5906.162704
25,30,5835.907800
25,31,5800.661788
25,32,5675.592976
25,33,5630.445921
25,34,5565.433356
25,36,5424.746285
25,37,5402.221946
26,11,24666.872518
26,12,14909.409247
26,13,12695.774569
26,14,11872.785756
26,15,10873.436523
26,16,9074.117611
26,17,8662.056305
26,18,7671.384993
26,20,7455.755548
26,21,6796.432768
26,22,6437.004818
26,23,6233.953805
26,26,6094.417273
26,27,5920.283274
26,28,5906.162704
26,30,5835.907800
26,31,5800.661788
26,32,5675.592976
26,33,5630.445921
26,34,5565.433356
26,36,5424.746285
26,37,5402.221946
27,11,24666.872518
27,12,14762.547289
27,13,12695.774569
27,14,11872.785756
27,15,10873.436523
27,16,9074.117611
27,17,8662.056305
27,18,7671.384993
27,20,7455.755548
27,21,6796.432768
27,22,6437.004818
27,23,6233.953805
27,25,6052.070225
27,27,5920.283274
27,28,5906.162704
27,30,5835.907800
27,31,5800.661788
27,32,5675.592976
27,33,5630.445921
27,34,5565.433356
27,36,5424.746285
27,37,5402.221946
28,11,24666.872518
28,12,14762.547289
28,13,12695.774569
28,14,11872.785756
28,15,10873.436523
28,16,8935.208347
28,17,8662.056305
28,18,7671.384993
28,20,7455.755548
28,21,6796.432768
28,22,6437.004818
28,23,6233.953805
28,25,6052.070225
28,26,6012.531018
28,27,5920.283274
28,28,5906.162704
28,30,5835.907800
28,31,5800.661788
28,32,5675.592976
28,33,5630.445921
28,34,5528.309508
28,36,5424.746285
28,37,5402.221946
29,11,24666.872518
29,12,14762.547289
29,13,12695.774569
29,14,11872.785756
29,15,10873.436523
29,16,8935.208347
29,17,8338.193662
29,18,7671.384993
29,20,7455.755548
29,21,6796.432768
29,22,6437.004818
29,23,6233.953805
29,25,6052.070225
29,26,6012.531018
29,27,5920.283274
29,28,5906.162704
29,30,5835.907800
29,31,5800.661788
29,32,5675.592976
29,33,5630.445921
29,34,5528.309508
29,36,5424.746285
29,37,5402.221946
30,11,24666.872518
30,12,14762.547289
30,13,12695.774569
30,14,11581.252224
30,15,10873.436523
30,16,8935.208347
30,17,8338.193662
30,18,7671.384993
30,20,7455.755548
30,21,6796.432768
30,22,6437.004818
30,23,6233.953805
30,25,6052.070225
30,26,6012.531018
30,27,5920.283274
30,28,5906.162704
30,30,5835.907800
30,31,5800.661788
30,32,5675.592976
30,33,5630.445921
30,34,5498.566325
30,36,5424.746285
30,37,5402.221946
31,11,24666.872518
31,12,14762.547289
31,13,12695.774569
31,14,11581.252224
31,15,10873.436523
31,16,8935.208347
31,17,7845.335701
31,18,7671.384993
31,20,7303.400473
31,21,6796.432768
31,22,6437.004818
31,23,6120.552429
31,25,6052.070225
31,26,6012.531018
31,27,5867.774223
31,30,5672.110330
31,33,5630.445921
31,34,5498.566325
31,36,5424.746285
31,37,5402.221946
32,11,24666.872518
32,12,14762.547289
32,13,12695.774569
32,14,11562.826921
32,15,10873.436523
32,16,8935.208347
32,17,7845.335701
32,18,7671.384993
32,19,7654.890229
32,20,7303.400473
32,21,6796.432768
32,22,6437.004818
32,23,6120.552429
32,25,6052.070225
32,26,5882.784591
32,27,5867.774223
32,30,5672.110330
32,33,5630.445921
32,34,5498.566325
32,36,5424.746285
32,37,5402.221946
33,11,24666.872518
33,12,14762.547289
33,13,12695.774569
33,14,11562.826921
33,15,10555.204441
33,16,8935.208347
33,17,7845.335701
33,18,7671.384993
33,19,7654.890229
33,20,7303.400473
33,21,6796.432768
33,22,6437.004818
33,23,6120.552429
33,25,6052.070225
33,26,5882.784591
33,27,5867.774223
33,29,5699.148326
33,30,5672.110330
33,32,5629.360642
33,33,5561.285514
33,34,5498.566325
33,36,5424.746285
33,37,5402.221946
34,11,24666.872518
34,12,14697.109564
34,13,12695.774569
34,14,11562.826921
34,15,9940.695550
34,16,8935.208347
34,17,7845.335701
34,18,7671.384993
34,19,7654.890229
34,20,7303.400473
34,21,6796.432768
34,22,6437.004818
34,23,6120.552429
34,25,6052.070225
34,26,5882.784591
34,27,5867.774223
34,29,5699.148326
34,30,5672.110330
34,32,5629.360642
34,33,5561.285514
34,34,5498.566325
34,36,5424.746285
34,37,5402.221946
35,11,24666.872518
35,12,14697.109564
35,13,12695.774569
35,14,11562.826921
35,15,9940.695550
35,16,8935.208347
35,17,7845.335701
35,18,7671.384993
35,19,7654.890229
35,20,7303.400473
35,21,6796.432768
35,22,6437.004818
35,23,6120.552429
35,25,6052.070225
35,26,5882.784591
35,27,5867.774223
35,29,5699.148326
35,30,5672.110330
35,32,5590.180991
35,33,5561.285514
35,34,5498.566325
35,35,5473.201895
35,36,5424.746285
35,37,5402.221946
36,11,24666.872518
36,12,14257.241349
36,13,12145.932810
36,14,11562.826921
36,15,9940.695550
36,16,8935.208347
36,17,7845.335701
36,18,7671.384993
36,19,7654.890229
36,20,7024.874030
36,21,6796.432768
36,22,6437.004818
36,23,6120.552429
36,25,6052.070225
36,26,5882.784591
36,27,5867.774223
36,29,5699.148326
36,30,5496.443762
36,35,5473.201895
36,36,5398.763190
37,11,21383.094547
37,12,14257.241349
37,13,12145.932810
37,14,11369.184401
37,15,9940.695550
37,16,8935.208347
37,17,7845.335701
37,18,7671.384993
37,19,7654.890229
37,20,7024.874030
37,21,6796.432768
37,22,6437.004818
37,23,6120.552429
37,25,6052.070225
37,26,5882.784591
37,27,5867.774223
37,29,5654.542133
37,30,5496.443762
37,35,5473.201895
37,36,5398.763190
38,11,17546.835427
38,12,14257.241349
38,13,12145.932810
38,14,11369.184401
38,15,9940.695550
38,16,8935.208347
38,17,7845.335701
38,18,7671.384993
38,19,7654.890229
38,20,7024.874030
38,21,6796.432768
38,22,6437.004818
38,23,6120.552429
38,25,6052.070225
38,26,5882.784591
38,27,5867.774223
38,29,5654.542133
38,30,5496.443762
38,35,5473.201895
38,36,5398.763190
39,11,17546.835427
39,12,14257.241349
39,13,12145.932810
39,14,11369.184401
39,15,9940.695550
39,16,8935.208347
39,17,7845.335701
39,18,7671.384993
39,19,7611.865645
39,20,7024.874030
39,21,6796.432768
39,22,6437.004818
39,23,6120.552429
39,25,6052.070225
39,26,5882.784591
39,27,5867.774223
39,29,5654.542133
39,30,5496.443762
39,35,5473.201895
39,36,5398.763190
40,11,17546.835427
40,12,14257.241349
40,13,12145.932810
40,14,11369.184401
40,15,9940.695550
40,16,8935.208347
40,17,7845.335701
40,18,7671.384993
40,19,7611.865645
40,20,7024.874030
40,21,6796.432768
40,22,6437.004818
40,23,6027.815056
40,26,5882.784591
40,27,5867.774223
40,28,5829.747651
40,29,5654.542133
40,30,5496.443762
40,35,5473.201895
40,36,5398.763190
41,11,16746.081803
41,12,14257.241349
41,13,12145.932810
41,14,11369.184401
41,15,9940.695550
41,16,8935.208347
41,17,7845.335701
41,18,7671.384993
41,19,7611.865645
41,20,7024.874030
41,21,6796.432768
41,22,6437.004818
41,23,5951.716855
41,26,5882.784591
41,27,5867.774223
41,28,5829.747651
41,29,5654.542133
41,30,5496.443762
41,35,5473.201895
41,36,5398.763190
42,11,16746.081803
42,12,14257.241349
42,13,12145.932810
42,14,11369.184401
42,15,9940.695550
42,16,8935.208347
42,17,7845.335701
42,18,7671.384993
42,19,7611.865645
42,20,7024.874030
42,21,6796.432768
42,22,6437.004818
42,23,5951.716855
42,26,5882.784591
42,27,5867.774223
42,28,5829.747651
42,29,5654.542133
42,30,5496.443762
42,35,5473.201895
42,36,5398.763190
43,11,16746.081803
43,12,14257.241349
43,13,12145.932810
43,14,11369.184401
43,15,9940.695550
43,16,8935.208347
43,17,7845.335701
43,18,7671.384993
43,19,7611.865645
43,20,7024.874030
43,21,6796.432768
43,22,6437.004818
43,23,5951.716855
43,26,5882.784591
43,27,5867.774223
43,28,5829.747651
43,29,5654.542133
43,30,5496.443762
43,35,5473.201895
43,36,5398.763190
44,11,16746.081803
44,12,14257.241349
44,13,12145.932810
44,14,11369.184401
44,15,9940.695550
44,16,8935.208347
44,17,7845.335701
44,18,7671.384993
44,19,7447.587914
44,20,7024.874030
44,21,6796.432768
44,22,6437.004818
44,23,5951.716855
44,26,5882.784591
44,27,5867.774223
44,28,5829.747651
44,29,5654.542133
44,30,5496.443762
44,35,5473.201895
44,36,5398.763190
45,11,16746.081803
45,12,13707.063450
45,13,12145.932810
45,14,11369.184401
45,15,9940.695550
45,16,8935.208347
45,17,7845.335701
45,18,7671.384993
45,19,7447.587914
45,20,7024.874030
45,21,6796.432768
45,22,6437.004818
45,23,5951.716855
45,26,5882.784591
45,27,5867.774223
45,28,5829.747651
45,29,5654.542133
45,30,5496.443762
45,35,5473.201895
45,36,5398.763190
46,11,16746.081803
46,12,13207.942840
46,13,12145.932810
46,14,11369.184401
46,15,9940.695550
46,16,8935.208347
46,17,7845.335701
46,18,7671.384993
46,19,7421.935931
46,20,7024.874030
46,21,6796.432768
46,22,6437.004818
46,23,5951.716855
46,26,5882.784591
46,27,5867.774223
46,28,5829.747651
46,29,5654.542133
46,30,5496.443762
46,34,5370.777158
47,11,16746.081803
47,12,13207.942840
47,13,12145.932810
47,14,11369.184401
47,15,9940.695550
47,16,8935.208347
47,17,7845.335701
47,18,7671.384993
47,19,7421.935931
47,20,7024.874030
47,21,6796.432768
47,22,6437.004818
47,23,5951.716855
47,26,5882.784591
47,27,5867.774223
47,28,5793.682692
47,29,5654.542133
47,30,5496.443762
47,34,5370.777158
48,11,16746.081803
48,12,13207.942840
48,13,12145.932810
48,14,11369.184401
48,15,9940.695550
48,16,8935.208347
48,17,7845.335701
48,18,7671.384993
48,19,7421.935931
48,20,7024.874030
48,21,6796.432768
48,22,6437.004818
48,23,5951.716855
48,26,5882.784591
48,27,5867.774223
48,28,5793.682692
48,29,5654.542133
48,30,5496.443762
48,34,5370.777158
49,11,16746.081803
49,12,13207.942840
49,13,12145.932810
49,14,11369.184401
49,15,9940.695550
49,16,8906.062777
49,17,7845.335701
49,18,7671.384993
49,19,7421.935931
49,20,7024.874030
49,21,6796.432768
49,22,6419.467285
49,23,5951.716855
49,26,5882.784591
49,27,5867.774223
49,28,5793.682692
49,29,5654.542133
49,30,5496.443762
49,34,5370.777158
50,11,16746.081803
50,12,13207.942840
50,13,12145.932810
50,14,11369.184401
50,15,9940.695550
50,16,8906.062777
50,17,7845.335701
50,18,7671.384993
50,19,7421.935931
50,20,7024.874030
50,21,6796.432768
50,22,6419.467285
50,23,5951.716855
50,26,5882.784591
50,27,5867.774223
50,28,5793.682692
50,29,5654.542133
50,30,5496.443762
50,34,5370.777158
51,11,16746.081803
51,12,13207.942840
51,13,11958.430393
51,14,11369.184401
51,15,9940.695550
51,16,8906.062777
51,17,7845.335701
51,18,7671.384993
51,19,6637.325148
51,22,6419.467285
51,23,5951.716855
51,26,5882.784591
51,27,5867.774223
51,28,5793.682692
51,29,5654.542133
51,30,5496.443762
51,34,5370.777158
52,11,16746.081803
52,12,13207.942840
52,13,11958.430393
52,14,11369.184401
52,15,9940.695550
52,16,8906.062777
52,17,7845.335701
52,18,7671.384993
52,19,6637.325148
52,22,6419.467285
52,23,5951.716855
52,26,5882.784591
52,27,5867.774223
52,28,5793.682692
52,29,5654.542133
52,30,5496.443762
52,34,5370.777158
53,11,16746.081803
53,12,13207.942840
53,13,11958.430393
53,14,11236.710415
53,15,9940.695550
53,16,8906.062777
53,17,7845.335701
53,18,7671.384993
53,19,6637.325148
53,22,6419.467285
53,23,5951.716855
53,26,5882.784591
53,27,5867.774223
53,28,5793.682692
53,29,5654.542133
53,30,5496.443762
53,34,5370.777158
54,11,16746.081803
54,12,13207.942840
54,13,11958.430393
54,14,11236.710415
54,15,9940.695550
54,16,8906.062777
54,17,7845.335701
54,18,7492.991087
54,19,6637.325148
54,22,6419.467285
54,23,5951.716855
54,26,5882.784591
54,27,5867.774223
54,28,5793.682692
54,29,5654.542133
54,30,5496.443762
54,34,5370.777158
55,11,16746.081803
55,12,13207.942840
55,13,11958.430393
55,14,11236.710415
55,15,9940.695550
55,16,8906.062777
55,17,7845.335701
55,18,7492.991087
55,19,6637.325148
55,22,6419.467285
55,23,5951.716855
55,26,5882.784591
55,27,5867.774223
55,28,5793.682692
55,29,5654.542133
55,30,5496.443762
55,34,5370.777158
56,11,15650.196480
56,12,13207.942840
56,13,11958.430393
56,14,11236.710415
56,15,9940.695550
56,16,8906.062777
56,17,7845.335701
56,18,7492.991087
56,19,6637.325148
56,22,6419.467285
56,23,5951.716855
56,26,5882.784591
56,27,5867.774223
56,28,5733.505307
56,29,5654.542133
56,30,5496.443762
56,34,5370.777158
57,11,15650.196480
57,12,13207.942840
57,13,11958.430393
57,14,11131.852771
57,15,9940.695550
57,16,8906.062777
57,17,7845.335701
57,18,7492.991087
57,19,6637.325148
57,22,6419.467285
57,23,5951.716855
57,26,5882.784591
57,27,5867.774223
57,28,5733.505307
57,29,5654.542133
57,30,5496.443762
57,34,5370.777158
58,11,15650.196480
58,12,13207.942840
58,13,11958.430393
58,14,11131.852771
58,15,9940.695550
58,16,8332.792320
58,17,7845.335701
58,18,7492.991087
58,19,6637.325148
58,22,6419.467285
58,23,5951.716855
58,26,5882.784591
58,27,5867.774223
58,28,5733.505307
58,29,5654.542133
58,30,5496.443762
58,34,5370.777158
59,11,15650.196480
59,12,13207.942840
59,13,11885.954922
59,14,11131.852771
59,15,9940.695550
59,16,8332.792320
59,17,7845.335701
59,18,7492.991087
59,19,6637.325148
59,22,6419.467285
59,23,5951.716855
59,26,5882.784591
59,27,5867.774223
59,28,5733.505307
59,29,5654.542133
59,30,5496.443762
59,34,5370.777158
60,11,15650.196480
60,12,13207.942840
60,13,11885.954922
60,14,11131.852771
60,15,9940.695550
60,16,8332.792320
60,17,7845.335701
60,18,7492.991087
60,19,6637.325148
60,22,6419.467285
60,23,5951.716855
60,26,5882.784591
60,27,5867.774223
60,28,5733.505307
60,29,5654.542133
60,30,5496.443762
60,34,5370.777158
61,11,15650.196480
61,12,13207.942840
61,13,11739.400638
61,14,11131.852771
61,15,9940.695550
61,16,8332.792320
61,17,7845.335701
61,18,7492.991087
61,19,6637.325148
61,22,5949.843009
61,26,5882.784591
61,27,5867.774223
61,28,5733.505307
61,29,5654.542133
61,30,5496.443762
61,33,5271.542932
62,11,15650.196480
62,12,13207.942840
62,13,11739.400638
62,14,11131.852771
62,15,9940.695550
62,16,8332.792320
62,17,7845.335701
62,18,7492.991087
62,19,6637.325148
62,22,5949.843009
62,26,5882.784591
62,27,5867.774223
62,28,5733.505307
62,29,5654.542133
62,30,5496.443762
62,33,5271.542932
63,11,15650.196480
63,12,13207.942840
63,13,11739.400638
63,14,11131.852771
63,15,9940.695550
63,16,8332.792320
63,17,7845.335701
63,18,7492.991087
63,19,6637.325148
63,22,5949.843009
63,25,5885.622161
63,26,5882.784591
63,27,5867.774223
63,28,5733.505307
63,29,5654.542133
63,30,5496.443762
63,33,5271.542932
64,11,15650.196480
64,12,13207.942840
64,13,11739.400638
64,14,11131.852771
64,15,9940.695550
64,16,8332.792320
64,17,7845.335701
64,18,7492.991087
64,19,6637.325148
64,22,5949.843009
64,25,5885.622161
64,26,5882.784591
64,27,5867.774223
64,28,5516.889006
64,30,5496.443762
64,33,5271.542932
65,11,15650.196480
65,12,13207.942840
65,13,11739.400638
65,14,11131.852771
65,15,9940.695550
65,16,8332.792320
65,17,7845.335701
65,18,7492.991087
65,19,6637.325148
65,22,5949.843009
65,25,5885.622161
65,26,5882.784591
65,27,5867.774223
65,28,5516.889006
65,30,5496.443762
65,33,5271.542932
66,11,15650.196480
66,12,13207.942840
66,13,11739.400638
66,14,11131.852771
66,15,9593.686388
66,16,8332.792320
66,17,7845.335701
66,18,7492.991087
66,19,6637.325148
66,22,5949.843009
66,25,5885.622161
66,26,5882.784591
66,27,5867.774223
66,28,5516.889006
66,30,5496.443762
66,33,5271.542932
67,11,15650.196480
67,12,13207.942840
67,13,11739.400638
67,14,11131.852771
67,15,9593.686388
67,16,8332.792320
67,17,7845.335701
67,18,7492.991087
67,19,6637.325148
67,22,5949.843009
67,25,5885.622161
67,26,5882.784591
67,27,5867.774223
67,28,5516.889006
67,30,5496.443762
67,33,5271.542932
68,11,15650.196480
68,12,13207.942840
68,13,11578.164517
68,14,11131.852771
68,15,9593.686388
68,16,8332.792320
68,17,7845.335701
68,18,7492.991087
68,19,6637.325148
68,22,5949.843009
68,25,5885.622161
68,26,5741.707046
68,28,5516.889006
68,30,5496.443762
68,33,5271.542932
69,11,15650.196480
69,12,13207.942840
69,13,11578.164517
69,14,11131.852771
69,15,9593.686388
69,16,8332.792320
69,17,7845.335701
69,18,7492.991087
69,19,6637.325148
69,22,5949.843009
69,25,5885.622161
69,26,5741.707046
69,28,5516.889006
69,30,5496.443762
69,32,5492.224028
69,33,5271.542932
70,11,15650.196480
70,12,13207.942840
70,13,11578.164517
70,14,11131.852771
70,15,9593.686388
70,16,8332.792320
70,17,7845.335701
70,18,7492.991087
70,19,6637.325148
70,22,5949.843009
70,25,5885.622161
70,26,5741.707046
70,28,5516.889006
70,30,5496.443762
70,32,5492.224028
70,33,5271.542932
71,11,15650.196480
71,12,13207.942840
71,13,11578.164517
71,14,11131.852771
71,15,9593.686388
71,16,8332.792320
71,17,7845.335701
71,18,7492.991087
71,19,6637.325148
71,22,5949.843009
71,25,5885.622161
71,26,5741.707046
71,28,5516.889006
71,30,5496.443762
71,32,5492.224028
71,33,5271.542932
72,11,15650.196480
72,12,13207.942840
72,13,11503.130148
72,14,11131.852771
72,15,9593.686388
72,16,8332.792320
72,17,7845.335701
72,18,7492.991087
72,19,6637.325148
72,22,5949.843009
72,25,5885.622161
72,26,5741.707046
72,27,5679.185361
72,28,5516.889006
72,30,5496.443762
72,32,5492.224028
72,33,5271.542932
73,11,15650.196480
73,12,13207.942840
73,13,11503.130148
73,14,11131.852771
73,15,9593.686388
73,16,8332.792320
73,17,7845.335701
73,18,7492.991087
73,19,6637.325148
73,22,5949.843009
73,25,5885.622161
73,26,5741.707046
73,27,5679.185361
73,28,5516.889006
73,30,5496.443762
73,32,5492.224028
73,33,5271.542932
74,11,15650.196480
74,12,13207.942840
74,13,11503.130148
74,14,11131.852771
74,15,9593.686388
74,16,8332.792320
74,17,7845.335701
74,18,7492.991087
74,19,6637.325148
74,22,5949.843009
74,25,5885.622161
74,26,5741.707046
74,27,5679.185361
74,28,5516.889006
74,30,5496.443762
74,32,5492.224028
74,33,5271.542932
75,11,15650.196480
75,12,13207.942840
75,13,11503.130148
75,14,11131.852771
75,15,9593.686388
75,16,8332.792320
75,17,7845.335701
75,18,7492.991087
75,19,6637.325148
75,22,5949.843009
75,25,5885.622161
75,26,5741.707046
75,27,5679.185361
75,28,5516.889006
75,30,5496.443762
75,32,5492.224028
75,33,5271.542932
76,11,15650.196480
76,12,13207.942840
76,13,11503.130148
76,14,11050.959348
76,15,8934.353763
76,16,8332.792320
76,17,7845.335701
76,18,7492.991087
76,19,6637.325148
76,22,5949.843009
76,25,5425.176925
76,33,5271.542932
77,11,15650.196480
77,12,13207.942840
77,13,11503.130148
77,14,9640.022393
77,15,8934.353763
77,16,8279.796691
77,17,7845.335701
77,18,7312.935523
77,19,6637.325148
77,22,5949.843009
77,25,5425.176925
77,33,5271.542932
78,11,15650.196480
78,12,13207.942840
78,13,11503.130148
78,14,9640.022393
78,15,8822.030431
78,16,8279.796691
78,17,7845.335701
78,18,7312.935523
78,19,6637.325148
78,22,5949.843009
78,25,5425.176925
78,33,5271.542932
79,11,15650.196480
79,12,13207.942840
79,13,11503.130148
79,14,9640.022393
79,15,8822.030431
79,16,8279.796691
79,17,7845.335701
79,18,7312.935523
79,19,6637.325148
79,22,5949.843009
79,25,5425.176925
79,33,5271.542932
80,11,15650.196480
80,12,13207.942840
80,13,11503.130148
80,14,9640.022393
80,15,8822.030431
80,16,8279.796691
80,17,7845.335701
80,18,7312.935523
80,19,6637.325148
80,22,5949.843009
80,25,5425.176925
80,33,5271.542932
81,11,15650.196480
81,12,13159.402815
81,13,11450.071036
81,14,9640.022393
81,15,8822.030431
81,16,8279.796691
81,17,7845.335701
81,18,7312.935523
81,19,6637.325148
81,22,5949.843009
81,25,5425.176925
81,33,5271.542932
82,11,15650.196480
82,12,13159.402815
82,13,11450.071036
82,14,9640.022393
82,15,8822.030431
82,16,8279.796691
82,17,7845.335701
82,18,7312.935523
82,19,6637.325148
82,22,5949.843009
82,25,5425.176925
82,33,5271.542932
83,11,15650.196480
83,12,13159.402815
83,13,11450.071036
83,14,9640.022393
83,15,8822.030431
83,16,8279.796691
83,17,7845.335701
83,18,7312.935523
83,19,6637.325148
83,22,5949.843009
83,25,5425.176925
83,31,5319.603572
83,33,5271.542932
84,11,15650.196480
84,12,13159.402815
84,13,11450.071036
84,14,9640.022393
84,15,8822.030431
84,16,8279.796691
84,17,7845.335701
84,18,7312.935523
84,19,6637.325148
84,22,5949.843009
84,25,5425.176925
84,31,5319.603572
84,33,5271.542932
85,11,15650.196480
85,12,13159.402815
85,13,11224.650677
85,14,9640.022393
85,15,8822.030431
85,16,8279.796691
85,17,7845.335701
85,18,7312.935523
85,19,6637.325148
85,22,5949.843009
85,25,5425.176925
85,31,5319.603572
85,33,5271.542932
86,11,15650.196480
86,12,13159.402815
86,13,11224.650677
86,14,9640.022393
86,15,8822.030431
86,16,8279.796691
86,17,7845.335701
86,18,7312.935523
86,19,6637.325148
86,22,5949.843009
86,25,5425.176925
86,31,5319.603572
86,33,5271.542932
87,11,15650.196480
87,12,13159.402815
87,13,11224.650677
87,14,9640.022393
87,15,8822.030431
87,16,8279.796691
87,17,7826.433296
87,18,7312.935523
87,19,6637.325148
87,20,6447.326045
87,22,5949.843009
87,25,5425.176925
87,31,5319.603572
87,33,5271.542932
88,11,15650.196480
88,12,13159.402815
88,13,11224.650677
88,14,9640.022393
88,15,8822.030431
88,16,8279.796691
88,17,7826.433296
88,18,7312.935523
88,19,6637.325148
88,20,6447.326045
88,22,5949.843009
88,25,5425.176925
88,31,5319.603572
88,33,5271.542932
88,49,5220.879780
89,11,15650.196480
89,12,13150.415505
89,13,11224.650677
89,14,9640.022393
89,15,8822.030431
89,16,8279.796691
89,17,7826.433296
89,18,7312.935523
89,19,6637.325148
89,20,6447.326045
89,22,5949.843009
89,25,5425.176925
89,31,5319.603572
89,33,5271.542932
89,49,5220.879780
90,11,15650.196480
90,12,13150.415505
90,13,11224.650677
90,14,9640.022393
90,15,8822.030431
90,16,8279.796691
90,17,7826.433296
90,18,7312.935523
90,19,6637.325148
90,20,6447.326045
90,21,6381.754049
90,22,5949.843009
90,25,5425.176925
90,31,5319.603572
90,33,5271.542932
90,47,5241.220982
90,49,5220.879780
91,11,15650.196480
91,12,13150.415505
91,13,10724.014251
91,14,9265.612370
91,15,8822.030431
91,16,8279.796691
91,17,7826.433296
91,18,7312.935523
91,19,6637.325148
91,20,6447.326045
91,21,6381.754049
91,22,5949.843009
91,25,5425.176925
91,31,5319.603572
91,33,5271.542932
91,47,5241.220982
91,49,5220.879780
92,11,15650.196480
92,12,13150.415505
92,13,10724.014251
92,14,9265.612370
92,15,8822.030431
92,16,8274.902608
92,17,7826.433296
92,18,7312.935523
92,19,6637.325148
92,20,6447.326045
92,21,6381.754049
92,22,5949.843009
92,25,5425.176925
92,31,5319.603572
92,33,5271.542932
92,47,5241.220982
92,49,5220.879780
93,11,15650.196480
93,12,13150.415505
93,13,10724.014251
93,14,9265.612370
93,15,8822.030431
93,16,8274.902608
93,17,7489.027903
93,18,7312.935523
93,19,6637.325148
93,20,6447.326045
93,21,6381.754049
93,22,5949.843009
93,25,5425.176925
93,31,5319.603572
93,33,5271.542932
93,47,5241.220982
93,49,5220.879780
94,11,15650.196480
94,12,13150.415505
94,13,10724.014251
94,14,9265.612370
94,15,8822.030431
94,16,8274.902608
94,17,7489.027903
94,18,7312.935523
94,19,6637.325148
94,20,6447.326045
94,21,6381.754049
94,22,5949.843009
94,25,5425.176925
94,31,5319.603572
94,33,5271.542932
94,47,5241.220982
94,49,5220.879780
95,11,15650.196480
95,12,13150.415505
95,13,10724.014251
95,14,9265.612370
95,15,8822.030431
95,16,8274.902608
95,17,7489.027903
95,18,7312.935523
95,19,6637.325148
95,20,6447.326045
95,21,6381.754049
95,22,5949.843009
95,25,5425.176925
95,31,5319.603572
95,33,5271.542932
95,47,5241.220982
95,49,5220.879780
96,11,15650.196480
96,12,13150.415505
96,13,10724.014251
96,14,9265.612370
96,15,8822.030431
96,16,8274.902608
96,17,7489.027903
96,18,7312.935523
96,19,6637.325148
96,20,6447.326045
96,21,6381.754049
96,22,5815.738460
96,25,5425.176925
96,31,5319.603572
96,33,5243.501166
96,36,5231.482799
96,49,5220.879780
97,11,15413.584144
97,12,13109.585887
97,13,10724.014251
97,14,9265.612370
97,15,8822.030431
97,16,8274.902608
97,17,7489.027903
97,18,7312.935523
97,19,6637.325148
97,20,6447.326045
97,21,6381.754049
97,22,5815.738460
97,25,5425.176925
97,31,5319.603572
97,33,5243.501166
97,36,5231.482799
97,49,5220.879780
98,11,15413.584144
98,12,13109.585887
98,13,10724.014251
98,14,9265.612370
98,15,8822.030431
98,16,8274.902608
98,17,7489.027903
98,18,7312.935523
98,19,6637.325148
98,20,6136.733796
98,22,5815.738460
98,25,5425.176925
98,31,5319.603572
98,33,5243.501166
98,36,5231.482799
98,49,5220.879780
99,11,15413.584144
99,12,13109.585887
99,13,10724.014251
99,14,9265.612370
99,15,8822.030431
99,16,8274.902608
99,17,7489.027903
99,18,7312.935523
99,19,6637.325148
99,20,6136.733796
99,22,5815.738460
99,25,5425.176925
99,31,5319.603572
99,33,5243.501166
99,36,5231.482799
99,49,5220.879780
100,11,15283.929458
100,12,13107.285719
100,13,10724.014251
100,14,9265.612370
100,15,8822.030431
100,16,8274.902608
100,17,7489.027903
100,18,7312.935523
100,19,6637.325148
100,20,6136.733796
100,22,5815.738460
100,25,5425.176925
100,31,5319.603572
100,33,5243.501166
100,36,5231.482799
100,49,5220.879780
101,11,15283.929458
101,12,13107.285719
101,13,10724.014251
101,14,9265.612370
101,15,8822.030431
101,16,8274.902608
101,17,7489.027903
101,18,7312.935523
101,19,6637.325148
101,20,6136.733796
101,22,5815.738460
101,25,5425.176925
101,31,5213.477604
102,11,15283.929458
102,12,13107.285719
102,13,10724.014251
102,14,9265.612370
102,15,8822.030431
102,16,8274.902608
102,17,7489.027903
102,18,7312.935523
102,19,6637.325148
102,20,6136.733796
102,22,5815.738460
102,25,5425.176925
102,31,5213.477604
103,11,15283.929458
103,12,13107.285719
103,13,10724.014251
103,14,9265.612370
103,15,8822.030431
103,16,8274.902608
103,17,7489.027903
103,18,7086.882594
103,19,6637.325148
103,20,6136.733796
103,22,5815.738460
103,25,5425.176925
103,31,5213.477604
104,11,15283.929458
104,12,13107.285719
104,13,10724.014251
104,14,9265.612370
104,15,8822.030431
104,16,8274.902608
104,17,7489.027903
104,18,7086.882594
104,19,6637.325148
104,20,6136.733796
104,22,5815.738460
104,25,5425.176925
104,31,5213.477604
105,11,15283.929458
105,12,13107.285719
105,13,10724.014251
105,14,9265.612370
105,15,8822.030431
105,16,8274.902608
105,17,7489.027903
105,18,7063.163369
105,19,6588.660848
105,20,6136.733796
105,22,5815.738460
105,25,5425.176925
105,31,5213.477604
106,11,15283.929458
106,12,13107.285719
106,13,10724.014251
106,14,9265.612370
106,15,8822.030431
106,16,8274.902608
106,17,7489.027903
106,18,6736.250074
106,19,6588.660848
106,20,6136.733796
106,22,5815.738460
106,24,5763.808627
106,25,5425.176925
106,31,5178.336649
107,11,15283.929458
107,12,13107.285719
107,13,10724.014251
107,14,9265.612370
107,15,8822.030431
107,16,8274.902608
107,17,7489.027903
107,18,6736.250074
107,19,6588.660848
107,20,6136.733796
107,22,5815.738460
107,24,5763.808627
107,25,5425.176925
107,31,5178.336649
108,11,15283.929458
108,12,13107.285719
108,13,10724.014251
108,14,9265.612370
108,15,8822.030431
108,16,8274.902608
108,17,7489.027903
108,18,6736.250074
108,19,6588.660848
108,20,6136.733796
108,22,5815.738460
108,24,5763.808627
108,25,5425.176925
108,31,5178.336649
109,11,15283.929458
109,12,13040.816436
109,13,10724.014251
109,14,9265.612370
109,15,8822.030431
109,16,8274.902608
109,17,6762.523814
109,18,6736.250074
109,19,6588.660848
109,20,6136.733796
109,22,5815.738460
109,24,5763.808627
109,25,5425.176925
109,31,5178.336649
110,11,15283.929458
110,12,13040.816436
110,13,10724.014251
110,14,9265.612370
110,15,8822.030431
110,16,8274.902608
110,17,6762.523814
110,18,6736.250074
110,19,6588.660848
110,20,6136.733796
110,22,5815.738460
110,24,5763.808627
110,25,5425.176925
110,31,5178.336649
111,11,15283.929458
111,12,12803.625623
111,13,10382.333768
111,14,9265.612370
111,15,8822.030431
111,16,8212.401303
111,17,6762.523814
111,18,6736.250074
111,19,6588.660848
111,20,6136.733796
111,21,6080.718284
111,22,5815.738460
111,24,5763.808627
111,25,5425.176925
111,31,5178.336649
112,11,15283.929458
112,12,12803.625623
112,13,10382.333768
112,14,9265.612370
112,15,8822.030431
112,16,8212.401303
112,17,6762.523814
112,18,6736.250074
112,19,6588.660848
112,20,6136.733796
112,21,5884.598764
112,22,5815.738460
112,24,5763.808627
112,25,5425.176925
112,31,5178.336649
113,11,15283.929458
113,12,12803.625623
113,13,10382.333768
113,14,9265.612370
113,15,8822.030431
113,16,8212.401303
113,17,6762.523814
113,18,6736.250074
113,19,6588.660848
113,20,6136.733796
113,21,5884.598764
113,22,5815.738460
113,24,5763.808627
113,25,5425.176925
113,31,5178.336649
114,11,15283.929458
114,12,12803.625623
114,13,10382.333768
114,14,9265.612370
114,15,8822.030431
114,16,8212.401303
114,17,6762.523814
114,18,6736.250074
114,19,6588.660848
114,20,6136.733796
114,21,5884.598764
114,22,5720.878340
114,25,5425.176925
114,31,5178.336649
115,11,15283.929458
115,12,12803.625623
115,13,10382.333768
115,14,9265.612370
115,15,8822.030431
115,16,8212.401303
115,17,6762.523814
115,18,6736.250074
115,19,6588.660848
115,20,6136.733796
115,21,5884.598764
115,22,5720.878340
115,25,5425.176925
115,31,5178.336649
116,11,15086.108511
116,12,12803.625623
116,13,10382.333768
116,14,9265.612370
116,15,8822.030431
116,16,8212.401303
116,17,6762.523814
116,18,6736.250074
116,19,6588.660848
116,20,6136.733796
116,21,5884.598764
116,22,5670.140047
116,25,5425.176925
116,29,5420.713666
116,31,5178.336649
117,11,15086.108511
117,12,12803.625623
117,13,10382.333768
117,14,9265.612370
117,15,8822.030431
117,16,8212.401303
117,17,6762.523814
117,18,6736.250074
117,19,6588.660848
117,20,6136.733796
117,21,5884.598764
117,22,5670.140047
117,25,5425.176925
117,29,5420.713666
117,31,5178.336649
118,11,15086.108511
118,12,12525.955036
118,13,10382.333768
118,14,9265.612370
118,15,8822.030431
118,16,8212.401303
118,17,6762.523814
118,18,6736.250074
118,19,6588.660848
118,20,5840.708982
118,22,5670.140047
118,25,5425.176925
118,27,5354.602813
118,31,5178.336649
119,11,15086.108511
119,12,12499.428955
119,13,10382.333768
119,14,9265.612370
119,15,8822.030431
119,16,8212.401303
119,17,6762.523814
119,18,6736.250074
119,19,6588.660848
119,20,5840.708982
119,22,5670.140047
119,25,5425.176925
119,27,5354.602813
119,31,5178.336649
120,11,15086.108511
120,12,12499.428955
120,13,10382.333768
120,14,9265.612370
120,15,8822.030431
120,16,8212.401303
120,17,6762.523814
120,18,6295.674767
120,19,6159.552204
120,20,5840.708982
120,22,5670.140047
120,25,5425.176925
120,27,5354.602813
120,31,5178.336649
121,11,15086.108511
121,12,12499.428955
121,13,10091.623919
121,14,9265.612370
121,15,8822.030431
121,16,8212.401303
121,17,6762.523814
121,18,6295.674767
121,19,6159.552204
121,20,5793.980691
121,22,5670.140047
121,25,5425.176925
121,27,5354.602813
121,31,5178.336649
122,11,15086.108511
122,12,12499.428955
122,13,10091.623919
122,14,9265.612370
122,15,8822.030431
122,16,8212.401303
122,17,6762.523814
122,18,6295.674767
122,19,6159.552204
122,20,5793.980691
122,22,5670.140047
122,25,5425.176925
122,27,5354.602813
122,31,5178.336649
123,11,15086.108511
123,12,12499.428955
123,13,10091.623919
123,14,9265.612370
123,15,8822.030431
123,16,7303.621718
123,17,6762.523814
123,18,6295.674767
123,19,6159.552204
123,20,5793.980691
123,22,5670.140047
123,24,5576.178486
123,25,5425.176925
123,27,5343.180658
123,31,5178.336649
124,11,15086.108511
124,12,12499.428955
124,13,10091.623919
124,14,9265.612370
124,15,8822.030431
124,16,7303.621718
124,17,6675.164036
124,18,6295.674767
124,19,6159.552204
124,20,5793.980691
124,22,5670.140047
124,24,5576.178486
124,25,5425.176925
124,27,5343.180658
124,31,5178.336649
125,11,15086.108511
125,12,12499.428955
125,13,10091.623919
125,14,9265.612370
125,15,8822.030431
125,16,7303.621718
125,17,6675.164036
125,18,6295.674767
125,19,6146.379367
125,20,5793.980691
125,22,5670.140047
125,24,5576.178486
125,25,5425.176925
125,27,5343.180658
125,31,5178.336649
126,11,15086.108511
126,12,12499.428955
126,13,10091.623919
126,14,9265.612370
126,15,8822.030431
126,16,7303.621718
126,17,6675.164036
126,18,6295.674767
126,19,6146.379367
126,20,5793.980691
126,22,5670.140047
126,23,5531.137344
126,25,5425.176925
126,27,5343.180658
126,31,5178.336649
127,11,15086.108511
127,12,12499.428955
127,13,10091.623919
127,14,9265.612370
127,15,8822.030431
127,16,7303.621718
127,17,6675.164036
127,18,6295.674767
127,19,6146.379367
127,20,5793.980691
127,22,5670.140047
127,23,5531.137344
127,25,5425.176925
127,27,5343.180658
127,31,5178.336649
128,11,15086.108511
128,12,12499.428955
128,13,10091.623919
128,14,9265.612370
128,15,8822.030431
128,16,7303.621718
128,17,6675.164036
128,18,6295.674767
128,19,6034.622104
128,20,5793.980691
128,22,5670.140047
128,23,5531.137344
128,25,5425.176925
128,27,5343.180658
128,31,5178.336649
129,11,15086.108511
129,12,12499.428955
129,13,10091.623919
129,14,9265.612370
129,15,8822.030431
129,16,7303.621718
129,17,6675.164036
129,18,6295.674767
129,19,6034.622104
129,20,5793.980691
129,22,5670.140047
129,23,5531.137344
129,25,5425.176925
129,27,5343.180658
129,31,5178.336649
130,11,15086.108511
130,12,12499.428955
130,13,10091.623919
130,14,9265.612370
130,15,8822.030431
130,16,7303.621718
130,17,6675.164036
130,18,6295.674767
130,19,6034.622104
130,20,5793.980691
130,22,5670.140047
130,23,5531.137344
130,25,5425.176925
130,27,5343.180658
130,31,5178.336649
131,11,15086.108511
131,12,12499.428955
131,13,10091.623919
131,14,9265.612370
131,15,8522.665806
131,16,7089.086475
131,17,6675.164036
131,18,6295.674767
131,19,6034.622104
131,20,5793.980691
131,22,5670.140047
131,23,5531.137344
131,25,5425.176925
131,27,5343.180658
131,31,5178.336649
132,11,15086.009446
132,12,12499.428955
132,13,10091.623919
132,14,9265.612370
132,15,8522.665806
132,16,7089.086475
132,17,6675.164036
132,18,6295.674767
132,19,6034.622104
132,20,5793.980691
132,22,5670.140047
132,23,5531.137344
132,25,5425.176925
132,27,5343.180658
132,31,5178.336649
133,11,15086.009446
133,12,12499.428955
133,13,10091.623919
133,14,9265.612370
133,15,8522.665806
133,16,7089.086475
133,17,6653.209573
133,18,6295.674767
133,19,6034.622104
133,20,5793.980691
133,22,5670.140047
133,23,5531.137344
133,25,5425.176925
133,27,5343.180658
133,29,5303.794039
133,31,5178.336649
134,11,15004.647889
134,12,12499.428955
134,13,10091.623919
134,14,9265.612370
134,15,8522.665806
134,16,7089.086475
134,17,6653.209573
134,18,6295.674767
134,19,6034.622104
134,20,5793.980691
134,22,5670.140047
134,23,5531.137344
134,25,5425.176925
134,27,5343.180658
134,29,5303.794039
134,31,5178.336649
135,11,15004.647889
135,12,12499.428955
135,13,10091.623919
135,14,9265.612370
135,15,8522.665806
135,16,7089.086475
135,17,6653.209573
135,18,6295.674767
135,19,6034.622104
135,20,5793.980691
135,22,5670.140047
135,23,5531.137344
135,25,5425.176925
135,27,5343.180658
135,29,5303.794039
135,31,5178.336649
136,11,14978.098109
136,12,11918.706722
136,13,10091.623919
136,14,9265.612370
136,15,8522.665806
136,16,7089.086475
136,17,6653.209573
136,18,6295.674767
136,19,5959.293115
136,20,5793.980691
136,22,5670.140047
136,23,5531.137344
136,25,5425.176925
136,27,5343.180658
136,28,5168.127335
137,11,14978.098109
137,12,11918.706722
137,13,10091.623919
137,14,9265.612370
137,15,8522.665806
137,16,7089.086475
137,17,6631.363501
137,18,6295.674767
137,19,5959.293115
137,20,5793.980691
137,22,5670.140047
137,23,5531.137344
137,25,5425.176925
137,27,5343.180658
137,28,5168.127335
138,11,14978.098109
138,12,11918.706722
138,13,10091.623919
138,14,9265.612370
138,15,8522.665806
138,16,7089.086475
138,17,6631.363501
138,18,6295.674767
138,19,5959.293115
138,20,5793.980691
138,22,5670.140047
138,23,5531.137344
138,25,5425.176925
138,27,5343.180658
138,28,5168.127335
139,11,14978.098109
139,12,11918.706722
139,13,10091.623919
139,14,9265.612370
139,15,8522.665806
139,16,7089.086475
139,17,6631.363501
139,18,6295.674767
139,19,5959.293115
139,20,5793.980691
139,22,5634.364844
139,23,5531.137344
139,25,5425.176925
139,27,5343.180658
139,28,5168.127335
140,11,14978.098109
140,12,11918.706722
140,13,10091.623919
140,14,9265.612370
140,15,8522.665806
140,16,7089.086475
140,17,6631.363501
140,18,6295.674767
140,19,5959.293115
140,20,5793.980691
140,22,5634.364844
140,23,5531.137344
140,24,5482.063682
140,25,5425.176925
140,27,5343.180658
140,28,5168.127335
141,11,14978.098109
141,12,11634.746934
141,13,9882.994583
141,14,9225.348339
141,15,8522.665806
141,16,7089.086475
141,17,6631.363501
141,18,6295.674767
141,19,5959.293115
141,20,5793.980691
141,21,5402.546224
141,23,5398.115092
141,27,5343.180658
141,28,5168.127335
142,11,14978.098109
142,12,11634.746934
142,13,9882.994583
142,14,9225.348339
142,15,8522.665806
142,16,7089.086475
142,17,6631.363501
142,18,6295.674767
142,19,5959.293115
142,20,5793.980691
142,21,5402.546224
142,23,5398.115092
142,27,5343.180658
142,28,5168.127335
143,10,23441.002592
143,11,14978.098109
143,12,11634.746934
143,13,9882.994583
143,14,9225.348339
143,15,8522.665806
143,16,7089.086475
143,17,6631.363501
143,18,6295.674767
143,19,5959.293115
143,20,5793.980691
143,21,5402.546224
143,23,5398.115092
143,27,5343.180658
143,28,5168.127335
144,10,23441.002592
144,11,14978.098109
144,12,11634.746934
144,13,9882.994583
144,14,9225.348339
144,15,8522.665806
144,16,7089.086475
144,17,6631.363501
144,18,6295.674767
144,19,5959.293115
144,20,5793.980691
144,21,5402.546224
144,23,5398.115092
144,27,5343.180658
144,28,5168.127335
145,10,23441.002592
145,11,14978.098109
145,12,11634.746934
145,13,9882.994583
145,14,9225.348339
145,15,8522.665806
145,16,7089.086475
145,17,6631.363501
145,18,6295.674767
145,19,5959.293115
145,20,5793.980691
145,21,5402.546224
145,23,5398.115092
145,27,5343.180658
145,28,5168.127335
146,10,23441.002592
146,11,14978.098109
146,12,11634.746934
146,13,9734.524023
146,14,9225.348339
146,15,8522.665806
146,16,7089.086475
146,17,6631.363501
146,18,6295.674767
146,19,5959.293115
146,20,5793.980691
146,21,5402.546224
146,23,5398.115092
146,27,5343.180658
146,28,5168.127335
147,10,23441.002592
147,11,14108.274840
147,12,11634.746934
147,13,9734.524023
147,14,9225.348339
147,15,8522.665806
147,16,7089.086475
147,17,6631.363501
147,18,6218.487274
147,19,5959.293115
147,20,5793.980691
147,21,5402.546224
147,23,5398.115092
147,27,5343.180658
147,28,5168.127335
148,10,23441.002592
148,11,14108.274840
148,12,11634.746934
148,13,9734.524023
148,14,9225.348339
148,15,8522.665806
148,16,7089.086475
148,17,6631.363501
148,18,6218.487274
148,19,5959.293115
148,20,5793.980691
148,21,5402.546224
148,23,5398.115092
148,27,5343.180658
148,28,5168.127335
149,10,23441.002592
149,11,13805.658151
149,12,11634.746934
149,13,9734.524023
149,14,9225.348339
149,15,8302.775149
149,16,7089.086475
149,17,6631.363501
149,18,6218.487274
149,19,5959.293115
149,20,5793.980691
149,21,5402.546224
149,23,5398.115092
149,27,5343.180658
149,28,5168.127335
150,10,23441.002592
150,11,13805.658151
150,12,11634.746934
150,13,9734.524023
150,14,9225.348339
150,15,8302.775149
150,16,7089.086475
150,17,6631.363501
150,18,6218.487274
150,19,5959.293115
150,20,5793.980691
150,21,5402.546224
150,23,5398.115092
150,27,5343.180658
150,28,5168.127335
150,35,5158.020598
151,10,23441.002592
151,11,13805.658151
151,12,9721.534343
151,14,9225.348339
151,15,8302.775149
151,16,7089.086475
151,17,6631.363501
151,18,6218.487274
151,19,5959.293115
151,20,5793.980691
151,21,5402.546224
151,23,5398.115092
151,27,5343.180658
151,28,5168.127335
151,30,5084.840063
152,10,23441.002592
152,11,13805.658151
152,12,9721.534343
152,14,9225.348339
152,15,8302.775149
152,16,7089.086475
152,17,6631.363501
152,18,6218.487274
152,19,5959.293115
152,20,5793.980691
152,21,5402.546224
152,23,5398.115092
152,27,5343.180658
152,28,5168.127335
152,30,5084.840063
153,10,23441.002592
153,11,13805.658151
153,12,9721.534343
153,14,9225.348339
153,15,8302.775149
153,16,7089.086475
153,17,6627.185090
153,18,6218.487274
153,19,5959.293115
153,20,5793.980691
153,21,5402.546224
153,23,5398.115092
153,27,5343.180658
153,28,5168.127335
153,30,5084.840063
154,10,23441.002592
154,11,13805.658151
154,12,9721.534343
154,14,9225.348339
154,15,8302.775149
154,16,7089.086475
154,17,6627.185090
154,18,6218.487274
154,19,5959.293115
154,20,5793.980691
154,21,5402.546224
154,23,5398.115092
154,27,5343.180658
154,28,5168.127335
154,30,5084.840063
155,10,23441.002592
155,11,13805.658151
155,12,9721.534343
155,14,9225.348339
155,15,8302.775149
155,16,7089.086475
155,17,6627.185090
155,18,6218.487274
155,19,5959.293115
155,20,5711.539767
155,21,5402.546224
155,23,5398.115092
155,27,5343.180658
155,28,5168.127335
155,30,5084.840063
156,10,20971.047756
156,11,13805.658151
156,12,9721.534343
156,14,9225.348339
156,15,8302.775149
156,16,7089.086475
156,17,6627.185090
156,18,6218.487274
156,19,5959.293115
156,20,5711.539767
156,21,5402.546224
156,23,5398.115092
156,27,5343.180658
156,28,5168.127335
156,30,5084.840063
157,10,20971.047756
157,11,13805.658151
157,12,9721.534343
157,14,9225.348339
157,15,8302.775149
157,16,7089.086475
157,17,6573.047474
157,18,6218.487274
157,19,5959.293115
157,20,5711.539767
157,21,5402.546224
157,23,5398.115092
157,27,5343.180658
157,28,5168.127335
157,30,5084.840063
158,10,20971.047756
158,11,13805.658151
158,12,9721.534343
158,14,9225.348339
158,15,8302.775149
158,16,7089.086475
158,17,6573.047474
158,18,6218.487274
158,19,5959.293115
158,20,5711.539767
158,21,5402.546224
158,23,5398.115092
158,27,5343.180658
158,28,5168.127335
158,30,5084.840063
159,10,20971.047756
159,11,13805.658151
159,12,9721.534343
159,14,9225.348339
159,15,8302.775149
159,16,7089.086475
159,17,6573.047474
159,18,6218.487274
159,19,5959.293115
159,20,5711.539767
159,21,5402.546224
159,23,5398.115092
159,27,5343.180658
159,28,5168.127335
159,30,5084.840063
160,10,20971.047756
160,11,13805.658151
160,12,9721.534343
160,14,9225.348339
160,15,8302.775149
160,16,7089.086475
160,17,6573.047474
160,18,6218.487274
160,19,5959.293115
160,20,5711.539767
160,21,5402.546224
160,23,5398.115092
160,27,5343.180658
160,28,5168.127335
160,30,5084.840063
161,10,20971.047756
161,11,13805.658151
161,12,9524.935424
161,14,9225.348339
161,15,8302.775149
161,16,7089.086475
161,17,6320.227849
161,18,6218.487274
161,19,5959.293115
161,20,5711.539767
161,21,5352.928183
161,27,5343.180658
161,28,5168.127335
161,30,5084.840063
162,10,20971.047756
162,11,13805.658151
162,12,9524.935424
162,14,9225.348339
162,15,8302.775149
162,16,7089.086475
162,17,6320.227849
162,18,6170.024924
162,19,5959.293115
162,20,5711.539767
162,21,5352.928183
162,27,5343.180658
162,28,5168.127335
162,30,5084.840063
163,10,20971.047756
163,11,13805.658151
163,12,9524.935424
163,14,9225.348339
163,15,8302.775149
163,16,7089.086475
163,17,6320.227849
163,18,6170.024924
163,19,5959.293115
163,20,5711.539767
163,21,5352.928183
163,27,5343.180658
163,28,5168.127335
163,30,5084.840063
164,10,20971.047756
164,11,13805.658151
164,12,9524.935424
164,14,9225.348339
164,15,8302.775149
164,16,7089.086475
164,17,6320.227849
164,18,6170.024924
164,19,5959.293115
164,20,5711.539767
164,21,5352.928183
164,27,5343.180658
164,28,5168.127335
164,30,5084.840063
165,10,20971.047756
165,11,13805.658151
165,12,9524.935424
165,14,9225.348339
165,15,8302.775149
165,16,7089.086475
165,17,6320.227849
165,18,6170.024924
165,19,5959.293115
165,20,5711.539767
165,21,5352.928183
165,27,5343.180658
165,28,5168.127335
165,30,5084.840063
166,10,17781.561413
166,11,13805.658151
166,12,9275.800785
166,14,9225.348339
166,15,8302.775149
166,16,7089.086475
166,17,6320.227849
166,18,6170.024924
166,19,5959.293115
166,20,5711.539767
166,21,5352.928183
166,26,5298.796266
166,28,5168.127335
166,30,5084.840063
167,10,17781.561413
167,11,13805.658151
167,12,9275.800785
167,14,9225.348339
167,15,8302.775149
167,16,7089.086475
167,17,6320.227849
167,18,6170.024924
167,19,5952.362001
167,20,5711.539767
167,21,5352.928183
167,26,5298.796266
167,28,5168.127335
167,30,5084.840063
168,10,17781.561413
168,11,13805.658151
168,12,9275.800785
168,14,9225.348339
168,15,8302.775149
168,16,7089.086475
168,17,6320.227849
168,18,6170.024924
168,19,5952.362001
168,20,5711.539767
168,21,5352.928183
168,26,5298.796266
168,28,5168.127335
168,30,5084.840063
169,10,17781.561413
169,11,13805.658151
169,12,9275.800785
169,14,9225.348339
169,15,8302.775149
169,16,7089.086475
169,17,6320.227849
169,18,6170.024924
169,19,5952.362001
169,20,5711.539767
169,21,5352.928183
169,26,5298.796266
169,28,5168.127335
169,30,5084.840063
170,10,17781.561413
170,11,13805.658151
170,12,9275.800785
170,14,9225.348339
170,15,8302.775149
170,16,7089.086475
170,17,6320.227849
170,18,6170.024924
170,19,5952.362001
170,20,5711.539767
170,21,5352.928183
170,26,5298.796266
170,28,5168.127335
170,30,5084.840063
171,10,17781.561413
171,11,13805.658151
171,12,9074.040295
171,15,8302.775149
171,16,7089.086475
171,17,6153.103293
171,19,5952.362001
171,20,5711.539767
171,21,5352.928183
171,26,5298.796266
171,28,5168.127335
171,30,5084.840063
172,10,17781.561413
172,11,13782.328564
172,12,9074.040295
172,15,8302.775149
172,16,7089.086475
172,17,6153.103293
172,19,5952.362001
172,20,5711.539767
172,21,5352.928183
172,26,5298.796266
172,28,5168.127335
172,30,5084.840063
173,10,17781.561413
173,11,13782.328564
173,12,9074.040295
173,15,8302.775149
173,16,7089.086475
173,17,6153.103293
173,19,5952.362001
173,20,5711.539767
173,21,5352.928183
173,26,5298.796266
173,28,5168.127335
173,30,5084.840063
174,10,17781.561413
174,11,13661.856801
174,12,9074.040295
174,15,8302.775149
174,16,7089.086475
174,17,6153.103293
174,19,5952.362001
174,20,5711.539767
174,21,5352.928183
174,26,5298.796266
174,28,5168.127335
174,30,5084.840063
175,10,17781.561413
175,11,13661.856801
175,12,9074.040295
175,15,8302.775149
175,16,7089.086475
175,17,6153.103293
175,19,5952.362001
175,20,5711.539767
175,21,5352.928183
175,26,5298.796266
175,28,5168.127335
175,30,5084.840063
176,10,17781.561413
176,11,13553.677932
176,12,8939.472316
176,15,8302.775149
176,16,7089.086475
176,17,6153.103293
176,19,5952.362001
176,20,5711.539767
176,21,5352.928183
176,26,5298.796266
176,28,5066.813352
177,10,17781.561413
177,11,12156.737505
177,12,8939.472316
177,15,7993.299824
177,16,7089.086475
177,17,6153.103293
177,19,5952.362001
177,20,5711.539767
177,21,5352.928183
177,26,5298.796266
177,28,5066.813352
178,10,17781.561413
178,11,12156.737505
178,12,8939.472316
178,15,7993.299824
178,16,7089.086475
178,17,6153.103293
178,19,5952.362001
178,20,5711.539767
178,21,5352.928183
178,26,5298.796266
178,28,5066.813352
179,10,17781.561413
179,11,12156.737505
179,12,8939.472316
179,15,7993.299824
179,16,7089.086475
179,17,6153.103293
179,19,5952.362001
179,20,5711.539767
179,21,5352.928183
179,26,5298.796266
179,28,5066.813352
180,10,17781.561413
180,11,12156.737505
180,12,8939.472316
180,15,7993.299824
180,16,7089.086475
180,17,6153.103293
180,19,5952.362001
180,20,5711.539767
180,21,5352.928183
180,26,5298.796266
180,28,5066.813352
181,10,17781.561413
181,11,12156.737505
181,12,8631.385526
181,15,7993.299824
181,16,7089.086475
181,17,6153.103293
181,18,5991.324598
181,19,5940.191690
181,20,5711.539767
181,21,5352.928183
181,26,5298.796266
181,28,5066.813352
182,10,17781.561413
182,11,12156.737505
182,12,8631.385526
182,15,7993.299824
182,16,7089.086475
182,17,6153.103293
182,18,5991.324598
182,19,5940.191690
182,20,5711.539767
182,21,5352.928183
182,26,5298.796266
182,28,5066.813352
183,10,17781.561413
183,11,11609.101476
183,12,8631.385526
183,15,7993.299824
183,16,7089.086475
183,17,6153.103293
183,18,5991.324598
183,19,5940.191690
183,20,5711.539767
183,21,5352.928183
183,26,5298.796266
183,28,5066.813352
184,10,17781.561413
184,11,11609.101476
184,12,8631.385526
184,15,7993.299824
184,16,7089.086475
184,17,6153.103293
184,18,5991.324598
184,19,5940.191690
184,20,5711.539767
184,21,5352.928183
184,26,5298.796266
184,28,5066.813352
185,10,17781.561413
185,11,11609.101476
185,12,8631.385526
185,15,7993.299824
185,16,7089.086475
185,17,6153.103293
185,18,5991.324598
185,19,5940.191690
185,20,5711.539767
185,21,5352.928183
185,26,5298.796266
185,28,5066.813352
186,10,15798.415279
186,11,11609.101476
186,12,8611.650919
186,15,7934.162937
186,16,7089.086475
186,17,6153.103293
186,18,5991.324598
186,19,5940.191690
186,20,5711.539767
186,21,5352.928183
186,26,5298.796266
186,28,5066.813352
187,10,15798.415279
187,11,11609.101476
187,12,8611.650919
187,15,7934.162937
187,16,7089.086475
187,17,6153.103293
187,18,5991.324598
187,19,5940.191690
187,20,5711.539767
187,21,5352.928183
187,26,5298.796266
187,28,5066.813352
188,10,15798.415279
188,11,11609.101476
188,12,8611.650919
188,15,7934.162937
188,16,7089.086475
188,17,5992.851534
188,18,5991.324598
188,19,5940.191690
188,20,5711.539767
188,21,5352.928183
188,26,5298.796266
188,28,5066.813352
189,10,15798.415279
189,11,11609.101476
189,12,8611.650919
189,15,7782.927092
189,16,7089.086475
189,17,5992.851534
189,18,5991.324598
189,19,5940.191690
189,20,5711.539767
189,21,5352.928183
189,26,5298.796266
189,28,5066.813352
190,10,15798.415279
190,11,11609.101476
190,12,8611.650919
190,15,7782.927092
190,16,7089.086475
190,17,5992.851534
190,18,5991.324598
190,19,5940.191690
190,20,5711.539767
190,21,5352.928183
190,26,5298.796266
190,28,5066.813352
191,10,15798.415279
191,11,11609.101476
191,12,8611.650919
191,15,7782.927092
191,16,7089.086475
191,17,5992.851534
191,18,5919.531150
191,20,5711.539767
191,21,5352.928183
191,26,5298.796266
191,28,5066.813352
192,10,14348.223291
192,11,11609.101476
192,12,8611.650919
192,14,7895.252207
192,15,7782.927092
192,16,7049.382748
192,17,5992.851534
192,18,5919.531150
192,20,5711.539767
192,21,5352.928183
192,26,5298.796266
192,28,5066.813352
193,10,14348.223291
193,11,11307.919794
193,12,8611.650919
193,14,7895.252207
193,15,7782.927092
193,16,6545.928112
193,17,5992.851534
193,18,5919.531150
193,20,5711.539767
193,21,5352.928183
193,26,5298.796266
193,28,5066.813352
194,10,12508.313669
194,11,11307.919794
194,12,8611.650919
194,14,7895.252207
194,15,7782.927092
194,16,6439.636663
194,17,5992.851534
194,18,5919.531150
194,20,5711.539767
194,21,5352.928183
194,26,5298.796266
194,28,5066.813352
195,10,12508.313669
195,11,11307.919794
195,12,8611.650919
195,14,7895.252207
195,15,7782.927092
195,16,6439.636663
195,17,5992.851534
195,18,5919.531150
195,19,5856.778602
195,20,5711.539767
195,21,5352.928183
195,26,5298.796266
195,28,5066.813352
196,10,12508.313669
196,11,10446.839246
196,12,8611.650919
196,14,7895.252207
196,15,7782.927092
196,16,6439.636663
196,17,5992.851534
196,18,5618.413160
196,21,5352.928183
196,26,5298.796266
196,28,5066.813352
197,10,12508.313669
197,11,10446.839246
197,12,8611.650919
197,14,7895.252207
197,15,7626.172932
197,16,6439.636663
197,17,5992.851534
197,18,5618.413160
197,21,5352.928183
197,26,5298.796266
197,28,5066.813352
198,10,12508.313669
198,11,10446.839246
198,12,8611.650919
198,14,7895.252207
198,15,7264.646056
198,16,6439.636663
198,17,5992.851534
198,18,5618.413160
198,21,5352.928183
198,26,5298.796266
198,28,5066.813352
199,10,12508.313669
199,11,10446.839246
199,12,8611.650919
199,14,7895.252207
199,15,7264.646056
199,16,6439.636663
199,17,5992.851534
199,18,5618.413160
199,21,5352.928183
199,25,5286.462675
199,28,5066.813352
200,10,12508.313669
200,11,10446.839246
200,12,8611.650919
200,14,7895.252207
200,15,7264.646056
200,16,6439.636663
200,17,5992.851534
200,18,5618.413160
200,21,5352.928183
200,25,5286.462675
200,26,5282.850746
200,28,5066.813352
201,10,12508.313669
201,11,10446.839246
201,12,8577.484887
201,14,7895.252207
201,15,7264.646056
201,16,6439.636663
201,17,5992.851534
201,18,5618.413160
201,21,5352.928183
201,25,5286.462675
201,26,5282.850746
201,28,5066.813352
202,10,12508.313669
202,11,10446.839246
202,12,8577.484887
202,14,7895.252207
202,15,7264.646056
202,16,6439.636663
202,17,5992.851534
202,18,5618.413160
202,21,5352.928183
202,25,5286.462675
202,26,5282.850746
202,28,5066.813352
203,10,12508.313669
203,11,10446.839246
203,12,8577.484887
203,13,8557.713359
203,14,7895.252207
203,15,7264.646056
203,16,6439.636663
203,17,5992.851534
203,18,5618.413160
203,21,5352.928183
203,25,5286.462675
203,26,5282.850746
203,28,5066.813352
204,10,12508.313669
204,11,10446.839246
204,12,8577.484887
204,13,8557.713359
204,14,7895.252207
204,15,7264.646056
204,16,6439.636663
204,17,5992.851534
204,18,5618.413160
204,21,5352.928183
204,25,5286.462675
204,26,5282.850746
204,28,5066.813352
205,10,12508.313669
205,11,10166.094474
205,12,8577.484887
205,13,8557.713359
205,14,7895.252207
205,15,7264.646056
205,16,6439.636663
205,17,5992.851534
205,18,5618.413160
205,21,5352.928183
205,23,5324.223007
205,25,5286.462675
205,26,5282.850746
205,28,5066.813352
206,10,12263.055029
206,11,9867.643010
206,12,8577.484887
206,13,8557.713359
206,14,7895.252207
206,15,6662.806539
206,16,6439.636663
206,17,5992.851534
206,18,5618.413160
206,21,5325.867267
206,23,5324.223007
206,25,5240.538677
206,27,5238.026815
206,28,5066.813352
207,10,12263.055029
207,11,9867.643010
207,12,8577.484887
207,13,8557.713359
207,14,7895.252207
207,15,6662.806539
207,16,6439.636663
207,17,5992.851534
207,18,5618.413160
207,21,5325.867267
207,23,5324.223007
207,24,5319.257997
207,25,5240.538677
207,27,5238.026815
207,28,5066.813352
208,10,12263.055029
208,11,9867.643010
208,12,8577.484887
208,13,8557.713359
208,14,7895.252207
208,15,6662.806539
208,16,6439.636663
208,17,5992.851534
208,18,5618.413160
208,20,5446.734694
208,21,5325.867267
208,23,5324.223007
208,24,5270.458196
208,25,5240.538677
208,27,5238.026815
208,28,5066.813352
209,10,12263.055029
209,11,9867.643010
209,12,8577.484887
209,13,8557.713359
209,14,7895.252207
209,15,6662.806539
209,16,6439.636663
209,17,5992.851534
209,18,5618.413160
209,20,5446.734694
209,21,5325.867267
209,22,5314.968741
209,24,5270.458196
209,25,5240.538677
209,27,5238.026815
209,28,5066.813352
210,9,15469.125310
210,10,12263.055029
210,11,9867.643010
210,12,8577.484887
210,13,8557.713359
210,14,7895.252207
210,15,6662.806539
210,16,6439.636663
210,17,5963.567191
210,18,5618.413160
210,20,5446.734694
210,21,5325.867267
210,22,5314.968741
210,24,5270.458196
210,25,5240.538677
210,27,5238.026815
210,28,5066.813352
211,9,15469.125310
211,10,12263.055029
211,11,9867.643010
211,12,8575.245862
211,13,8557.713359
211,14,7895.252207
211,15,6662.806539
211,16,6439.636663
211,17,5963.567191
211,18,5618.413160
211,20,5446.734694
211,21,5325.867267
211,22,5314.968741
211,24,5270.458196
211,25,5240.538677
211,27,5238.026815
211,28,5066.813352
212,9,15469.125310
212,10,12263.055029
212,11,9867.643010
212,12,8575.245862
212,13,8557.713359
212,14,7708.806330
212,15,6662.806539
212,16,6439.636663
212,17,5963.567191
212,18,5618.413160
212,20,5446.734694
212,21,5325.867267
212,22,5314.968741
212,24,5207.509764
212,26,5183.515489
212,28,5066.813352
213,9,15469.125310
213,10,12263.055029
213,11,9867.643010
213,12,8575.245862
213,13,8557.713359
213,14,7708.806330
213,15,6662.806539
213,16,6439.636663
213,17,5963.567191
213,18,5618.413160
213,20,5446.734694
213,21,5325.867267
213,22,5314.968741
213,24,5207.509764
213,26,5183.515489
213,28,5066.813352
214,9,15469.125310
214,10,12263.055029
214,11,9732.771052
214,12,8575.245862
214,13,8557.713359
214,14,7708.806330
214,15,6662.806539
214,16,6439.636663
214,17,5963.567191
214,18,5618.413160
214,20,5446.734694
214,21,5325.867267
214,22,5314.968741
214,23,5213.328255
214,24,5207.509764
214,26,5183.515489
214,28,5066.813352
215,9,15469.125310
215,10,11755.431999
215,11,9732.771052
215,12,8575.245862
215,13,8557.713359
215,14,7708.806330
215,15,6662.806539
215,16,6439.636663
215,17,5963.567191
215,18,5618.413160
215,20,5446.734694
215,21,5325.867267
215,22,5314.968741
215,23,5213.328255
215,24,5207.509764
215,26,5183.515489
215,28,5066.813352
216,9,15469.125310
216,10,11755.431999
216,11,9341.455417
216,12,8327.944644
216,14,7708.806330
216,15,6662.806539
216,16,6439.636663
216,17,5963.567191
216,18,5618.413160
216,20,5446.734694
216,21,5325.867267
216,22,5314.968741
216,23,5213.328255
216,24,5207.509764
216,26,5183.515489
216,28,5066.813352
217,9,15469.125310
217,10,11755.431999
217,11,9341.455417
217,12,8327.944644
217,14,7708.806330
217,15,6662.806539
217,16,6393.175996
217,17,5963.567191
217,18,5618.413160
217,20,5446.734694
217,21,5325.867267
217,22,5314.968741
217,23,5213.328255
217,24,5207.509764
217,26,5183.515489
217,28,5066.813352
218,9,15469.125310
218,10,11755.431999
218,11,9341.455417
218,12,8327.944644
218,14,7708.806330
218,15,6662.806539
218,16,6393.175996
218,17,5963.567191
218,18,5618.413160
218,20,5446.734694
218,21,5316.086174
218,22,5314.968741
218,23,5187.196650
218,26,5183.515489
218,28,5066.813352
219,9,15469.125310
219,10,11755.431999
219,11,9341.455417
219,12,8327.944644
219,14,7708.806330
219,15,6662.806539
219,16,6393.175996
219,17,5963.567191
219,18,5618.413160
219,20,5446.734694
219,21,5316.086174
219,22,5290.205813
219,23,5156.102718
219,28,5066.813352
220,9,15469.125310
220,10,11755.431999
220,11,9341.455417
220,12,8327.944644
220,14,7708.806330
220,15,6662.806539
220,16,6393.175996
220,17,5963.567191
220,18,5618.413160
220,20,5446.734694
220,21,5316.086174
220,22,5290.205813
220,23,5156.102718
220,28,5066.813352
221,9,15469.125310
221,10,11755.431999
221,11,9187.295160
221,12,8238.064487
221,14,7262.996943
221,15,6662.806539
221,16,6393.175996
221,17,5963.567191
221,18,5618.413160
221,20,5446.734694
221,21,5316.086174
221,22,5242.178598
221,23,5156.102718
221,28,5066.813352
222,9,15469.125310
222,10,11755.431999
222,11,9187.295160
222,12,8238.064487
222,14,7262.996943
222,15,6662.806539
222,16,6393.175996
222,17,5963.567191
222,18,5618.413160
222,20,5446.734694
222,21,5316.086174
222,22,5242.178598
222,23,5156.102718
222,28,5066.813352
223,9,15469.125310
223,10,11755.431999
223,11,9187.295160
223,12,8238.064487
223,14,7262.996943
223,15,6662.806539
223,16,6393.175996
223,17,5963.567191
223,18,5618.413160
223,19,5478.547722
223,20,5446.734694
223,21,5316.086174
223,22,5242.178598
223,23,5156.102718
223,28,5066.813352
223,37,5050.774369
224,9,15469.125310
224,10,11755.431999
224,11,9187.295160
224,12,8238.064487
224,14,7262.996943
224,15,6662.806539
224,16,6393.175996
224,17,5963.567191
224,18,5618.413160
224,19,5478.547722
224,20,5446.734694
224,21,5316.086174
224,22,5242.178598
224,23,5156.102718
224,28,5066.813352
224,37,5050.774369
225,9,15469.125310
225,10,11755.431999
225,11,9138.564786
225,12,8238.064487
225,14,7262.996943
225,15,6662.806539
225,16,6393.175996
225,17,5963.567191
225,18,5618.413160
225,19,5478.547722
225,20,5446.734694
225,21,5316.086174
225,22,5242.178598
225,23,5156.102718
225,28,5066.813352
225,37,5050.774369
226,9,15469.125310
226,10,11755.431999
226,11,9138.564786
226,12,8238.064487
226,14,7262.996943
226,15,6662.806539
226,16,6393.175996
226,17,5963.567191
226,18,5618.413160
226,19,5401.617526
226,21,5316.086174
226,22,5242.178598
226,23,5156.102718
226,28,5066.813352
226,37,5050.774369
227,9,15469.125310
227,10,11755.431999
227,11,9138.564786
227,12,8238.064487
227,14,7262.996943
227,15,6662.806539
227,16,6393.175996
227,17,5963.567191
227,18,5618.413160
227,19,5401.617526
227,21,5316.086174
227,22,5242.178598
227,23,5156.102718
227,28,5066.813352
227,37,5050.774369
228,9,15469.125310
228,10,11755.431999
228,11,9138.564786
228,12,8238.064487
228,14,7262.996943
228,15,6662.806539
228,16,6393.175996
228,17,5963.567191
228,18,5618.413160
228,19,5401.617526
228,21,5316.086174
228,22,5242.178598
228,23,5156.102718
228,28,5066.813352
228,37,5050.774369
229,9,15469.125310
229,10,11658.311752
229,11,9138.564786
229,12,8238.064487
229,14,7262.996943
229,15,6662.806539
229,16,6393.175996
229,17,5963.567191
229,18,5618.413160
229,19,5401.617526
229,21,5316.086174
229,22,5242.178598
229,23,5156.102718
229,28,5066.813352
229,37,5050.774369
230,9,15469.125310
230,10,11658.311752
230,11,9138.564786
230,12,8238.064487
230,14,7262.996943
230,15,6662.806539
230,16,6393.175996
230,17,5963.567191
230,18,5618.413160
230,19,5401.617526
230,21,5316.086174
230,22,5242.178598
230,23,5156.102718
230,28,5066.813352
230,37,5050.774369
231,9,15469.125310
231,10,11658.311752
231,11,9138.564786
231,12,7953.649980
231,14,7262.996943
231,15,6662.806539
231,16,6393.175996
231,17,5963.567191
231,18,5540.341833
231,19,5401.617526
231,21,5316.086174
231,22,5242.178598
231,23,5156.102718
231,28,5066.813352
231,37,5050.774369
232,9,15469.125310
232,10,11658.311752
232,11,9138.564786
232,12,7953.649980
232,14,7262.996943
232,15,6662.806539
232,16,6393.175996
232,17,5963.567191
232,18,5540.341833
232,19,5401.617526
232,21,5316.086174
232,22,5242.178598
232,23,5156.102718
232,28,5066.813352
232,37,5050.774369
233,9,15469.125310
233,10,11658.311752
233,11,9138.564786
233,12,7953.649980
233,14,7262.996943
233,15,6662.806539
233,16,6393.175996
233,17,5963.567191
233,18,5540.341833
233,19,5401.617526
233,21,5316.086174
233,22,5242.178598
233,23,5156.102718
233,28,5066.813352
233,37,5050.774369
234,9,15469.125310
234,10,11549.123489
234,11,9138.564786
234,12,7953.649980
234,14,7262.996943
234,15,6662.806539
234,16,6393.175996
234,17,5963.567191
234,18,5540.341833
234,19,5401.617526
234,21,5316.086174
234,22,5242.178598
234,23,5156.102718
234,28,5066.813352
234,37,5050.774369
235,9,15469.125310
235,10,11549.123489
235,11,9138.564786
235,12,7953.649980
235,14,7262.996943
235,15,6662.806539
235,16,6393.175996
235,17,5963.567191
235,18,5540.341833
235,19,5401.617526
235,21,5316.086174
235,22,5242.178598
235,23,5156.102718
235,28,5066.813352
235,37,5050.774369
236,9,15469.125310
236,10,11549.123489
236,11,9138.564786
236,12,7953.649980
236,14,7262.996943
236,15,6662.806539
236,16,6393.175996
236,17,5963.567191
236,18,5540.341833
236,19,5401.617526
236,21,5316.086174
236,22,5242.178598
236,23,5156.102718
236,28,5066.813352
236,37,5050.774369
237,9,15469.125310
237,10,11549.123489
237,11,9138.564786
237,12,7953.649980
237,14,7262.996943
237,15,6662.806539
237,16,6393.175996
237,17,5963.567191
237,18,5540.341833
237,19,5401.617526
237,21,5316.086174
237,22,5242.178598
237,23,5156.102718
237,28,5066.813352
237,37,5050.774369
238,9,15469.125310
238,10,10725.018304
238,11,9138.564786
238,12,7953.649980
238,14,7262.996943
238,15,6662.806539
238,16,6393.175996
238,17,5963.567191
238,18,5540.341833
238,19,5401.617526
238,21,5316.086174
238,22,5242.178598
238,23,5156.102718
238,27,5151.754359
238,28,5066.813352
238,37,5050.774369
239,9,15469.125310
239,10,10725.018304
239,11,9138.564786
239,12,7953.649980
239,14,7262.996943
239,15,6662.806539
239,16,6393.175996
239,17,5963.567191
239,18,5540.341833
239,19,5401.617526
239,21,5316.086174
239,22,5242.178598
239,23,5156.102718
239,27,5151.754359
239,28,5066.813352
239,30,5059.003344
239,37,5050.774369
240,9,15469.125310
240,10,10725.018304
240,11,9138.564786
240,12,7953.649980
240,14,7262.996943
240,15,6662.806539
240,16,6393.175996
240,17,5963.567191
240,18,5540.341833
240,19,5401.617526
240,21,5316.086174
240,22,5242.178598
240,23,5156.102718
240,27,5151.754359
240,28,5066.813352
240,30,5059.003344
240,37,5050.774369
241,9,14031.861510
241,10,10456.301059
241,11,9138.564786
241,12,7828.795183
241,14,7262.996943
241,15,6662.806539
241,16,6293.141578
241,17,5963.567191
241,18,5540.341833
241,19,5401.617526
241,21,5316.086174
241,22,5242.178598
241,23,5156.102718
241,27,5151.754359
241,28,5066.813352
241,30,5059.003344
241,37,5050.774369
242,9,14031.861510
242,10,10456.301059
242,11,9138.564786
242,12,7828.795183
242,14,7262.996943
242,15,6662.806539
242,16,6293.141578
242,17,5963.567191
242,18,5540.341833
242,19,5401.617526
242,20,5390.407090
242,21,5316.086174
242,22,5242.178598
242,23,5156.102718
242,27,5151.754359
242,28,5066.813352
242,30,5059.003344
242,37,5050.774369
243,9,14031.861510
243,10,10456.301059
243,11,9138.564786
243,12,7828.795183
243,14,7262.996943
243,15,6662.806539
243,16,6293.141578
243,17,5963.567191
243,18,5540.341833
243,19,5401.617526
243,20,5390.407090
243,21,5316.086174
243,22,5242.178598
243,23,5156.102718
243,27,5151.754359
243,28,5066.813352
243,30,5059.003344
243,37,5050.774369
244,9,14031.861510
244,10,10456.301059
244,11,9138.564786
244,12,7828.795183
244,14,7262.996943
244,15,6662.806539
244,16,6293.141578
244,17,5963.567191
244,18,5540.341833
244,19,5401.617526
244,20,5390.407090
244,21,5316.086174
244,22,5242.178598
244,23,5156.102718
244,27,5151.754359
244,28,5066.813352
244,30,5059.003344
244,37,5050.774369
245,9,14031.861510
245,10,10456.301059
245,11,9138.564786
245,12,7828.795183
245,14,7262.996943
245,15,6662.806539
245,16,6293.141578
245,17,5963.567191
245,18,5540.341833
245,19,5401.617526
245,20,5390.407090
245,21,5316.086174
245,22,5242.178598
245,23,5156.102718
245,27,5151.754359
245,28,5066.813352
245,30,5059.003344
245,37,5050.774369
246,9,14031.861510
246,10,10456.301059
246,11,7794.353806
246,14,7262.996943
246,15,6662.806539
246,16,5940.451670
246,18,5540.341833
246,19,5401.617526
246,20,5296.926951
246,22,5150.391002
246,26,5062.791111
246,30,5059.003344
246,37,5050.774369
247,9,14031.861510
247,10,10456.301059
247,11,7794.353806
247,14,7262.996943
247,15,6662.806539
247,16,5940.451670
247,18,5540.341833
247,19,5401.617526
247,20,5296.926951
247,22,5150.391002
247,26,5062.791111
247,30,5059.003344
247,37,5050.774369
248,9,14031.861510
248,10,10456.301059
248,11,7794.353806
248,14,7262.996943
248,15,6662.806539
248,16,5940.451670
248,18,5540.341833
248,19,5401.617526
248,20,5296.926951
248,22,5150.391002
248,26,5062.791111
248,30,5059.003344
248,37,5050.774369
249,9,14031.861510
249,10,10456.301059
249,11,7794.353806
249,14,7262.996943
249,15,6662.806539
249,16,5940.451670
249,18,5540.341833
249,19,5401.617526
249,20,5296.926951
249,22,5150.391002
249,26,5062.791111
249,30,5059.003344
249,37,5050.774369
250,9,14031.861510
250,10,10456.301059
250,11,7794.353806
250,14,7262.996943
250,15,6662.806539
250,16,5940.451670
250,18,5540.341833
250,19,5401.617526
250,20,5296.926951
250,22,5150.391002
250,26,5062.791111
250,30,5059.003344
250,37,5050.774369
251,9,14031.861510
251,10,10456.301059
251,11,7658.745328
251,14,7262.996943
251,15,6662.806539
251,16,5940.451670
251,18,5540.341833
251,19,5401.617526
251,20,5296.926951
251,22,5150.391002
251,26,5020.959215
252,9,14031.861510
252,10,10456.301059
252,11,7658.745328
252,14,7262.996943
252,15,6662.806539
252,16,5940.451670
252,17,5700.393780
252,18,5540.341833
252,19,5401.617526
252,20,5296.926951
252,22,5150.391002
252,26,5020.959215
253,9,14031.861510
253,10,10456.301059
253,11,7658.745328
253,14,7262.996943
253,15,6662.806539
253,16,5940.451670
253,17,5700.393780
253,18,5540.341833
253,19,5401.617526
253,20,5296.926951
253,22,5150.391002
253,26,5020.959215
254,9,14031.861510
254,10,10456.301059
254,11,7658.745328
254,14,7262.996943
254,15,6662.806539
254,16,5940.451670
254,17,5700.393780
254,18,5540.341833
254,19,5401.617526
254,20,5296.926951
254,22,5150.391002
254,26,5020.959215
255,9,14031.861510
255,10,10456.301059
255,11,7658.745328
255,14,7262.996943
255,15,6662.806539
255,16,5940.451670
255,17,5700.393780
255,18,5540.341833
255,19,5401.617526
255,20,5296.926951
255,22,5150.391002
255,26,5020.959215
256,9,14031.861510
256,10,10456.301059
256,11,7658.745328
256,14,7262.996943
256,15,6662.806539
256,16,5940.451670
256,17,5700.393780
256,18,5540.341833
256,19,5401.617526
256,20,5296.926951
256,22,5150.391002
256,26,5020.959215
257,9,14031.861510
257,10,10456.301059
257,11,7658.745328
257,14,7162.509676
257,15,6662.806539
257,16,5940.451670
257,17,5700.393780
257,18,5540.341833
257,19,5401.617526
257,20,5296.926951
257,22,5150.391002
257,26,5020.959215
258,9,14031.861510
258,10,10456.301059
258,11,7658.745328
258,14,7162.509676
258,15,6662.806539
258,16,5940.451670
258,17,5700.393780
258,18,5540.341833
258,19,5401.617526
258,20,5296.926951
258,22,5150.391002
258,25,5049.579069
258,26,5020.959215
259,9,14031.861510
259,10,10456.301059
259,11,7658.745328
259,14,7162.509676
259,15,6662.806539
259,16,5940.451670
259,17,5700.393780
259,18,5540.341833
259,19,5401.617526
259,20,5296.926951
259,22,5150.391002
259,25,5049.579069
259,26,5020.959215
260,9,14031.861510
260,10,10456.301059
260,11,7658.745328
260,14,7162.509676
260,15,6662.806539
260,16,5940.451670
260,17,5700.393780
260,18,5540.341833
260,19,5401.617526
260,20,5296.926951
260,22,5150.391002
260,25,5049.579069
260,26,5020.959215
261,9,14031.861510
261,10,10456.301059
261,11,7486.307276
261,14,7162.509676
261,15,6662.806539
261,16,5940.451670
261,17,5555.750166
261,18,5540.341833
261,19,5401.617526
261,20,5296.926951
261,22,5020.832104
261,25,5007.301440
262,9,14031.861510
262,10,10456.301059
262,11,7486.307276
262,14,7162.509676
262,15,6662.806539
262,16,5940.451670
262,17,5555.750166
262,18,5540.341833
262,19,5401.617526
262,20,5296.926951
262,22,5020.832104
262,25,5007.301440
263,9,14031.861510
263,10,10456.301059
263,11,7486.307276
263,14,7162.509676
263,15,6662.806539
263,16,5940.451670
263,17,5555.750166
263,18,5540.341833
263,19,5401.617526
263,20,5296.926951
263,21,5295.253909
263,22,5020.832104
263,25,5007.301440
264,9,14031.861510
264,10,10456.301059
264,11,7486.307276
264,14,7162.509676
264,15,6662.806539
264,16,5940.451670
264,17,5555.750166
264,18,5540.341833
264,19,5401.617526
264,20,5296.926951
264,21,5295.253909
264,22,5020.832104
264,25,5007.301440
265,9,14031.861510
265,10,10456.301059
265,11,7486.307276
265,14,7162.509676
265,15,6662.806539
265,16,5940.451670
265,17,5555.750166
265,18,5540.341833
265,19,5401.617526
265,20,5296.926951
265,21,5295.253909
265,22,5020.832104
265,25,5007.301440
266,9,14031.861510
266,10,10456.301059
266,11,7486.307276
266,14,7162.509676
266,15,6662.806539
266,16,5940.451670
266,17,5555.750166
266,18,5540.341833
266,19,5401.617526
266,20,5251.666941
266,22,5020.832104
266,25,5007.301440
267,9,14031.861510
267,10,10456.301059
267,11,7486.307276
267,14,7162.509676
267,15,6662.806539
267,16,5940.451670
267,17,5555.750166
267,18,5540.341833
267,19,5401.617526
267,20,5251.666941
267,22,5020.832104
267,25,5007.301440
268,9,14031.861510
268,10,10456.301059
268,11,7486.307276
268,14,7162.509676
268,15,6662.806539
268,16,5940.451670
268,17,5555.750166
268,18,5540.341833
268,19,5401.617526
268,20,5251.666941
268,22,5020.832104
268,25,5007.301440
269,9,14031.861510
269,10,10456.301059
269,11,7486.307276
269,14,7162.509676
269,15,6662.806539
269,16,5940.451670
269,17,5555.750166
269,18,5540.341833
269,19,5401.617526
269,20,5251.666941
269,22,5020.832104
269,25,5007.301440
270,9,14031.861510
270,10,10456.301059
270,11,7486.307276
270,14,7162.509676
270,15,6662.806539
270,16,5940.451670
270,17,5555.750166
270,18,5540.341833
270,19,5401.617526
270,20,5251.666941
270,22,5020.832104
270,25,5007.301440
271,9,14031.861510
271,10,9981.204756
271,11,7478.846228
271,14,7108.421937
271,15,6662.806539
271,16,5940.451670
271,17,5555.750166
271,18,5540.341833
271,19,5401.617526
271,20,5251.666941
271,22,5020.832104
271,25,5007.301440
272,9,14031.861510
272,10,9981.204756
272,11,7478.846228
272,14,7108.421937
272,15,6662.806539
272,16,5940.451670
272,17,5555.750166
272,18,5540.341833
272,19,5401.617526
272,20,5251.666941
272,22,5020.832104
272,25,5007.301440
273,9,14031.861510
273,10,9981.204756
273,11,7478.846228
273,14,7041.313227
273,15,6662.806539
273,16,5940.451670
273,17,5555.750166
273,18,5540.341833
273,19,5401.617526
273,20,5251.666941
273,22,5020.832104
273,25,5007.301440
274,9,14031.861510
274,10,9981.204756
274,11,7478.846228
274,14,7041.313227
274,15,6662.806539
274,16,5940.451670
274,17,5555.750166
274,18,5540.341833
274,19,5401.617526
274,20,5251.666941
274,22,5020.832104
274,25,5007.301440
275,9,14031.861510
275,10,9981.204756
275,11,7478.846228
275,14,7041.313227
275,15,6662.806539
275,16,5940.451670
275,17,5555.750166
275,18,5540.341833
275,19,5401.617526
275,20,5251.666941
275,22,5020.832104
275,25,5007.301440
276,9,14031.861510
276,10,9722.059635
276,11,7478.846228
276,14,7041.313227
276,15,6662.806539
276,16,5940.451670
276,17,5555.750166
276,18,5540.341833
276,19,5401.617526
276,20,5251.666941
276,22,5020.832104
276,25,5007.301440
277,9,14031.861510
277,10,9722.059635
277,11,7478.846228
277,14,7041.313227
277,15,6662.806539
277,16,5940.451670
277,17,5555.750166
277,18,5540.341833
277,19,5401.617526
277,20,5251.666941
277,22,5020.832104
277,25,5007.301440
278,9,14031.861510
278,10,9722.059635
278,11,7478.846228
278,14,7041.313227
278,15,6662.806539
278,16,5940.451670
278,17,5555.750166
278,18,5540.341833
278,19,5401.617526
278,20,5251.666941
278,22,5020.832104
278,25,5007.301440
279,9,14031.861510
279,10,9722.059635
279,11,7478.846228
279,14,7041.313227
279,15,6662.806539
279,16,5940.451670
279,17,5555.750166
279,18,5540.341833
279,19,5401.617526
279,20,5251.666941
279,22,5020.832104
279,25,5007.301440
280,9,14031.861510
280,10,9722.059635
280,11,7478.846228
280,14,7041.313227
280,15,6662.806539
280,16,5940.451670
280,17,5555.750166
280,18,5540.341833
280,19,5401.617526
280,20,5251.666941
280,22,5020.832104
280,25,5007.301440
281,9,14031.861510
281,10,9722.059635
281,11,7447.240658
281,14,7041.313227
281,15,6662.806539
281,16,5940.451670
281,17,5555.750166
281,18,5540.341833
281,19,5401.617526
281,20,5251.666941
281,22,5020.832104
281,24,4970.471077
282,9,14031.861510
282,10,9722.059635
282,11,7447.240658
282,14,7041.313227
282,15,6662.806539
282,16,5940.451670
282,17,5555.750166
282,18,5540.341833
282,19,5401.617526
282,20,5251.666941
282,21,5215.086367
282,22,5020.832104
282,24,4970.471077
283,9,14031.861510
283,10,9722.059635
283,11,7447.240658
283,14,7041.313227
283,15,6662.806539
283,16,5940.451670
283,17,5555.750166
283,18,5540.341833
283,19,5401.617526
283,20,5251.666941
283,21,5215.086367
283,22,5020.832104
283,24,4970.471077
284,9,14031.861510
284,10,9722.059635
284,11,7447.240658
284,14,7041.313227
284,15,6662.806539
284,16,5940.451670
284,17,5555.750166
284,18,5540.341833
284,19,5401.617526
284,20,5251.666941
284,21,5215.086367
284,22,5020.832104
284,24,4970.471077
285,9,14031.861510
285,10,9722.059635
285,11,7447.240658
285,14,7041.313227
285,15,6662.806539
285,16,5940.451670
285,17,5555.750166
285,18,5540.341833
285,19,5401.617526
285,20,5251.666941
285,21,5215.086367
285,22,5020.832104
285,24,4970.471077
286,9,14031.861510
286,10,9722.059635
286,11,7229.562629
286,14,7041.313227
286,15,6662.806539
286,16,5940.451670
286,17,5555.750166
286,18,5389.038617
286,20,5251.666941
286,21,5215.086367
286,22,5020.832104
286,24,4970.471077
287,9,14031.861510
287,10,9722.059635
287,11,7229.562629
287,14,7041.313227
287,15,6662.806539
287,16,5940.451670
287,17,5555.750166
287,18,5389.038617
287,20,5251.666941
287,21,5215.086367
287,22,5020.832104
287,24,4970.471077
288,9,14031.861510
288,10,9722.059635
288,11,7229.562629
288,14,7041.313227
288,15,6662.806539
288,16,5940.451670
288,17,5555.750166
288,18,5389.038617
288,20,5251.666941
288,21,5215.086367
288,22,5020.832104
288,24,4970.471077
289,9,14031.861510
289,10,9722.059635
289,11,7229.562629
289,14,7041.313227
289,15,6662.806539
289,16,5940.451670
289,17,5555.750166
289,18,5389.038617
289,20,5251.666941
289,21,5215.086367
289,22,5020.832104
289,24,4970.471077
290,9,14031.861510
290,10,9722.059635
290,11,7229.562629
290,14,7041.313227
290,15,6662.806539
290,16,5940.451670
290,17,5555.750166
290,18,5389.038617
290,20,5251.666941
290,21,5215.086367
290,22,5020.832104
290,24,4970.471077
291,9,14031.861510
291,10,9722.059635
291,11,7229.562629
291,14,7041.313227
291,15,6662.806539
291,16,5940.451670
291,17,5555.750166
291,18,5348.429997
291,20,5251.666941
291,21,5215.086367
291,22,5020.832104
291,24,4970.471077
292,9,14031.861510
292,10,9722.059635
292,11,7229.562629
292,14,7041.313227
292,15,6662.806539
292,16,5940.451670
292,17,5555.750166
292,18,5348.429997
292,20,5251.666941
292,21,5215.086367
292,22,5020.832104
292,24,4970.471077
293,9,14031.861510
293,10,9722.059635
293,11,7229.562629
293,14,6944.694113
293,15,6662.806539
293,16,5940.451670
293,17,5555.750166
293,18,5348.429997
293,20,5251.666941
293,21,5215.086367
293,22,5020.832104
293,24,4970.471077
294,9,14031.861510
294,10,9722.059635
294,11,7229.562629
294,14,6944.694113
294,15,6662.806539
294,16,5940.451670
294,17,5555.750166
294,18,5348.429997
294,20,5251.666941
294,21,5215.086367
294,22,5020.832104
294,24,4970.471077
295,9,14031.861510
295,10,9722.059635
295,11,7229.562629
295,14,6944.694113
295,15,6662.806539
295,16,5940.451670
295,17,5555.750166
295,18,5348.429997
295,20,5251.666941
295,21,5215.086367
295,22,5020.832104
295,24,4970.471077
296,9,14031.861510
296,10,9722.059635
296,11,7024.072128
296,14,6944.694113
296,15,6662.806539
296,16,5940.451670
296,17,5555.750166
296,18,5348.429997
296,20,5251.666941
296,21,5215.086367
296,22,5020.832104
296,24,4970.471077
297,9,14031.861510
297,10,9722.059635
297,11,7024.072128
297,14,6944.694113
297,15,6482.889569
297,16,5940.451670
297,17,5555.750166
297,18,5348.429997
297,20,5251.666941
297,21,5215.086367
297,22,5020.832104
297,24,4970.471077
298,9,14031.861510
298,10,9722.059635
298,11,7024.072128
298,14,6944.694113
298,15,6482.889569
298,16,5940.451670
298,17,5555.750166
298,18,5348.429997
298,20,5251.666941
298,21,5215.086367
298,22,5020.832104
298,24,4970.471077
299,9,14031.861510
299,10,9722.059635
299,11,7024.072128
299,14,6944.694113
299,15,6482.889569
299,16,5940.451670
299,17,5555.750166
299,18,5348.429997
299,20,5251.666941
299,21,5215.086367
299,22,5020.832104
299,24,4970.471077
300,9,14031.861510
300,10,9722.059635
300,11,7024.072128
300,14,6944.694113
300,15,6482.889569
300,16,5940.451670
300,17,5555.750166
300,18,5348.429997
300,20,5251.666941
300,21,5215.086367
300,22,5020.832104
300,24,4970.471077
301,9,14031.861510
301,10,9722.059635
301,11,7024.072128
301,14,6944.694113
301,15,6482.889569
301,16,5940.451670
301,17,5555.750166
301,18,5348.429997
301,20,5251.666941
301,21,5215.086367
301,22,5020.832104
301,24,4970.471077
302,9,14031.861510
302,10,9722.059635
302,11,7024.072128
302,14,6944.694113
302,15,6482.889569
302,16,5940.451670
302,17,5555.750166
302,18,5348.429997
302,20,5251.666941
302,21,5215.086367
302,22,5020.832104
302,24,4970.471077
303,9,14031.861510
303,10,9675.453857
303,11,7024.072128
303,14,6944.694113
303,15,6482.889569
303,16,5940.451670
303,17,5555.750166
303,18,5348.429997
303,20,5251.666941
303,21,5215.086367
303,22,5020.832104
303,24,4970.471077
304,9,14031.861510
304,10,9675.453857
304,11,7024.072128
304,14,6944.694113
304,15,6482.889569
304,16,5740.108152
304,17,5555.750166
304,18,5348.429997
304,20,5251.666941
304,21,5215.086367
304,22,5020.832104
304,24,4970.471077
305,9,14031.861510
305,10,9675.453857
305,11,7024.072128
305,14,6944.694113
305,15,6482.889569
305,16,5740.108152
305,17,5555.750166
305,18,5348.429997
305,20,5251.666941
305,21,5215.086367
305,22,5020.832104
305,24,4970.471077
306,9,14031.861510
306,10,9675.453857
306,11,7024.072128
306,14,6944.694113
306,15,6482.889569
306,16,5740.108152
306,17,5555.750166
306,18,5348.429997
306,20,5251.666941
306,21,5215.086367
306,22,5020.832104
306,24,4970.471077
307,9,14031.861510
307,10,9675.453857
307,11,7024.072128
307,14,6944.694113
307,15,6482.889569
307,16,5740.108152
307,17,5555.750166
307,18,5348.429997
307,20,5251.666941
307,21,5215.086367
307,22,5020.832104
307,24,4970.471077
308,9,14031.861510
308,10,9675.453857
308,11,7024.072128
308,14,6944.694113
308,15,6482.889569
308,16,5740.108152
308,17,5555.750166
308,18,5348.429997
308,20,5251.666941
308,21,5215.086367
308,22,5020.832104
308,24,4970.471077
309,9,14031.861510
309,10,9675.453857
309,11,7024.072128
309,14,6944.694113
309,15,6482.889569
309,16,5740.108152
309,17,5555.750166
309,18,5348.429997
309,20,5251.666941
309,21,5215.086367
309,22,5020.832104
309,24,4970.471077
310,9,14031.861510
310,10,9675.453857
310,11,7024.072128
310,14,6944.694113
310,15,6482.889569
310,16,5740.108152
310,17,5555.750166
310,18,5348.429997
310,20,5251.666941
310,21,5215.086367
310,22,5020.832104
310,24,4970.471077
311,9,14012.990508
311,10,9675.453857
311,11,6938.021676
311,14,6790.456264
311,15,6482.889569
311,16,5740.108152
311,17,5555.750166
311,18,5348.429997
311,20,5161.952001
311,22,5020.832104
311,24,4970.471077
312,9,14012.990508
312,10,9675.453857
312,11,6938.021676
312,14,6790.456264
312,15,6482.889569
312,16,5740.108152
312,17,5555.750166
312,18,5348.429997
312,20,5161.952001
312,22,5020.832104
312,24,4970.471077
313,9,14012.990508
313,10,8806.516171
313,11,6938.021676
313,14,6790.456264
313,15,6482.889569
313,16,5740.108152
313,17,5555.750166
313,18,5348.429997
313,20,5161.952001
313,22,5020.832104
313,24,4970.471077
314,9,14012.990508
314,10,8806.516171
314,11,6938.021676
314,14,6790.456264
314,15,6482.889569
314,16,5740.108152
314,17,5555.750166
314,18,5348.429997
314,20,5161.952001
314,22,5020.832104
314,24,4970.471077
315,9,14012.990508
315,10,8806.516171
315,11,6938.021676
315,14,6790.456264
315,15,6482.889569
315,16,5740.108152
315,17,5555.750166
315,18,5348.429997
315,20,5161.952001
315,22,5020.832104
315,24,4970.471077
316,9,14012.990508
316,10,8731.310849
316,11,6938.021676
316,14,6378.751411
316,16,5740.108152
316,17,5555.750166
316,18,5348.429997
316,20,5161.952001
316,22,5020.832104
316,23,4908.845651
317,9,14012.990508
317,10,8731.310849
317,11,6938.021676
317,14,6378.751411
317,16,5740.108152
317,17,5555.750166
317,18,5348.429997
317,20,5161.952001
317,22,5020.832104
317,23,4908.845651
318,9,12793.995091
318,10,8731.310849
318,11,6938.021676
318,14,6378.751411
318,16,5740.108152
318,17,5555.750166
318,18,5348.429997
318,20,5161.952001
318,22,5020.832104
318,23,4908.845651
319,9,12793.995091
319,10,8731.310849
319,11,6938.021676
319,14,6378.751411
319,16,5740.108152
319,17,5555.750166
319,18,5348.429997
319,20,5161.952001
319,22,5020.832104
319,23,4908.845651
320,9,12793.995091
320,10,8731.310849
320,11,6938.021676
320,14,6378.751411
320,16,5740.108152
320,17,5555.750166
320,18,5341.058106
320,20,5161.952001
320,22,5020.832104
320,23,4908.845651
321,9,12793.995091
321,10,8731.310849
321,11,6938.021676
321,14,6378.751411
321,16,5740.108152
321,17,5555.750166
321,18,5341.058106
321,20,5161.952001
321,22,5020.832104
321,23,4908.845651
322,9,12793.995091
322,10,8731.310849
322,11,6938.021676
322,14,6378.751411
322,16,5740.108152
322,17,5555.750166
322,18,5341.058106
322,20,5161.952001
322,22,5020.832104
322,23,4908.845651
323,9,12793.995091
323,10,8731.310849
323,11,6938.021676
323,14,6378.751411
323,16,5740.108152
323,17,5555.750166
323,18,5341.058106
323,20,5161.952001
323,22,5020.832104
323,23,4908.845651
324,9,12793.995091
324,10,8731.310849
324,11,6938.021676
324,14,6378.751411
324,16,5740.108152
324,17,5555.750166
324,18,5341.058106
324,19,5244.042605
324,20,5161.952001
324,22,5020.832104
324,23,4908.845651
325,9,12793.995091
325,10,8731.310849
325,11,6938.021676
325,14,6378.751411
325,16,5740.108152
325,17,5555.750166
325,18,5341.058106
325,19,5244.042605
325,20,5161.952001
325,22,5020.832104
325,23,4908.845651
