Generation,NV,TOC
1,13,4046.863432
1,14,3731.105036
1,15,3098.635382
1,16,2905.869786
1,19,2691.572287
1,24,2364.520034
1,26,2241.359264
1,27,2214.783276
2,13,3402.351943
2,14,2966.708222
2,15,2772.199963
2,16,2474.418075
2,23,2313.555135
2,26,2241.359264
2,27,2214.783276
2,29,2203.605566
3,11,3308.871885
3,12,3242.885612
3,14,2619.625810
3,16,2474.418075
3,21,2338.700489
3,23,2313.555135
3,25,2292.369329
3,26,2241.359264
3,27,2197.582401
3,29,2196.523025
4,11,3308.871885
4,12,3242.885612
4,13,3099.176765
4,14,2619.625810
4,16,2474.418075
4,18,2297.147139
4,19,2264.866069
4,26,2241.359264
4,27,2197.582401
4,29,2189.484434
5,11,3308.871885
5,12,3242.885612
5,13,3099.176765
5,14,2619.625810
5,16,2474.418075
5,18,2297.147139
5,19,2188.667520
6,11,3225.151227
6,12,3190.653620
6,13,3099.176765
6,14,2619.625810
6,16,2474.418075
6,18,2297.147139
6,19,2183.234968
7,10,3307.254580
7,11,3225.151227
7,12,2776.403818
7,14,2619.625810
7,16,2474.418075
7,17,2278.278244
7,18,2254.009120
7,19,2176.016949
7,24,2139.977112
8,10,3307.254580
8,11,3020.613827
8,12,2776.403818
8,13,2433.651751
8,17,2278.278244
8,18,2218.844716
8,19,2176.016949
8,22,2173.752836
8,23,2168.803658
8,24,2139.977112
9,10,3060.538351
9,11,3020.613827
9,12,2776.403818
9,13,2433.651751
9,16,2337.052720
9,17,2278.278244
9,18,2218.844716
9,19,2176.016949
9,22,2173.752836
9,23,2168.803658
9,24,2138.075886
9,27,2116.695334
10,10,3060.538351
10,11,3013.391722
10,12,2776.403818
10,13,2433.651751
10,16,2337.052720
10,17,2278.278244
10,18,2218.844716
10,19,2176.016949
10,22,2173.752836
10,23,2144.803010
10,24,2138.075886
10,25,2124.970920
10,27,2072.386272
10,28,2068.167891
11,10,3060.538351
11,11,3013.391722
11,12,2776.403818
11,13,2433.651751
11,16,2337.052720
11,17,2278.278244
11,18,2208.061138
11,19,2176.016949
11,22,2173.752836
11,23,2144.803010
11,24,2061.719673
12,9,3246.154146
12,10,3060.538351
12,11,3013.391722
12,12,2776.403818
12,13,2433.651751
12,15,2289.819608
12,17,2172.808986
12,19,2117.844864
12,23,2033.623570
13,9,3246.154146
13,10,3060.538351
13,11,2883.365355
13,12,2776.403818
13,13,2433.651751
13,15,2289.819608
13,17,2172.808986
13,19,2117.844864
13,22,2079.557461
13,23,2033.623570
14,9,3246.154146
14,10,3060.538351
14,11,2883.365355
14,12,2734.553504
14,13,2433.651751
14,15,2289.819608
14,16,2135.305607
14,19,2117.844864
14,22,2079.557461
14,23,2033.623570
15,9,3246.154146
15,10,3060.538351
15,11,2717.656545
15,12,2664.479394
15,13,2433.651751
15,15,2289.819608
15,16,2135.305607
15,19,2117.844864
15,22,2079.557461
15,23,2033.623570
15,24,2013.234833
16,9,3246.154146
16,10,2978.516876
16,11,2717.656545
16,12,2551.497244
16,13,2433.651751
16,15,2289.819608
16,16,2135.305607
16,18,2091.938972
16,21,2031.544533
16,24,2013.234833
17,9,3246.154146
17,10,2844.105246
17,11,2717.656545
17,12,2439.663815
17,13,2433.651751
17,14,2410.198609
17,15,2289.819608
17,16,2135.305607
17,18,2090.594930
17,21,1981.753914
18,9,3246.154146
18,10,2809.515286
18,11,2717.656545
18,12,2439.663815
18,13,2387.770565
18,15,2167.253200
18,16,2093.860309
18,18,2090.594930
18,19,2003.281944
18,21,1981.753914
19,9,3246.154146
19,10,2809.515286
19,11,2717.656545
19,12,2439.663815
19,13,2387.770565
19,14,2373.785548
19,15,2167.253200
19,16,2088.009491
19,18,2057.416529
19,19,2003.281944
19,21,1981.753914
20,9,3246.154146
20,10,2793.306019
20,11,2717.656545
20,12,2439.663815
20,13,2387.770565
20,14,2247.634959
20,15,2167.253200
20,16,2088.009491
20,18,2057.416529
20,19,2003.281944
20,21,1981.753914
21,9,3246.154146
21,10,2671.738651
21,12,2439.663815
21,13,2387.770565
21,14,2247.634959
21,15,2167.253200
21,16,2088.009491
21,18,2057.416529
21,19,2003.281944
21,21,1981.753914
22,9,3199.033943
22,10,2647.891142
22,11,2591.556026
22,12,2275.120379
22,14,2247.634959
22,15,2167.253200
22,16,2088.009491
22,18,2047.132567
22,19,1991.680516
22,21,1979.061644
23,8,2970.862837
23,9,2790.292291
23,10,2647.891142
23,11,2591.556026
23,12,2275.120379
23,14,2247.634959
23,15,2167.253200
23,16,2088.009491
23,17,2065.393155
23,18,2047.132567
23,19,1991.680516
23,20,1983.421976
23,21,1979.061644
24,8,2970.862837
24,9,2790.292291
24,10,2647.891142
24,11,2591.556026
24,12,2275.120379
24,13,2259.204637
24,14,2186.595631
24,15,2155.384684
24,16,2088.009491
24,17,2065.393155
24,18,2047.132567
24,19,1991.680516
24,20,1983.421976
24,21,1979.061644
25,8,2933.685162
25,9,2790.292291
25,10,2647.891142
25,11,2591.556026
25,12,2275.120379
25,13,2157.255745
25,15,2108.925606
25,16,2088.009491
25,17,2065.393155
25,18,2047.132567
25,19,1991.680516
25,20,1957.110047
26,8,2720.300807
26,10,2647.891142
26,11,2574.204969
26,12,2275.120379
26,13,2157.255745
26,15,2108.925606
26,16,2088.009491
26,17,2065.393155
26,18,2047.132567
26,19,1974.977784
26,20,1957.110047
27,8,2680.510087
27,10,2647.891142
27,11,2494.475045
27,12,2275.120379
27,13,2157.255745
27,14,2121.830162
27,15,2108.925606
27,16,2019.352673
27,19,1974.977784
27,20,1950.545677
28,8,2680.510087
28,10,2647.891142
28,11,2494.475045
28,12,2275.120379
28,13,2156.381235
28,14,2121.830162
28,15,2108.925606
28,16,2019.352673
28,19,1974.977784
28,20,1950.545677
29,8,2680.510087
29,10,2647.891142
29,11,2465.043359
29,12,2275.120379
29,13,2156.381235
29,14,2121.830162
29,15,2108.925606
29,16,2019.352673
29,19,1961.261848
29,20,1950.545677
30,8,2680.510087
30,9,2679.697332
30,10,2611.487036
30,11,2465.043359
30,12,2275.120379
30,13,2156.381235
30,14,2121.830162
30,15,2108.714283
30,16,2019.352673
30,19,1961.261848
30,20,1950.545677
31,8,2680.510087
31,9,2679.697332
31,10,2611.487036
31,11,2465.043359
31,12,2275.120379
31,13,2156.381235
31,14,2118.432157
31,15,2099.787199
31,16,2019.352673
31,19,1925.277654
32,8,2680.510087
32,9,2679.600809
32,10,2611.487036
32,11,2285.183104
32,12,2275.120379
32,13,2138.323904
32,14,2112.860611
32,15,2060.169457
32,16,2019.352673
32,17,2000.074493
32,19,1925.277654
33,8,2676.436673
33,10,2604.764861
33,11,2285.183104
33,12,2275.120379
33,13,2138.323904
33,14,2027.261792
33,16,2019.352673
33,17,2000.074493
33,19,1925.277654
34,8,2599.632561
34,10,2376.215386
34,11,2262.908893
34,13,2131.217526
34,14,2027.261792
34,16,2019.352673
34,17,2000.074493
34,18,1932.235732
34,19,1925.277654
35,8,2507.635274
35,9,2420.487978
35,10,2282.992481
35,11,2262.908893
35,13,2131.217526
35,14,2027.261792
35,16,2019.352673
35,17,2000.074493
35,18,1932.235732
35,19,1925.277654
36,8,2507.635274
36,9,2420.487978
36,10,2282.992481
36,11,2262.908893
36,13,2131.217526
36,14,2027.261792
36,16,2019.352673
36,17,2000.074493
36,18,1932.235732
36,19,1925.277654
36,20,1908.932154
37,8,2507.635274
37,9,2369.338895
37,10,2205.744123
37,11,2125.202138
37,13,2105.586566
37,14,2027.261792
37,15,2020.080293
37,16,1960.806356
37,18,1908.219784
38,7,2843.270740
38,8,2507.635274
38,9,2369.338895
38,10,2205.744123
38,11,2125.202138
38,12,2062.740700
38,14,2027.261792
38,15,2020.080293
38,16,1960.806356
38,18,1908.219784
39,7,2843.270740
39,8,2507.635274
39,9,2369.338895
39,10,2205.744123
39,11,2125.202138
39,12,2062.740700
39,13,2042.293662
39,14,2027.261792
39,15,1988.936493
39,16,1960.806356
39,18,1908.219784
40,7,2720.388861
40,8,2507.635274
40,9,2369.338895
40,10,2205.744123
40,11,2125.202138
40,12,2062.740700
40,13,2042.293662
40,14,2027.261792
40,15,1988.936493
40,16,1960.806356
40,18,1908.219784
41,7,2720.388861
41,8,2507.635274
41,9,2369.338895
41,10,2205.744123
41,11,2125.202138
41,12,2062.740700
41,13,2042.293662
41,14,2027.261792
41,15,1988.936493
41,16,1960.806356
41,18,1908.219784
42,7,2720.388861
42,8,2507.635274
42,9,2369.338895
42,10,2191.386141
42,11,2125.202138
42,12,2057.076418
42,13,2038.652032
42,14,2027.261792
42,15,1980.412423
42,16,1960.806356
42,18,1901.114889
43,7,2655.939069
43,8,2507.635274
43,9,2369.338895
43,10,2191.386141
43,11,2125.202138
43,12,2057.076418
43,13,2038.652032
43,14,2027.261792
43,15,1980.412423
43,16,1918.948813
43,18,1901.114889
44,7,2655.939069
44,8,2507.635274
44,9,2369.338895
44,10,2191.386141
44,11,2125.202138
44,12,2057.076418
44,13,1957.224644
44,16,1918.948813
44,18,1901.114889
45,7,2655.939069
45,8,2478.401119
45,9,2369.338895
45,10,2191.386141
45,11,2125.202138
45,12,2057.076418
45,13,1957.224644
45,15,1936.122700
45,16,1918.948813
45,18,1901.114889
46,7,2655.939069
46,8,2478.401119
46,9,2369.338895
46,10,2191.386141
46,11,2103.488431
46,12,2057.076418
46,13,1957.224644
46,15,1936.122700
46,16,1918.948813
46,18,1901.114889
47,7,2580.516448
47,8,2478.401119
47,9,2369.338895
47,10,2183.895753
47,11,2103.488431
47,12,2057.076418
47,13,1954.262048
47,15,1929.892713
47,16,1915.364754
47,17,1911.788710
47,18,1901.114889
48,7,2580.516448
48,8,2448.266834
48,9,2369.338895
48,10,2183.895753
48,11,2092.585425
48,12,2053.391449
48,13,1954.262048
48,15,1929.892713
48,16,1915.364754
48,17,1911.788710
48,18,1901.114889
49,7,2580.516448
49,8,2438.422533
49,9,2275.299696
49,10,2132.814553
49,11,2092.585425
49,12,2053.391449
49,13,1954.262048
49,15,1929.892713
49,16,1915.364754
49,17,1911.788710
49,18,1901.114889
50,7,2580.516448
50,8,2438.422533
50,9,2271.456935
50,10,2132.814553
50,11,2092.585425
50,12,2053.391449
50,13,1954.262048
50,15,1929.892713
50,16,1915.364754
50,17,1911.788710
50,18,1901.114889
51,7,2552.256325
51,8,2438.422533
51,9,2271.456935
51,10,2132.814553
51,11,2092.585425
51,12,2038.832769
51,13,1954.262048
51,15,1929.892713
51,16,1900.944562
52,7,2546.005629
52,8,2360.098732
52,9,2271.456935
52,10,2132.814553
52,11,2092.585425
52,12,2023.527086
52,13,1954.262048
52,15,1919.490999
52,16,1869.250094
53,7,2546.005629
53,8,2360.098732
53,9,2271.456935
53,10,2132.814553
53,11,2092.585425
53,12,2023.527086
53,13,1954.262048
53,15,1919.490999
53,16,1869.250094
54,7,2546.005629
54,8,2348.545711
54,9,2254.298420
54,10,2132.814553
54,11,2092.585425
54,12,2023.527086
54,13,1954.262048
54,15,1911.248714
54,16,1869.250094
55,7,2467.608348
55,8,2348.545711
55,9,2254.298420
55,10,2132.814553
55,11,2092.585425
55,12,2023.527086
55,13,1954.262048
55,15,1898.572781
55,16,1869.250094
56,7,2419.241603
56,8,2348.545711
56,9,2218.522298
56,10,2132.814553
56,11,2073.801547
56,12,2023.527086
56,13,1954.262048
56,14,1928.232876
56,15,1898.572781
56,16,1869.250094
57,7,2419.241603
57,8,2348.545711
57,9,2218.522298
57,10,2129.324125
57,11,2073.801547
57,12,2023.527086
57,13,1928.851747
57,14,1899.565512
57,15,1898.572781
57,16,1862.774383
58,7,2419.241603
58,8,2348.545711
58,9,2218.522298
58,10,2129.324125
58,11,2073.801547
58,12,2023.527086
58,13,1928.851747
58,14,1899.565512
58,15,1898.572781
58,16,1862.774383
59,7,2419.241603
59,8,2348.545711
59,9,2218.522298
59,10,2129.324125
59,11,2073.801547
59,12,2023.527086
59,13,1928.851747
59,14,1899.565512
59,15,1898.572781
59,16,1862.774383
60,7,2419.241603
60,8,2348.545711
60,9,2218.522298
60,10,2117.556010
60,11,2073.801547
60,12,2023.527086
60,13,1928.851747
60,14,1899.565512
60,15,1863.809964
60,16,1862.774383
61,7,2419.241603
61,8,2348.545711
61,9,2218.522298
61,10,2117.556010
61,11,2073.801547
61,12,2023.527086
61,13,1928.851747
61,14,1899.565512
61,15,1863.809964
61,16,1862.774383
62,7,2419.241603
62,8,2348.545711
62,9,2217.347797
62,10,2117.556010
62,11,2073.801547
62,12,2023.527086
62,13,1928.851747
62,14,1896.612680
62,15,1863.809964
62,16,1862.774383
63,7,2419.241603
63,8,2348.545711
63,9,2205.848565
63,10,2110.120821
63,11,2073.801547
63,12,2023.527086
63,13,1928.851747
63,14,1896.612680
63,15,1863.809964
63,16,1862.774383
64,7,2419.241603
64,8,2348.545711
64,9,2158.284514
64,10,2110.120821
64,11,2028.661354
64,12,1971.583497
64,13,1928.851747
64,14,1896.612680
64,15,1863.809964
64,16,1862.774383
65,7,2419.241603
65,8,2284.068376
65,9,2158.284514
65,10,2110.120821
65,11,2028.661354
65,12,1971.583497
65,13,1928.851747
65,14,1896.612680
65,15,1863.809964
65,16,1862.774383
66,7,2419.241603
66,8,2284.068376
66,9,2158.284514
66,10,2095.946665
66,11,2028.661354
66,12,1971.583497
66,13,1928.851747
66,14,1896.612680
66,15,1863.809964
66,16,1862.774383
66,18,1852.745999
67,7,2419.241603
67,8,2284.068376
67,9,2158.284514
67,10,2095.946665
67,11,2028.661354
67,12,1971.583497
67,13,1928.851747
67,14,1877.572691
67,15,1861.552178
67,18,1847.833925
68,7,2419.241603
68,8,2227.575961
68,9,2158.284514
68,10,2095.946665
68,11,2028.661354
68,12,1971.583497
68,13,1928.851747
68,14,1877.572691
68,15,1861.552178
68,18,1847.833925
69,7,2419.241603
69,8,2227.575961
69,9,2158.284514
69,10,2095.946665
69,11,2028.661354
69,12,1971.583497
69,13,1928.851747
69,14,1877.572691
69,15,1861.552178
69,18,1847.833925
70,7,2390.561395
70,8,2227.575961
70,9,2158.284514
70,10,2095.946665
70,11,2028.661354
70,12,1971.583497
70,13,1928.851747
70,14,1877.572691
70,15,1861.552178
70,18,1847.833925
71,7,2390.561395
71,8,2227.575961
71,9,2158.284514
71,10,2095.946665
71,11,2028.661354
71,12,1950.162814
71,13,1928.851747
71,14,1877.572691
71,15,1861.552178
71,16,1847.031084
72,7,2390.561395
72,8,2227.575961
72,9,2158.284514
72,10,2069.825569
72,11,2028.661354
72,12,1950.162814
72,13,1928.851747
72,14,1871.926457
72,15,1861.552178
72,16,1847.031084
73,7,2390.561395
73,8,2227.575961
73,9,2158.284514
73,10,2069.825569
73,11,2028.661354
73,12,1950.162814
73,13,1928.851747
73,14,1871.926457
73,15,1861.552178
73,16,1839.746190
74,7,2390.561395
74,8,2127.745444
74,9,2101.025953
74,10,2034.200908
74,11,2028.661354
74,12,1950.162814
74,13,1921.743646
74,14,1871.926457
74,15,1861.552178
74,16,1839.746190
75,7,2390.561395
75,8,2127.745444
75,9,2101.025953
75,10,2034.200908
75,11,1990.349773
75,12,1950.162814
75,13,1921.743646
75,14,1871.926457
75,15,1861.552178
75,16,1839.746190
76,7,2390.561395
76,8,2127.745444
76,9,2101.025953
76,10,2034.200908
76,11,1990.349773
76,12,1950.162814
76,13,1921.743646
76,14,1871.926457
76,15,1847.917427
76,16,1839.746190
77,7,2390.561395
77,8,2127.745444
77,9,2101.025953
77,10,2018.932260
77,11,1990.349773
77,12,1949.541498
77,13,1921.743646
77,14,1871.565070
77,15,1847.917427
77,16,1839.746190
78,7,2390.561395
78,8,2127.745444
78,9,2101.025953
78,10,2018.932260
78,11,1990.349773
78,12,1949.541498
78,13,1921.743646
78,14,1871.565070
78,15,1847.917427
78,16,1839.746190
79,7,2390.561395
79,8,2127.745444
79,9,2101.025953
79,10,1982.917237
79,11,1977.963503
79,12,1949.541498
79,13,1921.743646
79,14,1871.565070
79,15,1847.917427
79,16,1839.746190
80,7,2390.561395
80,8,2095.408903
80,10,1982.193958
80,11,1977.963503
80,12,1949.541498
80,13,1921.743646
80,14,1871.565070
80,15,1847.917427
80,16,1839.746190
81,7,2390.561395
81,8,2095.408903
81,10,1940.443069
81,13,1921.743646
81,14,1871.565070
81,15,1847.917427
81,16,1839.746190
82,7,2390.561395
82,8,2095.408903
82,9,2006.734527
82,10,1940.443069
82,11,1928.120710
82,13,1921.743646
82,14,1871.565070
82,15,1847.917427
82,16,1839.746190
83,7,2390.561395
83,8,2095.408903
83,9,2006.734527
83,10,1940.443069
83,11,1928.120710
83,13,1921.743646
83,14,1871.565070
83,15,1847.917427
83,16,1839.746190
84,7,2390.561395
84,8,2095.408903
84,9,2006.734527
84,10,1940.443069
84,11,1913.229600
84,13,1897.716708
84,14,1871.565070
84,15,1847.917427
84,16,1839.746190
85,7,2390.561395
85,8,2095.408903
85,9,2006.734527
85,10,1940.443069
85,11,1913.229600
85,13,1897.716708
85,14,1871.565070
85,15,1847.917427
85,16,1839.746190
86,7,2390.561395
86,8,2095.408903
86,9,2006.734527
86,10,1940.443069
86,11,1913.229600
86,13,1897.716708
86,14,1871.565070
86,15,1847.917427
86,16,1839.746190
87,7,2390.561395
87,8,2095.408903
87,9,2006.734527
87,10,1940.443069
87,11,1913.229600
87,13,1897.716708
87,14,1871.565070
87,15,1846.505973
87,16,1839.746190
88,7,2390.561395
88,8,2095.408903
88,9,2006.734527
88,10,1932.873183
88,11,1913.229600
88,13,1897.716708
88,14,1871.565070
88,15,1846.505973
88,16,1839.746190
89,7,2390.561395
89,8,2095.408903
89,9,2006.734527
89,10,1932.873183
89,11,1913.229600
89,12,1912.088340
89,13,1897.716708
89,14,1871.565070
89,15,1846.505973
89,16,1839.746190
90,7,2390.561395
90,8,2095.408903
90,9,2006.734527
90,10,1932.873183
90,11,1913.229600
90,12,1912.088340
90,13,1897.716708
90,14,1871.565070
90,15,1846.505973
90,16,1839.746190
91,7,2383.110892
91,8,2095.408903
91,9,2006.734527
91,10,1932.873183
91,11,1913.229600
91,12,1901.148522
91,13,1897.716708
91,14,1871.565070
91,15,1846.505973
91,16,1839.746190
92,7,2383.110892
92,8,2095.408903
92,9,2006.734527
92,10,1932.873183
92,11,1913.229600
92,12,1901.148522
92,13,1897.716708
92,14,1871.565070
92,15,1845.882378
92,16,1839.746190
93,7,2383.110892
93,8,2095.408903
93,9,2006.734527
93,10,1932.873183
93,11,1910.785240
93,12,1901.148522
93,13,1897.716708
93,14,1871.108385
93,15,1845.882378
93,16,1839.746190
94,7,2383.110892
94,8,2077.994706
94,9,2006.734527
94,10,1932.873183
94,11,1910.785240
94,12,1901.148522
94,13,1897.716708
94,14,1871.108385
94,15,1845.882378
94,16,1839.746190
95,7,2383.110892
95,8,2077.994706
95,9,2006.734527
95,10,1932.873183
95,11,1910.785240
95,12,1901.148522
95,13,1897.716708
95,14,1871.108385
95,15,1845.882378
95,16,1839.746190
96,6,2866.449249
96,7,2383.110892
96,8,2077.994706
96,9,2006.734527
96,10,1932.873183
96,11,1910.785240
96,12,1901.148522
96,13,1897.716708
96,14,1871.108385
96,15,1845.882378
96,16,1839.746190
97,6,2866.449249
97,7,2383.110892
97,8,2077.994706
97,9,2006.734527
97,10,1932.873183
97,11,1910.785240
97,12,1901.148522
97,13,1897.716708
97,14,1834.436212
98,6,2866.449249
98,7,2383.110892
98,8,2077.994706
98,9,2006.734527
98,10,1932.873183
98,11,1910.785240
98,12,1891.346953
98,14,1834.436212
99,6,2866.449249
99,7,2383.110892
99,8,2069.025353
99,9,2006.734527
99,10,1932.873183
99,11,1910.785240
99,12,1882.942650
99,14,1834.436212
100,6,2866.449249
100,7,2383.110892
100,8,2069.025353
100,9,2006.734527
100,10,1932.873183
100,11,1910.785240
100,12,1882.942650
100,14,1834.436212
101,6,2866.449249
101,7,2383.110892
101,8,2069.025353
101,9,2006.734527
101,10,1932.873183
101,11,1910.785240
101,12,1882.942650
101,13,1881.926754
101,14,1834.436212
102,6,2822.270119
102,7,2383.110892
102,8,2069.025353
102,9,2006.734527
102,10,1932.873183
102,11,1910.785240
102,12,1882.942650
102,13,1881.875587
102,14,1834.436212
103,6,2822.270119
103,7,2383.110892
103,8,2069.025353
103,9,2005.760239
103,10,1932.873183
103,11,1910.785240
103,12,1882.942650
103,13,1881.875587
103,14,1834.436212
104,6,2822.270119
104,7,2383.110892
104,8,2069.025353
104,9,2005.760239
104,10,1932.873183
104,11,1910.785240
104,12,1882.942650
104,13,1881.875587
104,14,1834.436212
105,6,2822.270119
105,7,2383.110892
105,8,2069.025353
105,9,2005.760239
105,10,1932.873183
105,11,1910.785240
105,12,1882.942650
105,13,1881.875587
105,14,1834.436212
106,6,2822.270119
106,7,2383.110892
106,8,2069.025353
106,9,2001.203303
106,10,1932.873183
106,11,1910.785240
106,12,1878.772886
106,14,1834.436212
107,6,2822.270119
107,7,2368.448844
107,8,2069.025353
107,9,2001.203303
107,10,1932.873183
107,11,1910.785240
107,12,1878.772886
107,14,1834.436212
108,6,2822.270119
108,7,2368.448844
108,8,2069.025353
108,9,2001.203303
108,10,1932.873183
108,11,1910.785240
108,12,1878.772886
108,14,1834.436212
109,6,2822.270119
109,7,2368.448844
109,8,2069.025353
109,9,2001.203303
109,10,1932.873183
109,11,1908.930852
109,12,1878.772886
109,14,1834.436212
110,6,2822.270119
110,7,2368.448844
110,8,2069.025353
110,9,2001.203303
110,10,1932.873183
110,11,1908.930852
110,12,1878.772886
110,14,1834.436212
111,6,2822.270119
111,7,2368.448844
111,8,2069.025353
111,9,2001.203303
111,10,1932.873183
111,11,1908.930852
111,12,1878.772886
111,14,1834.436212
112,6,2822.270119
112,7,2368.448844
112,8,2069.025353
112,9,2001.203303
112,10,1932.873183
112,11,1908.930852
112,12,1878.772886
112,14,1834.436212
113,6,2822.270119
113,7,2368.448844
113,8,2069.025353
113,9,2001.203303
113,10,1932.873183
113,11,1908.930852
113,12,1878.772886
113,14,1834.436212
114,6,2822.270119
114,7,2368.448844
114,8,2069.025353
114,9,2001.203303
114,10,1932.873183
114,11,1908.930852
114,12,1878.772886
114,14,1834.436212
115,6,2822.270119
115,7,2368.448844
115,8,2069.025353
115,9,1998.606629
115,10,1932.873183
115,11,1908.930852
115,12,1878.772886
115,14,1834.436212
116,6,2822.270119
116,7,2368.448844
116,8,2069.025353
116,9,1997.391255
116,10,1932.873183
116,11,1908.930852
116,12,1878.772886
116,14,1834.436212
117,6,2822.270119
117,7,2368.448844
117,8,2069.025353
117,9,1997.391255
117,10,1932.873183
117,11,1908.930852
117,12,1878.772886
117,14,1834.436212
118,6,2822.270119
118,7,2368.448844
118,8,2069.025353
118,9,1997.391255
118,10,1932.873183
118,11,1908.930852
118,12,1878.772886
118,14,1834.436212
119,6,2822.270119
119,7,2368.448844
119,8,2069.025353
119,9,1997.391255
119,10,1932.873183
119,11,1908.930852
119,12,1878.772886
119,14,1834.436212
120,6,2822.270119
120,7,2368.448844
120,8,2068.682655
120,9,1997.391255
120,10,1932.873183
120,11,1908.930852
120,12,1878.772886
120,14,1834.436212
121,6,2803.372669
121,7,2368.448844
121,8,2068.682655
121,9,1997.391255
121,10,1932.873183
121,11,1908.930852
121,12,1878.772886
121,14,1834.436212
122,6,2803.372669
122,7,2368.448844
122,8,2068.682655
122,9,1997.391255
122,10,1932.873183
122,11,1908.930852
122,12,1878.772886
122,13,1858.194102
122,14,1834.436212
123,6,2803.372669
123,7,2368.448844
123,8,2068.682655
123,9,1997.391255
123,10,1932.873183
123,11,1908.930852
123,12,1878.772886
123,13,1858.194102
123,14,1834.436212
124,6,2684.630424
124,7,2368.448844
124,8,2068.682655
124,9,1997.391255
124,10,1932.873183
124,11,1908.930852
124,12,1878.772886
124,13,1858.194102
124,14,1834.436212
125,6,2684.630424
125,7,2368.448844
125,8,2068.682655
125,9,1997.391255
125,10,1932.873183
125,11,1908.930852
125,12,1878.772886
125,13,1858.194102
125,14,1834.436212
126,6,2684.630424
126,7,2368.448844
126,8,2068.682655
126,9,1997.391255
126,10,1932.873183
126,11,1908.930852
126,12,1878.772886
126,13,1858.194102
126,14,1833.608471
127,6,2684.630424
127,7,2368.448844
127,8,2068.682655
127,9,1997.391255
127,10,1932.873183
127,11,1908.930852
127,12,1878.772886
127,13,1858.194102
127,14,1833.608471
128,6,2682.494847
128,7,2368.448844
128,8,2068.682655
128,9,1997.391255
128,10,1932.873183
128,11,1908.930852
128,12,1878.772886
128,13,1858.194102
128,14,1833.608471
129,6,2682.494847
129,7,2368.448844
129,8,2068.682655
129,9,1991.587301
129,10,1932.873183
129,11,1906.890994
129,12,1878.772886
129,13,1858.194102
129,14,1833.608471
130,6,2682.494847
130,7,2368.448844
130,8,2068.682655
130,9,1991.587301
130,10,1932.873183
130,11,1906.890994
130,12,1878.772886
130,13,1858.194102
130,14,1833.608471
131,6,2682.494847
131,7,2368.448844
131,8,2068.682655
131,9,1986.505225
131,10,1932.873183
131,11,1906.890994
131,12,1878.772886
131,13,1858.194102
131,14,1833.608471
132,6,2682.494847
132,7,2368.448844
132,8,2068.682655
132,9,1986.505225
132,10,1932.873183
132,11,1906.890994
132,12,1878.772886
132,13,1858.194102
132,14,1833.608471
133,6,2657.086992
133,7,2368.448844
133,8,2068.682655
133,9,1986.505225
133,10,1932.873183
133,11,1906.890994
133,12,1878.772886
133,13,1858.194102
133,14,1833.608471
134,6,2657.086992
134,7,2368.448844
134,8,2068.682655
134,9,1986.505225
134,10,1932.873183
134,11,1906.890994
134,12,1878.772886
134,13,1858.194102
134,14,1833.608471
135,6,2657.086992
135,7,2368.448844
135,8,2068.682655
135,9,1986.505225
135,10,1932.198115
135,11,1906.890994
135,12,1878.772886
135,13,1855.658913
135,14,1833.608471
136,6,2657.086992
136,7,2368.448844
136,8,2068.682655
136,9,1986.505225
136,10,1932.198115
136,11,1906.890994
136,12,1878.772886
136,13,1855.658913
136,14,1833.608471
137,6,2657.086992
137,7,2368.448844
137,8,2068.682655
137,9,1986.505225
137,10,1932.198115
137,11,1906.890994
137,12,1878.772886
137,13,1855.658913
137,14,1833.608471
138,6,2657.086992
138,7,2368.448844
138,8,2068.682655
138,9,1986.505225
138,10,1932.198115
138,11,1906.890994
138,12,1878.772886
138,13,1855.658913
138,14,1833.608471
139,6,2657.086992
139,7,2368.448844
139,8,2068.682655
139,9,1986.505225
139,10,1932.198115
139,11,1906.890994
139,12,1878.772886
139,13,1855.658913
139,14,1833.608471
140,6,2657.086992
140,7,2368.448844
140,8,2068.682655
140,9,1986.505225
140,10,1932.198115
140,11,1906.890994
140,12,1878.772886
140,13,1855.658913
140,14,1833.608471
141,6,2657.086992
141,7,2368.448844
141,8,2068.682655
141,9,1986.505225
141,10,1931.739914
141,11,1906.890994
141,12,1878.772886
141,13,1855.658913
141,14,1831.703400
142,6,2657.086992
142,7,2368.448844
142,8,2068.682655
142,9,1986.505225
142,10,1931.739914
142,11,1906.890994
142,12,1878.772886
142,13,1855.658913
142,14,1831.703400
143,6,2657.086992
143,7,2368.448844
143,8,2068.682655
143,9,1986.505225
143,10,1931.739914
143,11,1906.890994
143,12,1878.772886
143,13,1855.658913
143,14,1831.703400
144,6,2657.086992
144,7,2368.448844
144,8,2068.682655
144,9,1986.505225
144,10,1931.739914
144,11,1906.890994
144,12,1878.772886
144,13,1855.658913
144,14,1831.703400
145,6,2657.086992
145,7,2368.448844
145,8,2068.682655
145,9,1986.505225
145,10,1931.739914
145,11,1906.890994
145,12,1878.772886
145,13,1855.658913
145,14,1831.703400
146,6,2657.086992
146,7,2368.448844
146,8,2068.682655
146,9,1986.505225
146,10,1931.739914
146,11,1906.890994
146,12,1878.772886
146,13,1853.975323
146,14,1831.703400
147,6,2657.086992
147,7,2368.448844
147,8,2068.682655
147,9,1986.505225
147,10,1931.739914
147,11,1906.890994
147,12,1878.772886
147,13,1853.975323
147,14,1831.703400
148,6,2657.086992
148,7,2368.448844
148,8,2068.682655
148,9,1986.505225
148,10,1931.739914
148,11,1906.890994
148,12,1878.772886
148,13,1853.975323
148,14,1831.703400
149,6,2657.086992
149,7,2368.448844
149,8,2068.682655
149,9,1986.505225
149,10,1931.739914
149,11,1906.890994
149,12,1878.772886
149,13,1853.975323
149,14,1831.703400
150,6,2657.086992
150,7,2351.484359
150,8,2068.682655
150,9,1986.505225
150,10,1931.739914
150,11,1906.890994
150,12,1878.772886
150,13,1853.975323
150,14,1831.703400
151,6,2657.086992
151,7,2351.484359
151,8,2068.682655
151,9,1986.505225
151,10,1931.739914
151,11,1906.890994
151,12,1878.772886
151,13,1853.975323
151,14,1831.703400
152,6,2657.086992
152,7,2351.484359
152,8,2068.682655
152,9,1986.505225
152,10,1931.739914
152,11,1906.890994
152,12,1878.772886
152,13,1853.975323
152,14,1831.703400
153,6,2657.086992
153,7,2351.484359
153,8,2068.682655
153,9,1986.505225
153,10,1931.739914
153,11,1906.890994
153,12,1878.772886
153,13,1853.975323
153,14,1831.703400
154,6,2657.086992
154,7,2351.484359
154,8,2068.682655
154,9,1986.505225
154,10,1931.739914
154,11,1906.890994
154,12,1878.772886
154,13,1853.975323
154,14,1831.703400
155,6,2657.086992
155,7,2351.484359
155,8,2068.682655
155,9,1986.505225
155,10,1931.739914
155,11,1906.890994
155,12,1878.772886
155,13,1853.975323
155,14,1831.703400
156,6,2657.086992
156,7,2351.484359
156,8,2068.682655
156,9,1986.505225
156,10,1931.739914
156,11,1906.890994
156,12,1878.772886
156,13,1853.975323
156,14,1831.703400
157,6,2657.086992
157,7,2351.484359
157,8,2068.682655
157,9,1986.505225
157,10,1931.739914
157,11,1906.890994
157,12,1878.772886
157,13,1853.975323
157,14,1831.703400
158,6,2657.086992
158,7,2351.484359
158,8,2068.682655
158,9,1986.505225
158,10,1931.739914
158,11,1906.890994
158,12,1878.772886
158,13,1853.975323
158,14,1831.703400
159,6,2657.086992
159,7,2351.484359
159,8,2068.682655
159,9,1986.505225
159,10,1931.739914
159,11,1906.890994
159,12,1878.772886
159,13,1853.975323
159,14,1831.703400
160,6,2657.086992
160,7,2351.484359
160,8,2068.682655
160,9,1986.505225
160,10,1931.739914
160,11,1906.890994
160,12,1878.772886
160,13,1853.975323
160,14,1831.703400
161,6,2657.086992
161,7,2351.484359
161,8,2068.682655
161,9,1986.505225
161,10,1931.739914
161,11,1906.890994
161,12,1878.772886
161,13,1853.975323
161,14,1831.703400
162,6,2657.086992
162,7,2351.484359
162,8,2068.682655
162,9,1986.505225
162,10,1931.739914
162,11,1906.890994
162,12,1878.772886
162,13,1853.975323
162,14,1831.703400
163,6,2657.086992
163,7,2351.484359
163,8,2068.682655
163,9,1986.505225
163,10,1931.739914
163,11,1906.890994
163,12,1878.772886
163,13,1853.975323
163,14,1831.703400
164,6,2657.086992
164,7,2351.484359
164,8,2068.682655
164,9,1986.505225
164,10,1931.739914
164,11,1906.890994
164,12,1878.772886
164,13,1853.975323
164,14,1831.703400
165,6,2657.086992
165,7,2351.484359
165,8,2068.682655
165,9,1986.505225
165,10,1931.739914
165,11,1906.890994
165,12,1878.772886
165,13,1853.975323
165,14,1831.703400
166,6,2657.086992
166,7,2351.484359
166,8,2068.682655
166,9,1986.505225
166,10,1931.739914
166,11,1898.360230
166,12,1878.772886
166,13,1853.975323
166,14,1831.703400
167,6,2657.086992
167,7,2351.484359
167,8,2068.682655
167,9,1986.505225
167,10,1931.739914
167,11,1898.360230
167,12,1870.182594
167,13,1853.975323
167,14,1831.703400
168,6,2657.086992
168,7,2351.484359
168,8,2068.682655
168,9,1986.505225
168,10,1931.739914
168,11,1898.360230
168,12,1865.180816
168,13,1853.975323
168,14,1831.703400
169,6,2657.086992
169,7,2351.484359
169,8,2068.682655
169,9,1986.505225
169,10,1931.739914
169,11,1898.360230
169,12,1863.634236
169,13,1853.975323
169,14,1831.703400
170,6,2657.086992
170,7,2344.552310
170,8,2068.682655
170,9,1986.505225
170,10,1931.739914
170,11,1898.360230
170,12,1863.634236
170,13,1853.975323
170,14,1831.703400
171,6,2657.086992
171,7,2344.552310
171,8,2068.682655
171,9,1986.505225
171,10,1931.739914
171,11,1898.360230
171,12,1863.634236
171,13,1853.975323
171,14,1831.703400
172,6,2657.086992
172,7,2344.552310
172,8,2068.682655
172,9,1986.505225
172,10,1931.739914
172,11,1898.360230
172,12,1863.634236
172,13,1853.975323
172,14,1831.703400
173,6,2657.086992
173,7,2344.552310
173,8,2068.682655
173,9,1986.505225
173,10,1931.739914
173,11,1898.360230
173,12,1863.634236
173,13,1853.975323
173,14,1831.703400
174,6,2657.086992
174,7,2344.552310
174,8,2068.682655
174,9,1986.505225
174,10,1931.739914
174,11,1898.360230
174,12,1863.138220
174,13,1853.975323
174,14,1831.703400
175,6,2657.086992
175,7,2344.552310
175,8,2062.168861
175,9,1986.505225
175,10,1931.739914
175,11,1898.360230
175,12,1863.138220
175,13,1853.975323
175,14,1831.703400
176,6,2657.086992
176,7,2344.552310
176,8,2062.168861
176,9,1986.505225
176,10,1931.739914
176,11,1898.360230
176,12,1863.138220
176,13,1853.975323
176,14,1831.703400
177,6,2657.086992
177,7,2344.552310
177,8,2062.168861
177,9,1986.505225
177,10,1931.739914
177,11,1898.360230
177,12,1863.138220
177,13,1853.975323
177,14,1831.703400
178,6,2657.086992
178,7,2344.552310
178,8,2062.168861
178,9,1986.505225
178,10,1931.739914
178,11,1898.360230
178,12,1863.138220
178,13,1853.975323
178,14,1831.703400
179,6,2657.086992
179,7,2344.552310
179,8,2062.168861
179,9,1986.505225
179,10,1931.739914
179,11,1898.360230
179,12,1863.138220
179,13,1853.975323
179,14,1831.703400
180,6,2657.086992
180,7,2344.552310
180,8,2062.168861
180,9,1986.505225
180,10,1931.739914
180,11,1898.360230
180,12,1863.138220
180,13,1853.975323
180,14,1831.703400
181,6,2657.086992
181,7,2344.552310
181,8,2062.168861
181,9,1986.505225
181,10,1931.739914
181,11,1898.360230
181,12,1863.138220
181,13,1853.975323
181,14,1831.703400
182,6,2657.086992
182,7,2344.552310
182,8,2062.168861
182,9,1986.505225
182,10,1931.739914
182,11,1898.360230
182,12,1863.138220
182,13,1853.975323
182,14,1831.703400
183,6,2657.086992
183,7,2344.552310
183,8,2062.168861
183,9,1986.505225
183,10,1931.739914
183,11,1898.360230
183,12,1863.138220
183,13,1853.975323
183,14,1831.703400
184,6,2657.086992
184,7,2344.552310
184,8,2062.168861
184,9,1986.505225
184,10,1931.739914
184,11,1898.360230
184,12,1863.138220
184,13,1853.975323
184,14,1831.703400
185,6,2657.086992
185,7,2344.552310
185,8,2062.168861
185,9,1986.505225
185,10,1931.739914
185,11,1898.360230
185,12,1863.138220
185,13,1853.975323
185,14,1831.703400
186,6,2657.086992
186,7,2326.530117
186,8,2062.168861
186,9,1986.505225
186,10,1931.739914
186,11,1898.360230
186,12,1863.138220
186,13,1853.975323
186,14,1831.703400
187,6,2657.086992
187,7,2326.530117
187,8,2062.168861
187,9,1986.505225
187,10,1931.739914
187,11,1898.360230
187,12,1863.138220
187,13,1853.975323
187,14,1831.703400
188,6,2657.086992
188,7,2326.530117
188,8,2062.168861
188,9,1986.505225
188,10,1931.739914
188,11,1898.360230
188,12,1863.138220
188,13,1853.975323
188,14,1831.703400
189,6,2657.086992
189,7,2326.530117
189,8,2062.168861
189,9,1986.505225
189,10,1931.739914
189,11,1898.360230
189,12,1863.138220
189,13,1853.975323
189,14,1831.703400
190,6,2657.086992
190,7,2326.530117
190,8,2061.870053
190,9,1986.505225
190,10,1931.739914
190,11,1898.360230
190,12,1863.138220
190,13,1853.975323
190,14,1831.703400
191,6,2657.086992
191,7,2326.530117
191,8,2061.870053
191,9,1986.505225
191,10,1931.739914
191,11,1896.949174
191,12,1863.138220
191,13,1853.975323
191,14,1831.703400
192,6,2657.086992
192,7,2326.530117
192,8,2061.870053
192,9,1986.505225
192,10,1931.739914
192,11,1896.949174
192,12,1863.138220
192,13,1853.975323
192,14,1831.703400
193,6,2657.086992
193,7,2326.530117
193,8,2061.870053
193,9,1986.505225
193,10,1931.739914
193,11,1896.949174
193,12,1863.138220
193,13,1853.975323
193,14,1831.703400
194,6,2657.086992
194,7,2326.530117
194,8,2061.870053
194,9,1986.505225
194,10,1931.739914
194,11,1896.949174
194,12,1863.138220
194,13,1853.975323
194,14,1831.703400
195,6,2657.086992
195,7,2326.530117
195,8,2061.870053
195,9,1986.505225
195,10,1931.739914
195,11,1893.473647
195,12,1863.138220
195,13,1853.975323
195,14,1831.703400
196,6,2657.086992
196,7,2326.530117
196,8,2061.870053
196,9,1986.505225
196,10,1931.739914
196,11,1893.473647
196,12,1863.138220
196,13,1853.975323
196,14,1831.703400
197,6,2657.086992
197,7,2326.530117
197,8,2061.870053
197,9,1986.505225
197,10,1931.739914
197,11,1893.473647
197,12,1863.138220
197,13,1853.975323
197,14,1831.703400
198,6,2657.086992
198,7,2326.530117
198,8,2061.870053
198,9,1986.505225
198,10,1931.739914
198,11,1893.473647
198,12,1863.138220
198,13,1853.975323
198,14,1831.703400
199,6,2657.086992
199,7,2326.530117
199,8,2061.870053
199,9,1986.505225
199,10,1931.739914
199,11,1893.473647
199,12,1863.138220
199,13,1853.975323
199,14,1831.703400
200,6,2648.661930
200,7,2326.530117
200,8,2061.870053
200,9,1986.505225
200,10,1931.739914
200,11,1893.473647
200,12,1863.138220
200,13,1853.975323
200,14,1831.703400
201,6,2648.661930
201,7,2326.530117
201,8,2061.870053
201,9,1986.505225
201,10,1931.739914
201,11,1893.473647
201,12,1863.138220
201,13,1853.975323
201,14,1831.703400
202,6,2648.661930
202,7,2326.530117
202,8,2061.870053
202,9,1986.505225
202,10,1931.739914
202,11,1893.473647
202,12,1863.138220
202,13,1853.975323
202,14,1831.703400
203,6,2648.661930
203,7,2326.530117
203,8,2061.870053
203,9,1986.505225
203,10,1931.739914
203,11,1893.473647
203,12,1863.138220
203,13,1853.975323
203,14,1831.703400
204,6,2648.661930
204,7,2326.530117
204,8,2061.870053
204,9,1986.505225
204,10,1931.739914
204,11,1893.473647
204,12,1863.138220
204,13,1853.975323
204,14,1831.703400
205,6,2648.661930
205,7,2326.530117
205,8,2061.870053
205,9,1986.505225
205,10,1931.739914
205,11,1893.473647
205,12,1863.138220
205,13,1853.975323
205,14,1831.703400
206,6,2648.661930
206,7,2326.530117
206,8,2061.870053
206,9,1986.505225
206,10,1931.739914
206,11,1893.473647
206,12,1863.138220
206,13,1853.975323
206,14,1831.703400
207,6,2648.661930
207,7,2326.530117
207,8,2061.870053
207,9,1986.505225
207,10,1931.739914
207,11,1893.473647
207,12,1863.138220
207,13,1853.975323
207,14,1831.703400
208,6,2648.661930
208,7,2326.530117
208,8,2061.870053
208,9,1986.505225
208,10,1931.739914
208,11,1893.473647
208,12,1863.138220
208,13,1853.975323
208,14,1831.703400
209,6,2648.661930
209,7,2326.530117
209,8,2061.870053
209,9,1986.505225
209,10,1931.739914
209,11,1893.473647
209,12,1863.138220
209,13,1853.975323
209,14,1831.703400
210,6,2648.661930
210,7,2315.820679
210,8,2061.870053
210,9,1986.505225
210,10,1931.739914
210,11,1893.473647
210,12,1863.138220
210,13,1841.001273
210,14,1831.703400
211,6,2648.661930
211,7,2315.820679
211,8,2061.870053
211,9,1986.505225
211,10,1931.739914
211,11,1886.741371
211,12,1863.138220
211,13,1840.624212
211,14,1831.703400
212,6,2648.661930
212,7,2315.820679
212,8,2061.870053
212,9,1986.505225
212,10,1931.739914
212,11,1886.741371
212,12,1863.138220
212,13,1840.624212
212,14,1831.703400
213,6,2648.661930
213,7,2315.820679
213,8,2061.870053
213,9,1986.505225
213,10,1931.739914
213,11,1886.741371
213,12,1863.138220
213,13,1840.624212
213,14,1831.703400
214,6,2648.661930
214,7,2315.820679
214,8,2061.870053
214,9,1986.505225
214,10,1931.739914
214,11,1886.741371
214,12,1863.138220
214,13,1840.624212
214,14,1831.703400
215,6,2648.661930
215,7,2315.820679
215,8,2061.870053
215,9,1986.505225
215,10,1931.739914
215,11,1886.741371
215,12,1863.138220
215,13,1840.624212
215,14,1831.703400
216,6,2648.661930
216,7,2315.820679
216,8,2061.870053
216,9,1986.505225
216,10,1931.739914
216,11,1886.741371
216,12,1863.138220
216,13,1840.624212
216,14,1831.703400
217,6,2648.661930
217,7,2315.820679
217,8,2061.870053
217,9,1986.505225
217,10,1931.739914
217,11,1886.741371
217,12,1863.138220
217,13,1840.624212
217,14,1831.703400
218,6,2648.661930
218,7,2315.820679
218,8,2061.870053
218,9,1986.505225
218,10,1931.739914
218,11,1886.741371
218,12,1863.138220
218,13,1840.624212
218,14,1831.703400
219,6,2648.661930
219,7,2315.820679
219,8,2061.870053
219,9,1986.505225
219,10,1931.739914
219,11,1886.741371
219,12,1863.138220
219,13,1840.624212
219,14,1831.703400
220,6,2648.661930
220,7,2315.820679
220,8,2061.870053
220,9,1986.505225
220,10,1931.140127
220,11,1886.741371
220,12,1863.138220
220,13,1840.624212
220,14,1831.703400
221,6,2648.661930
221,7,2315.820679
221,8,2061.870053
221,9,1986.505225
221,10,1931.140127
221,11,1886.741371
221,12,1863.138220
221,13,1840.624212
221,14,1831.703400
222,6,2648.661930
222,7,2315.820679
222,8,2061.870053
222,9,1986.505225
222,10,1931.140127
222,11,1886.741371
222,12,1863.138220
222,13,1840.624212
222,14,1831.703400
223,6,2638.804529
223,7,2315.820679
223,8,2061.870053
223,9,1986.505225
223,10,1931.140127
223,11,1886.741371
223,12,1863.138220
223,13,1840.624212
223,14,1831.703400
224,6,2638.804529
224,7,2315.820679
224,8,2061.870053
224,9,1986.505225
224,10,1931.140127
224,11,1886.741371
224,12,1863.138220
224,13,1839.452003
224,14,1831.703400
225,6,2638.804529
225,7,2315.820679
225,8,2061.870053
225,9,1986.505225
225,10,1931.140127
225,11,1886.741371
225,12,1863.138220
225,13,1839.452003
225,14,1831.703400
226,6,2638.804529
226,7,2315.820679
226,8,2061.870053
226,9,1986.505225
226,10,1931.140127
226,11,1886.741371
226,12,1863.138220
226,13,1839.074942
226,14,1831.703400
227,6,2638.804529
227,7,2315.820679
227,8,2061.870053
227,9,1986.505225
227,10,1931.140127
227,11,1886.741371
227,12,1863.138220
227,13,1839.074942
227,14,1831.703400
228,6,2638.804529
228,7,2315.820679
228,8,2061.870053
228,9,1986.505225
228,10,1931.140127
228,11,1886.741371
228,12,1863.138220
228,13,1839.074942
228,14,1831.703400
229,6,2638.804529
229,7,2315.820679
229,8,2061.870053
229,9,1986.505225
229,10,1931.140127
229,11,1886.741371
229,12,1863.138220
229,13,1839.074942
229,14,1831.703400
230,6,2638.804529
230,7,2307.409500
230,8,2061.870053
230,9,1986.505225
230,10,1931.140127
230,11,1886.741371
230,12,1863.138220
230,13,1839.074942
230,14,1831.703400
231,6,2638.804529
231,7,2307.409500
231,8,2061.870053
231,9,1986.505225
231,10,1931.140127
231,11,1886.741371
231,12,1863.138220
231,13,1839.074942
231,14,1831.703400
232,6,2638.804529
232,7,2307.409500
232,8,2061.870053
232,9,1986.505225
232,10,1931.140127
232,11,1886.741371
232,12,1863.138220
232,13,1839.074942
232,14,1830.937291
233,6,2638.804529
233,7,2307.409500
233,8,2061.870053
233,9,1986.505225
233,10,1931.140127
233,11,1886.741371
233,12,1863.138220
233,13,1839.074942
233,14,1830.937291
234,6,2638.804529
234,7,2307.409500
234,8,2061.870053
234,9,1986.505225
234,10,1931.140127
234,11,1886.741371
234,12,1863.138220
234,13,1839.074942
234,14,1830.937291
235,6,2638.804529
235,7,2307.409500
235,8,2061.870053
235,9,1986.505225
235,10,1931.140127
235,11,1886.741371
235,12,1863.138220
235,13,1839.074942
235,14,1830.937291
236,6,2638.804529
236,7,2307.409500
236,8,2061.870053
236,9,1986.505225
236,10,1931.140127
236,11,1886.741371
236,12,1863.138220
236,13,1839.074942
236,14,1830.937291
237,6,2638.804529
237,7,2307.409500
237,8,2061.870053
237,9,1986.505225
237,10,1931.140127
237,11,1886.741371
237,12,1863.138220
237,13,1839.074942
237,14,1830.937291
238,6,2638.804529
238,7,2307.409500
238,8,2061.870053
238,9,1986.505225
238,10,1931.140127
238,11,1886.741371
238,12,1863.138220
238,13,1838.989151
238,14,1830.937291
239,6,2638.804529
239,7,2307.409500
239,8,2061.870053
239,9,1986.505225
239,10,1931.140127
239,11,1886.741371
239,12,1863.138220
239,13,1838.989151
239,14,1830.937291
240,6,2638.804529
240,7,2307.409500
240,8,2061.870053
240,9,1986.505225
240,10,1931.140127
240,11,1886.741371
240,12,1863.138220
240,13,1838.989151
240,14,1830.937291
241,6,2638.804529
241,7,2306.439868
241,8,2061.870053
241,9,1986.505225
241,10,1931.140127
241,11,1886.741371
241,12,1863.138220
241,13,1838.989151
241,14,1830.937291
242,6,2638.804529
242,7,2290.647294
242,8,2060.012867
242,9,1979.991432
242,10,1931.140127
242,11,1886.741371
242,12,1863.138220
242,13,1838.989151
242,14,1830.937291
243,6,2638.804529
243,7,2290.647294
243,8,2060.012867
243,9,1979.991432
243,10,1931.140127
243,11,1886.741371
243,12,1863.138220
243,13,1838.989151
243,14,1830.937291
244,6,2638.804529
244,7,2290.647294
244,8,2060.012867
244,9,1979.991432
244,10,1931.140127
244,11,1886.741371
244,12,1863.138220
244,13,1838.989151
244,14,1830.937291
245,6,2638.804529
245,7,2290.647294
245,8,2060.012867
245,9,1979.991432
245,10,1931.140127
245,11,1886.741371
245,12,1863.138220
245,13,1838.989151
245,14,1830.937291
246,6,2638.804529
246,7,2290.647294
246,8,2060.012867
246,9,1979.991432
246,10,1931.140127
246,11,1886.741371
246,12,1863.138220
246,13,1838.989151
246,14,1830.937291
247,6,2638.804529
247,7,2290.647294
247,8,2060.012867
247,9,1979.991432
247,10,1931.140127
247,11,1886.741371
247,12,1863.138220
247,13,1838.989151
247,14,1830.937291
248,6,2638.804529
248,7,2290.647294
248,8,2060.012867
248,9,1979.991432
248,10,1931.140127
248,11,1886.741371
248,12,1863.138220
248,13,1838.989151
248,14,1830.937291
249,6,2638.804529
249,7,2290.647294
249,8,2060.012867
249,9,1979.991432
249,10,1931.140127
249,11,1886.741371
249,12,1863.138220
249,13,1838.989151
249,14,1830.937291
250,6,2638.804529
250,7,2290.647294
250,8,2060.012867
250,9,1979.991432
250,10,1931.140127
250,11,1886.741371
250,12,1863.138220
250,13,1838.989151
250,14,1830.937291
251,6,2638.804529
251,7,2290.647294
251,8,2060.012867
251,9,1979.991432
251,10,1931.140127
251,11,1886.741371
251,12,1863.138220
251,13,1838.989151
251,14,1830.937291
252,6,2638.804529
252,7,2290.647294
252,8,2058.223519
252,9,1979.991432
252,10,1931.140127
252,11,1886.741371
252,12,1863.138220
252,13,1838.989151
252,14,1830.937291
253,6,2638.804529
253,7,2290.647294
253,8,2058.223519
253,9,1979.991432
253,10,1931.140127
253,11,1886.741371
253,12,1863.138220
253,13,1838.989151
253,14,1830.937291
254,6,2638.804529
254,7,2290.647294
254,8,2058.223519
254,9,1979.991432
254,10,1931.140127
254,11,1886.741371
254,12,1863.138220
254,13,1838.989151
254,14,1830.937291
255,6,2638.804529
255,7,2289.814193
255,8,2058.223519
255,9,1979.991432
255,10,1931.140127
255,11,1886.741371
255,12,1863.138220
255,13,1838.989151
255,14,1830.937291
256,6,2638.804529
256,7,2289.814193
256,8,2058.223519
256,9,1979.991432
256,10,1931.140127
256,11,1886.741371
256,12,1863.138220
256,13,1838.989151
256,14,1830.937291
257,6,2638.804529
257,7,2289.814193
257,8,2058.223519
257,9,1979.991432
257,10,1931.140127
257,11,1886.741371
257,12,1863.138220
257,13,1838.989151
257,14,1830.937291
258,6,2638.804529
258,7,2289.814193
258,8,2058.223519
258,9,1979.991432
258,10,1931.140127
258,11,1886.741371
258,12,1863.138220
258,13,1838.989151
258,14,1830.937291
259,6,2638.804529
259,7,2289.814193
259,8,2058.223519
259,9,1979.991432
259,10,1931.140127
259,11,1886.741371
259,12,1863.138220
259,13,1838.989151
259,14,1830.937291
260,6,2638.804529
260,7,2289.814193
260,8,2058.223519
260,9,1979.991432
260,10,1931.140127
260,11,1886.741371
260,12,1863.138220
260,13,1838.989151
260,14,1830.937291
261,6,2638.804529
261,7,2289.814193
261,8,2058.223519
261,9,1979.991432
261,10,1931.140127
261,11,1886.741371
261,12,1863.138220
261,13,1838.989151
261,14,1830.937291
262,6,2638.804529
262,7,2289.814193
262,8,2058.223519
262,9,1979.991432
262,10,1931.140127
262,11,1886.741371
262,12,1863.138220
262,13,1838.989151
262,14,1830.937291
263,6,2638.804529
263,7,2289.814193
263,8,2058.223519
263,9,1979.991432
263,10,1931.140127
263,11,1886.741371
263,12,1863.138220
263,13,1838.989151
263,14,1830.937291
264,6,2638.804529
264,7,2289.814193
264,8,2050.806442
264,9,1979.991432
264,10,1931.140127
264,11,1886.741371
264,12,1863.138220
264,13,1838.989151
264,14,1830.937291
265,6,2638.804529
265,7,2289.814193
265,8,2050.806442
265,9,1979.991432
265,10,1931.140127
265,11,1886.741371
265,12,1863.138220
265,13,1838.989151
265,14,1830.937291
266,6,2638.804529
266,7,2289.814193
266,8,2050.806442
266,9,1976.046090
266,10,1931.140127
266,11,1886.741371
266,12,1863.138220
266,13,1838.989151
266,14,1830.937291
267,6,2638.804529
267,7,2289.814193
267,8,2050.806442
267,9,1976.046090
267,10,1927.583971
267,11,1886.741371
267,12,1863.138220
267,13,1838.989151
267,14,1830.937291
267,15,1827.900306
268,6,2638.804529
268,7,2289.814193
268,8,2050.806442
268,9,1976.046090
268,10,1927.583971
268,11,1886.741371
268,12,1863.138220
268,13,1838.989151
268,14,1830.937291
268,15,1827.900306
269,6,2638.804529
269,7,2289.814193
269,8,2050.806442
269,9,1976.046090
269,10,1927.583971
269,11,1886.741371
269,12,1863.138220
269,13,1838.989151
269,14,1830.937291
269,15,1827.900306
270,6,2638.804529
270,7,2289.814193
270,8,2050.806442
270,9,1976.046090
270,10,1927.583971
270,11,1886.741371
270,12,1863.138220
270,13,1838.989151
270,14,1830.937291
270,15,1827.900306
271,6,2638.804529
271,7,2289.814193
271,8,2050.806442
271,9,1976.046090
271,10,1927.583971
271,11,1886.741371
271,12,1863.138220
271,13,1838.989151
271,14,1830.937291
271,15,1827.900306
272,6,2638.804529
272,7,2289.814193
272,8,2050.806442
272,9,1976.046090
272,10,1927.583971
272,11,1886.741371
272,12,1863.138220
272,13,1838.989151
272,14,1830.937291
272,15,1827.900306
273,6,2638.804529
273,7,2289.814193
273,8,2050.806442
273,9,1976.046090
273,10,1927.583971
273,11,1886.741371
273,12,1863.138220
273,13,1838.989151
273,14,1830.937291
273,15,1827.900306
274,6,2638.804529
274,7,2289.814193
274,8,2050.806442
274,9,1976.046090
274,10,1927.583971
274,11,1886.741371
274,12,1863.138220
274,13,1838.989151
274,14,1830.937291
274,15,1827.900306
275,6,2638.804529
275,7,2289.814193
275,8,2050.806442
275,9,1976.046090
275,10,1927.583971
275,11,1886.741371
275,12,1863.138220
275,13,1838.989151
275,14,1830.937291
275,15,1827.900306
276,6,2638.804529
276,7,2289.814193
276,8,2050.806442
276,9,1976.046090
276,10,1927.583971
276,11,1886.741371
276,12,1863.138220
276,13,1838.989151
276,14,1830.937291
276,15,1827.900306
277,6,2638.804529
277,7,2289.814193
277,8,2050.806442
277,9,1976.046090
277,10,1927.583971
277,11,1886.741371
277,12,1863.138220
277,13,1838.989151
277,14,1830.937291
277,15,1827.900306
278,6,2638.804529
278,7,2289.814193
278,8,2050.806442
278,9,1976.046090
278,10,1927.583971
278,11,1886.741371
278,12,1863.138220
278,13,1838.989151
278,14,1830.937291
278,15,1827.900306
279,6,2638.804529
279,7,2289.814193
279,8,2050.806442
279,9,1976.046090
279,10,1927.583971
279,11,1886.741371
279,12,1863.138220
279,13,1838.989151
279,14,1830.937291
279,15,1827.900306
280,6,2638.804529
280,7,2289.814193
280,8,2050.806442
280,9,1976.046090
280,10,1927.583971
280,11,1886.741371
280,12,1863.138220
280,13,1838.989151
280,14,1830.937291
280,15,1827.900306
281,6,2638.804529
281,7,2289.814193
281,8,2050.806442
281,9,1976.046090
281,10,1920.572715
281,11,1886.741371
281,12,1863.138220
281,13,1838.989151
281,14,1830.937291
281,15,1827.900306
282,6,2638.804529
282,7,2289.814193
282,8,2050.806442
282,9,1976.046090
282,10,1920.572715
282,11,1886.741371
282,12,1863.138220
282,13,1838.989151
282,14,1830.937291
282,15,1827.900306
283,6,2638.804529
283,7,2289.814193
283,8,2050.806442
283,9,1976.046090
283,10,1920.572715
283,11,1886.741371
283,12,1863.138220
283,13,1838.989151
283,14,1830.937291
283,15,1827.900306
284,6,2638.804529
284,7,2289.814193
284,8,2050.806442
284,9,1976.046090
284,10,1920.572715
284,11,1886.741371
284,12,1863.138220
284,13,1838.989151
284,14,1830.937291
284,15,1827.900306
285,6,2638.804529
285,7,2289.814193
285,8,2050.806442
285,9,1976.046090
285,10,1920.572715
285,11,1886.741371
285,12,1863.138220
285,13,1838.989151
285,14,1830.937291
285,15,1827.900306
286,6,2638.804529
286,7,2289.814193
286,8,2050.806442
286,9,1976.046090
286,10,1920.572715
286,11,1886.741371
286,12,1863.138220
286,13,1838.989151
286,14,1830.937291
286,15,1827.900306
287,6,2638.804529
287,7,2289.814193
287,8,2050.806442
287,9,1976.046090
287,10,1920.572715
287,11,1886.741371
287,12,1863.138220
287,13,1838.989151
287,14,1830.937291
287,15,1827.900306
288,6,2638.804529
288,7,2289.814193
288,8,2050.806442
288,9,1976.046090
288,10,1920.572715
288,11,1886.741371
288,12,1863.138220
288,13,1838.989151
288,14,1830.937291
288,15,1827.900306
289,6,2638.804529
289,7,2289.814193
289,8,2050.806442
289,9,1976.046090
289,10,1920.572715
289,11,1886.741371
289,12,1863.138220
289,13,1838.989151
289,14,1830.937291
289,15,1827.900306
290,6,2638.804529
290,7,2289.814193
290,8,2050.806442
290,9,1976.046090
290,10,1919.437684
290,11,1886.741371
290,12,1863.138220
290,13,1838.989151
290,14,1830.937291
290,15,1827.900306
291,6,2638.804529
291,7,2289.814193
291,8,2050.806442
291,9,1976.046090
291,10,1919.437684
291,11,1886.741371
291,12,1863.138220
291,13,1838.989151
291,14,1830.937291
291,15,1827.523245
292,6,2638.804529
292,7,2289.814193
292,8,2050.806442
292,9,1976.046090
292,10,1919.437684
292,11,1886.741371
292,12,1863.138220
292,13,1838.989151
292,14,1830.937291
292,15,1827.523245
293,6,2638.804529
293,7,2289.814193
293,8,2050.806442
293,9,1976.046090
293,10,1919.437684
293,11,1886.741371
293,12,1863.138220
293,13,1838.989151
293,14,1830.937291
293,15,1827.523245
294,6,2638.804529
294,7,2289.814193
294,8,2050.806442
294,9,1976.046090
294,10,1919.437684
294,11,1886.741371
294,12,1863.138220
294,13,1838.989151
294,14,1830.937291
294,15,1827.523245
295,6,2638.804529
295,7,2289.814193
295,8,2050.806442
295,9,1976.046090
295,10,1919.437684
295,11,1886.741371
295,12,1863.138220
295,13,1838.989151
295,14,1830.937291
295,15,1827.523245
296,6,2638.804529
296,7,2289.814193
296,8,2050.806442
296,9,1976.046090
296,10,1919.437684
296,11,1886.741371
296,12,1863.138220
296,13,1838.989151
296,14,1830.937291
296,15,1827.523245
297,6,2638.804529
297,7,2289.814193
297,8,2050.806442
297,9,1976.046090
297,10,1919.437684
297,11,1886.741371
297,12,1863.138220
297,13,1838.989151
297,14,1830.937291
297,15,1827.523245
298,6,2638.804529
298,7,2286.062323
298,8,2050.806442
298,9,1976.046090
298,10,1919.437684
298,11,1886.741371
298,12,1863.138220
298,13,1838.989151
298,14,1830.937291
298,15,1827.523245
299,6,2638.804529
299,7,2286.062323
299,8,2050.806442
299,9,1976.046090
299,10,1919.437684
299,11,1886.741371
299,12,1863.138220
299,13,1838.989151
299,14,1830.937291
299,15,1827.523245
300,6,2638.804529
300,7,2286.062323
300,8,2050.806442
300,9,1976.046090
300,10,1919.437684
300,11,1886.741371
300,12,1863.138220
300,13,1838.989151
300,14,1830.937291
300,15,1827.523245
301,6,2638.804529
301,7,2286.062323
301,8,2050.806442
301,9,1976.046090
301,10,1919.437684
301,11,1886.741371
301,12,1863.138220
301,13,1838.989151
301,14,1830.937291
301,15,1827.523245
302,6,2638.804529
302,7,2286.062323
302,8,2050.806442
302,9,1976.046090
302,10,1919.437684
302,11,1886.741371
302,12,1863.138220
302,13,1838.989151
302,14,1830.937291
302,15,1827.523245
303,6,2638.804529
303,7,2286.062323
303,8,2050.806442
303,9,1976.046090
303,10,1919.437684
303,11,1886.741371
303,12,1863.138220
303,13,1838.989151
303,14,1830.937291
303,15,1827.523245
304,6,2638.804529
304,7,2286.062323
304,8,2050.806442
304,9,1976.046090
304,10,1919.437684
304,11,1886.741371
304,12,1863.138220
304,13,1838.989151
304,14,1830.937291
304,15,1827.523245
305,6,2638.804529
305,7,2286.062323
305,8,2050.806442
305,9,1976.046090
305,10,1919.437684
305,11,1886.741371
305,12,1863.138220
305,13,1838.989151
305,14,1830.937291
305,15,1827.523245
306,6,2638.804529
306,7,2286.062323
306,8,2050.806442
306,9,1969.122327
306,10,1919.437684
306,11,1886.741371
306,12,1861.839170
306,13,1838.989151
306,14,1830.937291
306,15,1827.523245
307,6,2638.804529
307,7,2286.062323
307,8,2050.806442
307,9,1969.122327
307,10,1919.437684
307,11,1886.741371
307,12,1861.839170
307,13,1838.989151
307,14,1830.937291
307,15,1827.523245
308,6,2638.804529
308,7,2286.062323
308,8,2050.806442
308,9,1969.122327
308,10,1919.437684
308,11,1886.741371
308,12,1861.839170
308,13,1838.989151
308,14,1830.937291
308,15,1827.523245
309,6,2638.804529
309,7,2286.062323
309,8,2050.806442
309,9,1969.122327
309,10,1919.437684
309,11,1886.741371
309,12,1861.839170
309,13,1838.989151
309,14,1830.937291
309,15,1827.523245
310,6,2638.804529
310,7,2286.062323
310,8,2050.806442
310,9,1969.122327
310,10,1919.437684
310,11,1886.741371
310,12,1861.839170
310,13,1838.989151
310,14,1830.937291
310,15,1827.523245
311,6,2638.804529
311,7,2286.062323
311,8,2050.806442
311,9,1969.122327
311,10,1919.437684
311,11,1886.741371
311,12,1860.696311
311,13,1838.989151
311,14,1830.560230
311,15,1827.523245
312,6,2638.804529
312,7,2286.062323
312,8,2050.806442
312,9,1969.122327
312,10,1919.437684
312,11,1886.741371
312,12,1860.696311
312,13,1838.989151
312,14,1830.560230
312,15,1827.523245
313,6,2638.804529
313,7,2286.062323
313,8,2050.806442
313,9,1969.122327
313,10,1919.437684
313,11,1886.741371
313,12,1860.696311
313,13,1838.989151
313,14,1830.560230
313,15,1827.523245
314,6,2638.804529
314,7,2286.062323
314,8,2050.806442
314,9,1969.122327
314,10,1919.437684
314,11,1886.741371
314,12,1860.696311
314,13,1838.989151
314,14,1830.560230
314,15,1827.523245
315,6,2638.804529
315,7,2286.062323
315,8,2050.806442
315,9,1969.122327
315,10,1919.437684
315,11,1886.741371
315,12,1860.696311
315,13,1838.989151
315,14,1830.560230
315,15,1827.523245
316,6,2638.804529
316,7,2286.062323
316,8,2050.806442
316,9,1969.122327
316,10,1919.437684
316,11,1886.741371
316,12,1860.696311
316,13,1838.989151
316,14,1830.560230
316,15,1827.523245
317,6,2638.804529
317,7,2286.062323
317,8,2050.806442
317,9,1969.122327
317,10,1919.437684
317,11,1886.741371
317,12,1860.696311
317,13,1838.989151
317,14,1830.560230
317,15,1827.523245
318,6,2638.804529
318,7,2286.062323
318,8,2050.806442
318,9,1969.122327
318,10,1919.437684
318,11,1886.741371
318,12,1860.696311
318,13,1838.989151
318,14,1830.560230
318,15,1827.523245
319,6,2638.804529
319,7,2286.062323
319,8,2050.806442
319,9,1969.122327
319,10,1919.437684
319,11,1886.741371
319,12,1860.696311
319,13,1838.989151
319,14,1830.560230
319,15,1827.523245
320,6,2638.804529
320,7,2286.062323
320,8,2050.806442
320,9,1969.122327
320,10,1919.437684
320,11,1886.741371
320,12,1860.696311
320,13,1838.989151
320,14,1830.560230
320,15,1827.523245
321,6,2638.804529
321,7,2286.062323
321,8,2050.806442
321,9,1969.122327
321,10,1919.437684
321,11,1886.741371
321,12,1860.696311
321,13,1838.612089
321,14,1830.560230
321,15,1827.523245
322,6,2638.804529
322,7,2286.062323
322,8,2050.806442
322,9,1969.122327
322,10,1919.437684
322,11,1886.741371
322,12,1860.696311
322,13,1838.612089
322,14,1830.560230
322,15,1827.523245
323,6,2638.804529
323,7,2286.062323
323,8,2050.806442
323,9,1969.122327
323,10,1919.437684
323,11,1886.741371
323,12,1860.696311
323,13,1838.612089
323,14,1830.560230
323,15,1827.523245
324,6,2638.804529
324,7,2286.062323
324,8,2050.806442
324,9,1969.122327
324,10,1919.437684
324,11,1886.741371
324,12,1860.696311
324,13,1838.612089
324,14,1830.560230
324,15,1827.523245
325,6,2638.804529
325,7,2286.062323
325,8,2050.806442
325,9,1969.122327
325,10,1919.437684
325,11,1886.741371
325,12,1860.696311
325,13,1838.612089
325,14,1830.560230
325,15,1827.523245
326,6,2638.804529
326,7,2286.062323
326,8,2050.806442
326,9,1969.122327
326,10,1907.262937
326,11,1886.741371
326,12,1860.696311
326,13,1838.612089
326,14,1830.560230
326,15,1827.523245
327,6,2638.804529
327,7,2286.062323
327,8,2050.806442
327,9,1969.122327
327,10,1907.262937
327,11,1886.741371
327,12,1860.696311
327,13,1838.612089
327,14,1830.560230
327,15,1827.523245
328,6,2638.804529
328,7,2286.062323
328,8,2050.806442
328,9,1969.122327
328,10,1907.262937
328,11,1886.741371
328,12,1860.696311
328,13,1838.612089
328,14,1830.560230
328,15,1827.523245
