Generation,NV,TOC
1,25,7939.881429
1,26,7057.759186
1,28,6603.651107
1,29,6001.286635
1,35,5854.162422
1,37,5755.905832
1,38,5438.928993
1,41,5296.982163
2,25,7939.881429
2,26,7057.759186
2,28,6603.651107
2,29,6001.286635
2,35,5854.162422
2,36,5827.021175
2,37,5457.704814
2,38,5438.928993
2,41,5296.982163
2,53,5290.179199
2,55,5283.990134
3,25,7733.681429
3,26,7057.759186
3,27,6917.191248
3,28,6052.935498
3,29,6001.286635
3,30,5794.758342
3,36,5227.054087
3,48,5099.957565
4,23,7749.928636
4,24,7220.666579
4,26,7057.759186
4,27,6823.279665
4,28,5740.082113
4,32,5677.747399
4,35,5180.002591
4,37,4974.963643
5,23,7219.364294
5,24,7154.679590
5,26,5981.063995
5,28,5740.082113
5,31,5706.297164
5,32,5549.185096
5,35,5180.002591
5,37,4974.963643
5,44,4821.511090
5,47,4799.440675
6,23,6775.566647
6,26,5981.063995
6,28,5717.091550
6,30,5232.730321
6,35,4929.644306
6,44,4675.357003
7,23,6539.419667
7,24,6443.184949
7,26,5981.063995
7,28,5717.091550
7,30,5207.001243
7,31,5162.263227
7,32,5060.350295
7,35,4929.644306
7,40,4929.455748
7,41,4928.630322
7,43,4859.219196
7,44,4675.357003
8,23,6277.939367
8,25,6269.361717
8,26,5981.063995
8,27,5780.027914
8,28,5628.946537
8,29,5166.034576
8,31,5140.692824
8,32,5060.350295
8,34,4857.231535
8,37,4806.542484
8,43,4661.049599
9,22,6436.895040
9,23,6257.505911
9,24,5890.851636
9,25,5872.457373
9,26,5490.281308
9,29,5166.034576
9,31,5140.692824
9,32,5060.350295
9,34,4857.231535
9,37,4806.542484
9,43,4661.049599
10,22,6436.895040
10,23,5924.357432
10,24,5890.851636
10,25,5321.659472
10,28,5140.099598
10,30,4927.604332
10,33,4914.425628
10,34,4830.563269
10,35,4781.321497
10,43,4648.904510
11,22,6436.895040
11,23,5924.357432
11,24,5890.851636
11,25,5321.659472
11,28,5140.099598
11,30,4927.604332
11,33,4914.425628
11,34,4830.563269
11,35,4781.321497
11,43,4648.904510
12,22,6436.895040
12,23,5924.357432
12,24,5890.851636
12,25,5289.605985
12,28,5140.099598
12,30,4926.445822
12,33,4890.588018
12,34,4829.924110
12,35,4778.152776
12,36,4703.526663
12,41,4634.891499
13,22,6385.180443
13,23,5924.357432
13,24,5890.851636
13,25,5289.605985
13,27,5106.103461
13,30,4926.445822
13,33,4890.588018
13,34,4829.924110
13,35,4778.152776
13,36,4703.526663
13,41,4634.891499
14,21,6500.108188
14,22,5697.080280
14,24,5678.366465
14,25,5267.658803
14,27,5055.391786
14,29,4696.857383
14,39,4668.678278
14,40,4603.486632
15,21,6500.108188
15,22,5697.080280
15,24,5678.366465
15,25,5267.658803
15,26,5213.144101
15,27,5055.391786
15,29,4696.857383
15,37,4632.867995
15,40,4603.486632
16,21,6402.049997
16,22,5532.057471
16,24,5512.731863
16,25,5224.264092
16,26,5142.917433
16,27,5038.814514
16,29,4692.214190
16,32,4530.712885
17,21,6402.049997
17,22,5532.057471
17,24,5512.731863
17,25,5224.264092
17,26,5142.917433
17,27,5038.814514
17,29,4692.214190
17,32,4530.712885
18,21,6257.083660
18,22,5440.070212
18,25,4966.533867
18,28,4734.214734
18,29,4664.832607
18,32,4530.712885
19,20,7115.834589
19,21,6257.083660
19,22,5440.070212
19,25,4966.533867
19,27,4759.128647
19,28,4734.214734
19,29,4664.832607
19,32,4530.712885
20,19,5956.982847
20,22,5404.613287
20,25,4966.533867
20,27,4738.169219
20,28,4711.205044
20,29,4605.288631
20,31,4574.094452
20,32,4500.334118
21,19,5956.982847
21,21,5943.991257
21,22,5404.613287
21,25,4966.533867
21,26,4905.979976
21,27,4738.169219
21,28,4711.205044
21,29,4605.288631
21,31,4482.959508
22,19,5806.173825
22,22,5348.459572
22,25,4966.533867
22,26,4888.364760
22,27,4727.009918
22,28,4704.921941
22,29,4605.167900
22,30,4468.265428
23,19,5806.173825
23,22,5348.459572
23,25,4966.533867
23,26,4888.364760
23,27,4727.009918
23,28,4704.921941
23,29,4593.669799
23,30,4468.265428
24,19,5793.116268
24,22,5306.054863
24,25,4927.142031
24,26,4857.825813
24,27,4648.495764
24,28,4568.007746
24,29,4464.309980
25,19,5793.116268
25,21,5032.319454
25,25,4927.142031
25,26,4857.825813
25,27,4648.495764
25,28,4568.007746
25,29,4464.309980
26,19,5790.419836
26,21,5032.319454
26,22,4982.188395
26,23,4936.055307
26,24,4899.185521
26,26,4857.825813
26,27,4648.495764
26,28,4568.007746
26,29,4464.114249
27,19,5790.419836
27,21,4936.530799
27,23,4936.055307
27,24,4899.185521
27,25,4897.335598
27,26,4784.715755
27,27,4648.495764
27,28,4568.007746
27,29,4464.114249
28,19,5546.274590
28,21,4922.458961
28,23,4848.894757
28,25,4785.304190
28,26,4503.116480
28,29,4464.114249
29,19,5546.274590
29,20,5205.618061
29,21,4922.458961
29,23,4848.894757
29,25,4751.832724
29,26,4503.116480
29,28,4477.679626
29,29,4464.114249
30,19,5474.234775
30,20,5184.318761
30,21,4819.652871
30,22,4647.039267
30,26,4462.965268
30,29,4453.491949
30,33,4433.178013
31,19,5474.234775
31,20,4965.607128
31,21,4819.652871
31,22,4647.039267
31,25,4447.857881
31,26,4423.490266
32,19,5460.081729
32,20,4944.562661
32,21,4746.690667
32,22,4628.749091
32,25,4447.857881
32,26,4423.443107
32,28,4409.611263
33,19,5196.931562
33,20,4944.562661
33,21,4746.690667
33,22,4628.749091
33,25,4447.857881
33,26,4423.443107
33,28,4409.611263
33,29,4392.112544
34,19,5164.060234
34,20,4944.562661
34,21,4746.690667
34,22,4615.881084
34,25,4447.857881
34,26,4414.482405
34,27,4400.509736
34,29,4392.112544
35,19,5164.060234
35,20,4944.562661
35,21,4746.690667
35,22,4595.785453
35,25,4447.857881
35,26,4414.482405
35,27,4400.509736
35,29,4392.112544
36,19,5086.308870
36,20,4937.536396
36,21,4738.478449
36,22,4571.971042
36,24,4388.456387
37,19,5086.308870
37,20,4937.536396
37,21,4691.729963
37,22,4571.971042
37,23,4448.086208
37,24,4388.456387
38,19,5030.707269
38,20,4935.532062
38,21,4677.102804
38,22,4557.472774
38,23,4448.086208
38,24,4388.456387
39,18,5463.565547
39,19,5030.707269
39,20,4674.076055
39,22,4557.472774
39,23,4448.086208
39,24,4388.456387
40,18,5286.302360
40,19,4957.110999
40,20,4644.813668
40,22,4522.993464
40,23,4442.807564
40,24,4337.028059
41,18,5286.302360
41,19,4957.110999
41,20,4644.813668
41,21,4612.121152
41,22,4522.993464
41,23,4442.807564
41,24,4337.028059
42,18,5286.302360
42,19,4854.098451
42,20,4644.813668
42,21,4590.466401
42,22,4484.420898
42,23,4442.807564
42,24,4337.028059
43,18,5286.302360
43,19,4854.098451
43,20,4644.813668
43,21,4590.466401
43,22,4484.420898
43,23,4442.807564
43,24,4316.708571
44,18,5216.997854
44,19,4849.999489
44,20,4597.136025
44,21,4577.451281
44,22,4436.144633
44,24,4296.675937
45,18,5216.997854
45,19,4849.999489
45,20,4597.136025
45,21,4534.455256
45,22,4436.144633
45,23,4434.264324
45,24,4296.675937
46,18,5214.410208
46,19,4814.976303
46,20,4510.818439
46,22,4434.851014
46,23,4422.463515
46,24,4292.613323
47,18,5214.410208
47,19,4480.033549
47,22,4434.851014
47,23,4364.430477
47,24,4292.613323
48,17,5386.395681
48,18,4991.594282
48,19,4480.033549
48,22,4434.155147
48,23,4350.609038
48,24,4292.613323
49,17,5386.395681
49,18,4991.594282
49,19,4480.033549
49,20,4478.137967
49,21,4465.451589
49,22,4382.465016
49,23,4350.609038
49,24,4292.613323
50,17,5386.395681
50,18,4803.680806
50,19,4455.575480
50,21,4447.747057
50,22,4376.830774
50,23,4288.954350
50,24,4286.426800
51,17,5386.395681
51,18,4787.936779
51,19,4455.575480
51,21,4447.747057
51,22,4376.830774
51,23,4288.954350
51,24,4286.426800
52,17,5386.395681
52,18,4787.936779
52,19,4440.220812
52,21,4439.272972
52,22,4372.282176
52,23,4276.168332
53,17,5386.395681
53,18,4743.005201
53,19,4440.220812
53,21,4439.272972
53,22,4372.282176
53,23,4276.168332
54,17,5306.848762
54,18,4708.770169
54,19,4436.778092
54,21,4419.573619
54,22,4368.612148
54,23,4272.222424
55,17,5211.913157
55,18,4708.770169
55,19,4368.530625
55,23,4259.541524
56,17,5052.965857
56,18,4679.925000
56,19,4368.530625
56,23,4244.683072
57,17,5052.965857
57,18,4608.974775
57,19,4368.530625
57,23,4244.683072
58,17,4563.085603
58,19,4348.880195
58,23,4225.797444
59,16,4919.563067
59,17,4563.085603
59,19,4348.880195
59,22,4318.619833
59,23,4225.797444
60,16,4816.241357
60,17,4563.085603
60,19,4331.293696
60,22,4314.348064
60,23,4221.831627
61,16,4816.241357
61,17,4563.085603
61,18,4514.660703
61,19,4331.293696
61,22,4314.348064
61,23,4221.831627
62,16,4813.526101
62,17,4455.786792
62,19,4330.575408
62,22,4313.555818
62,23,4219.132280
63,16,4813.526101
63,17,4455.786792
63,19,4330.575408
63,22,4282.289774
63,23,4219.132280
64,16,4744.443970
64,17,4455.786792
64,19,4330.575408
64,20,4307.798222
64,22,4274.928353
64,23,4201.473707
65,15,4913.509487
65,16,4744.443970
65,17,4455.786792
65,19,4330.575408
65,20,4307.798222
65,22,4274.928353
65,23,4201.473707
66,15,4907.936687
66,16,4736.937093
66,17,4389.372807
66,19,4330.575408
66,20,4307.798222
66,22,4271.284624
66,23,4197.847936
67,14,5434.213967
67,15,4907.936687
67,16,4736.937093
67,17,4389.372807
67,19,4322.812185
67,20,4307.798222
67,22,4271.284624
67,23,4197.847936
68,14,5411.035538
68,15,4816.707288
68,16,4736.937093
68,17,4389.372807
68,19,4322.587877
68,20,4305.936171
68,22,4271.284624
68,23,4197.847936
69,14,5411.035538
69,15,4816.707288
69,16,4736.937093
69,17,4389.372807
69,19,4322.587877
69,20,4290.996382
69,22,4271.284624
69,23,4197.847936
70,14,5312.854302
70,15,4816.707288
70,16,4557.167896
70,17,4373.777988
70,19,4288.403186
70,20,4286.043298
70,22,4266.775882
70,23,4197.847936
71,14,5312.854302
71,15,4816.707288
71,16,4557.167896
71,17,4373.777988
71,18,4350.099608
71,19,4288.403186
71,20,4286.043298
71,22,4266.775882
71,23,4197.847936
71,24,4194.613380
72,14,5312.854302
72,15,4623.241673
72,16,4516.704772
72,17,4371.407246
72,18,4347.528823
72,19,4288.403186
72,20,4257.717094
72,23,4184.782841
73,14,5312.854302
73,15,4623.241673
73,16,4516.704772
73,17,4371.407246
73,18,4347.528823
73,19,4288.403186
73,20,4257.717094
73,23,4184.782841
74,14,5237.261308
74,15,4586.381946
74,16,4464.763471
74,17,4371.283699
74,18,4325.842961
74,19,4288.403186
74,20,4226.462170
74,23,4180.391681
75,14,5237.261308
75,15,4586.381946
75,16,4464.763471
75,17,4371.283699
75,18,4325.842961
75,19,4288.403186
75,20,4226.462170
75,23,4180.391681
76,14,5165.061359
76,15,4576.720015
76,16,4463.465519
76,17,4366.500405
76,18,4282.666405
76,20,4226.462170
76,23,4177.176221
77,14,5165.061359
77,15,4576.720015
77,16,4463.465519
77,17,4366.500405
77,18,4282.666405
77,20,4226.462170
77,23,4177.176221
78,14,5154.823663
78,15,4576.720015
78,16,4463.465519
78,17,4282.556514
78,20,4226.462170
78,23,4177.176221
79,14,5154.823663
79,15,4576.720015
79,16,4463.465519
79,17,4282.556514
79,20,4226.462170
79,23,4177.176221
80,14,4994.532891
80,15,4576.720015
80,16,4450.764518
80,17,4250.871158
80,20,4219.895289
80,23,4177.079709
81,14,4994.532891
81,15,4576.720015
81,16,4450.764518
81,17,4250.871158
81,20,4219.895289
81,21,4207.481850
81,23,4177.079709
82,14,4994.532891
82,15,4532.515959
82,16,4450.764518
82,17,4250.871158
82,20,4219.895289
82,21,4204.432960
82,23,4177.079709
83,13,5647.672130
83,14,4994.532891
83,15,4532.515959
83,16,4450.764518
83,17,4250.871158
83,20,4219.895289
83,21,4204.432960
83,22,4192.820281
83,23,4177.079709
84,13,5630.234797
84,14,4970.189958
84,15,4532.515959
84,16,4450.764518
84,17,4235.438541
84,20,4219.895289
84,21,4194.896336
84,22,4192.497081
84,23,4170.841239
85,13,5395.880242
85,14,4970.189958
85,15,4532.515959
85,16,4450.764518
85,17,4235.438541
85,20,4219.895289
85,21,4166.363686
86,13,5395.880242
86,14,4970.189958
86,15,4496.958679
86,16,4450.399559
86,17,4235.438541
86,19,4216.844952
86,21,4162.249504
87,13,5395.880242
87,14,4970.189958
87,15,4496.958679
87,16,4393.429603
87,17,4235.438541
87,19,4216.844952
87,21,4162.249504
88,13,5140.514716
88,14,4964.973491
88,15,4437.687730
88,16,4390.650244
88,17,4231.358785
88,19,4197.951521
88,21,4162.249504
89,13,5140.514716
89,14,4964.973491
89,15,4437.687730
89,16,4390.650244
89,17,4231.358785
89,19,4197.951521
89,20,4171.328938
89,21,4162.249504
90,13,5140.514716
90,14,4961.158069
90,15,4417.180920
90,16,4368.466938
90,17,4230.766011
90,19,4196.607224
90,20,4166.716633
90,21,4159.139680
91,13,5140.514716
91,14,4961.158069
91,15,4417.180920
91,16,4306.915223
91,17,4230.766011
91,19,4196.607224
91,20,4166.716633
91,21,4159.139680
92,13,5140.514716
92,14,4906.777466
92,15,4405.241877
92,16,4305.112959
92,17,4230.766011
92,19,4196.607224
92,20,4166.716633
92,21,4158.106672
93,13,5140.514716
93,14,4906.777466
93,15,4405.241877
93,16,4301.170220
93,17,4230.766011
93,19,4196.607224
93,20,4166.716633
93,21,4158.106672
94,13,5140.514716
94,14,4869.616978
94,15,4272.297218
94,17,4230.404123
94,19,4196.607224
94,20,4166.716633
94,21,4155.719475
95,13,5140.514716
95,14,4869.616978
95,15,4272.297218
95,17,4230.404123
95,19,4196.607224
95,20,4166.716633
95,21,4155.719475
96,13,5140.514716
96,14,4869.616978
96,15,4272.297218
96,17,4230.404123
96,19,4152.974404
96,21,4151.992225
97,13,5140.514716
97,14,4869.616978
97,15,4272.297218
97,17,4230.404123
97,19,4152.974404
97,21,4151.992225
98,13,5140.514716
98,14,4869.616978
98,15,4272.297218
98,17,4229.411609
98,19,4152.974404
98,21,4148.897540
99,13,5140.514716
99,14,4805.919944
99,15,4272.297218
99,17,4229.411609
99,18,4200.774696
99,19,4152.974404
99,21,4148.897540
99,22,4144.853819
100,13,5140.514716
100,14,4795.243429
100,15,4266.316491
100,17,4229.411609
100,18,4167.668614
100,19,4152.974404
100,21,4145.476014
100,22,4144.853819
101,13,5140.514716
101,14,4677.238137
101,15,4266.316491
101,17,4229.411609
101,18,4167.668614
101,19,4152.974404
101,21,4145.476014
101,22,4144.853819
102,13,5035.075746
102,14,4677.238137
102,15,4265.949694
102,17,4229.411609
102,18,4136.470008
103,13,5035.075746
103,14,4677.238137
103,15,4265.949694
103,17,4229.411609
103,18,4136.470008
104,13,5035.075746
104,14,4654.811970
104,15,4264.517905
104,17,4229.411609
104,18,4133.416295
105,13,5035.075746
105,14,4654.811970
105,15,4264.517905
105,17,4229.411609
105,18,4133.416295
106,13,4937.565401
106,14,4631.556388
106,15,4256.583924
106,16,4186.551545
106,18,4125.267568
107,13,4937.565401
107,14,4631.556388
107,15,4234.623281
107,16,4186.551545
107,18,4125.267568
108,13,4913.686604
108,14,4631.556388
108,15,4234.623281
108,16,4173.998443
108,18,4125.267568
109,13,4913.686604
109,14,4631.556388
109,15,4234.623281
109,16,4173.998443
109,18,4125.267568
110,13,4913.686604
110,14,4627.914663
110,15,4233.622678
110,16,4158.708846
110,18,4124.383965
111,13,4913.686604
111,14,4593.348582
111,15,4233.622678
111,16,4158.708846
111,18,4124.383965
112,13,4892.007287
112,14,4588.416299
112,15,4233.622678
112,16,4147.266715
112,18,4123.105344
113,13,4892.007287
113,14,4588.416299
113,15,4233.622678
113,16,4147.266715
113,18,4123.105344
113,23,4102.475800
114,13,4888.986668
114,14,4588.416299
114,15,4225.454336
114,16,4147.171744
114,18,4123.105344
114,22,4091.460364
115,13,4888.986668
115,14,4588.416299
115,15,4225.454336
115,16,4147.171744
115,17,4134.463798
115,18,4123.105344
115,20,4117.284194
115,22,4091.460364
116,13,4888.986668
116,14,4588.416299
116,15,4220.718457
116,16,4147.171744
116,17,4134.463798
116,18,4123.105344
116,20,4117.284194
116,22,4085.557086
117,13,4888.986668
117,14,4588.416299
117,15,4220.718457
117,16,4147.171744
117,17,4134.463798
117,18,4123.105344
117,20,4117.284194
117,22,4085.557086
118,13,4887.838548
118,14,4559.974379
118,15,4220.718457
118,16,4147.171744
118,17,4133.775474
118,18,4123.105344
118,20,4115.494144
118,21,4070.034721
119,13,4887.838548
119,14,4559.974379
119,15,4220.718457
119,16,4147.171744
119,17,4133.775474
119,18,4123.105344
119,20,4115.494144
119,21,4070.034721
120,13,4887.838548
120,14,4554.415151
120,15,4220.689458
120,16,4111.929313
120,21,4070.034721
121,13,4887.838548
121,14,4554.415151
121,15,4220.689458
121,16,4111.929313
121,20,4061.269731
122,13,4887.688641
122,14,4551.509993
122,15,4219.964167
122,16,4101.427779
122,20,4061.269731
123,13,4887.688641
123,14,4551.509993
123,15,4219.964167
123,16,4101.427779
123,20,4061.269731
124,13,4847.594896
124,14,4551.509993
124,15,4219.964167
124,16,4101.427779
124,20,4060.928699
125,13,4847.594896
125,14,4551.509993
125,15,4219.964167
125,16,4101.427779
125,17,4093.002735
125,18,4062.713520
125,20,4060.928699
126,13,4847.594896
126,14,4546.577711
126,15,4219.964167
126,16,4101.427779
126,17,4087.352981
126,18,4062.713520
126,20,4060.928699
127,13,4847.594896
127,14,4546.577711
127,15,4219.964167
127,16,4101.427779
127,17,4087.352981
127,18,4062.713520
127,20,4060.928699
128,13,4847.594896
128,14,4525.194334
128,15,4219.964167
128,16,4101.427779
128,17,4087.352981
128,18,4060.706861
128,20,4058.446313
129,13,4847.594896
129,14,4525.194334
129,15,4219.964167
129,16,4101.427779
129,17,4087.352981
129,18,4060.706861
129,20,4058.446313
130,13,4847.594896
130,14,4525.194334
130,15,4218.995474
130,16,4094.410428
130,17,4077.897917
130,18,4060.706861
130,20,4054.174729
131,13,4847.594896
131,14,4525.194334
131,15,4218.995474
131,16,4094.410428
131,17,4070.818608
131,18,4060.706861
131,20,4054.174729
132,13,4847.594896
132,14,4364.444501
132,15,4218.995474
132,16,4094.410428
132,17,4068.489290
132,18,4060.706861
132,20,4054.174729
133,13,4847.594896
133,14,4364.444501
133,15,4218.995474
133,16,4094.410428
133,17,4068.489290
133,18,4060.706861
133,20,4054.174729
134,13,4797.205501
134,14,4351.690152
134,15,4218.995474
134,16,4094.410428
134,17,4068.489290
134,18,4060.706861
134,20,4054.174729
135,13,4797.205501
135,14,4351.690152
135,15,4218.995474
135,16,4094.410428
135,17,4068.489290
135,18,4060.706861
135,20,4054.174729
136,13,4778.448466
136,14,4329.350171
136,15,4218.995474
136,16,4094.410428
136,17,4068.489290
136,18,4060.706861
136,20,4054.174729
137,13,4778.448466
137,14,4329.350171
137,15,4218.995474
137,16,4084.130915
137,17,4068.489290
137,18,4057.258883
137,20,4050.909347
138,13,4766.589044
138,14,4329.350171
138,15,4218.995474
138,16,4083.955480
138,17,4068.489290
138,18,4057.258883
138,20,4050.909347
139,13,4766.589044
139,14,4329.350171
139,15,4218.995474
139,16,4083.955480
139,17,4055.043325
139,20,4050.909347
140,13,4766.589044
140,14,4329.350171
140,15,4218.995474
140,16,4083.955480
140,17,4055.043325
140,20,4050.909347
141,13,4766.589044
141,14,4329.350171
141,15,4218.995474
141,16,4077.053108
141,17,4055.043325
141,20,4050.909347
142,13,4766.589044
142,14,4284.287898
142,15,4218.995474
142,16,4060.806037
142,17,4054.988830
142,20,4050.909347
143,13,4663.164417
143,14,4263.969499
143,15,4218.995474
143,16,4060.806037
143,17,4054.988830
143,20,4050.909347
144,13,4633.804518
144,14,4263.969499
144,15,4218.995474
144,16,4060.806037
144,17,4045.118878
145,13,4633.804518
145,14,4263.969499
145,15,4218.995474
145,16,4060.806037
145,17,4045.118878
146,13,4633.036302
146,14,4238.254105
146,15,4215.496590
146,16,4060.806037
146,17,4032.143303
147,13,4633.036302
147,14,4238.254105
147,15,4215.496590
147,16,4060.806037
147,17,4032.143303
148,13,4633.036302
148,14,4238.254105
148,15,4168.679443
148,16,4060.806037
148,17,4032.143303
149,13,4633.036302
149,14,4233.860581
149,15,4116.637640
149,16,4060.806037
149,17,4032.143303
150,13,4633.036302
150,14,4224.849550
150,15,4111.374268
150,16,4060.806037
150,17,4032.143303
151,13,4625.492372
151,14,4224.849550
151,15,4111.374268
151,16,4060.806037
151,17,4032.143303
152,13,4625.492372
152,14,4224.849550
152,15,4111.374268
152,16,4060.806037
152,17,4025.459880
153,13,4625.492372
153,14,4224.849550
153,15,4111.374268
153,16,4060.806037
153,17,4025.459880
154,13,4625.492372
154,14,4193.967094
154,15,4085.637589
154,16,4060.806037
154,17,4025.459880
155,13,4625.492372
155,14,4193.967094
155,15,4085.637589
155,16,4060.806037
155,17,4025.459880
156,13,4595.545792
156,14,4161.014246
156,15,4081.463574
156,16,4060.288690
156,17,4024.213258
157,13,4595.545792
157,14,4147.538383
157,15,4081.463574
157,16,4060.288690
157,17,4024.213258
158,13,4595.545792
158,14,4147.538383
158,15,4064.121346
158,16,3979.509831
159,13,4595.545792
159,14,4147.538383
159,15,4064.121346
159,16,3979.509831
160,13,4591.706053
160,14,4147.538383
160,15,4064.121346
160,16,3978.228336
161,13,4557.740288
161,14,4147.538383
161,15,4064.121346
161,16,3978.228336
162,13,4557.740288
162,14,4147.538383
162,15,4063.776158
162,16,3978.228336
163,13,4557.740288
163,14,4147.538383
163,15,4063.776158
163,16,3978.228336
164,13,4556.052103
164,14,4147.538383
164,15,4009.070621
164,16,3978.193239
165,13,4556.052103
165,14,4147.538383
165,15,4009.070621
165,16,3978.193239
166,13,4546.671650
166,14,4147.538383
166,15,4008.144995
166,16,3978.193239
167,13,4546.671650
167,14,4147.538383
167,15,4008.144995
167,16,3978.193239
168,13,4520.826497
168,14,4147.538383
168,15,4008.144995
168,16,3978.193239
169,13,4520.826497
169,14,4147.538383
169,15,4008.144995
169,16,3978.193239
170,13,4512.788657
170,14,4147.538383
170,15,4008.144995
170,16,3976.551977
171,13,4512.788657
171,14,4147.538383
171,15,4008.144995
171,16,3976.551977
172,13,4504.655562
172,14,4141.597436
172,15,4005.469566
172,16,3976.551977
173,13,4504.655562
173,14,4131.296142
173,15,4005.469566
173,16,3971.124629
174,12,4754.730822
174,13,4504.655562
174,14,4130.617855
174,15,3983.514744
174,16,3971.124629
175,12,4754.730822
175,13,4504.655562
175,14,4130.617855
175,15,3983.514744
175,16,3971.124629
176,12,4723.414797
176,13,4504.655562
176,14,4130.617855
176,15,3983.514744
176,16,3966.752556
177,12,4723.414797
177,13,4504.655562
177,14,4130.617855
177,15,3983.514744
177,16,3966.234885
178,12,4723.414797
178,13,4497.712923
178,14,4130.617855
178,15,3970.875754
178,16,3966.234885
179,12,4723.414797
179,13,4497.712923
179,14,4130.617855
179,15,3970.875754
179,16,3966.234885
180,12,4723.414797
180,13,4437.690199
180,14,4130.617855
180,15,3970.875754
180,16,3966.234885
181,12,4723.414797
181,13,4437.690199
181,14,4130.617855
181,15,3970.875754
181,16,3966.234885
182,12,4723.414797
182,13,4424.775323
182,14,4130.617855
182,15,3970.875754
182,16,3966.234885
183,12,4723.414797
183,13,4424.775323
183,14,4130.617855
183,15,3970.875754
183,16,3966.234885
184,12,4716.183472
184,13,4389.250428
184,14,4130.617855
184,15,3961.077131
185,12,4716.183472
185,13,4389.250428
185,14,4130.617855
185,15,3961.077131
186,12,4716.183472
186,13,4387.383368
186,14,4130.617855
186,15,3961.077131
187,12,4716.183472
187,13,4365.345855
187,14,4130.617855
187,15,3961.077131
188,12,4710.833632
188,13,4365.345855
188,14,4128.680952
188,15,3961.077131
189,12,4710.833632
189,13,4365.345855
189,14,4128.680952
189,15,3961.077131
190,12,4684.078049
190,13,4355.246334
190,14,4122.537829
190,15,3961.077131
191,12,4684.078049
191,13,4355.246334
191,14,4122.537829
191,15,3961.077131
192,12,4673.779897
192,13,4351.796852
192,14,4122.537829
192,15,3961.077131
193,12,4673.779897
193,13,4351.796852
193,14,4122.537829
193,15,3961.077131
194,12,4640.185194
194,13,4330.441208
194,14,4122.537829
194,15,3961.077131
195,12,4640.185194
195,13,4330.441208
195,14,4122.537829
195,15,3961.077131
196,12,4640.185194
196,13,4321.678812
196,14,4122.537829
196,15,3961.077131
197,12,4640.185194
197,13,4321.678812
197,14,4122.537829
197,15,3961.077131
198,12,4640.185194
198,13,4321.678812
198,14,4122.537829
198,15,3960.605000
199,12,4640.185194
199,13,4304.116979
199,14,4122.537829
199,15,3955.213245
200,12,4640.185194
200,13,4304.116979
200,14,4111.326328
200,15,3955.213245
201,12,4640.185194
201,13,4304.116979
201,14,4111.326328
201,15,3955.213245
202,12,4640.185194
202,13,4304.116979
202,14,4111.326328
202,15,3955.213245
203,12,4627.194880
203,13,4304.116979
203,14,4111.326328
203,15,3955.213245
204,12,4627.194880
204,13,4304.116979
204,14,4111.326328
204,15,3955.213245
205,12,4627.194880
205,13,4304.116979
205,14,4111.326328
205,15,3955.213245
206,12,4576.206644
206,13,4243.180811
206,14,4104.700028
206,15,3955.213245
207,12,4576.206644
207,13,4243.180811
207,14,4104.700028
207,15,3955.213245
208,12,4572.873560
208,13,4238.404759
208,14,4104.700028
208,15,3955.213245
208,17,3951.901568
209,12,4572.873560
209,13,4238.404759
209,14,4104.700028
209,15,3955.213245
209,17,3951.901568
210,12,4555.838938
210,13,4236.559412
210,14,4104.700028
210,15,3955.213245
210,17,3951.901568
211,12,4555.838938
211,13,4236.559412
211,14,4104.700028
211,15,3952.488843
211,17,3951.901568
212,12,4545.540786
212,13,4236.559412
212,14,4104.700028
212,15,3952.488843
212,17,3951.825121
213,12,4545.540786
213,13,4236.559412
213,14,4104.700028
213,15,3952.488843
213,17,3951.825121
214,12,4545.540786
214,13,4236.559412
214,14,4104.700028
214,15,3952.488843
214,17,3951.825121
215,12,4545.540786
215,13,4236.559412
215,14,4104.700028
215,15,3952.488843
215,17,3951.825121
216,12,4476.968844
216,13,4194.128179
216,14,4104.700028
216,15,3952.488843
216,17,3951.825121
217,12,4476.968844
217,13,4194.128179
217,14,4104.700028
217,15,3951.568974
218,12,4474.461776
218,13,4194.128179
218,14,4104.700028
218,15,3951.568974
219,12,4474.461776
219,13,4194.128179
219,14,4104.700028
219,15,3946.075755
220,12,4471.785127
220,13,4183.375462
220,14,4104.700028
220,15,3946.075755
221,12,4471.785127
221,13,4183.375462
221,14,4104.700028
221,15,3946.075755
222,12,4471.640945
222,13,4183.375462
222,14,4104.700028
222,15,3946.075755
223,12,4471.640945
223,13,4183.375462
223,14,4104.700028
223,15,3946.075755
224,12,4470.601438
224,13,4183.375462
224,14,4098.467302
224,15,3946.075755
225,12,4470.601438
225,13,4162.225765
225,14,4098.467302
225,15,3946.075755
226,12,4470.601438
226,13,4162.225765
226,14,4098.467302
226,15,3946.075755
227,12,4470.601438
227,13,4162.225765
227,14,4098.467302
227,15,3946.075755
228,12,4470.601438
228,13,4157.211370
228,14,4083.475528
228,15,3946.075755
229,11,5548.882187
229,12,4470.601438
229,13,4157.211370
229,14,4083.475528
229,15,3946.075755
230,11,5548.882187
230,12,4470.601438
230,13,4157.211370
230,14,4079.986075
230,15,3946.075755
231,11,5548.882187
231,12,4470.601438
231,13,4156.169988
231,14,4079.986075
231,15,3946.075755
232,11,5548.882187
232,12,4470.601438
232,13,4156.169988
232,14,4079.986075
232,15,3946.075755
233,11,5548.882187
233,12,4452.729328
233,13,4145.123154
233,14,4079.986075
233,15,3946.075755
234,11,5548.882187
234,12,4446.754230
234,13,4144.150546
234,14,4079.986075
234,15,3945.005817
235,11,5548.882187
235,12,4446.754230
235,13,4144.150546
235,14,4079.986075
235,15,3945.005817
236,11,5125.559390
236,12,4446.754230
236,13,4144.150546
236,14,4079.986075
236,15,3945.005817
237,11,5125.559390
237,12,4446.754230
237,13,4144.150546
237,14,4079.986075
237,15,3945.005817
238,11,5109.167681
238,12,4437.870293
238,13,4144.150546
238,14,4078.196222
238,15,3945.005817
239,11,4667.103713
239,12,4390.032278
239,13,4144.150546
239,14,4078.196222
239,15,3945.005817
240,11,4667.103713
240,12,4390.032278
240,13,4144.150546
240,14,4078.196222
240,15,3945.005817
241,11,4667.103713
241,12,4390.032278
241,13,4144.150546
241,14,4078.196222
241,15,3945.005817
242,11,4667.103713
242,12,4390.032278
242,13,4144.150546
242,14,4078.196222
242,15,3944.930525
243,11,4651.361218
243,12,4390.032278
243,13,4144.150546
243,14,4078.196222
243,15,3944.930525
244,11,4617.316805
244,12,4390.032278
244,13,4143.425159
244,14,4069.041910
244,15,3944.930525
245,11,4617.316805
245,12,4390.032278
245,13,4143.425159
245,14,4069.041910
245,15,3944.930525
246,11,4511.280132
246,12,4390.032278
246,13,4141.562901
246,14,4069.041910
246,15,3944.930525
247,11,4511.280132
247,12,4390.032278
247,13,4141.562901
247,14,4069.041910
247,15,3944.930525
248,11,4506.451869
248,12,4389.362407
248,13,4141.197330
248,14,4069.041910
248,15,3944.578598
249,11,4506.451869
249,12,4389.362407
249,13,4141.197330
249,14,4069.041910
249,15,3944.578598
250,11,4499.353746
250,12,4389.362407
250,13,4141.197330
250,14,4069.041910
250,15,3944.578598
251,11,4499.353746
251,12,4389.362407
251,13,4141.197330
251,14,4069.041910
251,15,3944.578598
252,11,4490.025433
252,12,4363.238325
252,13,4141.040856
252,14,4069.041910
252,15,3944.578598
253,11,4490.025433
253,12,4360.623687
253,13,4141.040856
253,14,4069.041910
253,15,3944.578598
254,11,4458.427292
254,12,4360.623687
254,13,4060.591188
254,15,3944.578598
254,16,3943.758196
255,11,4458.427292
255,12,4360.623687
255,13,4060.591188
255,15,3944.578598
255,16,3943.758196
256,11,4458.427292
256,12,4360.623687
256,13,4060.591188
256,15,3944.578598
256,16,3941.403550
257,11,4458.427292
257,12,4360.623687
257,13,4060.591188
257,15,3944.578598
257,16,3941.403550
258,11,4458.427292
258,12,4360.623687
258,13,4059.023994
258,15,3944.578598
258,16,3941.403550
259,11,4458.427292
259,12,4360.623687
259,13,4059.023994
259,15,3944.578598
259,16,3941.403550
260,11,4458.427292
260,12,4360.623687
260,13,4055.217194
260,15,3944.578598
260,16,3941.403550
261,11,4458.427292
261,12,4360.623687
261,13,4055.217194
261,14,4029.855839
261,15,3944.578598
261,16,3941.403550
262,11,4436.338603
262,12,4360.623687
262,13,4055.217194
262,14,4029.855839
262,15,3944.578598
262,16,3941.403550
263,11,4436.338603
263,12,4360.623687
263,13,4055.217194
263,14,4001.377601
263,15,3944.578598
263,16,3941.403550
264,11,4436.338603
264,12,4360.623687
264,13,4055.217194
264,14,4001.377601
264,15,3944.578598
264,16,3941.403550
264,17,3936.516530
265,11,4436.338603
265,12,4337.762459
265,13,4055.217194
265,14,4001.377601
265,15,3944.578598
265,16,3933.289702
266,11,4435.379585
266,12,4337.762459
266,13,4055.217194
266,14,4000.679358
266,15,3944.578598
266,16,3933.289702
267,11,4435.379585
267,12,4337.762459
267,13,4055.217194
267,14,4000.679358
267,15,3944.578598
267,16,3933.289702
268,11,4435.379585
268,12,4337.762459
268,13,4055.217194
268,14,3993.738872
268,15,3944.565265
268,16,3933.213255
269,11,4435.379585
269,12,4337.762459
269,13,4055.217194
269,14,3993.738872
269,15,3944.565265
269,16,3933.213255
270,11,4435.165386
270,12,4337.762459
270,13,4054.821734
270,14,3992.592318
270,15,3944.565265
270,16,3933.213255
271,11,4435.165386
271,12,4337.762459
271,13,4054.821734
271,14,3992.592318
271,15,3944.565265
271,16,3933.213255
272,11,4435.165386
272,12,4337.762459
272,13,4053.804247
272,14,3992.592318
272,15,3944.565265
272,16,3933.213255
273,11,4435.165386
273,12,4337.762459
273,13,4053.804247
273,14,3992.592318
273,15,3944.565265
273,16,3933.213255
274,11,4435.165386
274,12,4337.762459
274,13,4051.464774
274,14,3988.736610
274,15,3944.565265
274,16,3933.213255
275,11,4435.165386
275,12,4337.762459
275,13,4051.464774
275,14,3982.007948
275,15,3944.565265
275,16,3933.213255
276,11,4435.165386
276,12,4335.774242
276,13,4044.526194
276,14,3982.007948
276,15,3944.565265
276,16,3933.213255
277,11,4435.165386
277,12,4335.774242
277,13,4044.526194
277,14,3982.007948
277,15,3944.565265
277,16,3933.213255
278,11,4435.165386
278,12,4301.484926
278,13,4044.526194
278,14,3982.007948
278,15,3944.565265
278,16,3933.213255
279,11,4435.165386
279,12,4301.484926
279,13,4044.526194
279,14,3982.007948
279,15,3944.565265
279,16,3933.213255
280,11,4406.882225
280,12,4295.740617
280,13,4044.526194
280,14,3982.007948
280,15,3942.914539
280,16,3933.213255
281,11,4406.882225
281,12,4286.275595
281,13,4044.526194
281,14,3982.007948
281,15,3942.914539
281,16,3933.213255
282,11,4394.876157
282,12,4286.275595
282,13,4042.697947
282,14,3978.418266
282,15,3942.914539
282,16,3933.213255
283,11,4394.876157
283,12,4286.275595
283,13,4042.697947
283,14,3978.418266
283,15,3942.914539
283,16,3933.213255
284,11,4394.876157
284,12,4285.109153
284,13,4042.697947
284,14,3978.418266
284,15,3942.914539
284,16,3933.213255
285,11,4332.591361
285,12,4285.109153
285,13,4042.697947
285,14,3978.418266
285,15,3942.914539
285,16,3933.213255
286,11,4332.591361
286,12,4216.351914
286,13,4042.697947
286,14,3974.081657
286,15,3942.914539
286,16,3933.213255
287,11,4332.591361
287,12,4216.351914
287,13,4039.926141
287,14,3974.081657
287,15,3942.914539
287,16,3933.213255
288,11,4332.591361
288,12,4216.351914
288,13,4039.926141
288,14,3973.573669
288,15,3942.914539
288,16,3933.213255
289,11,4332.591361
289,12,4216.351914
289,13,4039.926141
289,14,3973.573669
289,15,3942.914539
289,16,3933.213255
290,11,4317.241938
290,12,4216.351914
290,13,4039.926141
290,14,3961.230576
290,15,3942.914539
290,16,3933.213255
291,11,4317.241938
291,12,4216.351914
291,13,4039.926141
291,14,3961.230576
291,15,3942.914539
291,16,3933.213255
292,11,4317.241938
292,12,4216.351914
292,13,4039.926141
292,14,3961.147519
292,15,3942.914539
292,16,3933.213255
293,11,4317.241938
293,12,4216.351914
293,13,4030.327494
293,14,3961.147519
293,15,3942.914539
293,16,3933.213255
294,11,4317.241938
294,12,4216.351914
294,13,4030.327494
294,14,3961.147519
294,15,3942.914539
294,16,3933.213255
295,11,4317.241938
295,12,4216.351914
295,13,4030.327494
295,14,3961.147519
295,15,3942.914539
295,16,3933.213255
296,11,4317.241938
296,12,4198.354681
296,13,4030.327494
296,14,3961.147519
296,15,3942.914539
296,16,3933.213255
297,11,4317.241938
297,12,4198.354681
297,13,4018.200470
297,14,3952.085699
297,15,3942.914539
297,16,3933.213255
298,11,4296.268109
298,12,4198.354681
298,13,4018.200470
298,14,3952.085699
298,15,3942.914539
298,16,3933.213255
299,11,4271.050069
299,12,4198.354681
299,13,4018.200470
299,14,3952.085699
299,15,3942.914539
299,16,3933.213255
300,11,4271.050069
300,12,4162.690492
300,13,4017.608954
300,14,3952.085699
300,15,3942.914539
300,16,3933.213255
301,11,4271.050069
301,12,4157.556931
301,13,4017.608954
301,14,3952.085699
301,15,3942.914539
301,16,3933.213255
302,11,4270.327384
302,12,4149.920178
302,13,4017.608954
302,14,3952.085699
302,15,3942.914539
302,16,3933.213255
303,11,4270.327384
303,12,4149.920178
303,13,4017.608954
303,14,3952.085699
303,15,3942.914539
303,16,3933.213255
304,11,4269.255536
304,12,4149.920178
304,13,4017.608954
304,14,3945.538054
304,15,3941.438866
304,16,3933.213255
305,11,4251.085143
305,12,4149.920178
305,13,4017.608954
305,14,3945.538054
305,15,3941.438866
305,16,3933.213255
306,11,4251.085143
306,12,4149.920178
306,13,4017.608954
306,14,3945.538054
306,15,3941.438866
306,16,3933.213255
307,11,4251.085143
307,12,4139.645738
307,13,4017.608954
307,14,3945.538054
307,15,3941.438866
307,16,3933.213255
308,11,4251.085143
308,12,4139.645738
308,13,4017.608954
308,14,3945.538054
308,15,3941.438866
308,16,3933.213255
309,11,4251.085143
309,12,4139.645738
309,13,4015.899795
309,14,3945.538054
309,15,3941.438866
309,16,3933.213255
310,11,4251.085143
310,12,4139.645738
310,13,3998.314985
310,14,3945.538054
310,15,3941.438866
310,16,3933.213255
311,11,4251.085143
311,12,4139.645738
311,13,3998.314985
311,14,3945.538054
311,15,3941.438866
311,16,3933.213255
312,11,4197.572165
312,12,4139.645738
312,13,3998.314985
312,14,3945.538054
312,15,3941.438866
312,16,3933.213255
313,11,4197.572165
313,12,4139.645738
313,13,3998.314985
313,14,3945.538054
313,15,3941.438866
313,16,3933.213255
314,11,4197.572165
314,12,4122.572575
314,13,3998.314985
314,14,3945.538054
314,15,3918.843433
315,11,4197.572165
315,12,4122.572575
315,13,3998.314985
315,14,3945.538054
315,15,3918.843433
316,11,4194.932163
316,12,4103.772866
316,13,3998.314985
316,14,3945.538054
316,15,3918.843433
317,11,4194.932163
317,12,4084.167993
317,13,3998.314985
317,14,3945.538054
317,15,3918.843433
318,11,4194.932163
318,12,4084.167993
318,13,3998.314985
318,14,3945.538054
318,15,3918.843433
319,11,4194.932163
319,12,4038.143627
319,13,3998.314985
319,14,3945.538054
319,15,3918.843433
320,11,4194.932163
320,12,4038.143627
320,13,3991.364013
320,14,3945.538054
320,15,3918.843433
321,11,4194.932163
321,12,4038.143627
321,13,3991.364013
321,14,3945.538054
321,15,3918.843433
322,11,4124.777727
322,12,4038.143627
322,13,3991.364013
322,14,3940.610322
322,15,3918.843433
323,11,4124.777727
323,12,4038.143627
323,13,3991.364013
323,14,3940.610322
323,15,3918.843433
324,11,4124.777727
324,12,4034.772590
324,13,3991.364013
324,14,3940.610322
324,15,3918.843433
325,11,4124.777727
325,12,4034.772590
325,13,3991.364013
325,14,3940.610322
325,15,3918.843433
