Generation,NV,TOC
1,16,8577.135540
1,18,6997.313273
1,23,6164.027372
1,26,5574.067817
1,27,5543.228190
1,32,4990.423507
1,33,4956.518758
1,38,4884.508870
1,40,4863.912655
1,47,4862.162630
1,51,4793.060706
2,16,8577.135540
2,17,8208.664673
2,18,6865.166237
2,23,5874.125223
2,26,5574.067817
2,27,5543.228190
2,28,5515.746058
2,32,4974.680640
2,33,4956.518758
2,38,4884.508870
2,40,4863.912655
2,45,4844.272980
2,51,4793.060706
3,15,8232.589721
3,17,8208.664673
3,18,6689.017451
3,20,6309.581594
3,23,5874.125223
3,24,5605.193293
3,26,5574.067817
3,27,5543.228190
3,28,5515.746058
3,29,5466.042048
3,32,4974.680640
3,33,4956.518758
3,35,4775.364581
4,15,8232.589721
4,16,7436.734558
4,18,6434.659470
4,20,6309.581594
4,22,5826.793009
4,24,5539.791990
4,27,5504.540213
4,28,5308.444758
4,30,5237.499856
4,32,4632.300474
5,15,8232.589721
5,16,7436.734558
5,17,7330.509834
5,18,6434.659470
5,20,6309.581594
5,22,5826.793009
5,24,5539.791990
5,25,5430.151297
5,28,5308.444758
5,30,5237.499856
5,32,4632.300474
5,38,4611.983153
5,41,4602.924884
6,14,9127.843865
6,15,8232.589721
6,16,7080.646134
6,18,6434.659470
6,19,6316.930429
6,20,6186.933568
6,21,6170.436501
6,22,5740.175102
6,23,5462.857349
6,25,5358.726628
6,28,5232.997739
6,29,5178.990511
6,31,4592.396193
6,35,4544.431503
7,14,9127.843865
7,15,8232.589721
7,16,7080.646134
7,18,6434.659470
7,19,6316.930429
7,20,6186.933568
7,21,6170.436501
7,22,5740.175102
7,23,5462.857349
7,25,5358.726628
7,28,5232.997739
7,29,5178.990511
7,30,4996.582282
7,31,4592.396193
7,35,4544.431503
8,14,8682.532096
8,15,8232.589721
8,16,7080.646134
8,18,6434.659470
8,19,6316.930429
8,20,6186.933568
8,21,5950.200524
8,22,5708.113780
8,23,5462.857349
8,25,5314.360075
8,28,5124.355822
8,30,4562.031806
8,35,4510.582173
9,14,8682.532096
9,15,8232.589721
9,16,7080.646134
9,18,6434.659470
9,19,6316.930429
9,20,6186.933568
9,21,5950.200524
9,22,5708.113780
9,23,5462.857349
9,25,5314.360075
9,28,5124.355822
9,30,4562.031806
9,35,4510.582173
9,46,4508.307091
10,14,8682.532096
10,15,8232.589721
10,16,7080.646134
10,17,6856.272115
10,18,6434.659470
10,19,6316.930429
10,20,6186.933568
10,21,5950.200524
10,22,5708.113780
10,23,5462.857349
10,25,5314.360075
10,28,5124.355822
10,29,4906.352236
10,30,4562.031806
10,35,4510.582173
10,46,4508.307091
11,14,8682.532096
11,15,8232.589721
11,16,6758.696338
11,17,6307.234831
11,20,6186.933568
11,21,5950.200524
11,22,5708.113780
11,23,5462.857349
11,25,5314.360075
11,28,5124.355822
11,29,4906.352236
11,30,4562.031806
11,33,4428.163960
12,14,8682.532096
12,15,8232.589721
12,16,6758.696338
12,17,6188.865476
12,20,6136.236603
12,21,5950.200524
12,22,5708.113780
12,23,5423.063649
12,25,5314.360075
12,28,5027.826579
12,29,4862.649460
12,30,4558.109969
12,32,4418.939334
13,14,8266.985537
13,15,8232.589721
13,16,6758.696338
13,17,6188.865476
13,19,6138.161861
13,20,6136.236603
13,21,5950.200524
13,22,5708.113780
13,23,5393.060904
13,25,5314.360075
13,26,5246.666218
13,28,5027.826579
13,29,4862.649460
13,30,4558.109969
13,32,4418.939334
14,14,8266.985537
14,15,8232.589721
14,16,6758.696338
14,17,6188.865476
14,19,6138.161861
14,20,6136.236603
14,21,5950.200524
14,22,5350.426205
14,24,5294.386362
14,25,5086.119692
14,28,5027.826579
14,29,4386.159949
15,14,8266.985537
15,15,8232.589721
15,16,6758.696338
15,17,6105.635898
15,18,5992.383756
15,21,5867.647452
15,22,5350.426205
15,24,5294.386362
15,25,5086.119692
15,28,5027.826579
15,29,4386.159949
16,14,8266.985537
16,15,8232.589721
16,16,6433.660640
16,17,5659.552185
16,21,5342.467017
16,24,5251.428616
16,25,5086.119692
16,27,4780.903126
16,29,4384.649766
17,14,8266.985537
17,15,7439.071070
17,16,6433.660640
17,17,5659.552185
17,20,5530.825018
17,21,5342.467017
17,24,5251.428616
17,25,5086.119692
17,27,4780.903126
17,29,4384.649766
18,14,7942.129382
18,15,7229.463240
18,16,6327.568971
18,17,5659.552185
18,20,5518.748720
18,21,5308.859004
18,22,5046.332649
18,27,4751.869043
18,29,4372.414955
19,14,7942.129382
19,15,7229.463240
19,16,6327.568971
19,17,5659.552185
19,20,5518.748720
19,21,5308.859004
19,22,5046.332649
19,27,4751.869043
19,29,4372.414955
20,13,7762.985793
20,15,7107.099826
20,16,5575.602063
20,20,5466.952624
20,21,4999.017188
20,27,4711.943366
20,28,4359.698763
21,13,7762.985793
21,15,7107.099826
21,16,5575.602063
21,20,5466.952624
21,21,4999.017188
21,25,4923.351438
21,27,4711.943366
21,28,4359.698763
22,13,7425.313122
22,15,6668.385935
22,16,5575.602063
22,20,5444.152367
22,21,4922.325542
22,24,4837.276161
22,26,4680.169956
22,28,4344.860958
23,13,7425.313122
23,15,6668.385935
23,16,5575.602063
23,20,5444.152367
23,21,4922.325542
23,24,4837.276161
23,26,4680.169956
23,28,4344.860958
24,13,7371.345217
24,15,6668.385935
24,16,5568.941982
24,20,5444.152367
24,21,4877.913917
24,22,4826.291335
24,26,4655.216020
24,28,4344.860958
24,29,4225.939910
25,13,7371.345217
25,15,6668.385935
25,16,5568.941982
25,20,5444.152367
25,21,4877.913917
25,22,4826.291335
25,26,4655.216020
25,28,4344.860958
25,29,4225.939910
26,13,7371.345217
26,15,6532.156459
26,16,5568.941982
26,20,5444.152367
26,21,4844.305904
26,22,4826.291335
26,26,4655.216020
26,28,4316.267174
26,29,4225.939910
26,32,4213.040984
27,13,7371.345217
27,15,6532.156459
27,16,5568.941982
27,20,5444.152367
27,21,4743.743869
27,26,4655.216020
27,28,4316.267174
27,29,4225.939910
27,32,4213.040984
28,13,7162.976919
28,15,6532.156459
28,16,5568.941982
28,19,5386.954713
28,20,4925.346893
28,21,4743.743869
28,26,4618.111457
28,28,4207.112432
29,13,7162.976919
29,15,6532.156459
29,16,5568.941982
29,19,5386.954713
29,20,4874.417449
29,21,4743.743869
29,23,4694.613321
29,26,4618.111457
29,28,4207.112432
30,13,6927.167662
30,15,6531.015984
30,16,5519.089787
30,19,5386.954713
30,20,4849.347011
30,21,4743.743869
30,23,4678.110422
30,24,4645.742196
30,26,4602.311692
30,28,4196.542025
31,13,6927.167662
31,15,6531.015984
31,16,5519.089787
31,18,5334.774689
31,20,4849.347011
31,21,4743.743869
31,23,4678.110422
31,24,4645.742196
31,26,4602.311692
31,28,4196.542025
32,13,6927.167662
32,15,6421.548237
32,16,5519.089787
32,18,5334.774689
32,20,4849.347011
32,21,4723.456640
32,22,4716.458878
32,23,4678.110422
32,24,4640.917709
32,25,4578.977974
32,26,4543.025622
32,28,4190.092886
32,37,4184.449257
33,13,6927.167662
33,14,6487.164563
33,15,6186.518604
33,16,5519.089787
33,18,5334.774689
33,20,4849.347011
33,21,4723.456640
33,22,4716.458878
33,23,4678.110422
33,24,4640.917709
33,25,4578.977974
33,26,4543.025622
33,28,4190.092886
33,37,4184.449257
34,13,6927.167662
34,14,6487.164563
34,15,6186.518604
34,16,5519.089787
34,18,5334.774689
34,19,5123.973690
34,20,4842.208178
34,21,4680.436495
34,23,4670.654242
34,24,4640.917709
34,25,4568.884467
34,26,4538.242817
34,27,4395.352896
34,28,4190.021861
34,30,4181.474253
35,13,6927.167662
35,14,6487.164563
35,15,6138.754436
35,16,5519.089787
35,18,5334.774689
35,19,5123.973690
35,20,4842.208178
35,21,4680.436495
35,23,4670.654242
35,24,4640.917709
35,25,4521.734272
35,26,4511.946976
35,27,4395.352896
35,28,4190.021861
35,30,4181.474253
36,13,6927.167662
36,14,6487.164563
36,15,6138.754436
36,16,5519.089787
36,18,4949.802393
36,20,4772.497054
36,21,4643.032930
36,24,4636.912258
36,25,4509.081764
36,27,4378.534093
36,28,4177.719264
36,30,4171.372904
37,13,6927.167662
37,14,6487.164563
37,15,6138.754436
37,16,5519.089787
37,18,4949.802393
37,20,4772.497054
37,21,4643.032930
37,24,4575.283968
37,25,4509.081764
37,27,4378.534093
37,28,4177.719264
37,30,4171.372904
38,13,6927.167662
38,14,6038.233967
38,16,5519.089787
38,18,4949.802393
38,20,4722.448664
38,21,4593.318945
38,23,4437.258141
38,27,4169.387271
38,30,4161.238196
39,13,6927.167662
39,14,6038.233967
39,16,5519.089787
39,18,4949.802393
39,20,4722.448664
39,21,4593.318945
39,23,4437.258141
39,27,4169.387271
39,30,4161.238196
40,13,6861.886141
40,14,6007.287318
40,16,5503.021835
40,18,4932.628834
40,20,4721.720050
40,21,4593.318945
40,23,4426.100767
40,27,4168.568497
40,28,4105.465139
41,13,6861.886141
41,14,6007.287318
41,15,5841.156985
41,16,5503.021835
41,18,4932.628834
41,19,4845.929832
41,20,4721.720050
41,21,4593.318945
41,23,4426.100767
41,27,4168.568497
41,28,4105.465139
42,13,6861.886141
42,14,6007.287318
42,15,5749.619737
42,16,5477.268030
42,17,5205.840085
42,18,4886.712608
42,19,4785.342311
42,20,4721.608494
42,21,4582.949572
42,23,4426.100767
42,27,4166.392925
42,28,4096.544932
43,13,6861.886141
43,14,6007.287318
43,15,5749.619737
43,16,5477.268030
43,17,5205.840085
43,18,4886.712608
43,19,4785.342311
43,20,4721.608494
43,21,4559.393350
43,22,4469.446456
43,23,4426.100767
43,27,4166.392925
43,28,4096.544932
44,13,6861.886141
44,14,6007.287318
44,15,5749.619737
44,16,5401.882343
44,17,5205.840085
44,18,4861.946022
44,19,4765.558312
44,20,4626.723598
44,21,4463.206364
44,23,4426.100767
44,24,4353.388753
44,27,4021.142721
45,13,6861.886141
45,14,6007.287318
45,15,5749.619737
45,16,5401.882343
45,17,5205.840085
45,18,4861.946022
45,19,4765.558312
45,20,4626.723598
45,21,4463.206364
45,23,4426.100767
45,24,4353.388753
45,27,4021.142721
46,13,6861.886141
46,14,6007.287318
46,15,5633.713997
46,16,5386.145446
46,17,5205.840085
46,18,4762.644201
46,20,4545.328234
46,21,4457.221092
46,23,4413.871613
46,24,4339.850601
46,26,4017.884525
47,13,6861.886141
47,14,6007.287318
47,15,5633.713997
47,16,5386.145446
47,17,5205.840085
47,18,4762.644201
47,20,4545.328234
47,21,4457.221092
47,22,4451.534428
47,23,4413.871613
47,24,4339.850601
47,26,4017.884525
48,13,6861.886141
48,14,6007.287318
48,15,5633.713997
48,16,5326.385307
48,17,5205.840085
48,18,4760.315963
48,20,4535.984869
48,21,4448.074824
48,22,4443.827412
48,23,4404.981812
48,24,4339.850601
48,25,3967.268039
49,13,6861.886141
49,14,6007.287318
49,15,5633.713997
49,16,5326.385307
49,17,5205.840085
49,18,4760.315963
49,20,4535.984869
49,21,4448.074824
49,22,4419.940665
49,23,4404.981812
49,24,4339.850601
49,25,3967.268039
50,13,6861.886141
50,14,6007.287318
50,15,5633.713997
50,16,5272.329147
50,17,5061.300629
50,18,4706.406311
50,19,4690.032689
50,20,4513.240401
50,21,4410.727513
50,23,4404.981812
50,24,4298.157524
50,25,3958.192586
51,13,6861.886141
51,14,6007.287318
51,15,5633.713997
51,16,5272.329147
51,17,5061.300629
51,18,4706.406311
51,19,4690.032689
51,20,4513.240401
51,21,4410.727513
51,23,4404.981812
51,24,4298.157524
51,25,3958.192586
52,13,6861.886141
52,14,6007.287318
52,15,5602.592682
52,16,5261.079554
52,17,5057.379007
52,18,4693.539642
52,19,4690.032689
52,20,4491.922335
52,21,4408.871058
52,23,4365.954495
52,24,4298.157524
52,25,3942.499571
53,13,6861.886141
53,14,6007.287318
53,15,5602.592682
53,16,5261.079554
53,17,5057.379007
53,18,4693.539642
53,19,4690.032689
53,20,4491.922335
53,21,4408.871058
53,23,4365.954495
53,24,4298.157524
53,25,3942.499571
54,13,6861.886141
54,14,6007.287318
54,15,5565.674965
54,16,5244.980097
54,17,4903.753717
54,18,4688.094879
54,19,4430.806355
54,21,4408.871058
54,23,4364.488711
54,24,4297.374853
54,25,3942.499571
55,13,6861.886141
55,14,6007.287318
55,15,5565.674965
55,16,5244.980097
55,17,4903.753717
55,18,4688.094879
55,19,4430.806355
55,21,4408.871058
55,23,4364.488711
55,24,4297.374853
55,25,3942.499571
56,13,6717.344809
56,14,5823.150786
56,15,5565.674965
56,16,5235.485420
56,17,4903.753717
56,18,4603.878784
56,19,4430.806355
56,21,4408.871058
56,23,4335.751934
56,24,4297.374853
56,25,3942.499571
57,13,6717.344809
57,14,5793.515650
57,15,5565.674965
57,16,5235.485420
57,17,4903.753717
57,18,4603.878784
57,19,4430.806355
57,21,4408.871058
57,23,4335.751934
57,24,4297.374853
57,25,3942.499571
58,13,6717.344809
58,14,5719.397272
58,15,5535.886621
58,16,5219.382942
58,17,4900.545664
58,18,4598.673333
58,19,4429.911029
58,21,4372.405291
58,23,4323.606249
58,24,4297.374853
58,25,3936.339738
59,13,6717.344809
59,14,5719.397272
59,15,5535.886621
59,16,5219.382942
59,17,4900.545664
59,18,4598.673333
59,19,4429.911029
59,21,4372.405291
59,23,4323.606249
59,24,4297.374853
59,25,3936.339738
59,27,3934.318356
60,13,6717.344809
60,14,5719.397272
60,15,5504.079568
60,16,5109.967685
60,17,4900.545664
60,18,4598.673333
60,19,4429.911029
60,21,4372.405291
60,23,4273.629723
60,25,3936.284379
60,26,3919.843639
61,13,6717.344809
61,14,5645.584304
61,15,5504.079568
61,16,5109.967685
61,17,4900.545664
61,18,4598.673333
61,19,4429.911029
61,21,4372.405291
61,22,4334.081943
61,23,4273.629723
61,25,3936.284379
61,26,3919.843639
62,13,6717.344809
62,14,5645.584304
62,15,5504.079568
62,16,4869.754071
62,18,4598.576539
62,19,4429.911029
62,21,4372.405291
62,22,4321.191834
62,23,4264.955049
62,25,3936.284379
62,26,3919.843639
63,13,6717.344809
63,14,5574.740294
63,15,5504.079568
63,16,4869.754071
63,18,4598.576539
63,19,4429.911029
63,20,4428.782655
63,21,4372.405291
63,22,4311.887964
63,23,4264.955049
63,25,3936.284379
63,26,3919.843639
64,13,6717.344809
64,14,5574.740294
64,15,5441.202808
64,16,4869.754071
64,18,4558.420992
64,19,4423.833804
64,20,4382.755008
64,21,4362.927779
64,22,4260.702674
64,25,3936.140601
64,26,3918.866482
65,13,6717.344809
65,14,5574.740294
65,15,5441.202808
65,16,4812.441299
65,18,4558.420992
65,19,4423.833804
65,20,4382.755008
65,21,4362.927779
65,22,4260.702674
65,25,3936.140601
65,26,3918.866482
66,13,6717.344809
66,14,5528.703327
66,15,4652.352656
66,18,4554.680604
66,19,4413.810693
66,20,4382.755008
66,21,4359.309095
66,22,4260.702674
66,23,4188.702203
66,25,3934.183806
66,26,3898.587255
67,13,6717.344809
67,14,5528.703327
67,15,4652.352656
67,18,4554.680604
67,19,4413.810693
67,20,4382.755008
67,21,4359.309095
67,22,4260.702674
67,23,4188.702203
67,25,3934.183806
67,26,3898.587255
68,13,6717.344809
68,14,5448.832220
68,15,4648.965854
68,18,4463.109489
68,19,4413.810693
68,20,4362.311612
68,21,4341.353576
68,22,4260.702674
68,23,4188.702203
68,25,3910.890828
68,26,3897.688806
69,13,5795.210949
69,14,5448.832220
69,15,4648.965854
69,18,4463.109489
69,19,4413.810693
69,20,4362.311612
69,21,4341.353576
69,22,4201.071077
69,23,4188.702203
69,25,3910.890828
69,26,3897.688806
70,13,5795.210949
70,14,5023.753362
70,15,4629.945555
70,18,4395.818640
70,20,4362.311612
70,21,4314.160661
70,22,4179.274435
70,24,4003.028222
70,25,3910.890828
70,26,3897.688806
71,13,5795.210949
71,14,5023.753362
71,15,4629.945555
71,18,4395.818640
71,20,4362.311612
71,21,4314.160661
71,22,4179.274435
71,24,4003.028222
71,25,3910.890828
71,26,3897.688806
72,13,5795.210949
72,14,5022.382629
72,15,4618.616804
72,18,4317.408052
72,21,4304.774675
72,22,4174.428361
72,23,4159.055647
72,24,3977.034664
72,25,3894.237598
73,13,5795.210949
73,14,5022.382629
73,15,4618.616804
73,18,4317.408052
73,21,4304.774675
73,22,4174.428361
73,23,4159.055647
73,24,3977.034664
73,25,3894.237598
74,13,5732.008506
74,14,5006.807386
74,15,4550.901641
74,18,4289.338783
74,22,4174.428361
74,23,4157.660923
74,24,3946.701014
74,25,3894.237598
75,13,5732.008506
75,14,5006.807386
75,15,4550.901641
75,18,4289.338783
75,21,4266.941088
75,22,4174.428361
75,23,4157.660923
75,24,3946.701014
75,25,3894.237598
76,13,5732.008506
76,14,4974.678513
76,15,4365.803632
76,18,4285.677057
76,21,4253.780878
76,22,4174.428361
76,23,3934.769439
76,24,3882.880548
77,13,5732.008506
77,14,4974.678513
77,15,4365.803632
77,16,4196.083288
77,22,4174.428361
77,23,3934.769439
77,24,3882.880548
78,13,5575.459208
78,14,4932.410623
78,15,4365.803632
78,16,4196.083288
78,21,4167.744253
78,23,3919.726638
78,24,3882.433676
79,13,5575.459208
79,14,4888.965524
79,15,4365.803632
79,16,4108.314290
79,23,3919.726638
79,24,3882.433676
80,13,5503.557641
80,14,4888.965524
80,15,4095.772246
80,23,3906.939359
80,24,3868.783062
81,13,5503.557641
81,14,4888.965524
81,15,4095.772246
81,22,4090.399594
81,23,3906.939359
81,24,3868.783062
82,13,5503.557641
82,14,4374.407607
82,15,4095.772246
82,20,4006.365921
82,23,3906.939359
82,24,3868.783062
83,13,5503.557641
83,14,4374.407607
83,15,4095.772246
83,16,4084.272421
83,18,4049.750393
83,20,4006.365921
83,23,3906.939359
83,24,3868.783062
84,13,5503.557641
84,14,4374.407607
84,15,4095.772246
84,16,4020.910106
84,20,4006.365921
84,23,3906.939359
84,24,3868.783062
85,13,5503.557641
85,14,4374.407607
85,15,4095.772246
85,16,4020.910106
85,20,4006.365921
85,23,3906.939359
85,24,3868.783062
86,13,4980.532329
86,14,4366.605055
86,15,4087.766376
86,16,4008.099569
86,20,3992.779881
86,22,3885.567920
86,24,3864.045189
87,13,4980.532329
87,14,4366.605055
87,15,4087.766376
87,16,4008.099569
87,20,3992.779881
87,22,3885.567920
87,24,3864.045189
88,13,4980.348569
88,14,4351.979542
88,15,4087.766376
88,16,4008.099569
88,20,3975.042515
88,22,3885.567920
88,23,3852.272213
89,13,4980.348569
89,14,4351.979542
89,15,4071.025950
89,16,4008.099569
89,17,3997.135538
89,20,3975.042515
89,22,3885.567920
89,23,3852.272213
90,13,4936.374904
90,14,4351.979542
90,15,4071.025950
90,16,4008.099569
90,17,3997.135538
90,20,3974.520161
90,22,3881.917332
90,23,3844.065284
91,13,4936.374904
91,14,4351.979542
91,15,4071.025950
91,16,4008.099569
91,17,3997.135538
91,20,3974.520161
91,22,3881.917332
91,23,3844.065284
92,13,4912.182072
92,14,4351.979542
92,15,4071.025950
92,16,4008.099569
92,17,3997.135538
92,20,3972.869738
92,22,3881.917332
92,23,3844.065284
93,13,4912.182072
93,14,4351.979542
93,15,4071.025950
93,16,4008.099569
93,17,3997.135538
93,20,3972.869738
93,22,3881.917332
93,23,3844.065284
94,13,4871.121618
94,14,4351.979542
94,15,4059.091340
94,16,4008.099569
94,17,3997.135538
94,20,3933.107128
94,21,3844.053083
94,23,3830.983173
95,13,4606.151435
95,14,4351.979542
95,15,4058.816583
95,16,4008.099569
95,17,3997.135538
95,20,3933.107128
95,21,3844.053083
95,23,3830.983173
96,13,4603.229858
96,14,4347.516798
96,15,4003.945272
96,17,3997.135538
96,20,3920.294785
96,21,3831.786654
96,23,3830.957989
97,13,4603.229858
97,14,4347.516798
97,15,4003.945272
97,17,3997.135538
97,19,3970.138446
97,20,3920.294785
97,21,3831.786654
97,23,3830.957989
98,13,4587.800775
98,14,4343.377953
98,15,4002.526045
98,17,3989.273453
98,19,3970.138446
98,20,3919.430221
98,21,3829.780622
99,13,4587.800775
99,14,4343.377953
99,15,4002.526045
99,17,3989.273453
99,19,3970.138446
99,20,3919.430221
99,21,3829.780622
99,22,3819.141554
100,13,4580.122679
100,14,4343.377953
100,15,4001.349708
100,17,3989.273453
100,19,3913.958727
100,21,3829.780622
100,22,3819.082341
101,13,4554.248038
101,14,4343.377953
101,15,4001.349708
101,17,3989.273453
101,19,3913.958727
101,21,3829.780622
101,22,3819.082341
102,13,4549.309349
102,14,4104.476642
102,15,4001.312899
102,17,3988.016837
102,19,3913.958727
102,21,3827.436731
102,22,3819.082341
103,13,4549.309349
103,14,4104.476642
103,15,4001.312899
103,17,3928.416480
103,19,3913.958727
103,21,3827.436731
103,22,3819.082341
104,13,4502.669711
104,14,4102.505827
104,15,3997.809140
104,17,3928.416480
104,19,3903.948476
104,21,3825.702352
104,22,3819.082341
105,13,4502.669711
105,14,4102.505827
105,15,3997.809140
105,17,3928.416480
105,19,3903.948476
105,21,3825.702352
105,22,3796.722904
106,13,4502.669711
106,14,4102.505827
106,15,3993.138373
106,17,3928.416480
106,19,3903.948476
106,21,3823.275316
106,22,3796.471001
107,13,4502.669711
107,14,4102.505827
107,15,3993.138373
107,17,3928.416480
107,19,3903.948476
107,20,3872.075218
107,21,3823.275316
107,22,3796.471001
108,13,4502.618914
108,14,4101.768242
108,15,3988.260941
108,16,3894.432381
108,18,3884.034745
108,20,3858.563758
108,21,3823.275316
108,22,3796.471001
109,12,5755.818137
109,13,4502.618914
109,14,4101.768242
109,15,3988.260941
109,16,3894.432381
109,18,3884.034745
109,19,3843.214508
109,21,3823.275316
109,22,3796.471001
110,12,5666.935789
110,13,4490.060963
110,14,4101.768242
110,15,3988.260941
110,16,3894.432381
110,18,3884.034745
110,19,3829.597942
110,21,3823.275316
110,22,3796.471001
111,12,5485.953960
111,13,4474.451819
111,14,4101.768242
111,15,3980.329604
111,16,3892.529633
111,18,3884.034745
111,19,3828.141504
111,21,3817.780885
111,22,3796.471001
112,12,5485.953960
112,13,4474.451819
112,14,4101.768242
112,15,3980.329604
112,16,3892.529633
112,18,3884.034745
112,19,3828.141504
112,21,3817.780885
112,22,3796.471001
113,12,5446.399303
113,13,4474.451819
113,14,4101.768242
113,15,3980.329604
113,16,3891.553697
113,18,3878.056954
113,19,3828.141504
113,21,3817.780885
113,22,3796.471001
114,12,5446.399303
114,13,4474.451819
114,14,4101.768242
114,15,3980.329604
114,16,3891.553697
114,18,3878.056954
114,19,3828.141504
114,21,3817.780885
114,22,3796.471001
115,12,5406.671173
115,13,4473.577962
115,14,4096.433596
115,15,3980.329604
115,16,3890.775312
115,18,3877.515454
115,19,3826.463306
115,21,3817.780885
115,22,3794.787503
116,12,5406.671173
116,13,4473.577962
116,14,4096.433596
116,15,3980.329604
116,16,3890.775312
116,18,3877.515454
116,19,3814.812295
116,22,3794.787503
117,12,5300.897091
117,13,4460.670689
117,14,4094.029581
117,15,3950.872623
117,16,3890.775312
117,18,3877.515454
117,19,3814.812295
117,22,3794.787503
118,12,5300.897091
118,13,4460.670689
118,14,4094.029581
118,15,3950.872623
118,16,3890.775312
118,18,3877.515454
118,19,3814.812295
118,22,3794.787503
118,28,3793.387908
119,12,5300.897091
119,13,4460.670689
119,14,4094.029581
119,15,3950.872623
119,16,3890.775312
119,18,3877.515454
119,19,3814.812295
119,22,3794.787503
119,28,3793.387908
120,12,5232.368501
120,13,4458.202432
120,14,4094.029581
120,15,3950.872623
120,16,3890.775312
120,18,3877.515454
120,19,3814.812295
120,22,3794.787503
120,28,3793.387908
121,12,5185.440667
121,13,4458.202432
121,14,4031.766916
121,15,3950.872623
121,16,3890.775312
121,18,3877.515454
121,19,3814.812295
121,22,3794.787503
121,28,3793.387908
122,12,5160.577415
122,13,4455.304219
122,14,4031.766916
122,15,3950.872623
122,16,3883.643210
122,18,3877.515454
122,19,3814.812295
122,21,3785.471078
123,12,5160.577415
123,13,4455.304219
123,14,3934.187007
123,16,3883.643210
123,18,3877.515454
123,19,3814.812295
123,21,3785.471078
124,12,5140.800033
124,13,4166.519308
124,14,3934.187007
124,16,3883.643210
124,18,3857.722567
124,19,3814.812295
124,21,3772.142938
125,12,5140.800033
125,13,4165.879856
125,14,3934.187007
125,16,3883.643210
125,18,3857.722567
125,19,3814.812295
125,21,3772.142938
126,12,5137.352431
126,13,4164.912963
126,14,3934.187007
126,16,3883.643210
126,18,3857.722567
126,19,3814.812295
126,21,3772.142938
127,12,5137.352431
127,13,4164.912963
127,14,3934.187007
127,16,3883.643210
127,18,3857.722567
127,19,3814.812295
127,21,3772.142938
128,12,5137.352431
128,13,4156.534902
128,14,3934.187007
128,16,3883.643210
128,17,3872.475782
128,18,3857.722567
128,19,3812.815536
128,21,3771.758146
129,12,5137.352431
129,13,4156.534902
129,14,3934.187007
129,16,3883.643210
129,17,3872.475782
129,18,3857.722567
129,19,3812.815536
129,21,3771.758146
130,12,5137.352431
130,13,4153.322509
130,14,3934.187007
130,16,3883.643210
130,17,3849.074328
130,19,3812.699637
130,21,3770.880465
131,12,5137.352431
131,13,4153.322509
131,14,3934.187007
131,16,3883.643210
131,17,3849.074328
131,19,3812.699637
131,21,3770.880465
132,12,5134.002950
132,13,4153.322509
132,14,3934.187007
132,16,3883.643210
132,17,3849.074328
132,19,3812.378173
132,21,3765.805377
133,12,5134.002950
133,13,4153.322509
133,14,3934.187007
133,16,3883.643210
133,17,3849.074328
133,19,3812.378173
133,21,3765.805377
134,12,4468.307764
134,13,4131.934524
134,14,3929.294081
134,16,3883.643210
134,17,3847.846545
134,19,3812.378173
134,21,3759.273882
135,12,4468.307764
135,13,4131.934524
135,14,3929.294081
135,16,3883.643210
135,17,3847.846545
135,19,3812.378173
135,21,3759.273882
136,12,4443.303905
136,13,4130.956089
136,14,3929.294081
136,16,3875.389327
136,17,3841.011837
136,19,3812.146861
136,21,3759.273882
137,12,4443.303905
137,13,4130.956089
137,14,3929.294081
137,16,3875.389327
137,17,3841.011837
137,19,3812.146861
137,21,3759.273882
138,12,4428.358939
138,13,4130.956089
138,14,3929.294081
138,16,3875.389327
138,17,3841.011837
138,19,3810.427935
138,20,3754.824756
139,12,4428.358939
139,13,4130.956089
139,14,3929.294081
139,16,3875.389327
139,17,3841.011837
139,19,3810.427935
139,20,3754.824756
140,12,4422.164876
140,13,4130.956089
140,14,3929.294081
140,16,3863.875704
140,17,3841.011837
140,19,3793.973416
140,20,3749.172070
141,12,4422.164876
141,13,4130.956089
141,14,3929.294081
141,15,3916.419993
141,16,3863.875704
141,17,3841.011837
141,19,3793.973416
141,20,3749.172070
142,12,4395.245453
142,13,4130.431729
142,14,3929.294081
142,15,3916.419993
142,16,3863.875704
142,17,3840.803863
142,19,3793.973416
142,20,3749.172070
143,12,4395.245453
143,13,3987.863136
143,14,3929.294081
143,15,3916.419993
143,16,3863.875704
143,17,3840.803863
143,19,3793.973416
143,20,3749.172070
144,12,4394.908185
144,13,3984.715472
144,14,3929.294081
144,15,3915.221470
144,16,3861.270590
144,17,3840.803863
144,19,3793.973416
144,20,3749.172070
145,12,4394.908185
145,13,3984.715472
145,14,3929.294081
145,15,3915.221470
145,16,3861.270590
145,17,3840.803863
145,19,3793.973416
145,20,3749.172070
146,12,4394.908185
146,13,3946.779531
146,14,3929.294081
146,15,3915.221470
146,16,3861.270590
146,17,3840.803863
146,19,3793.973416
146,20,3749.172070
147,12,4394.908185
147,13,3946.779531
147,14,3929.294081
147,15,3915.221470
147,16,3861.270590
147,17,3840.803863
147,19,3793.973416
147,20,3749.172070
148,12,4374.930312
148,13,3946.779531
148,14,3929.294081
148,15,3915.221470
148,16,3861.270590
148,17,3840.803863
148,19,3746.729019
149,12,4374.930312
149,13,3940.889990
149,14,3929.294081
149,15,3911.840089
149,16,3861.270590
149,17,3840.803863
149,19,3746.729019
150,12,4349.652362
150,13,3940.889990
150,14,3929.294081
150,15,3911.840089
150,16,3861.270590
150,17,3840.803863
150,19,3746.729019
151,12,4349.652362
151,13,3940.889990
151,14,3929.294081
151,15,3911.840089
151,16,3861.270590
151,17,3840.803863
151,19,3746.729019
152,12,4349.652362
152,13,3940.889990
152,14,3929.294081
152,15,3878.215738
152,16,3860.211783
152,17,3839.500612
152,19,3746.396706
153,12,4349.652362
153,13,3940.889990
153,14,3929.294081
153,15,3877.085934
153,16,3860.211783
153,17,3827.117045
153,19,3746.396706
154,12,4265.794746
154,13,3937.716003
154,14,3929.294081
154,15,3877.085934
154,16,3860.211783
154,17,3826.098442
154,19,3745.990736
155,12,4265.794746
155,13,3937.716003
155,14,3929.294081
155,15,3877.085934
155,16,3860.211783
155,17,3826.098442
155,19,3745.990736
156,12,4265.464325
156,13,3937.198330
156,14,3928.622013
156,15,3876.650315
156,16,3860.211783
156,17,3826.098442
156,19,3745.990736
157,12,4265.464325
157,13,3937.198330
157,14,3928.622013
157,15,3876.650315
157,16,3860.211783
157,17,3826.098442
157,19,3745.990736
158,12,4260.809405
158,13,3937.034534
158,14,3928.622013
158,15,3874.316146
158,16,3860.211783
158,17,3822.425729
158,18,3818.347902
158,19,3745.327984
159,12,4260.809405
159,13,3937.034534
159,14,3928.622013
159,15,3874.316146
159,16,3860.211783
159,17,3822.425729
159,18,3818.347902
159,19,3745.327984
160,12,4260.131296
160,13,3926.740398
160,14,3924.876064
160,15,3874.316146
160,16,3860.211783
160,17,3822.425729
160,18,3818.347902
160,19,3745.327984
160,22,3736.630234
161,12,4205.828531
161,13,3907.467927
161,15,3874.316146
161,16,3860.211783
161,17,3822.425729
161,18,3818.347902
161,19,3745.327984
161,22,3736.630234
162,12,4199.148236
162,13,3905.891908
162,15,3874.316146
162,16,3860.211783
162,17,3822.144784
162,18,3818.347902
162,19,3744.312493
162,22,3736.630234
163,12,4199.148236
163,13,3905.891908
163,14,3902.180678
163,15,3874.316146
163,16,3860.211783
163,17,3822.144784
163,18,3818.347902
163,19,3744.312493
163,20,3732.270072
164,12,4197.998686
164,13,3905.891908
164,14,3901.776680
164,15,3874.316146
164,16,3860.211783
164,17,3819.716514
164,18,3818.347902
164,19,3744.312493
164,20,3732.270072
165,12,4197.998686
165,13,3905.891908
165,14,3901.776680
165,15,3874.316146
165,16,3860.211783
165,17,3819.716514
165,18,3812.977769
165,19,3744.312493
165,20,3732.270072
166,12,4160.743230
166,13,3905.891908
166,14,3901.776680
166,15,3874.316146
166,16,3860.211783
166,17,3819.716514
166,18,3799.160836
166,19,3744.312493
166,20,3732.270072
167,12,4160.743230
167,13,3905.891908
167,14,3901.776680
167,15,3874.316146
167,16,3860.211783
167,17,3819.716514
167,18,3799.160836
167,19,3744.312493
167,20,3732.270072
168,11,5057.144100
168,12,4159.845315
168,13,3905.891908
168,14,3901.278947
168,15,3874.316146
168,16,3860.211783
168,17,3819.716514
168,18,3799.160836
168,19,3743.044766
168,20,3732.270072
169,11,5057.144100
169,12,4159.845315
169,13,3905.891908
169,14,3901.278947
169,15,3874.316146
169,16,3860.211783
169,17,3819.716514
169,18,3799.160836
169,19,3743.044766
169,20,3732.270072
170,11,5056.023451
170,12,4159.845315
170,13,3905.891908
170,14,3901.278947
170,15,3874.316146
170,16,3860.211783
170,17,3819.716514
170,18,3799.160836
170,19,3743.044766
170,20,3732.270072
171,11,5056.023451
171,12,4159.845315
171,13,3905.891908
171,14,3901.278947
171,15,3874.316146
171,16,3860.211783
171,17,3819.716514
171,18,3799.160836
171,19,3743.044766
171,20,3732.270072
172,11,5056.023451
172,12,4151.812557
172,13,3894.162641
172,15,3874.316146
172,16,3860.211783
172,17,3819.716514
172,18,3799.160836
172,19,3734.784828
172,20,3732.270072
173,11,4875.041757
173,12,4151.812557
173,13,3894.162641
173,14,3868.302116
173,16,3860.211783
173,17,3819.716514
173,18,3799.160836
173,19,3734.784828
173,20,3732.270072
174,11,4875.041757
174,12,4143.098344
174,13,3894.162641
174,14,3868.302116
174,16,3860.211783
174,17,3817.132428
174,18,3797.948409
174,19,3720.766444
175,11,4875.041757
175,12,4143.098344
175,13,3894.162641
175,14,3868.302116
175,16,3860.211783
175,17,3817.132428
175,18,3797.948409
175,19,3720.766444
176,11,4576.203747
176,12,4112.236056
176,13,3894.162641
176,14,3868.302116
176,16,3860.211783
176,17,3817.132428
176,18,3716.987258
177,11,4576.203747
177,12,4112.236056
177,13,3894.162641
177,14,3868.302116
177,16,3860.211783
177,17,3817.132428
177,18,3716.987258
178,11,4576.203747
178,12,4079.097431
178,13,3894.162641
178,14,3868.302116
178,16,3860.211783
178,17,3806.742290
178,18,3716.938710
179,11,4576.203747
179,12,4079.097431
179,13,3894.162641
179,14,3868.302116
179,16,3860.211783
179,17,3806.742290
179,18,3716.938710
180,11,4576.203747
180,12,4079.097431
180,13,3894.162641
180,14,3868.302116
180,16,3860.211783
180,17,3804.254166
180,18,3713.268780
181,11,4576.203747
181,12,3961.789773
181,13,3894.162641
181,14,3868.302116
181,16,3860.211783
181,17,3804.254166
181,18,3713.268780
182,11,4520.620114
182,12,3961.789773
182,13,3894.162641
182,14,3868.302116
182,16,3860.211783
182,17,3804.254166
182,18,3713.268780
183,11,4520.620114
183,12,3961.789773
183,13,3894.162641
183,14,3868.302116
183,16,3834.967673
183,17,3804.254166
183,18,3713.268780
184,11,4504.349986
184,12,3961.009878
184,13,3894.162641
184,14,3868.302116
184,16,3834.967673
184,17,3804.254166
184,18,3713.268780
185,11,4504.349986
185,12,3961.009878
185,13,3894.162641
185,14,3868.302116
185,16,3834.967673
185,17,3804.254166
185,18,3713.268780
186,11,4350.360107
186,12,3960.647479
186,13,3894.162641
186,14,3868.302116
186,16,3834.967673
186,17,3804.254166
186,18,3708.402245
187,11,4350.360107
187,12,3960.647479
187,13,3894.162641
187,14,3868.302116
187,15,3863.892019
187,16,3834.967673
187,17,3804.254166
187,18,3708.402245
188,11,4350.360107
188,12,3960.647479
188,13,3894.162641
188,14,3866.678937
188,15,3863.892019
188,16,3834.967673
188,17,3804.254166
188,18,3708.402245
189,11,4350.360107
189,12,3960.647479
189,13,3894.162641
189,14,3866.678937
189,15,3863.892019
189,16,3834.967673
189,17,3804.254166
189,18,3708.402245
189,19,3704.858499
190,11,4350.360107
190,12,3960.208299
190,13,3894.162641
190,14,3866.678937
190,15,3863.892019
190,16,3834.063468
190,17,3804.254166
190,18,3708.402245
190,19,3704.858499
191,11,4350.360107
191,12,3960.208299
191,13,3856.686543
191,16,3834.063468
191,17,3804.254166
191,18,3703.032601
192,11,4350.360107
192,12,3960.208299
192,13,3856.686543
192,16,3833.764954
192,17,3802.013358
192,18,3703.032601
193,11,4350.360107
193,12,3960.208299
193,13,3846.903916
193,16,3833.764954
193,17,3802.013358
193,18,3703.032601
194,11,4350.360107
194,12,3960.208299
194,13,3832.820673
194,17,3802.013358
194,18,3695.190824
195,11,4350.360107
195,12,3855.035333
195,13,3832.820673
195,17,3802.013358
195,18,3695.190824
196,11,4350.360107
196,12,3855.035333
196,13,3832.820673
196,17,3778.132797
196,18,3695.190824
197,11,4350.360107
197,12,3855.035333
197,13,3832.820673
197,17,3778.132797
197,18,3695.190824
198,11,4350.360107
198,12,3843.544093
198,13,3824.128465
198,17,3778.132797
198,18,3695.190824
199,11,4164.810264
199,12,3843.544093
199,13,3824.128465
199,16,3803.840216
199,17,3778.132797
199,18,3695.190824
200,11,4164.810264
200,12,3843.544093
200,13,3824.128465
200,16,3803.840216
200,17,3668.570559
200,18,3665.661280
201,11,4164.810264
201,12,3843.544093
201,13,3814.384650
201,16,3803.840216
201,17,3668.570559
201,18,3665.661280
202,11,4164.810264
202,12,3843.544093
202,13,3813.817692
202,16,3802.727411
202,17,3668.570559
202,18,3665.661280
203,11,4164.810264
203,12,3843.544093
203,13,3813.817692
203,16,3802.727411
203,17,3668.570559
203,18,3665.661280
204,11,4152.216062
204,12,3839.462623
204,13,3813.817692
204,16,3802.727411
204,17,3668.570559
204,18,3665.661280
205,11,4152.216062
205,12,3839.462623
205,13,3813.817692
205,16,3802.727411
205,17,3668.570559
205,18,3665.661280
206,11,4150.886131
206,12,3839.462623
206,13,3813.817692
206,16,3802.727411
206,17,3668.570559
206,18,3665.661280
207,11,4150.886131
207,12,3839.462623
207,13,3813.817692
207,15,3813.644326
207,16,3802.727411
207,17,3668.570559
207,18,3665.661280
208,11,4147.035883
208,12,3839.462623
208,13,3813.817692
208,15,3797.612855
208,17,3665.450020
209,11,4098.216297
209,12,3839.462623
209,13,3805.642983
209,15,3797.612855
209,16,3758.718100
209,17,3665.450020
210,11,4046.949440
210,12,3839.462623
210,13,3805.642983
210,15,3797.304734
210,16,3758.718100
210,17,3664.431031
211,11,4046.949440
211,12,3839.462623
211,13,3805.642983
211,15,3793.599866
211,16,3758.718100
211,17,3664.431031
212,11,4046.949440
212,12,3839.462623
212,13,3805.642983
212,15,3793.599866
212,16,3747.469926
212,17,3664.431031
213,11,4046.949440
213,12,3839.462623
213,13,3805.642983
213,15,3793.599866
213,16,3747.469926
213,17,3664.431031
214,11,4032.358121
214,12,3839.462623
214,13,3805.642983
214,15,3789.081742
214,16,3746.653580
214,17,3663.605620
215,11,4032.358121
215,12,3839.462623
215,13,3805.642983
215,15,3789.081742
215,16,3746.653580
215,17,3663.605620
216,11,4020.727552
216,12,3830.365514
216,13,3805.642983
216,15,3743.608797
216,17,3663.605620
216,18,3660.957280
217,11,4020.727552
217,12,3827.877358
217,13,3805.642983
217,15,3743.608797
217,17,3663.605620
217,18,3660.957280
218,11,4020.727552
218,12,3827.877358
218,13,3794.528378
218,15,3743.608797
218,17,3663.186774
218,18,3660.957280
219,11,4020.727552
219,12,3819.819777
219,13,3794.528378
219,15,3739.493280
219,17,3663.186774
219,18,3660.957280
220,11,4020.649465
220,12,3819.819777
220,13,3794.528378
220,15,3739.493280
220,16,3736.269362
220,17,3662.443468
220,18,3660.957280
221,11,4020.649465
221,12,3819.819777
221,13,3794.528378
221,14,3791.350573
221,15,3739.493280
221,16,3736.269362
221,17,3662.443468
221,18,3660.676706
222,11,4013.619378
222,12,3819.819777
222,13,3794.528378
222,14,3785.435766
222,15,3739.493280
222,16,3736.269362
222,17,3662.443468
222,18,3660.676706
223,11,4013.619378
223,12,3819.819777
223,13,3794.528378
223,14,3785.435766
223,15,3739.493280
223,16,3736.269362
223,17,3662.443468
223,18,3660.676706
224,11,4013.619378
224,12,3819.819777
224,13,3794.528378
224,14,3785.435766
224,15,3739.493280
224,16,3736.269362
224,17,3662.443468
224,18,3659.702769
225,11,4013.619378
225,12,3816.743038
225,13,3794.528378
225,14,3785.435766
225,15,3739.493280
225,16,3736.269362
225,17,3662.443468
225,18,3659.702769
226,10,4029.739745
226,11,3996.385147
226,12,3816.743038
226,13,3794.528378
226,14,3785.435766
226,15,3739.493280
226,16,3736.269362
226,17,3659.110057
227,10,4029.739745
227,11,3970.777405
227,12,3816.743038
227,13,3794.528378
227,14,3785.435766
227,15,3739.493280
227,16,3736.269362
227,17,3659.110057
228,10,3988.858655
228,11,3970.777405
228,12,3816.743038
228,13,3794.528378
228,14,3785.435766
228,15,3739.493280
228,16,3731.409833
228,17,3659.110057
229,10,3986.673344
229,11,3970.777405
229,12,3816.743038
229,13,3794.528378
229,14,3785.435766
229,15,3739.493280
229,16,3731.409833
229,17,3659.110057
230,10,3986.350644
230,11,3970.777405
230,12,3816.743038
230,13,3794.528378
230,14,3776.400016
230,15,3734.633752
230,16,3731.409833
230,17,3659.110057
231,10,3986.350644
231,11,3970.777405
231,12,3816.743038
231,13,3794.528378
231,14,3776.400016
231,15,3734.633752
231,16,3731.409833
231,17,3659.110057
232,10,3986.350644
232,11,3963.955806
232,12,3816.642359
232,13,3794.528378
232,14,3776.400016
232,15,3734.633752
232,16,3731.409833
232,17,3659.110057
233,10,3986.350644
233,11,3963.955806
233,12,3816.642359
233,13,3794.528378
233,14,3776.400016
233,15,3725.496143
233,17,3659.110057
233,18,3655.171618
234,10,3972.719960
234,11,3963.955806
234,12,3816.642359
234,13,3794.528378
234,14,3776.321922
234,15,3725.496143
234,17,3659.110057
234,18,3655.171618
235,10,3972.719960
235,11,3963.955806
235,12,3808.337720
235,13,3794.528378
235,14,3776.321922
235,15,3725.496143
235,17,3659.110057
235,18,3655.171618
236,10,3969.989760
236,11,3958.617982
236,12,3808.337720
236,13,3794.528378
236,14,3776.321922
236,15,3724.286990
236,17,3659.110057
236,18,3653.195294
237,10,3969.989760
237,11,3958.617982
237,12,3808.337720
237,13,3794.528378
237,14,3776.321922
237,15,3724.286990
237,16,3720.558846
237,17,3659.110057
237,18,3653.195294
238,10,3969.989760
238,11,3958.617982
238,12,3808.337720
238,13,3784.794404
238,14,3776.321922
238,15,3723.174185
238,16,3720.558846
238,17,3659.110057
238,18,3653.195294
239,10,3969.989760
239,11,3958.617982
239,12,3808.337720
239,13,3784.794404
239,14,3776.321922
239,15,3723.174185
239,16,3720.558846
239,17,3659.110057
239,18,3653.195294
240,10,3969.989760
240,11,3958.617982
240,12,3808.069451
240,13,3784.794404
240,14,3775.902786
240,15,3723.174185
240,16,3720.558846
240,17,3659.110057
240,18,3653.195294
241,10,3969.989760
241,11,3956.531088
241,12,3792.554021
241,13,3784.794404
241,14,3775.902786
241,15,3723.174185
241,16,3720.558846
241,17,3659.110057
241,18,3653.195294
242,10,3936.099115
242,11,3934.057987
242,12,3792.554021
242,13,3784.794404
242,14,3775.902786
242,15,3723.174185
242,16,3717.035589
242,17,3657.803976
242,18,3653.195294
243,10,3936.099115
243,11,3934.057987
243,12,3792.554021
243,13,3784.794404
243,14,3775.902786
243,15,3723.174185
243,16,3717.035589
243,17,3657.803976
243,18,3653.195294
244,10,3936.099115
244,11,3931.798902
244,12,3792.554021
244,13,3784.794404
244,14,3775.902786
244,15,3723.174185
244,16,3717.035589
244,17,3657.803976
244,18,3652.176305
245,10,3936.099115
245,11,3931.798902
245,12,3792.554021
245,13,3784.794404
245,14,3775.902786
245,15,3723.174185
245,16,3717.035589
245,17,3657.803976
245,18,3652.176305
246,10,3936.099115
246,11,3931.798902
246,12,3792.554021
246,13,3784.794404
246,14,3775.902786
246,15,3721.972886
246,16,3716.751793
246,17,3657.133733
246,18,3652.176305
247,10,3936.099115
247,11,3930.937802
247,12,3783.301044
247,14,3775.902786
247,15,3719.914074
247,16,3709.651221
247,17,3657.133733
247,18,3652.176305
248,10,3936.099115
248,11,3930.937802
248,12,3780.935604
248,14,3775.902786
248,15,3719.914074
248,16,3709.651221
248,17,3657.133733
248,18,3652.176305
249,10,3936.099115
249,11,3930.937802
249,12,3780.935604
249,14,3775.902786
249,15,3713.475713
249,16,3709.651221
249,17,3657.133733
249,18,3652.176305
250,10,3933.368593
250,11,3930.937802
250,12,3780.762671
250,14,3775.902786
250,15,3713.475713
250,16,3709.651221
250,17,3651.579804
251,10,3933.368593
251,11,3930.937802
251,12,3780.762671
251,14,3775.902786
251,15,3713.475713
251,16,3707.046022
251,17,3651.579804
251,19,3637.992800
252,10,3932.294861
252,11,3930.937802
252,12,3780.762671
252,13,3755.727278
252,15,3713.475713
252,16,3706.811359
252,17,3651.579804
252,19,3637.992800
253,10,3920.323428
253,12,3780.762671
253,13,3755.727278
253,15,3713.475713
253,16,3706.811359
253,17,3651.579804
253,19,3637.992800
254,10,3906.692744
254,12,3780.762671
254,13,3755.727278
254,15,3711.748656
254,16,3706.811359
254,17,3651.579804
254,19,3637.025365
255,10,3906.692744
255,12,3780.762671
255,13,3755.727278
255,15,3711.748656
255,16,3701.165625
255,17,3651.579804
255,19,3637.025365
256,10,3906.692744
256,12,3780.762671
256,13,3755.727278
256,15,3711.748656
256,16,3647.555687
256,19,3637.025365
257,10,3906.692744
257,12,3780.762671
257,13,3755.727278
257,15,3711.748656
257,16,3647.555687
257,19,3637.025365
258,10,3906.692744
258,12,3780.762671
258,13,3755.727278
258,15,3710.943049
258,16,3647.555687
258,19,3637.025365
259,10,3906.692744
259,12,3780.762671
259,13,3755.727278
259,15,3710.943049
259,16,3647.555687
259,19,3637.025365
260,10,3906.692744
260,12,3776.804734
260,13,3755.727278
260,14,3752.814155
260,15,3710.943049
260,16,3647.555687
260,19,3637.025365
261,10,3906.692744
261,12,3776.804734
261,13,3755.727278
261,14,3751.833709
261,15,3710.943049
261,16,3647.555687
261,19,3637.025365
262,10,3887.502552
262,12,3776.804734
262,13,3747.862785
262,15,3706.102922
262,16,3647.555687
262,19,3637.025365
263,10,3887.502552
263,12,3776.804734
263,13,3747.862785
263,15,3706.102922
263,16,3647.555687
263,19,3637.025365
264,10,3887.502552
264,12,3776.804734
264,13,3747.862785
264,15,3706.102922
264,16,3647.555687
264,19,3637.025365
265,10,3887.502552
265,12,3776.804734
265,13,3747.862785
265,15,3706.102922
265,16,3647.555687
265,19,3637.025365
266,10,3887.502552
266,12,3776.804734
266,13,3747.862785
266,15,3706.102922
266,16,3647.555687
266,19,3635.748248
267,10,3887.502552
267,12,3776.804734
267,13,3747.862785
267,15,3702.037982
267,16,3647.555687
267,19,3635.748248
268,10,3887.502552
268,12,3776.804734
268,13,3747.862785
268,15,3702.037982
268,16,3647.555687
268,19,3635.748248
269,10,3887.502552
269,12,3776.804734
269,13,3747.862785
269,15,3699.198434
269,16,3647.555687
269,19,3635.748248
270,10,3887.502552
270,12,3776.804734
270,13,3727.992103
270,15,3699.198434
270,16,3647.555687
270,18,3639.051085
270,19,3635.748248
271,10,3887.502552
271,12,3776.804734
271,13,3727.992103
271,15,3699.198434
271,16,3647.555687
271,18,3639.051085
271,19,3635.748248
272,10,3872.695347
272,12,3776.804734
272,13,3727.992103
272,15,3699.198434
272,16,3647.555687
272,18,3639.051085
272,19,3635.748248
273,10,3859.236229
273,12,3776.804734
273,13,3727.992103
273,15,3699.198434
273,16,3647.555687
273,18,3639.051085
273,19,3635.748248
274,10,3859.236229
274,12,3776.804734
274,13,3727.992103
274,15,3699.198434
274,16,3647.555687
274,18,3639.051085
274,19,3635.748248
275,10,3859.236229
275,12,3776.804734
275,13,3727.992103
275,15,3699.198434
275,16,3647.555687
275,18,3639.051085
275,19,3635.748248
276,10,3859.236229
276,12,3776.804734
276,13,3727.992103
276,15,3699.198434
276,16,3647.555687
276,18,3639.051085
276,19,3635.748248
277,10,3859.236229
277,12,3776.804734
277,13,3727.992103
277,15,3699.198434
277,16,3647.555687
277,18,3639.051085
277,19,3635.748248
278,10,3859.236229
278,12,3776.693465
278,13,3727.992103
278,15,3699.198434
278,16,3647.555687
278,18,3639.051085
278,19,3635.748248
279,10,3859.236229
279,12,3776.693465
279,13,3727.992103
279,15,3690.594848
279,16,3647.555687
279,18,3639.051085
279,19,3635.748248
280,10,3859.236229
280,12,3776.693465
280,13,3727.992103
280,15,3690.594848
280,16,3647.555687
280,17,3635.151430
280,19,3634.416011
281,10,3859.236229
281,12,3776.693465
281,13,3727.992103
281,15,3690.594848
281,16,3647.555687
281,17,3635.151430
281,19,3634.416011
282,10,3859.236229
282,12,3773.977125
282,13,3727.992103
282,15,3690.594848
282,16,3647.555687
282,17,3635.151430
282,19,3634.416011
283,10,3859.236229
283,11,3846.317912
283,12,3773.977125
283,13,3727.992103
283,15,3690.594848
283,16,3647.555687
283,17,3635.151430
283,19,3634.416011
284,10,3859.236229
284,11,3846.317912
284,12,3773.977125
284,13,3727.992103
284,15,3690.594848
284,16,3647.555687
284,17,3629.405538
285,10,3859.236229
285,11,3846.317912
285,12,3773.977125
285,13,3727.992103
285,15,3690.594848
285,16,3647.555687
285,17,3629.405538
286,10,3859.236229
286,11,3846.317912
286,12,3773.977125
286,13,3727.992103
286,15,3690.594848
286,16,3647.555687
286,17,3627.429214
287,10,3859.236229
287,11,3846.317912
287,12,3770.907860
287,13,3727.992103
287,15,3690.594848
287,16,3647.555687
287,17,3627.429214
288,10,3859.236229
288,11,3846.317912
288,12,3770.907860
288,13,3727.992103
288,15,3690.594848
288,16,3647.555687
288,17,3627.429214
289,10,3859.236229
289,11,3846.317912
289,12,3770.907860
289,13,3727.992103
289,15,3690.594848
289,16,3647.555687
289,17,3627.429214
290,10,3852.767262
290,11,3846.317912
290,12,3765.861060
290,13,3727.992103
290,14,3720.169484
290,15,3690.594848
290,16,3647.555687
290,17,3627.429214
291,10,3852.767262
291,11,3846.317912
291,12,3765.861060
291,13,3727.992103
291,14,3720.169484
291,15,3688.834247
291,16,3647.555687
291,17,3627.429214
292,10,3852.767262
292,11,3838.138290
292,12,3765.861060
292,13,3727.992103
292,14,3720.169484
292,15,3688.834247
292,16,3647.555687
292,17,3627.429214
293,10,3852.767262
293,11,3838.138290
293,12,3765.861060
293,13,3727.992103
293,14,3715.139866
293,15,3688.834247
293,16,3647.555687
293,17,3627.429214
294,10,3852.767262
294,11,3838.138290
294,12,3765.861060
294,13,3727.992103
294,14,3715.139866
294,15,3688.834247
294,16,3647.555687
294,17,3627.381832
295,10,3852.767262
295,11,3838.138290
295,12,3765.861060
295,13,3727.992103
295,14,3715.139866
295,15,3688.834247
295,16,3647.555687
295,17,3627.381832
296,10,3852.767262
296,11,3838.138290
296,12,3765.861060
296,13,3727.992103
296,14,3715.139866
296,15,3688.834247
296,16,3647.555687
296,17,3627.381832
297,10,3852.767262
297,11,3838.138290
297,12,3765.861060
297,13,3727.992103
297,14,3715.139866
297,15,3688.834247
297,16,3647.555687
297,17,3627.381832
298,10,3852.767262
298,11,3838.138290
298,12,3765.861060
298,13,3727.992103
298,14,3715.139866
298,15,3688.834247
298,16,3647.555687
298,17,3627.381832
299,10,3852.767262
299,11,3838.138290
299,12,3765.861060
299,13,3727.992103
299,14,3704.870058
299,15,3688.834247
299,16,3647.555687
299,17,3627.381832
300,10,3819.837593
300,12,3765.861060
300,13,3727.992103
300,14,3704.870058
300,15,3688.834247
300,16,3647.555687
300,17,3627.381832
301,10,3819.837593
301,12,3765.861060
301,13,3727.992103
301,14,3704.870058
301,15,3688.834247
301,16,3647.555687
301,17,3627.381832
302,10,3819.837593
302,12,3765.861060
302,13,3727.992103
302,14,3704.870058
302,15,3688.834247
302,16,3647.555687
302,17,3627.381832
303,10,3819.837593
303,12,3765.861060
303,13,3727.992103
303,14,3704.870058
303,15,3688.834247
303,16,3647.555687
303,17,3627.381832
304,10,3819.837593
304,12,3765.861060
304,13,3727.992103
304,14,3704.870058
304,15,3688.834247
304,16,3647.555687
304,17,3626.908389
305,10,3819.837593
305,11,3745.933749
305,13,3727.992103
305,14,3704.870058
305,15,3688.834247
305,16,3647.555687
305,17,3626.908389
306,10,3819.837593
306,11,3745.933749
306,13,3727.992103
306,14,3704.870058
306,15,3688.834247
306,16,3647.555687
306,17,3626.908389
307,10,3819.837593
307,11,3745.933749
307,13,3725.357111
307,14,3704.870058
307,15,3688.834247
307,16,3647.555687
307,17,3626.908389
308,10,3819.774732
308,11,3740.351645
308,13,3725.357111
308,14,3704.870058
308,15,3688.834247
308,16,3647.555687
308,17,3626.908389
309,10,3819.774732
309,11,3740.351645
309,12,3720.793178
309,14,3704.870058
309,15,3688.834247
309,16,3647.555687
309,17,3626.908389
310,10,3819.774732
310,11,3740.351645
310,12,3720.793178
310,14,3704.870058
310,15,3688.834247
310,16,3647.555687
310,17,3626.908389
311,10,3819.774732
311,11,3740.351645
311,12,3720.793178
311,14,3704.870058
311,15,3688.834247
311,16,3647.555687
311,17,3626.908389
312,10,3819.774732
312,11,3740.351645
312,12,3720.793178
312,14,3704.870058
312,15,3688.834247
312,16,3647.555687
312,17,3626.908389
313,10,3819.773528
313,11,3740.351645
313,12,3720.793178
313,14,3704.870058
313,15,3688.834247
313,16,3647.555687
313,17,3626.908389
314,10,3819.773528
314,11,3740.351645
314,12,3720.793178
314,14,3704.870058
314,15,3688.834247
314,16,3647.555687
314,17,3626.908389
315,10,3819.773528
315,11,3740.351645
315,12,3720.793178
315,14,3704.870058
315,15,3685.666852
315,16,3647.555687
315,17,3626.908389
316,10,3819.773528
316,11,3740.351645
316,12,3720.793178
316,14,3704.870058
316,15,3685.666852
316,16,3647.555687
316,17,3626.908389
317,10,3819.773528
317,11,3740.351645
317,12,3720.793178
317,13,3716.843691
317,14,3704.870058
317,15,3685.666852
317,16,3647.555687
317,17,3626.908389
318,10,3819.773528
318,11,3740.351645
318,12,3720.793178
318,13,3716.843691
318,14,3704.870058
318,15,3685.666852
318,16,3647.555687
318,17,3626.908389
319,10,3809.723509
319,11,3740.351645
319,12,3720.793178
319,13,3716.843691
319,14,3704.870058
319,15,3685.666852
319,16,3647.555687
319,17,3626.908389
320,10,3809.723509
320,11,3740.351645
320,12,3720.793178
320,13,3716.843691
320,14,3704.870058
320,15,3685.666852
320,16,3647.555687
320,17,3626.908389
321,10,3809.723509
321,11,3740.351645
321,12,3720.793178
321,13,3716.843691
321,14,3704.870058
321,15,3685.666852
321,16,3647.555687
321,17,3626.908389
322,10,3809.723509
322,11,3740.351645
322,12,3720.793178
322,13,3703.173320
322,15,3685.666852
322,16,3647.555687
322,17,3626.908389
323,10,3809.723509
323,11,3740.351645
323,12,3720.793178
323,13,3703.173320
323,15,3685.666852
323,16,3644.346378
323,17,3626.908389
