Generation,NV,TOC
1,10,4112.167328
1,12,4008.348355
1,15,3629.936915
1,16,3529.009085
1,17,3475.525103
1,19,3328.306999
1,20,3299.072336
1,21,3256.266730
1,22,3254.215533
1,23,3242.930683
1,24,3220.227622
1,25,3213.150531
1,27,3195.394834
2,10,4112.167328
2,12,4008.348355
2,14,3817.311162
2,15,3629.936915
2,16,3529.009085
2,17,3475.525103
2,19,3328.306999
2,20,3282.409958
2,21,3164.703663
2,24,3146.662878
3,10,4112.167328
3,12,4008.348355
3,13,3665.540917
3,15,3546.857037
3,16,3529.009085
3,17,3475.525103
3,19,3288.575780
3,20,3186.327250
3,21,3164.703663
3,22,3153.418813
3,24,3146.662878
4,10,4112.167328
4,12,4008.348355
4,13,3665.540917
4,15,3505.013081
4,17,3378.197712
4,18,3312.573853
4,19,3288.575780
4,20,3186.327250
4,21,3164.703663
4,22,3153.418813
4,24,3146.662878
5,10,4112.167328
5,11,4039.300968
5,12,4008.348355
5,13,3665.540917
5,15,3403.241461
5,16,3277.194678
5,17,3107.927500
5,20,3065.755803
6,10,4112.167328
6,11,4039.300968
6,12,4008.348355
6,13,3665.540917
6,15,3403.241461
6,16,3277.194678
6,17,3107.927500
6,19,3086.873962
6,20,3065.755803
7,10,4112.167328
7,11,4039.300968
7,12,4008.348355
7,13,3631.374289
7,14,3467.787470
7,15,3403.241461
7,16,3277.194678
7,17,3107.927500
7,19,3086.873962
7,20,3065.755803
8,10,4112.167328
8,11,4039.300968
8,12,4008.348355
8,13,3631.374289
8,14,3467.787470
8,15,3403.241461
8,16,3277.194678
8,17,3107.927500
8,19,3086.873962
8,20,3065.755803
9,10,4112.167328
9,11,4039.300968
9,12,4008.348355
9,13,3631.374289
9,14,3467.787470
9,15,3403.241461
9,16,3277.194678
9,17,3107.927500
9,19,3086.873962
9,20,3065.755803
10,10,4112.167328
10,11,4009.452830
10,12,3733.102290
10,13,3402.692593
10,14,3400.162151
10,15,3312.203599
10,16,3023.386897
10,20,2982.825172
11,9,4372.894893
11,10,4112.167328
11,11,3879.404251
11,12,3733.102290
11,13,3402.692593
11,14,3400.162151
11,15,3312.203599
11,16,3023.386897
11,20,2982.825172
11,23,2980.209051
11,24,2970.670079
11,29,2874.153261
12,9,4372.894893
12,10,4112.167328
12,11,3879.404251
12,12,3733.102290
12,13,3402.692593
12,14,3400.162151
12,15,3312.203599
12,16,3023.386897
12,20,2982.825172
12,23,2980.209051
12,24,2970.670079
12,29,2874.153261
13,8,4852.276068
13,9,4372.894893
13,10,4112.167328
13,11,3879.404251
13,12,3733.102290
13,13,3402.692593
13,14,3400.162151
13,15,3312.203599
13,16,3023.386897
13,20,2982.825172
13,23,2980.209051
13,24,2970.670079
13,29,2874.153261
14,8,4852.276068
14,9,4372.894893
14,10,4112.167328
14,11,3879.404251
14,12,3733.102290
14,13,3402.692593
14,14,3400.162151
14,15,3206.558496
14,16,3023.386897
14,20,2982.825172
14,22,2918.188901
14,29,2874.153261
15,8,4852.276068
15,9,4372.894893
15,10,4112.167328
15,11,3879.404251
15,12,3733.102290
15,13,3402.692593
15,14,3400.162151
15,15,3206.558496
15,16,3023.386897
15,19,3020.821094
15,20,2982.825172
15,22,2918.188901
15,29,2874.153261
16,8,4650.613303
16,9,4372.894893
16,10,4112.167328
16,11,3879.404251
16,12,3733.102290
16,13,3402.692593
16,14,3400.162151
16,15,3144.280711
16,16,3023.386897
16,19,3020.821094
16,20,2982.825172
16,22,2918.188901
16,29,2874.153261
17,8,4650.613303
17,9,4372.894893
17,10,4038.966318
17,11,3879.404251
17,12,3733.102290
17,13,3229.786911
17,15,3144.280711
17,16,3023.386897
17,19,3020.821094
17,20,2982.825172
17,22,2918.188901
17,29,2874.153261
18,8,4650.613303
18,9,4372.894893
18,10,4038.966318
18,11,3879.404251
18,12,3719.102464
18,13,3229.786911
18,15,3144.280711
18,16,3023.386897
18,19,3020.821094
18,20,2982.825172
18,22,2918.188901
18,29,2874.153261
19,7,4977.861824
19,8,4650.613303
19,9,4149.406028
19,10,3691.639449
19,13,3135.413313
19,15,3058.713924
19,16,2960.160123
19,20,2906.078445
19,29,2836.638560
20,7,4977.861824
20,8,4650.613303
20,9,4149.406028
20,10,3691.639449
20,13,3135.413313
20,15,3058.713924
20,16,2960.160123
20,18,2879.621211
20,29,2836.638560
21,7,4977.861824
21,8,4650.613303
21,9,4149.406028
21,10,3691.639449
21,13,3135.413313
21,15,3058.713924
21,16,2960.160123
21,18,2855.988513
21,29,2836.638560
22,7,4977.861824
22,8,4650.613303
22,9,4149.406028
22,10,3691.639449
22,12,3652.129719
22,13,3135.413313
22,15,3058.713924
22,16,2960.160123
22,18,2855.988513
22,29,2836.638560
23,7,4784.761613
23,8,4650.613303
23,9,4149.406028
23,10,3691.639449
23,11,3259.017653
23,13,3135.413313
23,15,3058.713924
23,16,2960.160123
23,18,2855.988513
23,29,2836.638560
24,7,4784.761613
24,8,4650.613303
24,9,4149.406028
24,10,3691.639449
24,11,3259.017653
24,13,3042.994290
24,16,2960.160123
24,18,2855.988513
24,29,2836.638560
25,7,4784.761613
25,8,4650.613303
25,9,4149.406028
25,10,3691.639449
25,11,3259.017653
25,13,3042.994290
25,16,2960.160123
25,18,2855.988513
25,29,2836.638560
26,7,4784.761613
26,8,4650.613303
26,9,4149.406028
26,10,3691.639449
26,11,3259.017653
26,13,3042.994290
26,16,2960.160123
26,18,2855.988513
26,29,2836.638560
27,7,4784.761613
27,8,4650.613303
27,9,4149.406028
27,10,3691.639449
27,11,3259.017653
27,13,3042.994290
27,16,2960.160123
27,18,2855.988513
27,29,2836.638560
28,7,4784.761613
28,8,4630.635823
28,9,4149.406028
28,10,3691.639449
28,11,3259.017653
28,13,3042.994290
28,16,2960.160123
28,18,2855.988513
28,29,2836.638560
29,7,4725.612858
29,8,4630.635823
29,9,4149.406028
29,10,3691.639449
29,11,3259.017653
29,13,3042.994290
29,15,3010.718828
29,16,2960.160123
29,18,2855.988513
29,29,2836.638560
30,7,4725.612858
30,8,4382.994108
30,9,4149.406028
30,10,3691.639449
30,11,3259.017653
30,13,3042.994290
30,15,3010.718828
30,16,2960.160123
30,18,2855.988513
30,29,2836.638560
31,7,4725.612858
31,8,4382.994108
31,9,4149.406028
31,10,3691.639449
31,11,3259.017653
31,13,3042.994290
31,15,3010.718828
31,16,2960.160123
31,18,2855.988513
31,29,2836.638560
32,7,4655.022679
32,8,4332.165091
32,9,4149.406028
32,10,3691.639449
32,11,3259.017653
32,13,3042.994290
32,15,3010.718828
32,16,2960.160123
32,18,2855.988513
32,29,2836.638560
33,7,4632.770183
33,8,4298.266055
33,9,4040.917179
33,10,3451.040972
33,11,3259.017653
33,13,3042.994290
33,15,3010.718828
33,16,2919.521620
33,18,2819.608756
34,7,4632.770183
34,8,4298.266055
34,9,3799.713030
34,10,3451.040972
34,11,3259.017653
34,13,3042.994290
34,15,3010.718828
34,16,2919.521620
34,18,2819.608756
35,7,4632.770183
35,8,4298.266055
35,9,3799.713030
35,10,3451.040972
35,11,3259.017653
35,13,3042.994290
35,15,3010.718828
35,16,2919.521620
35,18,2819.608756
36,7,4632.770183
36,8,4298.266055
36,9,3799.713030
36,10,3451.040972
36,11,3259.017653
36,13,3042.994290
36,15,3010.718828
36,16,2919.521620
36,18,2819.608756
37,7,4632.770183
37,8,4298.266055
37,9,3799.713030
37,10,3451.040972
37,11,3259.017653
37,13,3042.994290
37,15,3010.718828
37,16,2919.521620
37,18,2819.608756
38,6,4408.443156
38,7,4395.922374
38,8,4298.266055
38,9,3733.618272
38,10,3350.523324
38,11,3259.017653
38,13,3042.994290
38,15,3010.718828
38,16,2816.980025
39,6,4408.443156
39,7,4395.922374
39,8,4279.709628
39,9,3733.618272
39,10,3350.523324
39,11,3259.017653
39,13,3042.994290
39,15,3010.718828
39,16,2816.980025
40,6,4408.443156
40,7,4395.922374
40,8,4279.709628
40,9,3733.618272
40,10,3350.523324
40,11,3259.017653
40,13,3042.994290
40,15,3010.718828
40,16,2816.980025
41,6,4408.443156
41,7,4395.922374
41,8,4279.709628
41,9,3733.618272
41,10,3350.523324
41,11,3259.017653
41,13,3042.994290
41,15,3010.718828
41,16,2816.980025
42,6,4408.443156
42,7,4395.922374
42,8,4279.709628
42,9,3733.618272
42,10,3350.523324
42,11,3259.017653
42,13,3042.994290
42,15,3010.718828
42,16,2816.980025
43,6,4293.300628
43,8,4089.167647
43,9,3629.591912
43,10,3350.523324
43,11,3156.472194
43,13,3042.994290
43,14,2965.627460
43,16,2816.980025
44,6,4293.300628
44,8,4089.167647
44,9,3629.591912
44,10,3350.523324
44,11,3156.472194
44,13,3042.994290
44,14,2965.627460
44,16,2816.980025
45,6,4293.300628
45,8,4089.167647
45,9,3629.591912
45,10,3350.523324
45,11,3156.472194
45,13,3025.784936
45,14,2965.627460
45,16,2816.980025
46,6,4293.300628
46,8,4087.308229
46,9,3629.591912
46,10,3350.523324
46,11,3156.472194
46,13,3025.784936
46,14,2965.627460
46,16,2816.980025
46,19,2787.288984
47,6,4293.300628
47,8,4087.308229
47,9,3629.591912
47,10,3350.523324
47,11,3156.472194
47,13,3025.784936
47,14,2965.627460
47,16,2816.980025
47,19,2787.288984
48,6,4159.159271
48,8,3864.834516
48,9,3440.416084
48,10,3227.798255
48,11,3156.472194
48,13,3005.457855
48,14,2965.627460
48,16,2753.837734
49,6,4159.159271
49,8,3864.834516
49,9,3440.416084
49,10,3227.798255
49,11,3156.472194
49,13,3005.457855
49,14,2965.627460
49,15,2864.713064
49,16,2753.837734
50,6,4159.159271
50,8,3864.834516
50,9,3440.416084
50,10,3227.798255
50,11,3156.472194
50,13,3005.457855
50,14,2965.627460
50,15,2864.713064
50,16,2753.837734
51,6,4159.159271
51,8,3864.834516
51,9,3440.416084
51,10,3227.798255
51,11,3156.472194
51,13,3005.457855
51,14,2965.627460
51,15,2864.713064
51,16,2753.837734
52,6,4159.159271
52,8,3864.834516
52,9,3440.416084
52,10,3227.798255
52,11,3156.472194
52,13,3005.457855
52,14,2965.627460
52,15,2864.713064
52,16,2753.837734
53,6,4144.738124
53,8,3734.621387
53,9,3440.416084
53,10,3137.591991
53,11,3135.180861
53,13,3005.457855
53,14,2965.627460
53,15,2864.713064
53,16,2752.302498
54,6,4144.738124
54,8,3734.621387
54,9,3440.416084
54,10,3137.591991
54,11,3135.180861
54,13,3005.457855
54,14,2965.627460
54,15,2864.713064
54,16,2752.302498
55,6,4144.738124
55,8,3734.621387
55,9,3440.416084
55,10,3137.591991
55,11,3135.180861
55,13,3005.457855
55,14,2965.627460
55,15,2864.713064
55,16,2752.302498
56,6,4144.738124
56,8,3734.621387
56,9,3440.416084
56,10,3137.591991
56,11,3135.180861
56,13,3005.457855
56,14,2965.627460
56,15,2864.713064
56,16,2752.302498
57,6,4144.738124
57,8,3734.621387
57,9,3440.416084
57,10,3137.591991
57,11,3135.180861
57,13,3005.457855
57,14,2888.503258
57,15,2864.713064
57,16,2752.302498
58,6,4144.738124
58,8,3734.621387
58,9,3103.422826
58,12,2976.757898
58,14,2888.503258
58,15,2830.206357
58,16,2723.941175
59,6,4144.738124
59,8,3734.621387
59,9,3103.422826
59,12,2976.757898
59,14,2888.503258
59,15,2830.206357
59,16,2723.941175
60,6,4144.738124
60,8,3734.621387
60,9,3103.422826
60,12,2976.757898
60,14,2888.503258
60,15,2830.206357
60,16,2723.941175
61,6,4144.738124
61,8,3734.621387
61,9,3103.422826
61,12,2976.757898
61,14,2888.503258
61,15,2830.206357
61,16,2723.941175
62,6,4144.738124
62,8,3734.621387
62,9,3103.422826
62,12,2976.757898
62,14,2888.503258
62,15,2820.355974
62,16,2723.941175
63,6,4144.738124
63,8,3726.916132
63,9,3102.743618
63,12,2925.725477
63,14,2888.503258
63,15,2701.869863
64,6,4144.738124
64,8,3726.916132
64,9,3102.743618
64,12,2925.725477
64,14,2888.503258
64,15,2701.869863
65,6,4144.738124
65,8,3726.916132
65,9,3102.743618
65,12,2925.725477
65,14,2888.503258
65,15,2701.869863
66,6,4144.738124
66,8,3726.916132
66,9,3102.743618
66,12,2925.725477
66,14,2888.503258
66,15,2701.869863
67,6,4144.738124
67,7,4022.315288
67,8,3726.916132
67,9,3102.743618
67,12,2925.725477
67,13,2892.588671
67,14,2888.503258
67,15,2701.869863
68,5,4680.202389
68,6,4099.715280
68,7,4022.315288
68,8,3629.107034
68,9,2909.650545
68,13,2857.050844
68,15,2662.347098
69,5,4680.202389
69,6,4099.715280
69,7,4022.315288
69,8,3629.107034
69,9,2909.650545
69,13,2857.050844
69,15,2662.347098
70,5,4680.202389
70,6,4099.715280
70,7,4022.315288
70,8,3629.107034
70,9,2909.650545
70,13,2857.050844
70,14,2792.539087
70,15,2662.347098
71,5,4680.202389
71,6,4099.715280
71,7,4022.315288
71,8,3629.107034
71,9,2909.650545
71,12,2843.973701
71,14,2792.539087
71,15,2662.347098
72,5,4680.202389
72,6,4099.715280
72,7,4022.315288
72,8,3629.107034
72,9,2909.650545
72,12,2843.973701
72,14,2792.539087
72,15,2662.347098
73,5,4632.651549
73,6,4099.715280
73,7,4022.315288
73,8,3518.415116
73,9,2846.185242
73,12,2814.750055
73,14,2703.989719
73,15,2629.174657
74,5,4632.651549
74,6,4099.715280
74,7,4022.315288
74,8,3518.415116
74,9,2846.185242
74,12,2814.750055
74,14,2703.989719
74,15,2629.174657
74,18,2625.057181
75,5,4632.651549
75,6,4099.715280
75,7,4022.315288
75,8,3518.415116
75,9,2846.185242
75,12,2814.750055
75,14,2703.989719
75,15,2629.174657
75,18,2625.057181
76,5,4632.651549
76,6,4099.715280
76,7,4022.315288
76,8,3518.415116
76,9,2846.185242
76,10,2845.110559
76,12,2814.750055
76,14,2703.989719
76,15,2629.174657
76,17,2598.932053
77,5,4632.651549
77,6,4099.715280
77,7,4022.315288
77,8,3518.415116
77,9,2846.185242
77,10,2845.110559
77,12,2814.750055
77,14,2703.989719
77,15,2629.174657
77,16,2626.166821
77,17,2598.932053
78,5,4632.651549
78,6,4099.715280
78,7,3775.543740
78,8,3475.387637
78,9,2846.185242
78,10,2836.025918
78,12,2804.351122
78,13,2681.957138
78,15,2621.541904
78,17,2598.932053
79,5,4632.651549
79,6,4099.715280
79,7,3775.543740
79,8,3475.387637
79,9,2846.185242
79,10,2775.039140
79,13,2681.957138
79,15,2621.541904
79,17,2598.932053
80,5,4632.651549
80,6,4099.715280
80,7,3775.543740
80,8,3475.387637
80,9,2846.185242
80,10,2775.039140
80,13,2681.957138
80,15,2621.541904
80,17,2598.932053
81,5,4632.651549
81,6,4099.715280
81,7,3766.554506
81,8,3475.387637
81,9,2846.185242
81,10,2775.039140
81,13,2681.957138
81,15,2621.541904
81,17,2598.932053
82,5,4632.651549
82,6,4099.715280
82,7,3766.554506
82,8,3475.387637
82,9,2846.185242
82,10,2775.039140
82,13,2681.957138
82,15,2621.541904
82,17,2598.932053
83,5,4557.890975
83,6,4099.715280
83,7,3734.308738
83,8,3475.387637
83,9,2837.788190
83,10,2704.219908
83,13,2681.957138
83,15,2621.541904
83,16,2594.809893
84,5,4557.890975
84,6,4099.715280
84,7,3734.308738
84,8,3475.387637
84,9,2837.788190
84,10,2704.219908
84,13,2681.957138
84,15,2621.541904
84,16,2594.809893
85,5,4557.890975
85,6,4099.715280
85,7,3734.308738
85,8,3475.387637
85,9,2837.788190
85,10,2704.219908
85,13,2681.957138
85,15,2621.541904
85,16,2594.809893
86,5,4557.890975
86,6,4099.715280
86,7,3734.308738
86,8,3475.387637
86,9,2837.788190
86,10,2704.219908
86,13,2681.957138
86,15,2621.541904
86,16,2594.809893
87,5,4557.890975
87,6,4099.715280
87,7,3734.308738
87,8,3475.387637
87,9,2837.788190
87,10,2704.219908
87,11,2670.045034
87,15,2621.541904
87,16,2594.809893
88,5,4557.890975
88,6,3854.227438
88,7,3626.372698
88,8,3466.829752
88,9,2836.970958
88,10,2704.219908
88,11,2669.985567
88,15,2621.541904
88,16,2575.036776
89,5,4557.890975
89,6,3854.227438
89,7,3626.372698
89,8,3466.829752
89,9,2836.970958
89,10,2704.219908
89,11,2669.985567
89,15,2621.541904
89,16,2575.036776
90,5,4557.890975
90,6,3854.227438
90,7,3626.372698
90,8,3466.829752
90,9,2836.970958
90,10,2704.219908
90,11,2669.985567
90,15,2621.541904
90,16,2575.036776
91,5,4557.890975
91,6,3854.227438
91,7,3626.372698
91,8,3466.829752
91,9,2766.067567
91,10,2704.219908
91,11,2669.985567
91,15,2621.541904
91,16,2575.036776
92,5,4557.890975
92,6,3854.227438
92,7,3626.372698
92,8,3466.829752
92,9,2750.905042
92,10,2704.219908
92,11,2669.985567
92,15,2621.541904
92,16,2575.036776
93,5,4557.890975
93,6,3854.227438
93,7,3626.372698
93,8,3466.829752
93,9,2747.273059
93,10,2672.749818
93,11,2669.985567
93,15,2621.541904
93,16,2551.080238
94,5,4557.890975
94,6,3854.227438
94,7,3626.372698
94,8,3466.829752
94,9,2747.273059
94,10,2672.749818
94,11,2669.985567
94,15,2621.541904
94,16,2551.080238
95,5,4557.890975
95,6,3854.227438
95,7,3626.372698
95,8,3466.829752
95,9,2747.273059
95,10,2672.749818
95,11,2669.985567
95,15,2621.541904
95,16,2551.080238
96,5,4557.890975
96,6,3854.227438
96,7,3626.372698
96,8,3466.829752
96,9,2747.273059
96,10,2672.749818
96,11,2669.985567
96,15,2621.541904
96,16,2551.080238
97,5,4557.890975
97,6,3854.227438
97,7,3626.372698
97,8,3466.829752
97,9,2747.273059
97,10,2672.749818
97,11,2669.985567
97,15,2621.541904
97,16,2551.080238
98,5,4557.890975
98,6,3854.227438
98,7,3477.619597
98,8,3466.829752
98,9,2720.713470
98,10,2648.749676
98,15,2621.541904
98,16,2551.080238
99,5,4557.890975
99,6,3854.227438
99,7,3477.619597
99,8,3466.829752
99,9,2720.713470
99,10,2648.749676
99,15,2621.541904
99,16,2551.080238
100,5,4557.890975
100,6,3854.227438
100,7,3477.619597
100,8,3466.829752
100,9,2720.713470
100,10,2648.749676
100,15,2621.541904
100,16,2551.080238
101,5,4557.890975
101,6,3854.227438
101,7,3477.619597
101,8,3466.829752
101,9,2720.713470
101,10,2648.749676
101,15,2621.541904
101,16,2551.080238
102,5,4557.890975
102,6,3854.227438
102,7,3477.619597
102,8,3466.829752
102,9,2720.713470
102,10,2648.749676
102,15,2621.541904
102,16,2551.080238
103,5,4135.058547
103,6,3832.736223
103,7,3477.619597
103,8,3418.127536
103,9,2720.713470
103,10,2648.749676
103,15,2621.541904
103,16,2551.080238
104,5,4135.058547
104,6,3832.736223
104,7,3477.619597
104,8,3418.127536
104,9,2720.713470
104,10,2648.749676
104,15,2621.541904
104,16,2551.080238
105,5,4135.058547
105,6,3832.736223
105,7,3477.619597
105,8,3418.127536
105,9,2720.713470
105,10,2648.749676
105,15,2621.541904
105,16,2551.080238
106,5,4135.058547
106,6,3832.736223
106,7,3477.619597
106,8,3418.127536
106,9,2720.713470
106,10,2648.749676
106,15,2621.541904
106,16,2551.080238
107,5,4135.058547
107,6,3832.736223
107,7,3477.619597
107,8,3418.127536
107,9,2720.713470
107,10,2648.749676
107,15,2621.541904
107,16,2551.080238
108,5,3919.611318
108,6,3832.736223
108,7,3254.759328
108,9,2719.549254
108,10,2644.305112
108,15,2612.007182
108,16,2551.080238
109,5,3919.611318
109,6,3832.736223
109,7,3254.759328
109,9,2719.549254
109,10,2644.305112
109,15,2612.007182
109,16,2551.080238
110,5,3919.611318
110,6,3832.736223
110,7,3254.759328
110,9,2719.549254
110,10,2644.305112
110,15,2612.007182
110,16,2551.080238
111,5,3919.611318
111,6,3832.736223
111,7,3254.759328
111,9,2719.549254
111,10,2644.305112
111,15,2612.007182
111,16,2551.080238
112,5,3919.611318
112,6,3832.736223
112,7,3254.759328
112,9,2719.549254
112,10,2644.305112
112,15,2612.007182
112,16,2551.080238
113,5,3914.191605
113,6,3832.736223
113,7,3225.506661
113,9,2719.420534
113,10,2644.305112
113,15,2612.007182
113,16,2550.226122
114,5,3914.191605
114,6,3832.736223
114,7,3225.506661
114,9,2719.420534
114,10,2644.305112
114,15,2612.007182
114,16,2550.226122
115,5,3914.191605
115,6,3832.736223
115,7,3225.506661
115,9,2719.420534
115,10,2644.305112
115,15,2612.007182
115,16,2550.226122
116,5,3914.191605
116,6,3832.736223
116,7,3225.506661
116,9,2719.420534
116,10,2644.305112
116,15,2612.007182
116,16,2550.226122
117,5,3914.191605
117,6,3832.736223
117,7,3225.506661
117,9,2719.420534
117,10,2644.305112
117,15,2612.007182
117,16,2550.226122
118,5,3913.922404
118,6,3832.736223
118,7,3166.412130
118,9,2677.613596
118,10,2644.305112
118,15,2612.007182
118,16,2542.379093
119,5,3913.922404
119,6,3832.736223
119,7,3166.412130
119,8,3123.412708
119,9,2677.613596
119,10,2644.305112
119,15,2612.007182
119,16,2542.379093
120,5,3913.922404
120,6,3832.736223
120,7,3166.412130
120,8,3123.412708
120,9,2677.613596
120,10,2644.305112
120,15,2612.007182
120,16,2542.379093
121,5,3913.922404
121,6,3832.736223
121,7,3166.412130
121,8,3123.412708
121,9,2677.613596
121,10,2644.305112
121,15,2612.007182
121,16,2542.379093
122,5,3913.922404
122,6,3832.736223
122,7,3166.412130
122,8,3123.412708
122,9,2677.613596
122,10,2644.305112
122,15,2612.007182
122,16,2542.379093
123,5,3830.563199
123,6,3820.187412
123,7,3021.710558
123,8,3013.242669
123,9,2677.613596
123,10,2641.277243
123,15,2508.651856
124,5,3830.563199
124,6,3820.187412
124,7,3021.710558
124,8,3013.242669
124,9,2677.613596
124,10,2641.277243
124,15,2508.651856
125,5,3830.563199
125,6,3757.198914
125,7,3021.710558
125,8,3013.242669
125,9,2677.613596
125,10,2641.277243
125,15,2508.651856
126,5,3830.563199
126,6,3757.198914
126,7,3021.710558
126,8,3013.242669
126,9,2677.613596
126,10,2641.277243
126,15,2508.651856
127,5,3830.563199
127,6,3757.198914
127,7,2952.003024
127,9,2677.613596
127,10,2641.277243
127,15,2508.651856
128,5,3829.981895
128,6,3666.220178
128,7,2917.087859
128,9,2669.924012
128,10,2641.277243
128,15,2508.651856
129,5,3829.981895
129,6,3666.220178
129,7,2917.087859
129,9,2669.924012
129,10,2641.277243
129,15,2508.651856
130,5,3829.981895
130,6,3666.220178
130,7,2917.087859
130,9,2669.924012
130,10,2641.277243
130,15,2508.651856
131,5,3829.981895
131,6,3666.220178
131,7,2917.087859
131,9,2669.924012
131,10,2641.277243
131,15,2508.651856
132,5,3829.981895
132,6,3666.220178
132,7,2917.087859
132,9,2669.924012
132,10,2641.277243
132,15,2508.651856
133,5,3626.435471
133,7,2917.087859
133,8,2893.176626
133,9,2667.488796
133,10,2635.486455
133,15,2506.381227
134,5,3626.435471
134,7,2917.087859
134,8,2893.176626
134,9,2667.488796
134,10,2635.486455
134,15,2506.381227
135,5,3626.435471
135,7,2866.605650
135,9,2667.488796
135,10,2635.486455
135,15,2506.381227
136,5,3626.435471
136,7,2866.605650
136,9,2667.488796
136,10,2635.486455
136,15,2506.381227
137,5,3626.435471
137,7,2866.605650
137,9,2667.488796
137,10,2635.486455
137,15,2506.381227
138,5,3626.435471
138,6,2982.877095
138,7,2866.605650
138,9,2667.488796
138,10,2617.214179
138,15,2504.397890
139,5,3626.435471
139,6,2982.877095
139,7,2866.605650
139,9,2667.488796
139,10,2617.214179
139,15,2504.397890
140,5,3626.435471
140,6,2982.877095
140,7,2866.605650
140,9,2667.488796
140,10,2617.214179
140,15,2504.397890
141,5,3626.435471
141,6,2982.877095
141,7,2866.605650
141,9,2667.488796
141,10,2617.214179
141,15,2504.397890
142,5,3626.435471
142,6,2982.877095
142,7,2866.605650
142,9,2667.488796
142,10,2617.214179
142,15,2504.397890
143,5,3626.435471
143,6,2982.877095
143,7,2866.605650
143,9,2666.511671
143,10,2617.214179
143,15,2504.397890
144,5,3626.435471
144,6,2981.663473
144,7,2866.605650
144,9,2666.511671
144,10,2617.214179
144,15,2504.397890
145,5,3626.435471
145,6,2981.663473
145,7,2866.605650
145,8,2786.856854
145,9,2666.511671
145,10,2617.214179
145,15,2504.397890
146,5,3626.435471
146,6,2981.663473
146,7,2866.605650
146,8,2786.856854
146,9,2666.511671
146,10,2617.214179
146,15,2504.397890
147,5,3626.435471
147,6,2981.663473
147,7,2866.605650
147,8,2786.856854
147,9,2666.511671
147,10,2617.214179
147,15,2504.397890
148,5,3617.111517
148,6,2981.102278
148,7,2861.313242
148,8,2741.493091
148,9,2666.511671
148,10,2617.214179
148,15,2504.397890
149,5,3617.111517
149,6,2981.102278
149,7,2861.313242
149,8,2741.493091
149,9,2666.511671
149,10,2617.214179
149,15,2504.397890
150,5,3617.111517
150,6,2981.102278
150,7,2810.660755
150,8,2741.493091
150,9,2666.511671
150,10,2617.214179
150,15,2504.397890
151,5,3617.111517
151,6,2981.102278
151,7,2810.660755
151,8,2741.493091
151,9,2666.511671
151,10,2617.214179
151,15,2504.397890
152,5,3617.111517
152,6,2981.102278
152,7,2810.660755
152,8,2741.493091
152,9,2666.511671
152,10,2617.214179
152,15,2504.397890
153,5,3613.057039
153,6,2972.303455
153,7,2810.660755
153,8,2727.160113
153,9,2666.511671
153,10,2617.214179
153,15,2504.397890
154,5,3613.057039
154,6,2972.303455
154,7,2810.660755
154,8,2727.160113
154,9,2666.511671
154,10,2617.214179
154,15,2504.397890
155,5,3613.057039
155,6,2972.303455
155,7,2810.660755
155,8,2727.160113
155,9,2666.511671
155,10,2617.214179
155,15,2504.397890
156,5,3613.057039
156,6,2972.303455
156,7,2810.660755
156,8,2727.160113
156,9,2666.511671
156,10,2617.214179
156,15,2504.397890
157,5,3613.057039
157,6,2972.303455
157,7,2810.660755
157,8,2727.160113
157,9,2666.511671
157,10,2617.214179
157,15,2504.397890
158,5,3613.057039
158,6,2969.956096
158,7,2810.660755
158,8,2727.160113
158,9,2666.511671
158,10,2617.214179
158,11,2603.009402
158,15,2504.397890
159,5,3613.057039
159,6,2969.956096
159,7,2810.660755
159,8,2727.160113
159,9,2666.511671
159,10,2617.214179
159,11,2603.009402
159,15,2504.397890
160,5,3613.057039
160,6,2969.956096
160,7,2810.660755
160,8,2727.160113
160,9,2666.511671
160,10,2617.214179
160,11,2603.009402
160,15,2504.397890
161,5,3613.057039
161,6,2969.956096
161,7,2810.660755
161,8,2727.160113
161,9,2666.511671
161,10,2617.214179
161,11,2603.009402
161,15,2504.397890
162,5,3613.057039
162,6,2846.804241
162,7,2810.660755
162,8,2727.160113
162,9,2666.511671
162,10,2617.214179
162,11,2603.009402
162,15,2504.397890
163,5,3605.369637
163,6,2846.804241
163,7,2810.660755
163,8,2727.160113
163,9,2666.511671
163,10,2616.141221
163,11,2603.009402
163,15,2504.397890
164,5,3605.369637
164,6,2846.804241
164,7,2810.660755
164,8,2727.160113
164,9,2666.511671
164,10,2616.141221
164,11,2603.009402
164,15,2504.397890
165,5,3605.369637
165,6,2846.804241
165,7,2802.840357
165,8,2727.160113
165,9,2666.511671
165,10,2616.141221
165,11,2603.009402
165,15,2504.397890
166,5,3605.369637
166,6,2846.804241
166,7,2802.840357
166,8,2727.160113
166,9,2666.511671
166,10,2616.141221
166,11,2603.009402
166,15,2504.397890
167,5,3605.369637
167,6,2846.804241
167,7,2802.840357
167,8,2727.160113
167,9,2666.511671
167,10,2616.141221
167,11,2603.009402
167,15,2504.397890
168,5,3348.830021
168,6,2843.244995
168,7,2802.840357
168,8,2709.455929
168,9,2642.465623
168,10,2616.141221
168,11,2603.009402
168,15,2503.354009
169,5,3348.830021
169,6,2843.244995
169,7,2802.840357
169,8,2709.455929
169,9,2642.465623
169,10,2616.141221
169,11,2603.009402
169,15,2503.354009
170,5,3348.830021
170,6,2843.244995
170,7,2796.683556
170,8,2709.455929
170,9,2642.465623
170,10,2616.141221
170,11,2603.009402
170,15,2503.354009
171,5,3348.830021
171,6,2843.244995
171,7,2796.683556
171,8,2709.455929
171,9,2642.465623
171,10,2616.141221
171,11,2603.009402
171,15,2503.354009
172,5,3348.830021
172,6,2843.244995
172,7,2796.683556
172,8,2709.455929
172,9,2642.465623
172,10,2616.141221
172,11,2603.009402
172,15,2503.354009
173,5,3332.808459
173,6,2808.835089
173,7,2790.314631
173,8,2709.455929
173,9,2625.862878
173,10,2616.141221
173,11,2602.485097
173,15,2503.354009
174,5,3332.808459
174,6,2808.835089
174,7,2774.670428
174,8,2709.455929
174,9,2625.862878
174,10,2616.141221
174,11,2602.485097
174,12,2571.999900
174,15,2503.354009
175,5,3332.808459
175,6,2808.835089
175,7,2774.670428
175,8,2709.455929
175,9,2625.862878
175,10,2616.141221
175,11,2602.485097
175,12,2571.999900
175,15,2503.354009
176,5,3332.808459
176,6,2808.835089
176,7,2774.670428
176,8,2709.455929
176,9,2625.862878
176,10,2616.141221
176,11,2564.720363
176,15,2503.354009
177,5,3332.808459
177,6,2808.835089
177,7,2774.670428
177,8,2709.455929
177,9,2625.862878
177,10,2616.141221
177,11,2564.720363
177,15,2503.354009
178,5,3332.808459
178,6,2806.998991
178,7,2774.670428
178,8,2709.455929
178,9,2625.862878
178,10,2616.141221
178,11,2564.720363
178,15,2503.354009
179,5,3332.808459
179,6,2806.998991
179,7,2774.670428
179,8,2709.455929
179,9,2625.862878
179,10,2616.141221
179,11,2564.720363
179,15,2503.354009
180,5,3332.808459
180,6,2806.998991
180,7,2774.670428
180,8,2709.455929
180,9,2625.862878
180,10,2605.160874
180,11,2564.720363
180,15,2503.354009
181,5,3332.808459
181,6,2806.998991
181,7,2774.670428
181,8,2709.455929
181,9,2625.862878
181,10,2605.160874
181,11,2564.720363
181,15,2503.354009
182,5,3332.808459
182,6,2806.998991
182,7,2774.670428
182,8,2709.455929
182,9,2625.862878
182,10,2605.160874
182,11,2564.720363
182,15,2503.354009
183,5,3332.808459
183,6,2791.198154
183,7,2739.541097
183,8,2683.480144
183,9,2625.862878
183,10,2602.764646
183,11,2564.720363
183,15,2503.354009
184,5,3332.808459
184,6,2791.198154
184,7,2739.541097
184,8,2683.480144
184,9,2625.862878
184,10,2602.764646
184,11,2564.720363
184,15,2503.354009
185,5,3332.808459
185,6,2791.198154
185,7,2739.541097
185,8,2683.480144
185,9,2625.862878
185,10,2602.764646
185,11,2564.720363
185,15,2503.354009
186,5,3332.808459
186,6,2791.198154
186,7,2739.541097
186,8,2683.480144
186,9,2625.862878
186,10,2602.764646
186,11,2564.720363
186,15,2503.354009
187,5,3332.808459
187,6,2791.198154
187,7,2739.541097
187,8,2683.480144
187,9,2625.862878
187,10,2602.764646
187,11,2564.720363
187,15,2503.354009
188,5,3332.808459
188,6,2791.198154
188,7,2739.541097
188,8,2656.684568
188,9,2625.862878
188,10,2602.764646
188,11,2564.720363
188,15,2503.354009
189,5,3332.808459
189,6,2791.198154
189,7,2739.541097
189,8,2656.684568
189,9,2625.862878
189,10,2602.764646
189,11,2564.720363
189,12,2558.539743
189,15,2503.354009
190,5,3332.808459
190,6,2791.198154
190,7,2739.541097
190,8,2656.684568
190,9,2625.862878
190,10,2602.764646
190,11,2564.720363
190,12,2558.539743
190,15,2503.354009
191,5,3332.808459
191,6,2791.198154
191,7,2739.541097
191,8,2656.684568
191,9,2625.862878
191,10,2602.764646
191,11,2564.720363
191,12,2558.539743
191,15,2503.354009
192,5,3332.808459
192,6,2791.198154
192,7,2739.541097
192,8,2656.684568
192,9,2625.862878
192,10,2602.764646
192,11,2564.720363
192,12,2558.539743
192,15,2503.354009
193,5,3332.808459
193,6,2791.198154
193,7,2739.541097
193,8,2656.684568
193,9,2625.208274
193,10,2602.764646
193,11,2564.143249
193,12,2558.539743
193,15,2503.354009
194,5,3332.808459
194,6,2791.198154
194,7,2721.590424
194,8,2656.684568
194,9,2625.208274
194,10,2602.764646
194,11,2564.143249
194,12,2558.539743
194,15,2503.354009
195,5,3332.808459
195,6,2791.198154
195,7,2721.590424
195,8,2656.684568
195,9,2625.208274
195,10,2602.764646
195,11,2564.143249
195,12,2558.539743
195,15,2503.354009
196,5,3332.808459
196,6,2791.198154
196,7,2721.590424
196,8,2656.684568
196,9,2625.208274
196,10,2602.764646
196,11,2564.143249
196,12,2555.473417
196,15,2503.354009
197,5,3332.808459
197,6,2791.198154
197,7,2721.590424
197,8,2656.684568
197,9,2625.208274
197,10,2602.764646
197,11,2564.143249
197,12,2555.473417
197,15,2503.354009
198,5,3325.977855
198,6,2790.321827
198,7,2721.590424
198,8,2656.189639
198,9,2609.291015
198,10,2602.764646
198,11,2564.143249
198,12,2555.473417
198,15,2503.354009
199,5,3325.977855
199,6,2790.321827
199,7,2721.590424
199,8,2656.189639
199,9,2609.291015
199,10,2602.764646
199,11,2564.143249
199,12,2555.473417
199,15,2503.354009
200,5,3325.977855
200,6,2790.321827
200,7,2721.590424
200,8,2656.189639
200,9,2609.291015
200,10,2602.764646
200,11,2564.143249
200,12,2555.473417
200,15,2503.354009
201,5,3325.977855
201,6,2790.321827
201,7,2721.590424
201,8,2656.189639
201,9,2609.291015
201,10,2602.764646
201,11,2564.143249
201,12,2555.473417
201,15,2503.354009
202,5,3325.977855
202,6,2790.321827
202,7,2721.590424
202,8,2656.189639
202,9,2609.291015
202,10,2591.948477
202,11,2564.143249
202,12,2555.473417
202,15,2503.354009
203,5,3257.256063
203,6,2790.321827
203,7,2721.590424
203,8,2656.189639
203,9,2609.291015
203,10,2591.689574
203,11,2564.143249
203,12,2555.473417
203,15,2503.354009
204,5,3257.256063
204,6,2790.321827
204,7,2721.590424
204,8,2656.189639
204,9,2609.291015
204,10,2591.689574
204,11,2564.143249
204,12,2555.473417
204,15,2503.354009
205,5,3257.256063
205,6,2790.321827
205,7,2721.590424
205,8,2656.189639
205,9,2609.291015
205,10,2591.689574
205,11,2564.143249
205,12,2555.473417
205,15,2503.354009
206,5,3257.256063
206,6,2790.321827
206,7,2721.590424
206,8,2641.985324
206,9,2609.291015
206,10,2591.689574
206,11,2564.143249
206,12,2555.473417
206,15,2503.354009
207,5,3257.256063
207,6,2790.321827
207,7,2721.590424
207,8,2641.985324
207,9,2609.291015
207,10,2591.689574
207,11,2564.143249
207,12,2555.473417
207,15,2503.354009
208,5,3257.256063
208,6,2790.321827
208,7,2720.214114
208,8,2637.870837
208,9,2600.411553
208,10,2570.267256
208,11,2564.143249
208,12,2555.473417
208,14,2544.442086
208,15,2492.734313
209,5,3257.256063
209,6,2790.321827
209,7,2720.214114
209,8,2637.870837
209,9,2600.411553
209,10,2570.267256
209,11,2564.143249
209,12,2555.473417
209,14,2544.442086
209,15,2492.734313
210,5,3257.256063
210,6,2790.321827
210,7,2720.214114
210,8,2637.870837
210,9,2600.411553
210,10,2570.267256
210,11,2564.143249
210,12,2555.473417
210,14,2544.442086
210,15,2492.734313
211,5,3257.256063
211,6,2790.321827
211,7,2720.214114
211,8,2637.870837
211,9,2600.411553
211,10,2570.267256
211,11,2564.143249
211,12,2555.473417
211,14,2544.442086
211,15,2492.734313
212,5,3257.256063
212,6,2790.321827
212,7,2720.214114
212,8,2637.870837
212,9,2600.411553
212,10,2570.267256
212,11,2564.143249
212,12,2555.473417
212,14,2544.442086
212,15,2492.734313
213,5,3239.098099
213,6,2778.047240
213,7,2720.214114
213,8,2633.356489
213,9,2591.346076
213,10,2552.531708
213,13,2537.252776
213,15,2492.734313
214,5,3239.098099
214,6,2778.047240
214,7,2720.214114
214,8,2633.356489
214,9,2591.346076
214,10,2552.531708
214,13,2537.252776
214,15,2492.734313
215,5,3239.098099
215,6,2778.047240
215,7,2720.214114
215,8,2633.356489
215,9,2591.346076
215,10,2552.531708
215,13,2537.252776
215,15,2492.734313
216,5,3239.098099
216,6,2778.047240
216,7,2720.214114
216,8,2633.356489
216,9,2591.346076
216,10,2552.531708
216,13,2537.252776
216,15,2492.734313
217,5,3239.098099
217,6,2778.047240
217,7,2720.214114
217,8,2633.356489
217,9,2591.346076
217,10,2552.531708
217,13,2537.252776
217,15,2492.734313
218,5,3239.098099
218,6,2778.047240
218,7,2686.764733
218,8,2633.356489
218,9,2591.346076
218,10,2552.531708
218,12,2541.482981
218,13,2534.166524
218,15,2492.734313
219,5,3096.234673
219,6,2778.047240
219,7,2686.764733
219,8,2633.356489
219,9,2591.346076
219,10,2552.531708
219,12,2541.482981
219,13,2534.166524
219,15,2492.734313
220,5,3096.234673
220,6,2778.047240
220,7,2686.764733
220,8,2633.356489
220,9,2591.346076
220,10,2552.531708
220,12,2541.482981
220,13,2534.166524
220,15,2492.734313
221,5,3096.234673
221,6,2778.047240
221,7,2686.764733
221,8,2633.356489
221,9,2591.346076
221,10,2552.531708
221,12,2541.482981
221,13,2534.166524
221,15,2492.734313
222,5,3096.234673
222,6,2778.047240
222,7,2686.764733
222,8,2633.356489
222,9,2591.346076
222,10,2552.531708
222,12,2541.482981
222,13,2534.166524
222,15,2492.734313
223,5,3096.234673
223,6,2746.057915
223,7,2676.031504
223,8,2572.861533
223,10,2552.531708
223,12,2541.482981
223,13,2505.982487
223,15,2492.734313
224,5,3096.234673
224,6,2746.057915
224,7,2676.031504
224,8,2572.861533
224,10,2552.531708
224,12,2541.482981
224,13,2505.982487
224,15,2492.734313
225,5,3096.234673
225,6,2746.057915
225,7,2676.031504
225,8,2572.861533
225,10,2552.531708
225,12,2541.482981
225,13,2505.982487
225,15,2492.734313
226,5,3096.234673
226,6,2746.057915
226,7,2676.031504
226,8,2572.861533
226,10,2552.531708
226,12,2541.482981
226,13,2505.982487
226,15,2492.734313
227,5,3096.234673
227,6,2746.057915
227,7,2676.031504
227,8,2572.861533
227,10,2552.531708
227,12,2541.482981
227,13,2505.982487
227,15,2492.734313
228,5,3068.501825
228,6,2745.352531
228,7,2676.031504
228,8,2572.861533
228,10,2551.429185
228,12,2541.482981
228,13,2505.752890
228,15,2490.046404
229,5,3068.501825
229,6,2745.352531
229,7,2676.031504
229,8,2572.861533
229,10,2551.429185
229,12,2541.482981
229,13,2505.752890
229,15,2490.046404
230,5,3068.501825
230,6,2745.352531
230,7,2676.031504
230,8,2572.861533
230,10,2551.429185
230,12,2541.482981
230,13,2505.752890
230,15,2490.046404
231,5,3068.501825
231,6,2745.352531
231,7,2659.549147
231,8,2572.861533
231,10,2551.429185
231,12,2541.482981
231,13,2505.752890
231,15,2490.046404
232,5,3068.501825
232,6,2745.352531
232,7,2659.549147
232,8,2572.861533
232,10,2551.429185
232,12,2541.482981
232,13,2505.752890
232,15,2490.046404
233,5,3068.501825
233,6,2736.037142
233,7,2624.481710
233,8,2572.068940
233,10,2551.429185
233,12,2541.441271
233,13,2502.347090
233,15,2490.018611
234,5,3068.501825
234,6,2736.037142
234,7,2624.481710
234,8,2572.068940
234,10,2551.429185
234,12,2541.441271
234,13,2502.347090
234,15,2490.018611
235,5,3068.501825
235,6,2736.037142
235,7,2624.481710
235,8,2572.068940
235,10,2551.429185
235,12,2541.441271
235,13,2502.347090
235,15,2490.018611
236,5,3068.501825
236,6,2736.037142
236,7,2624.481710
236,8,2572.068940
236,10,2551.429185
236,12,2541.441271
236,13,2502.347090
236,15,2490.018611
237,5,3068.501825
237,6,2736.037142
237,7,2624.481710
237,8,2572.068940
237,10,2551.429185
237,12,2541.441271
237,13,2502.347090
237,15,2490.018611
238,5,3068.501825
238,6,2732.351704
238,7,2595.872025
238,8,2572.068940
238,10,2551.429185
238,12,2520.082938
238,13,2502.347090
238,15,2490.018611
239,5,3068.501825
239,6,2732.351704
239,7,2595.872025
239,8,2572.068940
239,10,2551.429185
239,12,2520.082938
239,13,2502.347090
239,15,2490.018611
240,5,3068.501825
240,6,2731.816388
240,7,2595.872025
240,8,2572.068940
240,10,2551.429185
240,12,2520.082938
240,13,2502.347090
240,15,2490.018611
241,5,3017.056674
241,6,2731.816388
241,7,2595.872025
241,8,2572.068940
241,10,2551.429185
241,12,2520.082938
241,13,2502.347090
241,15,2490.018611
242,5,3017.056674
242,6,2731.816388
242,7,2595.872025
242,8,2572.068940
242,10,2551.429185
242,12,2520.082938
242,13,2502.347090
242,15,2490.018611
243,5,3017.056674
243,6,2729.843394
243,7,2595.872025
243,8,2562.186335
243,10,2550.327600
243,12,2520.082938
243,13,2502.347090
243,15,2490.018611
244,5,3017.056674
244,6,2729.843394
244,7,2595.872025
244,8,2562.186335
244,10,2550.327600
244,12,2520.082938
244,13,2502.347090
244,14,2491.687116
244,15,2490.018611
245,5,3017.056674
245,6,2729.843394
245,7,2595.872025
245,8,2562.186335
245,10,2550.327600
245,12,2520.082938
245,13,2502.347090
245,14,2491.687116
245,15,2490.018611
246,5,3017.056674
246,6,2729.843394
246,7,2595.872025
246,8,2562.186335
246,10,2550.327600
246,12,2520.082938
246,13,2502.347090
246,14,2491.687116
246,15,2489.472257
247,5,3017.056674
247,6,2729.843394
247,7,2595.872025
247,8,2562.186335
247,10,2550.327600
247,12,2520.082938
247,13,2502.347090
247,14,2491.687116
247,15,2489.472257
248,5,3017.056674
248,6,2729.843394
248,7,2593.579536
248,8,2562.186335
248,10,2550.327600
248,12,2520.082938
248,13,2502.347090
248,14,2485.549504
249,5,3017.056674
249,6,2729.843394
249,7,2593.579536
249,8,2562.186335
249,10,2550.327600
249,12,2520.082938
249,13,2502.347090
249,14,2485.549504
250,5,3017.056674
250,6,2729.843394
250,7,2593.579536
250,8,2562.186335
250,10,2550.327600
250,12,2520.082938
250,13,2502.347090
250,14,2485.549504
251,5,3017.056674
251,6,2729.843394
251,7,2593.579536
251,8,2562.186335
251,10,2550.327600
251,12,2520.082938
251,13,2502.347090
251,14,2485.549504
252,5,3017.056674
252,6,2729.843394
252,7,2593.579536
252,8,2562.186335
252,10,2550.327600
252,12,2520.082938
252,13,2502.347090
252,14,2485.549504
253,5,3013.638143
253,6,2729.843394
253,7,2578.155901
253,8,2562.186335
253,10,2550.327600
253,12,2517.593725
253,13,2479.423468
254,5,3013.638143
254,6,2729.843394
254,7,2578.155901
254,8,2560.533967
254,10,2550.327600
254,12,2517.593725
254,13,2479.423468
255,5,3013.638143
255,6,2729.843394
255,7,2578.155901
255,8,2560.533967
255,10,2550.327600
255,12,2517.593725
255,13,2479.423468
256,5,3013.638143
256,6,2729.843394
256,7,2578.155901
256,8,2560.533967
256,9,2552.280583
256,10,2550.327600
256,12,2517.593725
256,13,2479.423468
257,5,3013.638143
257,6,2729.843394
257,7,2578.155901
257,8,2560.533967
257,9,2552.280583
257,10,2550.327600
257,12,2517.593725
257,13,2479.423468
258,5,3013.638143
258,6,2726.253564
258,7,2578.155901
258,8,2560.533967
258,9,2552.280583
258,10,2550.327600
258,12,2517.593725
258,13,2472.633735
259,5,3013.638143
259,6,2726.253564
259,7,2578.155901
259,8,2560.533967
259,9,2552.280583
259,10,2550.327600
259,12,2517.593725
259,13,2472.633735
260,5,3013.638143
260,6,2726.253564
260,7,2578.155901
260,8,2560.533967
260,9,2552.280583
260,10,2550.327600
260,12,2517.593725
260,13,2472.633735
261,5,3013.638143
261,6,2726.253564
261,7,2578.155901
261,8,2560.533967
261,9,2552.280583
261,10,2550.327600
261,12,2517.593725
261,13,2472.633735
262,5,3013.638143
262,6,2726.253564
262,7,2578.155901
262,8,2560.533967
262,9,2552.280583
262,10,2550.327600
262,12,2517.593725
262,13,2472.633735
263,5,2927.947318
263,6,2718.492209
263,7,2532.759432
263,12,2517.593725
263,13,2472.633735
264,5,2927.947318
264,6,2718.492209
264,7,2532.759432
264,12,2517.593725
264,13,2472.633735
265,5,2927.947318
265,6,2718.492209
265,7,2532.759432
265,12,2517.593725
265,13,2472.633735
266,5,2927.947318
266,6,2696.245877
266,7,2532.759432
266,12,2517.593725
266,13,2472.633735
267,5,2927.947318
267,6,2696.245877
267,7,2532.759432
267,12,2517.593725
267,13,2472.633735
268,5,2918.809564
268,6,2696.245877
268,7,2487.853969
268,13,2471.023843
269,5,2918.809564
269,6,2696.245877
269,7,2487.853969
269,13,2471.023843
270,5,2918.809564
270,6,2696.245877
270,7,2487.853969
270,13,2471.023843
271,5,2918.809564
271,6,2696.245877
271,7,2487.853969
271,13,2471.023843
272,5,2918.809564
272,6,2696.245877
272,7,2487.853969
272,13,2471.023843
273,5,2913.514586
273,6,2696.245877
273,7,2474.198677
273,12,2452.957511
274,5,2913.514586
274,6,2696.245877
274,7,2474.198677
274,12,2452.957511
275,5,2913.514586
275,6,2696.245877
275,7,2474.198677
275,12,2452.957511
276,5,2913.514586
276,6,2696.245877
276,7,2474.198677
276,12,2452.957511
277,5,2913.514586
277,6,2696.245877
277,7,2474.198677
277,12,2452.957511
278,5,2913.514586
278,6,2696.245877
278,7,2474.198677
278,12,2452.957511
279,5,2913.514586
279,6,2696.245877
279,7,2474.198677
279,12,2452.957511
280,5,2913.514586
280,6,2696.245877
280,7,2474.198677
280,12,2452.957511
281,5,2913.514586
281,6,2696.245877
281,7,2474.198677
281,12,2452.957511
282,5,2913.514586
282,6,2696.245877
282,7,2474.198677
282,12,2452.957511
283,5,2854.485041
283,6,2696.245877
283,7,2464.518682
283,12,2448.385054
284,5,2854.485041
284,6,2696.245877
284,7,2464.518682
284,12,2448.385054
285,5,2854.485041
285,6,2696.245877
285,7,2464.518682
285,12,2448.385054
286,5,2854.485041
286,6,2696.245877
286,7,2464.518682
286,12,2448.385054
287,5,2854.485041
287,6,2696.245877
287,7,2464.518682
287,12,2448.385054
288,5,2799.710433
288,6,2696.245877
288,7,2464.518682
288,12,2448.219878
289,5,2799.710433
289,6,2696.245877
289,7,2464.518682
289,12,2448.219878
290,5,2799.710433
290,6,2696.245877
290,7,2464.518682
290,12,2448.219878
291,5,2799.710433
291,6,2696.245877
291,7,2464.518682
291,12,2448.219878
292,5,2799.710433
292,6,2696.245877
292,7,2464.518682
292,12,2448.219878
293,5,2799.710433
293,6,2696.245877
293,7,2464.518682
293,12,2448.219878
294,5,2799.710433
294,6,2696.245877
294,7,2464.518682
294,12,2448.219878
295,5,2799.710433
295,6,2696.245877
295,7,2464.518682
295,12,2448.219878
296,5,2799.710433
296,6,2696.245877
296,7,2464.518682
296,12,2448.219878
297,5,2799.710433
297,6,2696.245877
297,7,2464.518682
297,12,2448.219878
298,5,2799.710433
298,6,2689.232752
298,7,2464.518682
298,12,2448.219878
299,5,2799.710433
299,6,2689.232752
299,7,2464.518682
299,12,2448.219878
300,5,2799.710433
300,6,2689.232752
300,7,2464.518682
300,12,2448.219878
301,5,2799.710433
301,6,2689.232752
301,7,2464.518682
301,12,2448.219878
302,5,2799.710433
302,6,2689.232752
302,7,2464.518682
302,12,2448.219878
303,5,2799.710433
303,6,2629.682709
303,7,2464.518682
303,12,2448.219878
304,5,2799.710433
304,6,2629.682709
304,7,2463.596317
304,12,2448.219878
305,5,2799.710433
305,6,2629.682709
305,7,2463.596317
305,12,2448.219878
306,5,2799.710433
306,6,2629.682709
306,7,2463.596317
306,12,2448.219878
307,5,2799.710433
307,6,2629.682709
307,7,2463.596317
307,12,2448.219878
308,5,2799.710433
308,6,2629.682709
308,7,2463.596317
308,12,2448.219878
309,5,2799.710433
309,6,2629.682709
309,7,2463.596317
309,12,2448.219878
310,5,2799.710433
310,6,2629.682709
310,7,2463.596317
310,12,2448.219878
311,5,2799.710433
311,6,2629.682709
311,7,2463.596317
311,12,2448.219878
312,5,2799.710433
312,6,2629.682709
312,7,2463.596317
312,12,2448.219878
313,5,2799.710433
313,6,2562.718134
313,7,2463.596317
313,12,2445.620270
314,5,2799.710433
314,6,2562.718134
314,7,2463.596317
314,12,2445.620270
315,5,2799.710433
315,6,2562.718134
315,7,2463.596317
315,12,2445.620270
316,5,2799.710433
316,6,2562.718134
316,7,2463.596317
316,12,2445.620270
317,5,2799.710433
317,6,2562.718134
317,7,2463.596317
317,12,2445.620270
318,5,2768.266813
318,6,2562.718134
318,7,2463.596317
318,12,2445.620270
319,5,2768.266813
319,6,2562.718134
319,7,2463.596317
319,12,2445.620270
320,5,2768.266813
320,6,2562.718134
320,7,2463.596317
320,12,2445.620270
321,5,2768.266813
321,6,2562.718134
321,7,2456.476660
321,12,2445.620270
322,5,2768.266813
322,6,2562.718134
322,7,2456.476660
322,12,2445.620270
323,5,2768.266813
323,6,2562.718134
323,7,2456.476660
323,12,2445.620270
324,5,2768.266813
324,6,2562.718134
324,7,2456.476660
324,12,2445.620270
325,5,2768.266813
325,6,2562.718134
325,7,2456.476660
325,12,2445.620270
326,5,2768.266813
326,6,2562.718134
326,7,2456.476660
326,12,2445.620270
327,5,2768.266813
327,6,2562.718134
327,7,2456.476660
327,12,2445.620270
328,5,2768.266813
328,6,2562.718134
328,7,2440.765955
329,5,2768.266813
329,6,2562.718134
329,7,2440.765955
