Generation,NV,TOC
1,6,1947.758631
1,7,1945.377506
1,8,1895.545405
2,6,1936.889765
2,7,1906.272734
2,8,1874.494087
3,6,1814.263198
3,7,1813.721877
4,5,1894.326230
4,6,1814.263198
4,7,1813.721877
4,8,1806.882351
5,5,1835.670795
5,6,1814.263198
5,7,1800.136908
6,5,1799.015181
6,7,1774.462179
7,5,1796.024536
7,7,1774.462179
7,9,1733.642457
8,5,1796.024536
8,6,1749.854689
8,9,1722.731614
9,5,1796.024536
9,6,1749.295680
9,9,1722.731614
10,4,1841.872694
10,5,1749.348629
10,6,1736.514508
10,9,1722.731614
11,4,1841.872694
11,5,1749.348629
11,6,1733.477405
11,8,1717.883354
12,4,1841.872694
12,5,1728.417660
12,8,1717.883354
13,4,1803.609545
13,5,1728.417660
13,8,1717.883354
14,4,1781.786213
14,5,1728.341855
14,8,1713.346545
15,4,1755.104720
15,5,1727.978457
15,6,1684.574918
16,4,1716.366648
16,5,1707.151176
16,6,1684.574918
17,4,1681.747463
17,6,1666.606734
18,4,1681.747463
18,6,1666.606734
19,4,1681.747463
19,6,1666.606734
20,4,1677.708345
20,6,1659.401568
21,4,1677.708345
21,6,1659.401568
22,4,1677.708345
22,6,1659.401568
23,4,1677.708345
23,6,1659.401568
24,4,1669.092750
24,6,1642.254288
25,4,1669.092750
25,6,1631.709147
26,4,1669.092750
26,6,1623.889794
27,4,1669.092750
27,5,1663.787877
27,6,1623.889794
28,4,1669.092750
28,5,1663.787877
28,6,1623.889794
29,4,1669.092750
29,5,1663.787877
29,6,1623.872111
30,4,1665.832150
30,5,1654.817861
30,6,1621.189725
31,4,1662.002970
31,5,1641.106188
31,6,1621.189725
32,4,1662.002970
32,5,1641.106188
32,6,1616.643230
33,4,1661.271750
33,5,1629.850870
33,6,1616.643230
34,4,1655.673428
34,5,1629.850870
34,6,1616.643230
35,4,1651.786507
35,5,1620.074781
35,6,1616.643230
36,4,1637.353594
36,5,1620.074781
36,6,1606.749710
37,4,1637.353594
37,5,1615.564997
37,6,1606.749710
38,4,1635.054636
38,5,1615.564997
38,6,1606.749710
39,4,1635.054636
39,5,1615.564997
39,6,1606.749710
40,4,1631.912614
40,5,1606.973060
40,6,1605.486961
41,4,1631.912614
41,5,1597.630427
42,4,1621.108915
42,5,1597.630427
43,4,1606.747777
43,5,1597.630427
44,4,1606.747777
44,5,1596.282790
45,4,1606.747777
45,5,1596.204207
46,4,1606.747777
46,5,1594.152239
47,4,1600.234005
47,5,1594.152239
48,4,1600.234005
48,5,1594.152239
49,4,1600.234005
49,5,1592.862855
50,4,1594.372000
50,5,1592.862855
51,4,1594.372000
51,5,1586.534339
52,4,1594.372000
52,5,1586.534339
53,4,1592.697978
53,5,1586.534339
54,4,1592.697978
54,5,1586.534339
55,4,1592.697978
55,5,1586.534339
56,4,1582.795426
57,4,1582.795426
58,4,1582.795426
59,4,1582.795426
60,4,1582.795426
61,4,1580.261282
62,4,1580.261282
63,4,1580.261282
64,4,1580.261282
65,4,1580.261282
66,4,1580.261282
67,4,1580.261282
68,4,1580.261282
69,4,1578.816398
70,4,1577.775932
71,4,1575.770376
72,4,1575.770376
73,4,1574.234306
74,4,1574.234306
75,4,1574.234306
76,4,1574.234306
77,4,1574.234306
78,4,1574.234306
79,4,1574.234306
80,4,1574.234306
81,4,1574.234306
82,4,1574.234306
83,4,1574.234306
84,4,1573.546788
85,4,1573.038348
86,4,1572.420178
87,4,1570.746352
88,4,1570.746352
89,4,1569.231724
90,4,1569.231724
91,4,1569.231724
91,5,1568.139066
92,4,1569.231724
92,5,1566.488376
93,4,1569.231724
93,5,1566.488376
94,4,1569.231724
94,5,1566.488376
95,4,1569.231724
95,5,1566.488376
96,4,1569.231724
96,5,1565.181089
97,4,1569.231724
97,5,1565.181089
98,4,1569.231724
98,5,1565.181089
99,4,1569.231724
99,5,1565.181089
100,4,1569.231724
100,5,1565.181089
101,4,1569.231724
101,5,1565.181089
102,4,1569.231724
102,5,1565.181089
103,4,1569.231724
103,5,1565.181089
104,4,1569.231724
104,5,1565.181089
105,4,1568.002122
105,5,1565.181089
106,4,1568.002122
106,5,1565.181089
107,4,1568.002122
107,5,1565.181089
108,4,1568.002122
108,5,1565.181089
109,4,1568.002122
109,5,1565.181089
110,4,1568.002122
110,5,1565.181089
111,4,1567.930163
111,5,1565.181089
112,4,1567.930163
112,5,1565.181089
113,4,1567.930163
113,5,1565.181089
114,4,1567.930163
114,5,1565.181089
115,4,1567.930163
115,5,1565.181089
116,4,1567.930163
116,5,1565.181089
117,4,1567.930163
117,5,1565.181089
118,4,1567.930163
118,5,1565.181089
119,4,1567.605327
119,5,1565.181089
120,4,1567.605327
120,5,1565.181089
121,4,1567.605327
121,5,1565.181089
122,4,1567.605327
122,5,1565.181089
123,4,1566.599538
123,5,1565.181089
124,4,1566.599538
124,5,1565.181089
125,4,1566.531758
125,5,1565.181089
126,4,1566.531758
126,5,1565.181089
127,4,1566.531758
127,5,1565.181089
128,4,1566.531758
128,5,1565.181089
129,4,1566.531758
129,5,1565.181089
130,4,1566.531758
130,5,1565.181089
131,4,1566.531758
131,5,1565.181089
132,4,1566.531758
132,5,1565.181089
133,4,1566.531758
133,5,1565.181089
134,4,1566.531758
134,5,1565.181089
135,4,1566.531758
135,5,1565.181089
136,4,1566.531758
136,5,1565.181089
137,4,1566.531758
137,5,1564.755067
138,4,1566.531758
138,5,1564.755067
139,4,1566.531758
139,5,1564.755067
140,4,1566.531758
140,5,1564.755067
141,4,1566.531758
141,5,1564.755067
142,4,1566.531758
142,5,1564.755067
143,4,1566.531758
143,5,1564.755067
144,4,1566.531758
144,5,1564.755067
145,4,1566.531758
145,5,1564.755067
146,4,1566.531758
146,5,1564.755067
147,4,1566.531758
147,5,1564.755067
148,4,1566.531758
148,5,1564.755067
149,4,1566.531758
149,5,1564.755067
150,4,1566.531758
150,5,1564.755067
151,4,1566.531758
151,5,1564.755067
152,4,1566.531758
152,5,1564.755067
153,4,1566.531758
153,5,1564.755067
154,4,1566.531758
154,5,1564.755067
155,4,1566.531758
155,5,1564.755067
156,4,1566.531758
156,5,1564.755067
157,4,1566.531758
157,5,1564.755067
158,4,1566.531758
158,5,1564.755067
159,4,1566.531758
159,5,1564.755067
160,4,1566.531758
160,5,1564.755067
161,4,1566.531758
161,5,1564.755067
162,4,1566.531758
162,5,1564.755067
163,4,1566.531758
163,5,1564.755067
164,4,1566.531758
164,5,1564.755067
165,4,1566.531758
165,5,1564.755067
166,4,1566.531758
166,5,1564.755067
167,4,1566.531758
167,5,1564.755067
168,4,1566.531758
168,5,1564.755067
169,4,1566.531758
169,5,1564.755067
170,4,1566.531758
170,5,1564.755067
171,4,1566.531758
171,5,1564.755067
172,4,1566.531758
172,5,1564.755067
173,4,1566.531758
173,5,1564.755067
174,4,1566.531758
174,5,1564.755067
175,4,1566.531758
175,5,1564.755067
176,4,1566.531758
176,5,1564.755067
177,4,1566.531758
177,5,1564.755067
178,4,1566.531758
178,5,1564.755067
179,4,1566.531758
179,5,1564.755067
180,4,1566.531758
180,5,1564.755067
181,4,1566.531758
181,5,1564.755067
182,4,1566.531758
182,5,1564.755067
183,4,1566.531758
183,5,1564.755067
184,4,1566.531758
184,5,1564.755067
185,4,1566.531758
185,5,1564.755067
186,4,1566.531758
186,5,1564.755067
187,4,1566.531758
187,5,1564.755067
188,4,1566.531758
188,5,1564.755067
189,4,1566.531758
189,5,1564.755067
190,4,1566.531758
190,5,1564.755067
191,4,1566.531758
191,5,1564.755067
192,4,1566.531758
192,5,1564.755067
193,4,1566.531758
193,5,1564.755067
194,4,1566.531758
194,5,1564.755067
195,4,1566.531758
195,5,1564.755067
196,4,1566.531758
196,5,1564.755067
197,4,1566.531758
197,5,1564.755067
198,4,1566.531758
198,5,1564.755067
199,4,1566.531758
199,5,1564.755067
200,4,1566.531758
200,5,1564.755067
201,4,1566.531758
201,5,1564.755067
202,4,1566.531758
202,5,1564.755067
203,4,1566.531758
203,5,1564.755067
204,4,1566.531758
204,5,1564.755067
205,4,1566.531758
205,5,1564.755067
206,4,1566.531758
206,5,1564.755067
207,4,1566.531758
207,5,1564.755067
208,4,1566.531758
208,5,1564.755067
209,4,1566.531758
209,5,1564.755067
210,4,1566.531758
210,5,1564.755067
211,4,1566.531758
211,5,1564.755067
212,4,1566.531758
212,5,1564.755067
213,4,1566.531758
213,5,1564.755067
214,4,1566.531758
214,5,1564.755067
215,4,1566.531758
215,5,1564.755067
216,4,1566.531758
216,5,1564.755067
217,4,1566.531758
217,5,1564.755067
218,4,1566.531758
218,5,1564.755067
219,4,1566.531758
219,5,1564.755067
220,4,1566.531758
220,5,1564.755067
221,4,1566.531758
221,5,1564.755067
222,4,1566.531758
222,5,1564.755067
223,4,1566.531758
223,5,1564.755067
224,4,1566.531758
224,5,1564.755067
225,4,1566.531758
225,5,1564.755067
226,4,1566.531758
226,5,1564.755067
227,4,1566.531758
227,5,1564.755067
228,4,1566.531758
228,5,1564.755067
229,4,1566.531758
229,5,1564.755067
230,4,1566.531758
230,5,1564.755067
231,4,1566.531758
231,5,1564.755067
232,4,1566.531758
232,5,1564.755067
233,4,1566.531758
233,5,1564.755067
234,4,1566.531758
234,5,1564.755067
235,4,1566.531758
235,5,1564.755067
236,4,1566.531758
236,5,1564.755067
237,4,1566.531758
237,5,1564.755067
238,4,1566.531758
238,5,1564.755067
239,4,1566.531758
239,5,1564.755067
240,4,1566.531758
240,5,1564.755067
241,4,1566.531758
241,5,1564.755067
242,4,1566.531758
242,5,1564.755067
243,4,1566.444189
243,5,1564.755067
244,4,1566.444189
244,5,1564.755067
245,4,1566.444189
245,5,1564.755067
246,4,1566.444189
246,5,1564.755067
247,4,1566.444189
247,5,1564.755067
248,4,1566.444189
248,5,1564.755067
249,4,1566.444189
249,5,1564.755067
250,4,1566.444189
250,5,1564.755067
251,4,1566.444189
251,5,1564.755067
252,4,1566.444189
252,5,1564.755067
253,4,1566.444189
253,5,1564.755067
254,4,1566.444189
254,5,1564.755067
255,4,1566.444189
255,5,1564.755067
256,4,1566.444189
256,5,1564.755067
257,4,1566.444189
257,5,1564.755067
258,4,1566.444189
258,5,1564.755067
259,4,1566.444189
259,5,1564.755067
260,4,1566.444189
260,5,1564.755067
261,4,1566.444189
261,5,1564.755067
262,4,1566.444189
262,5,1564.755067
263,4,1566.444189
263,5,1564.755067
264,4,1566.444189
264,5,1564.755067
265,4,1566.444189
265,5,1564.755067
266,4,1566.444189
266,5,1564.755067
267,4,1566.444189
267,5,1564.755067
268,4,1566.444189
268,5,1564.755067
269,4,1566.444189
269,5,1564.755067
270,4,1566.444189
270,5,1564.755067
271,4,1566.444189
271,5,1564.755067
272,4,1566.444189
272,5,1564.755067
273,4,1566.444189
273,5,1564.755067
274,4,1566.444189
274,5,1564.755067
275,4,1566.444189
275,5,1564.755067
276,4,1566.444189
276,5,1564.755067
277,4,1566.444189
277,5,1564.755067
278,4,1566.444189
278,5,1564.755067
279,4,1566.444189
279,5,1564.755067
280,4,1566.444189
280,5,1564.755067
281,4,1566.444189
281,5,1564.755067
282,4,1566.444189
282,5,1564.755067
283,4,1566.444189
283,5,1564.755067
284,4,1566.444189
284,5,1564.755067
285,4,1566.444189
285,5,1564.755067
286,4,1566.444189
286,5,1564.755067
287,4,1566.444189
287,5,1564.755067
288,4,1566.444189
288,5,1564.755067
289,4,1566.444189
289,5,1564.755067
290,4,1566.444189
290,5,1564.755067
291,4,1566.444189
291,5,1564.755067
292,4,1566.444189
292,5,1564.755067
293,4,1566.444189
293,5,1564.755067
294,4,1563.806268
295,4,1563.806268
296,4,1563.806268
297,4,1563.806268
298,4,1563.806268
299,4,1563.806268
300,4,1563.806268
301,4,1563.806268
302,4,1563.806268
303,4,1563.806268
304,4,1563.806268
305,4,1563.806268
305,5,1562.473982
306,4,1563.806268
306,5,1562.473982
307,4,1563.806268
307,5,1562.473982
308,4,1563.806268
308,5,1562.473982
309,4,1563.806268
309,5,1562.473982
310,4,1563.806268
310,5,1562.473982
311,4,1563.806268
311,5,1562.473982
312,4,1563.806268
312,5,1562.473982
313,4,1563.806268
313,5,1562.473982
314,4,1563.806268
314,5,1562.473982
315,4,1563.806268
315,5,1562.473982
316,4,1563.806268
316,5,1562.473982
317,4,1563.806268
317,5,1562.473982
318,4,1563.806268
318,5,1562.473982
319,4,1563.806268
319,5,1562.473982
320,4,1563.806268
320,5,1562.473982
321,4,1563.806268
321,5,1562.473982
322,4,1563.806268
322,5,1562.473982
323,4,1563.806268
323,5,1562.473982
324,4,1563.806268
324,5,1562.473982
325,4,1563.806268
325,5,1562.473982
326,4,1563.806268
326,5,1562.473982
327,4,1563.806268
327,5,1562.473982
328,4,1563.806268
328,5,1562.473982
329,4,1563.806268
329,5,1562.473982
330,4,1563.806268
330,5,1562.473982
331,4,1563.806268
331,5,1562.473982
