Iteration,NV,TOC
1,8,5765.840429
1,10,3755.808393
1,11,3316.997807
1,13,2854.966159
1,16,2686.882945
1,17,2659.164580
1,19,2613.935667
2,8,5765.840429
2,10,3755.808393
2,11,3316.997807
2,13,2854.966159
2,16,2686.882945
2,17,2659.164580
2,19,2613.935667
3,8,5765.840429
3,10,3755.808393
3,11,3316.997807
3,13,2854.966159
3,14,2814.845662
3,16,2686.882945
3,17,2659.164580
3,19,2585.184736
3,21,2579.086074
4,8,5765.840429
4,10,3755.808393
4,11,3316.997807
4,13,2854.966159
4,14,2814.845662
4,16,2686.882945
4,17,2659.164580
4,19,2585.184736
4,21,2579.086074
5,8,5765.840429
5,9,4894.954766
5,10,3755.808393
5,11,3316.997807
5,13,2854.966159
5,14,2814.845662
5,15,2799.692017
5,16,2686.882945
5,17,2659.164580
5,19,2585.184736
5,21,2579.086074
6,8,5765.840429
6,9,4894.954766
6,10,3755.808393
6,11,3316.997807
6,13,2854.966159
6,14,2814.845662
6,15,2799.692017
6,16,2686.882945
6,17,2594.123133
6,19,2585.184736
6,21,2579.086074
7,8,5765.840429
7,9,4894.954766
7,10,3755.808393
7,11,3316.997807
7,13,2854.966159
7,14,2814.845662
7,15,2799.692017
7,16,2686.882945
7,17,2594.123133
7,19,2585.184736
7,21,2579.086074
8,8,5765.840429
8,9,4894.954766
8,10,3755.808393
8,11,3316.997807
8,13,2854.966159
8,14,2814.845662
8,15,2799.692017
8,16,2686.882945
8,17,2594.123133
8,19,2585.184736
8,21,2579.086074
9,8,5765.840429
9,9,4894.954766
9,10,3755.808393
9,11,3316.997807
9,13,2854.966159
9,14,2814.845662
9,15,2707.773289
9,16,2686.882945
9,17,2594.123133
9,19,2585.184736
9,21,2579.086074
10,8,5765.840429
10,9,4894.954766
10,10,3755.808393
10,11,3316.997807
10,12,3314.024382
10,13,2854.966159
10,14,2814.845662
10,15,2707.773289
10,16,2686.882945
10,17,2594.123133
10,19,2585.184736
10,21,2579.086074
11,8,5765.840429
11,9,4894.954766
11,10,3755.808393
11,11,3316.997807
11,12,3314.024382
11,13,2854.966159
11,14,2814.845662
11,15,2707.773289
11,16,2686.882945
11,17,2594.123133
11,19,2585.184736
11,21,2575.151945
12,8,5765.840429
12,9,4894.954766
12,10,3755.808393
12,11,3316.997807
12,12,3314.024382
12,13,2854.966159
12,14,2814.845662
12,15,2707.773289
12,16,2686.882945
12,17,2594.123133
12,19,2585.184736
12,21,2575.151945
13,8,5765.840429
13,9,4894.954766
13,10,3755.808393
13,11,3316.997807
13,12,3314.024382
13,13,2854.966159
13,14,2718.961192
13,15,2707.773289
13,16,2686.882945
13,17,2594.123133
13,19,2585.184736
13,21,2575.151945
14,8,5765.840429
14,9,4894.954766
14,10,3755.808393
14,11,3223.825461
14,12,2992.361528
14,13,2854.966159
14,14,2718.961192
14,15,2707.773289
14,16,2686.882945
14,17,2594.123133
14,19,2585.184736
14,20,2467.501675
15,8,5765.840429
15,9,4894.954766
15,10,3755.808393
15,11,3223.825461
15,12,2992.361528
15,13,2854.966159
15,14,2718.961192
15,15,2707.773289
15,16,2674.533968
15,17,2594.123133
15,19,2585.184736
15,20,2467.501675
16,7,6656.195326
16,8,5765.840429
16,9,4894.954766
16,10,3755.808393
16,11,3223.825461
16,12,2943.481254
16,13,2854.966159
16,14,2718.961192
16,15,2707.773289
16,16,2601.984801
16,17,2594.123133
16,19,2585.184736
16,20,2467.501675
17,7,6656.195326
17,8,5765.840429
17,9,4894.954766
17,10,3663.549596
17,11,3223.825461
17,12,2943.481254
17,13,2854.966159
17,14,2718.961192
17,15,2658.833300
17,16,2601.984801
17,17,2594.123133
17,19,2585.184736
17,20,2467.501675
18,7,6656.195326
18,8,5765.840429
18,9,4894.954766
18,10,3663.549596
18,11,3223.825461
18,12,2943.481254
18,13,2854.966159
18,14,2718.961192
18,15,2605.530071
18,16,2601.984801
18,17,2594.123133
18,19,2585.184736
18,20,2467.501675
19,7,6656.195326
19,8,5765.840429
19,9,4643.479864
19,10,3663.549596
19,11,3223.825461
19,12,2943.481254
19,13,2854.966159
19,14,2718.961192
19,15,2419.195483
20,7,6656.195326
20,8,5765.840429
20,9,4643.479864
20,10,3663.549596
20,11,3223.825461
20,12,2943.481254
20,13,2854.966159
20,14,2718.961192
20,15,2419.195483
21,7,6656.195326
21,8,5765.840429
21,9,4643.479864
21,10,3507.330490
21,11,3223.825461
21,12,2943.481254
21,13,2854.966159
21,14,2718.961192
21,15,2419.195483
22,7,6656.195326
22,8,5291.308569
22,9,4643.479864
22,10,3507.330490
22,11,3223.825461
22,12,2943.481254
22,13,2854.966159
22,14,2718.961192
22,15,2419.195483
23,7,6656.195326
23,8,5291.308569
23,9,4643.479864
23,10,3507.330490
23,11,3223.825461
23,12,2941.030513
23,13,2854.966159
23,14,2718.961192
23,15,2419.195483
24,7,5871.571132
24,8,5291.308569
24,9,4643.479864
24,10,3507.330490
24,11,3223.825461
24,12,2941.030513
24,13,2854.966159
24,14,2718.961192
24,15,2419.195483
25,7,5871.571132
25,8,5291.308569
25,9,4643.479864
25,10,3507.330490
25,11,3223.825461
25,12,2941.030513
25,13,2854.966159
25,14,2718.961192
25,15,2419.195483
26,7,5871.571132
26,8,5291.308569
26,9,4643.479864
26,10,3507.330490
26,11,3223.825461
26,12,2941.030513
26,13,2599.749652
26,15,2419.195483
27,7,5871.571132
27,8,5291.308569
27,9,4643.479864
27,10,3507.330490
27,11,3092.537293
27,12,2941.030513
27,13,2599.749652
27,15,2419.195483
28,7,5871.571132
28,8,5291.308569
28,9,4643.479864
28,10,3507.330490
28,11,3092.537293
28,12,2941.030513
28,13,2599.749652
28,15,2419.195483
29,7,5871.571132
29,8,5291.308569
29,9,4643.479864
29,10,3507.330490
29,11,3092.537293
29,12,2941.030513
29,13,2599.749652
29,15,2419.195483
30,7,5871.571132
30,8,5291.308569
30,9,4643.479864
30,10,3507.330490
30,11,3089.424857
30,12,2941.030513
30,13,2599.749652
30,14,2596.310003
30,15,2419.195483
31,7,5871.571132
31,8,5291.308569
31,9,4041.942965
31,10,3507.330490
31,11,3089.424857
31,12,2941.030513
31,13,2599.749652
31,14,2596.310003
31,15,2419.195483
31,19,2385.339179
32,7,5871.571132
32,8,5291.308569
32,9,4041.942965
32,10,3507.330490
32,11,3089.424857
32,12,2941.030513
32,13,2599.749652
32,14,2596.310003
32,15,2419.195483
32,19,2385.339179
33,7,5871.571132
33,8,5291.308569
33,9,4041.942965
33,10,3507.330490
33,11,3089.424857
33,12,2941.030513
33,13,2599.749652
33,14,2596.310003
33,15,2419.195483
33,19,2385.339179
34,7,5871.571132
34,8,5291.308569
34,9,4041.942965
34,10,3306.352700
34,11,3089.424857
34,12,2941.030513
34,13,2599.749652
34,14,2596.310003
34,15,2419.195483
34,19,2385.339179
35,7,5871.571132
35,8,5291.308569
35,9,4041.942965
35,10,3306.352700
35,11,3089.424857
35,12,2941.030513
35,13,2599.749652
35,14,2596.310003
35,15,2419.195483
35,17,2406.446094
35,19,2385.339179
36,7,5871.571132
36,8,5291.308569
36,9,4041.942965
36,10,3306.352700
36,11,3089.424857
36,12,2941.030513
36,13,2599.749652
36,14,2596.310003
36,15,2419.195483
36,17,2406.446094
36,18,2399.683551
36,19,2385.339179
37,7,5871.571132
37,8,5291.308569
37,9,4041.942965
37,10,3306.352700
37,11,3089.424857
37,12,2941.030513
37,13,2599.749652
37,14,2596.310003
37,15,2419.195483
37,17,2406.446094
37,18,2399.683551
37,19,2385.339179
38,7,5871.571132
38,8,5291.308569
38,9,4041.942965
38,10,3306.352700
38,11,3089.424857
38,12,2941.030513
38,13,2599.749652
38,14,2596.310003
38,15,2419.195483
38,17,2406.446094
38,18,2399.683551
38,19,2385.339179
39,7,5871.571132
39,8,5291.308569
39,9,4041.942965
39,10,3306.352700
39,11,3089.424857
39,12,2941.030513
39,13,2599.749652
39,14,2501.374871
39,15,2419.195483
39,17,2406.446094
39,18,2399.683551
39,19,2327.189518
40,7,5871.571132
40,8,5291.308569
40,9,4041.942965
40,10,3306.352700
40,11,3089.424857
40,12,2941.030513
40,13,2599.749652
40,14,2501.374871
40,15,2419.195483
40,17,2406.446094
40,18,2399.683551
40,19,2327.189518
41,7,5871.571132
41,8,5291.308569
41,9,4041.942965
41,10,3306.352700
41,11,3089.424857
41,12,2904.546741
41,13,2599.749652
41,14,2501.374871
41,15,2419.195483
41,17,2406.446094
41,18,2399.683551
41,19,2327.189518
42,7,5871.571132
42,8,5291.308569
42,9,4041.942965
42,10,3306.352700
42,11,3089.424857
42,12,2904.546741
42,13,2599.749652
42,14,2501.374871
42,15,2419.195483
42,17,2406.446094
42,18,2399.683551
42,19,2327.189518
43,7,5871.571132
43,8,5291.308569
43,9,4041.942965
43,10,3306.352700
43,11,3089.424857
43,12,2904.546741
43,13,2599.749652
43,14,2501.374871
43,15,2419.195483
43,17,2406.446094
43,18,2399.683551
43,19,2327.189518
44,7,5871.571132
44,8,5291.308569
44,9,4041.942965
44,10,3306.352700
44,11,3089.424857
44,12,2904.546741
44,13,2599.749652
44,14,2501.374871
44,15,2419.195483
44,16,2332.142796
44,19,2327.189518
45,7,5871.571132
45,8,5291.308569
45,9,4041.942965
45,10,3306.352700
45,11,3089.424857
45,12,2904.546741
45,13,2599.749652
45,14,2501.374871
45,15,2419.195483
45,16,2332.142796
45,19,2327.189518
46,7,5871.571132
46,8,5291.308569
46,9,4041.942965
46,10,3306.352700
46,11,3089.424857
46,12,2904.546741
46,13,2599.749652
46,14,2501.374871
46,15,2419.195483
46,16,2332.142796
46,19,2327.189518
47,7,5871.571132
47,8,5091.583366
47,9,4041.942965
47,10,3306.352700
47,11,3067.669122
47,12,2904.546741
47,13,2599.749652
47,14,2501.374871
47,15,2419.195483
47,16,2332.142796
47,19,2327.189518
48,7,5871.571132
48,8,5091.583366
48,9,4041.942965
48,10,3306.352700
48,11,3067.669122
48,12,2904.546741
48,13,2599.749652
48,14,2501.374871
48,15,2383.129510
48,16,2332.142796
48,19,2327.189518
49,7,5871.571132
49,8,5091.583366
49,9,4041.942965
49,10,3306.352700
49,11,3067.669122
49,12,2626.058250
49,13,2599.749652
49,14,2501.374871
49,15,2361.874925
49,16,2332.142796
49,19,2327.189518
50,7,5871.571132
50,8,5091.583366
50,9,4041.942965
50,10,3285.081969
50,11,3067.669122
50,12,2626.058250
50,13,2599.749652
50,14,2501.374871
50,15,2361.874925
50,16,2332.142796
50,19,2327.189518
51,7,5871.571132
51,8,5091.583366
51,9,4041.942965
51,10,3285.081969
51,11,3067.669122
51,12,2626.058250
51,13,2599.749652
51,14,2501.374871
51,15,2361.874925
51,16,2332.142796
51,19,2327.189518
52,7,5871.571132
52,8,5091.583366
52,9,4041.942965
52,10,3285.081969
52,11,2964.978125
52,12,2626.058250
52,13,2599.749652
52,14,2501.374871
52,15,2361.874925
52,16,2332.142796
52,19,2327.189518
53,7,5871.571132
53,8,5091.583366
53,9,4041.942965
53,10,3285.081969
53,11,2964.978125
53,12,2626.058250
53,13,2562.107017
53,14,2501.374871
53,15,2361.874925
53,16,2332.142796
53,19,2327.189518
54,7,5871.571132
54,8,4860.863645
54,9,4041.942965
54,10,3285.081969
54,11,2882.671536
54,12,2626.058250
54,13,2430.530137
54,14,2233.729827
55,7,5871.571132
55,8,4860.863645
55,9,4041.942965
55,10,3285.081969
55,11,2805.313378
55,12,2626.058250
55,13,2430.530137
55,14,2233.729827
56,7,5871.571132
56,8,4860.863645
56,9,4041.942965
56,10,3285.081969
56,11,2805.313378
56,12,2626.058250
56,13,2430.530137
56,14,2233.729827
56,17,2213.414598
57,7,5871.571132
57,8,4860.863645
57,9,4041.942965
57,10,3285.081969
57,11,2805.313378
57,12,2626.058250
57,13,2430.530137
57,14,2233.729827
57,17,2213.414598
58,7,5871.571132
58,8,4860.863645
58,9,4041.942965
58,10,3285.081969
58,11,2802.172694
58,12,2626.058250
58,13,2430.530137
58,14,2233.729827
58,17,2213.414598
59,7,5871.571132
59,8,4860.863645
59,9,4041.942965
59,10,3285.081969
59,11,2802.172694
59,12,2626.058250
59,13,2430.530137
59,14,2233.729827
59,16,2199.120325
60,7,5871.571132
60,8,4860.863645
60,9,4041.942965
60,10,3285.081969
60,11,2802.172694
60,12,2626.058250
60,13,2430.530137
60,14,2233.729827
60,16,2199.120325
61,7,5871.571132
61,8,4860.863645
61,9,4041.942965
61,10,3285.081969
61,11,2802.172694
61,12,2626.058250
61,13,2430.530137
61,14,2233.729827
61,16,2199.120325
62,7,5871.571132
62,8,4860.863645
62,9,4041.942965
62,10,3285.081969
62,11,2802.172694
62,12,2626.058250
62,13,2430.530137
62,14,2233.729827
62,16,2199.120325
63,7,5871.571132
63,8,4860.863645
63,9,3846.520692
63,10,3285.081969
63,11,2802.172694
63,12,2545.963347
63,13,2430.530137
63,14,2233.729827
63,16,2199.120325
64,7,5703.976218
64,8,4860.863645
64,9,3846.520692
64,10,3285.081969
64,11,2706.054403
64,12,2545.963347
64,13,2430.530137
64,14,2233.729827
64,16,2199.120325
65,7,5703.976218
65,8,4232.053371
65,9,3846.520692
65,10,3285.081969
65,11,2706.054403
65,12,2545.963347
65,13,2387.757211
65,14,2233.729827
65,16,2199.120325
66,7,5703.976218
66,8,4232.053371
66,9,3525.475978
66,10,3285.081969
66,11,2706.054403
66,12,2545.963347
66,13,2387.757211
66,14,2233.729827
66,16,2199.120325
67,7,5703.976218
67,8,4232.053371
67,9,3269.774887
67,11,2706.054403
67,12,2545.963347
67,13,2387.757211
67,14,2233.729827
67,16,2199.120325
68,7,5703.976218
68,8,4232.053371
68,9,3269.774887
68,11,2706.054403
68,12,2545.963347
68,13,2387.757211
68,14,2233.729827
68,16,2199.120325
69,7,5703.976218
69,8,4232.053371
69,9,3269.774887
69,11,2706.054403
69,12,2400.641895
69,13,2387.757211
69,14,2233.729827
69,16,2199.120325
70,7,5703.976218
70,8,4232.053371
70,9,3269.774887
70,11,2706.054403
70,12,2400.641895
70,13,2387.757211
70,14,2233.729827
70,15,2155.820523
71,7,5703.976218
71,8,4232.053371
71,9,3269.774887
71,11,2706.054403
71,12,2400.641895
71,13,2289.850823
71,14,2233.729827
71,15,2155.820523
72,7,5703.976218
72,8,4232.053371
72,9,3269.774887
72,10,3223.256481
72,11,2706.054403
72,12,2400.641895
72,13,2289.850823
72,14,2233.729827
72,15,2155.820523
73,7,5703.976218
73,8,4232.053371
73,9,3269.774887
73,10,3109.924808
73,11,2706.054403
73,12,2400.641895
73,13,2289.850823
73,14,2233.729827
73,15,2155.820523
74,7,5703.976218
74,8,4232.053371
74,9,3269.774887
74,10,3109.924808
74,11,2706.054403
74,12,2260.318428
74,14,2233.729827
74,15,2155.820523
75,7,5703.976218
75,8,4232.053371
75,9,3269.774887
75,10,3109.924808
75,11,2637.716969
75,12,2260.318428
75,14,2233.729827
75,15,2155.820523
76,7,5703.976218
76,8,4232.053371
76,9,3269.774887
76,10,3109.924808
76,11,2637.716969
76,12,2260.318428
76,14,2233.729827
76,15,2155.820523
77,7,5366.349135
77,8,4232.053371
77,9,3269.774887
77,10,3109.924808
77,11,2637.716969
77,12,2260.318428
77,14,2233.729827
77,15,2155.820523
78,7,5366.349135
78,8,4232.053371
78,9,3269.774887
78,10,3109.924808
78,11,2637.716969
78,12,2260.318428
78,14,2233.729827
78,15,2155.820523
79,7,5366.349135
79,8,4232.053371
79,9,3269.774887
79,10,3109.924808
79,11,2637.716969
79,12,2160.043520
79,15,2155.820523
80,7,5366.349135
80,8,4232.053371
80,9,3269.774887
80,10,3075.421812
80,11,2637.716969
80,12,2160.043520
80,15,2155.820523
81,7,5366.349135
81,8,4232.053371
81,9,3269.774887
81,10,3075.421812
81,11,2637.716969
81,12,2160.043520
81,15,2155.820523
82,7,5366.349135
82,8,4232.053371
82,9,3269.774887
82,10,2656.509275
82,11,2637.716969
82,12,2160.043520
82,15,2155.820523
83,6,6787.305622
83,7,5363.465170
83,8,4232.053371
83,9,3269.774887
83,10,2656.509275
83,11,2637.716969
83,12,2160.043520
83,15,2155.820523
84,6,6787.305622
84,7,5363.465170
84,8,4232.053371
84,9,3269.774887
84,10,2602.046400
84,12,2160.043520
84,15,2155.820523
85,6,6787.305622
85,7,5363.465170
85,8,4232.053371
85,9,3269.774887
85,10,2602.046400
85,12,2160.043520
85,15,2155.820523
86,6,6787.305622
86,7,5363.465170
86,8,4232.053371
86,9,3269.774887
86,10,2602.046400
86,12,2160.043520
86,15,2155.820523
87,6,6787.305622
87,7,5363.465170
87,8,4232.053371
87,9,3029.756119
87,10,2602.046400
87,12,2160.043520
87,15,2155.820523
88,6,6787.305622
88,7,5363.465170
88,8,4175.271535
88,9,3029.756119
88,10,2602.046400
88,11,2587.184698
88,12,2160.043520
88,15,2155.820523
89,6,6787.305622
89,7,5363.465170
89,8,4175.271535
89,9,3029.756119
89,10,2602.046400
89,11,2587.184698
89,12,2160.043520
89,15,2155.820523
90,6,6787.305622
90,7,5363.465170
90,8,4175.271535
90,9,3029.756119
90,10,2602.046400
90,11,2587.184698
90,12,2160.043520
90,15,2155.820523
91,6,6787.305622
91,7,5363.465170
91,8,4175.271535
91,9,3029.756119
91,10,2602.046400
91,11,2501.439052
91,12,2160.043520
91,15,2155.820523
92,6,6787.305622
92,7,5363.465170
92,8,4175.271535
92,9,3029.756119
92,10,2602.046400
92,11,2501.439052
92,12,2160.043520
92,15,2155.820523
93,6,6787.305622
93,7,5363.465170
93,8,3996.896287
93,9,3029.756119
93,10,2602.046400
93,11,2501.439052
93,12,2160.043520
93,15,2155.820523
94,6,6787.305622
94,7,5363.465170
94,8,3996.896287
94,9,3029.756119
94,10,2602.046400
94,11,2501.439052
94,12,2160.043520
94,15,2155.820523
95,6,6787.305622
95,7,5363.465170
95,8,3886.374069
95,9,3029.756119
95,10,2602.046400
95,11,2501.439052
95,12,2160.043520
95,15,2155.820523
96,6,6787.305622
96,7,5348.664678
96,8,3886.374069
96,9,3029.756119
96,10,2602.046400
96,11,2501.439052
96,12,2160.043520
96,15,2155.820523
97,6,6787.305622
97,7,5348.664678
97,8,3886.374069
97,9,3029.756119
97,10,2602.046400
97,11,2501.439052
97,12,2160.043520
97,15,2155.820523
98,6,6787.305622
98,7,5348.664678
98,8,3886.374069
98,9,3029.756119
98,10,2602.046400
98,11,2501.439052
98,12,2160.043520
98,15,2155.820523
99,6,6787.305622
99,7,5348.664678
99,8,3886.374069
99,9,3029.756119
99,10,2602.046400
99,11,2501.439052
99,12,2160.043520
99,15,2155.820523
100,6,6787.305622
100,7,5348.664678
100,8,3886.374069
100,9,3029.756119
100,10,2602.046400
100,11,2501.439052
100,12,2160.043520
100,13,2145.668711
101,6,6787.305622
101,7,5348.664678
101,8,3886.374069
101,9,3029.756119
101,10,2602.046400
101,11,2501.439052
101,12,2160.043520
101,13,2145.668711
102,6,6787.305622
102,7,5348.664678
102,8,3886.374069
102,9,3029.756119
102,10,2602.046400
102,11,2501.439052
102,12,2160.043520
102,13,2145.668711
103,6,6787.305622
103,7,5134.323204
103,8,3886.374069
103,9,3029.756119
103,10,2602.046400
103,11,2501.439052
103,12,2160.043520
103,13,2145.668711
104,6,6338.331263
104,7,5134.323204
104,8,3886.374069
104,9,3029.756119
104,10,2602.046400
104,11,2501.439052
104,12,2132.074066
105,6,6338.331263
105,7,4865.780031
105,8,3886.374069
105,9,3029.756119
105,10,2602.046400
105,11,2501.439052
105,12,2132.074066
106,6,6338.331263
106,7,4865.780031
106,8,3886.374069
106,9,3027.921590
106,10,2602.046400
106,11,2501.439052
106,12,2132.074066
107,6,6338.331263
107,7,4845.239874
107,8,3886.374069
107,9,3027.921590
107,10,2602.046400
107,11,2501.439052
107,12,2132.074066
108,6,6338.331263
108,7,4845.239874
108,8,3886.374069
108,9,3027.921590
108,10,2602.046400
108,11,2501.439052
108,12,2132.074066
109,6,6338.331263
109,7,4845.239874
109,8,3886.374069
109,9,3027.921590
109,10,2602.046400
109,11,2501.439052
109,12,2132.074066
110,6,6338.331263
110,7,4845.239874
110,8,3886.374069
110,9,3027.921590
110,10,2602.046400
110,11,2501.439052
110,12,2132.074066
111,6,6338.331263
111,7,4845.239874
111,8,3886.374069
111,9,3027.921590
111,10,2602.046400
111,11,2387.206974
111,12,2132.074066
112,6,6338.331263
112,7,4845.239874
112,8,3886.374069
112,9,3027.921590
112,10,2602.046400
112,11,2387.206974
112,12,2132.074066
113,6,6338.331263
113,7,4845.239874
113,8,3886.374069
113,9,3027.921590
113,10,2602.046400
113,11,2387.206974
113,12,2132.074066
114,6,6338.331263
114,7,4716.274956
114,8,3774.831560
114,9,3027.921590
114,10,2602.046400
114,11,2387.206974
114,12,2132.074066
115,6,6338.331263
115,7,4716.274956
115,8,3774.831560
115,9,3027.921590
115,10,2602.046400
115,11,2387.206974
115,12,2132.074066
116,6,6338.331263
116,7,4716.274956
116,8,3748.342386
116,9,3027.921590
116,10,2602.046400
116,11,2387.206974
116,12,2132.074066
117,6,6338.331263
117,7,4716.274956
117,8,3748.342386
117,9,3027.921590
117,10,2602.046400
117,11,2387.206974
117,12,2132.074066
118,6,6338.331263
118,7,4716.274956
118,8,3748.342386
118,9,3027.921590
118,10,2602.046400
118,11,2387.206974
118,12,2132.074066
119,6,6338.331263
119,7,4548.622878
119,8,3748.342386
119,9,3027.921590
119,10,2602.046400
119,11,2387.206974
119,12,2132.074066
120,6,6338.331263
120,7,4548.622878
120,8,3748.342386
120,9,3027.921590
120,10,2602.046400
120,11,2387.206974
120,12,2132.074066
121,6,6338.331263
121,7,4548.622878
121,8,3748.342386
121,9,3027.921590
121,10,2602.046400
121,11,2387.206974
121,12,2132.074066
122,6,6338.331263
122,7,4548.622878
122,8,3748.342386
122,9,3027.921590
122,10,2602.046400
122,11,2387.206974
122,12,2132.074066
123,6,6338.331263
123,7,4548.622878
123,8,3748.342386
123,9,3027.921590
123,10,2602.046400
123,11,2387.206974
123,12,2132.074066
124,6,6338.331263
124,7,4548.622878
124,8,3748.342386
124,9,3027.921590
124,10,2602.046400
124,11,2387.206974
124,12,2095.144952
125,6,6338.331263
125,7,4548.622878
125,8,3748.342386
125,9,3027.921590
125,10,2602.046400
125,11,2387.206974
125,12,2095.144952
126,6,6338.331263
126,7,4548.622878
126,8,3748.342386
126,9,3027.921590
126,10,2602.046400
126,11,2387.206974
126,12,2095.144952
127,6,6338.331263
127,7,4548.622878
127,8,3748.342386
127,9,3027.921590
127,10,2602.046400
127,11,2387.206974
127,12,2095.144952
128,6,6338.331263
128,7,4548.622878
128,8,3748.342386
128,9,3027.921590
128,10,2602.046400
128,11,2387.206974
128,12,2095.144952
129,6,6338.331263
129,7,4051.910594
129,8,3748.342386
129,9,3027.921590
129,10,2602.046400
129,11,2387.206974
129,12,2095.144952
130,6,6338.331263
130,7,4051.910594
130,8,3748.342386
130,9,3027.921590
130,10,2602.046400
130,11,2387.206974
130,12,2095.144952
131,6,6338.331263
131,7,4051.910594
131,8,3748.342386
131,9,3027.921590
131,10,2602.046400
131,11,2387.206974
131,12,2095.144952
132,6,6338.331263
132,7,4051.910594
132,8,3748.342386
132,9,3027.921590
132,10,2602.046400
132,11,2387.206974
132,12,2095.144952
133,6,6338.331263
133,7,4051.910594
133,8,3748.342386
133,9,3027.921590
133,10,2602.046400
133,11,2387.206974
133,12,2095.144952
134,6,6338.331263
134,7,4051.910594
134,8,3748.342386
134,9,3027.921590
134,10,2602.046400
134,11,2387.206974
134,12,2095.144952
135,6,6338.331263
135,7,4051.910594
135,8,3748.342386
135,9,3001.033623
135,10,2602.046400
135,11,2387.206974
135,12,2095.144952
136,6,6338.331263
136,7,4051.910594
136,8,3748.342386
136,9,3001.033623
136,10,2602.046400
136,11,2387.206974
136,12,2095.144952
136,15,2063.246120
137,6,6338.331263
137,7,4051.910594
137,8,3748.342386
137,9,3001.033623
137,10,2602.046400
137,11,2266.898794
137,12,2095.144952
137,15,2063.246120
138,6,5845.102292
138,7,4051.910594
138,8,3748.342386
138,9,3001.033623
138,10,2602.046400
138,11,2266.898794
138,12,2095.144952
138,15,2063.246120
139,6,5845.102292
139,7,4051.910594
139,8,3471.034549
139,9,3001.033623
139,10,2602.046400
139,11,2266.898794
139,12,2095.144952
139,15,2063.246120
140,6,5845.102292
140,7,4051.910594
140,8,3471.034549
140,9,3001.033623
140,10,2602.046400
140,11,2266.898794
140,12,2095.144952
140,15,2063.246120
141,6,5845.102292
141,7,4051.910594
141,8,3471.034549
141,9,3001.033623
141,10,2602.046400
141,11,2266.898794
141,12,2095.144952
141,15,2063.246120
142,6,5845.102292
142,7,4051.910594
142,8,3471.034549
142,9,3001.033623
142,10,2602.046400
142,11,2266.898794
142,12,2095.144952
142,15,2063.246120
143,6,5845.102292
143,7,4051.910594
143,8,3471.034549
143,9,3001.033623
143,10,2575.581500
143,11,2266.898794
143,12,2095.144952
143,15,2063.246120
144,6,5845.102292
144,7,4051.910594
144,8,3471.034549
144,9,2540.457320
144,11,2266.898794
144,12,2095.144952
144,15,2063.246120
145,6,5845.102292
145,7,4051.910594
145,8,3471.034549
145,9,2540.457320
145,11,2266.898794
145,12,2095.144952
145,15,2063.246120
146,6,5845.102292
146,7,4051.910594
146,8,3471.034549
146,9,2540.457320
146,11,2266.898794
146,12,2095.144952
146,15,2063.246120
147,6,5845.102292
147,7,4051.910594
147,8,3471.034549
147,9,2540.457320
147,11,2266.898794
147,12,2095.144952
147,15,2063.246120
148,6,5845.102292
148,7,4051.910594
148,8,3471.034549
148,9,2540.457320
148,11,2266.898794
148,12,2095.144952
148,15,2063.246120
149,6,5845.102292
149,7,4051.910594
149,8,3460.065786
149,9,2540.457320
149,11,2228.110935
149,12,2085.636538
149,15,2063.246120
150,6,5845.102292
150,7,4051.910594
150,8,3460.065786
150,9,2540.457320
150,11,2228.110935
150,12,2085.636538
150,15,2063.246120
151,6,5845.102292
151,7,4051.910594
151,8,3372.757455
151,9,2540.457320
151,11,2228.110935
151,12,2085.636538
151,15,2063.246120
152,6,5845.102292
152,7,4051.910594
152,8,3372.757455
152,9,2446.385909
152,11,2228.110935
152,12,2085.636538
152,15,2063.246120
153,6,5845.102292
153,7,4051.910594
153,8,3372.757455
153,9,2446.385909
153,11,2228.110935
153,12,2085.636538
153,15,2063.246120
154,6,5845.102292
154,7,4051.910594
154,8,3179.501265
154,9,2446.385909
154,11,2228.110935
154,12,2083.947513
154,15,2063.246120
155,6,5845.102292
155,7,4051.910594
155,8,3179.501265
155,9,2446.385909
155,11,2228.110935
155,12,2083.947513
155,15,2063.246120
156,6,5845.102292
156,7,4051.910594
156,8,3179.501265
156,9,2446.385909
156,11,2228.110935
156,12,2083.947513
156,15,2063.246120
157,6,5845.102292
157,7,4051.910594
157,8,3179.501265
157,9,2446.385909
157,11,2228.110935
157,12,2083.947513
157,15,2063.246120
158,6,5845.102292
158,7,4051.910594
158,8,3179.501265
158,9,2446.385909
158,11,2228.110935
158,12,2083.947513
158,15,2063.246120
159,6,5845.102292
159,7,4051.910594
159,8,3179.501265
159,9,2446.385909
159,11,2228.110935
159,12,2083.947513
159,15,2063.246120
160,6,5845.102292
160,7,4051.910594
160,8,3179.501265
160,9,2446.385909
160,11,2228.110935
160,12,2083.947513
160,15,2063.246120
161,6,5845.102292
161,7,4051.910594
161,8,3179.501265
161,9,2446.385909
161,11,2228.110935
161,12,2083.947513
161,15,2063.246120
162,6,5845.102292
162,7,4051.910594
162,8,3114.045556
162,9,2446.385909
162,11,2228.110935
162,12,2083.947513
162,15,2063.246120
163,6,5845.102292
163,7,4051.910594
163,8,3114.045556
163,9,2446.385909
163,11,2228.110935
163,12,2083.947513
163,15,2063.246120
164,6,5845.102292
164,7,4051.910594
164,8,3114.045556
164,9,2446.385909
164,11,2228.110935
164,12,2083.947513
164,15,2063.246120
165,6,5763.419612
165,7,4051.910594
165,8,3114.045556
165,9,2446.385909
165,11,2228.110935
165,12,2083.947513
165,15,2063.246120
166,6,5763.419612
166,7,4051.910594
166,8,3114.045556
166,9,2446.385909
166,11,2228.110935
166,12,2083.947513
166,15,2063.246120
167,6,5763.419612
167,7,4051.910594
167,8,3114.045556
167,9,2446.385909
167,10,2392.239206
167,11,2228.110935
167,12,2083.947513
167,15,2063.246120
168,6,5763.419612
168,7,4051.910594
168,8,3114.045556
168,9,2446.385909
168,10,2371.267786
168,11,2228.110935
168,12,2083.947513
168,15,2063.246120
169,6,5763.419612
169,7,4051.910594
169,8,3114.045556
169,9,2446.385909
169,10,2304.449223
169,11,2206.457412
169,12,2083.947513
169,15,2063.246120
170,6,5763.419612
170,7,4051.910594
170,8,3114.045556
170,9,2446.385909
170,10,2304.449223
170,11,2206.457412
170,12,2083.947513
170,15,2063.246120
171,6,5763.419612
171,7,4051.910594
171,8,3114.045556
171,9,2446.385909
171,10,2304.449223
171,11,2206.457412
171,12,2083.947513
171,15,2063.246120
172,6,5763.419612
172,7,4051.910594
172,8,3114.045556
172,9,2446.385909
172,10,2304.449223
172,11,2206.457412
172,12,2083.947513
172,15,2063.246120
173,6,5763.419612
173,7,4051.910594
173,8,3114.045556
173,9,2446.385909
173,10,2304.449223
173,11,2206.457412
173,12,2083.947513
173,15,2063.246120
174,6,5763.419612
174,7,4051.910594
174,8,3114.045556
174,9,2260.955517
174,11,2206.457412
174,12,2083.947513
174,15,2063.246120
175,6,5763.419612
175,7,4051.910594
175,8,3114.045556
175,9,2260.955517
175,11,2206.457412
175,12,2083.947513
175,15,2063.246120
176,6,5763.419612
176,7,4051.910594
176,8,3114.045556
176,9,2260.955517
176,11,2200.760160
176,12,2083.947513
176,15,2063.246120
177,6,5763.419612
177,7,4051.910594
177,8,3114.045556
177,9,2260.955517
177,11,2200.760160
177,12,2083.947513
177,15,2063.246120
178,6,5763.419612
178,7,4051.910594
178,8,3114.045556
178,9,2260.955517
178,11,2200.760160
178,12,2083.947513
178,15,2063.246120
179,6,5763.419612
179,7,4051.910594
179,8,3114.045556
179,9,2180.977740
179,12,2083.947513
179,15,2063.246120
180,6,5763.419612
180,7,4051.910594
180,8,2938.446176
180,9,2180.977740
180,12,2083.947513
180,15,2063.246120
181,6,5763.419612
181,7,4041.141237
181,8,2938.446176
181,9,2180.977740
181,12,2083.947513
181,15,2063.246120
182,6,5763.419612
182,7,4041.141237
182,8,2938.446176
182,9,2180.977740
182,12,2083.947513
182,15,2063.246120
183,6,5763.419612
183,7,4041.141237
183,8,2938.446176
183,9,2180.977740
183,12,2083.947513
183,15,2063.246120
184,6,5763.419612
184,7,4041.141237
184,8,2938.446176
184,9,2180.977740
184,12,2083.947513
184,15,2063.246120
185,6,5413.147958
185,7,4041.141237
185,8,2938.446176
185,9,2180.977740
185,11,2051.005350
186,6,5413.147958
186,7,4041.141237
186,8,2938.446176
186,9,2180.977740
186,11,2051.005350
187,6,5413.147958
187,7,4041.141237
187,8,2938.446176
187,9,2180.977740
187,11,2051.005350
188,6,5413.147958
188,7,4041.141237
188,8,2938.446176
188,9,2180.977740
188,11,2051.005350
189,6,5413.147958
189,7,4041.141237
189,8,2938.446176
189,9,2180.977740
189,11,2051.005350
190,6,5413.147958
190,7,4041.141237
190,8,2448.586127
190,9,2180.977740
190,11,2051.005350
191,6,5413.147958
191,7,4041.141237
191,8,2448.586127
191,9,2180.977740
191,10,2155.974243
191,11,2051.005350
192,6,5413.147958
192,7,4041.141237
192,8,2448.586127
192,9,2180.977740
192,10,2155.974243
192,11,2051.005350
193,6,5413.147958
193,7,4041.141237
193,8,2448.586127
193,9,2147.785167
193,11,2051.005350
194,6,5413.147958
194,7,4041.141237
194,8,2448.586127
194,9,2147.785167
194,11,2051.005350
195,6,5413.147958
195,7,4041.141237
195,8,2448.586127
195,9,2147.785167
195,11,2051.005350
196,6,5413.147958
196,7,4041.141237
196,8,2442.095925
196,9,2147.785167
196,11,2051.005350
197,6,5413.147958
197,7,4041.141237
197,8,2442.095925
197,9,2147.785167
197,11,2051.005350
198,6,5413.147958
198,7,4041.141237
198,8,2442.095925
198,9,2147.785167
198,11,2051.005350
199,6,5413.147958
199,7,3651.829789
199,8,2442.095925
199,9,2147.785167
199,11,2051.005350
200,6,5413.147958
200,7,3651.829789
200,8,2442.095925
200,9,2147.785167
200,10,2118.283135
200,11,2051.005350
201,6,4891.219388
201,7,3651.829789
201,8,2442.095925
201,9,2147.785167
201,10,2118.283135
201,11,2051.005350
202,6,4891.219388
202,7,3651.829789
202,8,2442.095925
202,9,2147.785167
202,10,2118.283135
202,11,2051.005350
203,6,4891.219388
203,7,3651.829789
203,8,2442.095925
203,9,2147.785167
203,10,2104.550960
203,11,2051.005350
204,6,4891.219388
204,7,3651.829789
204,8,2442.095925
204,9,2147.785167
204,10,2104.550960
204,11,2051.005350
205,6,4891.219388
205,7,3651.829789
205,8,2442.095925
205,9,2147.785167
205,10,2104.550960
205,11,2051.005350
206,6,4891.219388
206,7,3651.829789
206,8,2442.095925
206,9,2147.785167
206,10,2104.550960
206,11,2051.005350
207,6,4891.219388
207,7,3651.829789
207,8,2442.095925
207,9,2127.226909
207,10,2104.550960
207,11,2051.005350
208,6,4891.219388
208,7,3651.829789
208,8,2442.095925
208,9,2127.226909
208,10,2104.550960
208,11,2051.005350
209,6,4891.219388
209,7,3651.829789
209,8,2442.095925
209,9,2127.226909
209,10,2104.550960
209,11,2051.005350
209,14,2037.779708
210,6,4891.219388
210,7,3651.829789
210,8,2399.797815
210,9,2127.226909
210,10,2104.550960
210,11,2051.005350
210,14,2037.779708
211,6,4891.219388
211,7,3651.829789
211,8,2399.797815
211,9,2127.226909
211,10,2104.550960
211,11,2051.005350
211,14,2037.779708
212,6,4891.219388
212,7,3651.829789
212,8,2399.797815
212,9,2102.209895
212,10,2081.341556
212,11,2051.005350
212,14,2037.779708
213,6,4891.219388
213,7,3579.507770
213,8,2399.797815
213,9,2102.209895
213,10,2081.341556
213,11,2051.005350
213,14,2037.779708
214,6,4891.219388
214,7,3579.507770
214,8,2399.797815
214,9,2102.209895
214,10,2081.341556
214,11,2051.005350
214,14,2037.779708
215,6,4891.219388
215,7,3431.163778
215,8,2399.797815
215,9,2102.209895
215,10,2081.341556
215,11,2034.234829
215,12,2022.043497
216,6,4891.219388
216,7,3431.163778
216,8,2399.797815
216,9,2102.209895
216,10,2081.341556
216,11,2034.234829
216,12,2022.043497
217,6,4891.219388
217,7,3431.163778
217,8,2399.797815
217,9,2102.209895
217,10,2081.341556
217,11,2034.234829
217,12,2022.043497
218,6,4891.219388
218,7,3431.163778
218,8,2399.797815
218,9,2102.209895
218,10,2052.788629
218,11,2034.234829
218,12,2022.043497
219,6,4891.219388
219,7,3431.163778
219,8,2399.797815
219,9,2102.209895
219,10,2052.788629
219,11,2034.234829
219,12,2022.043497
220,6,4891.219388
220,7,3431.163778
220,8,2399.797815
220,9,2056.344071
220,10,2052.788629
220,11,2034.234829
220,12,2022.043497
221,6,4891.219388
221,7,3431.163778
221,8,2399.797815
221,9,2056.344071
221,10,2052.788629
221,11,2034.234829
221,12,2022.043497
222,6,4891.219388
222,7,3431.163778
222,8,2399.797815
222,9,2056.344071
222,10,2052.788629
222,11,2034.234829
222,12,2022.043497
223,6,4891.219388
223,7,3431.163778
223,8,2399.797815
223,9,2056.344071
223,10,2052.788629
223,11,2034.234829
223,12,2022.043497
224,6,4891.219388
224,7,3431.163778
224,8,2399.797815
224,9,2056.344071
224,10,2052.788629
224,11,2034.234829
224,12,2022.043497
225,6,4891.219388
225,7,3431.163778
225,8,2399.797815
225,9,2056.344071
225,10,2020.636269
226,6,4891.219388
226,7,3431.163778
226,8,2381.797576
226,9,2056.344071
226,10,2020.636269
227,6,4891.219388
227,7,3431.163778
227,8,2381.797576
227,9,2056.344071
227,10,2020.636269
228,6,4891.219388
228,7,3431.163778
228,8,2381.797576
228,9,2056.344071
228,10,2020.636269
229,6,4891.219388
229,7,3431.163778
229,8,2381.797576
229,9,2056.344071
229,10,2020.636269
230,6,4891.219388
230,7,3431.163778
230,8,2381.797576
230,9,2056.344071
230,10,2020.636269
231,6,4891.219388
231,7,3431.163778
231,8,2381.797576
231,9,2056.344071
231,10,2020.636269
232,6,4891.219388
232,7,3431.163778
232,8,2381.797576
232,9,2056.344071
232,10,2020.636269
233,6,4891.219388
233,7,3431.163778
233,8,2381.797576
233,9,2056.344071
233,10,2020.636269
234,6,4891.219388
234,7,3431.163778
234,8,2381.797576
234,9,2056.344071
234,10,2020.636269
235,6,4891.219388
235,7,3431.163778
235,8,2381.797576
235,9,2056.344071
235,10,2020.636269
236,6,4891.219388
236,7,3166.595720
236,8,2381.797576
236,9,2056.344071
236,10,2020.636269
237,6,4891.219388
237,7,3166.595720
237,8,2381.797576
237,9,2056.344071
237,10,2020.636269
238,6,4891.219388
238,7,3166.595720
238,8,2381.797576
238,9,2056.344071
238,10,2020.636269
239,6,4891.219388
239,7,3166.595720
239,8,2381.797576
239,9,2056.344071
239,10,2020.636269
240,6,4891.219388
240,7,3071.769294
240,8,2381.797576
240,9,2056.344071
240,10,2020.636269
241,6,4891.219388
241,7,3071.769294
241,8,2381.797576
241,9,2056.344071
241,10,2020.636269
242,6,4891.219388
242,7,3071.769294
242,8,2381.797576
242,9,2056.344071
242,10,2020.636269
243,6,4891.219388
243,7,3071.769294
243,8,2381.797576
243,9,2056.344071
243,10,2020.636269
244,6,4891.219388
244,7,3071.769294
244,8,2381.797576
244,9,2056.344071
244,10,2020.636269
245,6,4891.219388
245,7,3071.769294
245,8,2381.797576
245,9,2056.344071
245,10,2020.636269
246,6,4891.219388
246,7,3071.769294
246,8,2381.797576
246,9,2056.344071
246,10,2020.636269
247,6,4891.219388
247,7,3071.769294
247,8,2381.797576
247,9,2056.344071
247,10,2020.636269
248,6,4891.219388
248,7,3071.769294
248,8,2381.797576
248,9,2056.344071
248,10,2020.636269
249,6,4891.219388
249,7,3071.769294
249,8,2381.797576
249,9,2056.344071
249,10,2020.636269
250,6,4891.219388
250,7,3071.769294
250,8,2381.797576
250,9,2056.344071
250,10,2020.636269
251,6,4891.219388
251,7,3071.769294
251,8,2381.797576
251,9,2056.344071
251,10,2020.636269
252,6,4891.219388
252,7,3071.769294
252,8,2381.797576
252,9,2056.344071
252,10,2020.636269
253,6,4891.219388
253,7,3071.769294
253,8,2381.797576
253,9,2056.344071
253,10,2020.636269
254,6,4891.219388
254,7,3071.769294
254,8,2381.797576
254,9,2056.344071
254,10,2020.636269
255,6,4891.219388
255,7,3071.769294
255,8,2381.797576
255,9,2056.344071
255,10,2020.636269
256,6,4891.219388
256,7,3071.769294
256,8,2381.797576
256,9,2056.344071
256,10,2020.636269
257,6,4891.219388
257,7,3071.769294
257,8,2381.797576
257,9,2056.344071
257,10,2020.636269
258,6,4891.219388
258,7,3071.769294
258,8,2381.797576
258,9,2056.344071
258,10,2020.636269
258,13,1993.061602
259,6,4891.219388
259,7,3071.769294
259,8,2381.797576
259,9,2056.344071
259,10,2020.636269
259,13,1993.061602
260,6,4891.219388
260,7,3071.769294
260,8,2381.797576
260,9,2056.344071
260,10,2020.636269
260,12,1992.972752
261,6,4891.219388
261,7,3071.769294
261,8,2381.797576
261,9,2056.344071
261,10,2020.636269
261,12,1992.972752
262,6,4891.219388
262,7,3071.769294
262,8,2381.797576
262,9,2056.344071
262,10,2020.636269
262,12,1992.972752
263,6,4891.219388
263,7,3071.769294
263,8,2381.797576
263,9,2056.344071
263,10,2020.636269
263,12,1992.972752
264,6,4891.219388
264,7,3071.769294
264,8,2381.797576
264,9,2056.344071
264,10,2020.636269
264,12,1992.972752
265,6,4891.219388
265,7,3071.769294
265,8,2381.797576
265,9,2056.344071
265,10,2020.636269
265,12,1992.972752
266,6,4891.219388
266,7,2981.888489
266,8,2381.797576
266,9,2056.344071
266,10,2020.636269
266,12,1992.972752
267,6,4891.219388
267,7,2981.888489
267,8,2381.797576
267,9,2056.344071
267,10,2020.636269
267,12,1992.972752
268,6,4891.219388
268,7,2981.888489
268,8,2381.797576
268,9,2056.344071
268,10,2020.636269
268,12,1992.972752
269,6,4891.219388
269,7,2981.888489
269,8,2381.797576
269,9,2056.344071
269,10,2020.636269
269,12,1992.972752
270,6,4891.219388
270,7,2981.888489
270,8,2381.797576
270,9,2056.344071
270,10,2020.636269
270,12,1992.972752
271,6,4891.219388
271,7,2981.888489
271,8,2381.797576
271,9,2056.344071
271,10,2020.636269
271,12,1992.972752
272,6,4891.219388
272,7,2981.888489
272,8,2381.797576
272,9,2056.344071
272,10,2020.636269
272,12,1992.972752
273,6,4891.219388
273,7,2981.888489
273,8,2371.014677
273,9,2056.344071
273,10,2020.636269
273,12,1992.972752
274,6,4891.219388
274,7,2981.888489
274,8,2371.014677
274,9,2056.344071
274,10,2020.636269
274,12,1992.972752
275,6,4891.219388
275,7,2981.888489
275,8,2371.014677
275,9,2056.344071
275,10,2020.636269
275,12,1992.972752
276,6,4891.219388
276,7,2981.888489
276,8,2371.014677
276,9,2056.344071
276,10,2020.636269
276,12,1992.972752
277,6,4891.219388
277,7,2981.888489
277,8,2371.014677
277,9,2056.344071
277,10,2020.636269
277,12,1992.972752
278,6,4891.219388
278,7,2981.888489
278,8,2371.014677
278,9,2056.344071
278,10,2020.636269
278,12,1992.972752
279,6,4481.045223
279,7,2981.888489
279,8,2371.014677
279,9,2056.344071
279,10,2020.636269
279,12,1992.972752
280,6,4481.045223
280,7,2981.888489
280,8,2371.014677
280,9,2056.344071
280,10,2020.636269
280,12,1992.972752
281,6,4481.045223
281,7,2981.888489
281,8,2371.014677
281,9,2056.344071
281,10,2020.636269
281,12,1992.972752
282,6,4481.045223
282,7,2981.888489
282,8,2371.014677
282,9,2056.344071
282,10,2020.636269
282,12,1992.972752
283,6,4481.045223
283,7,2981.888489
283,8,2371.014677
283,9,2056.344071
283,10,2020.636269
283,12,1992.972752
284,6,4481.045223
284,7,2981.888489
284,8,2371.014677
284,9,2056.344071
284,10,2020.636269
284,12,1992.972752
285,6,4481.045223
285,7,2981.888489
285,8,2371.014677
285,9,2056.344071
285,10,2020.636269
285,12,1992.972752
286,6,4481.045223
286,7,2981.888489
286,8,2371.014677
286,9,2056.344071
286,10,2020.636269
286,12,1992.972752
287,6,4481.045223
287,7,2981.888489
287,8,2371.014677
287,9,2056.344071
287,10,2020.636269
287,12,1992.972752
288,6,4481.045223
288,7,2981.888489
288,8,2371.014677
288,9,2056.344071
288,10,2020.636269
288,12,1992.972752
289,6,4481.045223
289,7,2981.888489
289,8,2371.014677
289,9,2056.344071
289,10,2020.636269
289,12,1992.972752
290,6,4481.045223
290,7,2981.888489
290,8,2371.014677
290,9,2056.344071
290,10,2020.636269
290,12,1992.972752
291,6,4481.045223
291,7,2981.888489
291,8,2371.014677
291,9,2056.344071
291,10,2020.636269
291,12,1992.972752
292,6,4481.045223
292,7,2981.888489
292,8,2371.014677
292,9,2056.344071
292,10,2020.636269
292,12,1992.972752
293,6,4481.045223
293,7,2981.888489
293,8,2371.014677
293,9,2056.344071
293,10,2020.636269
293,12,1992.972752
294,6,4481.045223
294,7,2981.888489
294,8,2371.014677
294,9,2056.344071
294,10,2020.636269
294,12,1992.972752
295,6,4481.045223
295,7,2981.888489
295,8,2329.868097
295,9,2056.344071
295,10,2020.636269
295,12,1992.972752
296,6,4481.045223
296,7,2981.888489
296,8,2329.868097
296,9,2056.344071
296,10,2020.636269
296,12,1992.972752
297,6,4481.045223
297,7,2981.888489
297,8,2329.868097
297,9,2056.344071
297,10,2020.636269
297,11,2017.339780
297,12,1992.972752
298,6,4481.045223
298,7,2981.888489
298,8,2329.868097
298,9,2056.344071
298,10,2020.636269
298,11,2017.339780
298,12,1992.972752
299,6,4481.045223
299,7,2981.888489
299,8,2329.868097
299,9,2056.344071
299,10,2020.636269
299,11,2017.339780
299,12,1992.972752
300,6,4481.045223
300,7,2981.888489
300,8,2329.868097
300,9,2056.344071
300,10,2020.636269
300,11,2017.339780
300,12,1992.972752
301,6,4481.045223
301,7,2981.888489
301,8,2329.868097
301,9,2056.344071
301,10,2020.636269
301,11,2017.339780
301,12,1992.972752
302,6,4381.195075
302,7,2981.888489
302,8,2329.868097
302,9,2056.344071
302,10,2020.636269
302,11,2017.339780
302,12,1992.972752
303,6,4381.195075
303,7,2981.888489
303,8,2329.868097
303,9,2056.344071
303,10,2020.636269
303,11,2017.339780
303,12,1992.972752
304,6,4381.195075
304,7,2981.888489
304,8,2329.868097
304,9,2056.344071
304,10,2020.636269
304,11,2017.339780
304,12,1992.972752
305,6,4381.195075
305,7,2981.888489
305,8,2329.868097
305,9,2056.344071
305,10,2020.636269
305,11,2017.339780
305,12,1992.972752
306,6,4381.195075
306,7,2981.888489
306,8,2329.868097
306,9,2056.344071
306,10,2020.636269
306,11,2017.339780
306,12,1992.972752
307,6,4381.195075
307,7,2981.888489
307,8,2329.868097
307,9,2056.344071
307,10,2020.636269
307,11,2017.339780
307,12,1992.972752
308,6,4381.195075
308,7,2981.888489
308,8,2329.868097
308,9,2056.344071
308,10,2020.636269
308,11,2017.339780
308,12,1992.972752
309,6,4381.195075
309,7,2981.888489
309,8,2329.868097
309,9,2056.344071
309,10,2020.636269
309,11,2017.339780
309,12,1992.972752
310,6,4381.195075
310,7,2981.888489
310,8,2256.148370
310,9,2056.344071
310,10,2002.384715
310,12,1992.972752
311,6,4381.195075
311,7,2981.888489
311,8,2256.148370
311,9,2056.344071
311,10,2002.384715
311,12,1992.972752
312,6,4381.195075
312,7,2981.888489
312,8,2256.148370
312,9,2056.344071
312,10,2002.384715
312,12,1992.972752
313,6,4381.195075
313,7,2981.888489
313,8,2256.148370
313,9,2056.344071
313,10,2002.384715
313,12,1992.972752
314,6,4381.195075
314,7,2981.888489
314,8,2256.148370
314,9,2056.344071
314,10,2002.384715
314,12,1992.972752
315,6,4381.195075
315,7,2981.888489
315,8,2256.148370
315,9,2056.344071
315,10,2002.384715
315,11,1997.356024
315,12,1992.972752
316,6,4381.195075
316,7,2981.888489
316,8,2256.148370
316,9,2056.344071
316,10,2002.384715
316,11,1997.356024
316,12,1992.972752
317,6,4381.195075
317,7,2981.888489
317,8,2256.148370
317,9,2056.344071
317,10,2002.384715
317,11,1997.356024
317,12,1992.972752
318,6,4381.195075
318,7,2981.888489
318,8,2256.148370
318,9,2055.452503
318,10,2002.384715
318,11,1997.356024
318,12,1992.972752
319,6,4381.195075
319,7,2981.888489
319,8,2256.148370
319,9,2055.452503
319,10,2002.384715
319,11,1997.356024
319,12,1992.972752
320,6,4381.195075
320,7,2981.888489
320,8,2256.148370
320,9,2046.185629
320,10,2002.384715
320,11,1997.356024
320,12,1992.972752
321,6,4381.195075
321,7,2981.888489
321,8,2256.148370
321,9,2046.185629
321,10,2002.384715
321,11,1997.356024
321,12,1992.972752
322,6,4381.195075
322,7,2908.406765
322,8,2256.148370
322,9,2046.185629
322,10,2002.384715
322,11,1997.356024
322,12,1992.972752
323,6,4381.195075
323,7,2908.406765
323,8,2256.148370
323,9,2046.185629
323,10,2002.384715
323,11,1997.356024
323,12,1992.972752
324,6,4381.195075
324,7,2908.406765
324,8,2256.148370
324,9,2046.185629
324,10,2002.384715
324,11,1997.356024
324,12,1992.972752
325,6,4381.195075
325,7,2908.406765
325,8,2256.148370
325,9,2046.185629
325,10,2002.384715
325,11,1997.356024
325,12,1992.972752
326,6,4381.195075
326,7,2908.406765
326,8,2256.148370
326,9,2046.185629
326,10,2002.384715
326,11,1997.356024
326,12,1992.972752
327,6,4381.195075
327,7,2801.578217
327,8,2256.148370
327,9,2046.185629
327,10,2002.384715
327,11,1997.356024
327,12,1992.972752
328,6,4381.195075
328,7,2801.578217
328,8,2256.148370
328,9,2046.185629
328,10,2002.384715
328,11,1997.356024
328,12,1992.972752
329,6,4381.195075
329,7,2801.578217
329,8,2256.148370
329,9,2046.185629
329,10,2002.384715
329,11,1997.356024
329,12,1992.972752
