Iteration,NV,TOC
1,12,8501.218051
1,15,6291.097464
1,17,5504.598809
1,22,5163.126333
1,23,4942.405553
1,24,4940.841353
1,25,4781.833711
1,29,4684.464382
1,30,4554.354270
1,31,4461.358581
1,39,4317.948463
1,47,4227.610214
2,12,8501.218051
2,15,6291.097464
2,17,5504.598809
2,20,5206.973172
2,22,5163.126333
2,23,4942.405553
2,24,4940.841353
2,25,4781.833711
2,28,4764.506437
2,29,4684.464382
2,30,4499.446581
2,31,4461.358581
2,33,4433.321486
2,39,4317.948463
2,47,4227.610214
3,12,8501.218051
3,15,6291.097464
3,17,5504.598809
3,20,5206.973172
3,22,5163.126333
3,23,4942.405553
3,24,4911.805398
3,25,4781.833711
3,27,4591.709334
3,30,4499.446581
3,31,4461.358581
3,33,4433.321486
3,39,4317.948463
3,41,4309.680704
3,47,4227.610214
4,12,8501.218051
4,15,6291.097464
4,17,5504.598809
4,20,5199.239681
4,22,5163.126333
4,23,4942.405553
4,24,4689.890379
4,27,4591.709334
4,30,4499.446581
4,31,4461.358581
4,33,4433.321486
4,39,4317.948463
4,41,4309.680704
4,47,4227.610214
5,12,8501.218051
5,15,6291.097464
5,17,5504.598809
5,20,5199.239681
5,22,5038.645598
5,23,4942.405553
5,24,4628.064223
5,27,4591.709334
5,30,4499.446581
5,31,4461.358581
5,33,4352.506285
5,39,4317.948463
5,41,4309.680704
5,47,4227.610214
6,12,8501.218051
6,14,7833.643923
6,15,6291.097464
6,17,5504.598809
6,20,5199.239681
6,22,5038.645598
6,23,4942.405553
6,24,4628.064223
6,27,4591.709334
6,28,4421.345209
6,33,4352.506285
6,39,4317.948463
6,41,4309.680704
6,47,4227.610214
7,12,8501.218051
7,14,7833.643923
7,15,6291.097464
7,17,5504.598809
7,20,5137.407396
7,22,5038.645598
7,23,4942.405553
7,24,4628.064223
7,27,4591.709334
7,28,4421.345209
7,33,4352.506285
7,39,4317.948463
7,41,4309.680704
7,47,4227.610214
8,12,8501.218051
8,14,7833.643923
8,15,6291.097464
8,17,5504.598809
8,20,5137.407396
8,22,5038.645598
8,23,4705.247642
8,24,4628.064223
8,27,4591.709334
8,28,4421.345209
8,33,4352.506285
8,39,4317.948463
8,41,4309.680704
8,47,4227.610214
9,11,10746.394236
9,12,8501.218051
9,14,7527.090308
9,15,6291.097464
9,17,5504.598809
9,20,5137.407396
9,22,4892.947399
9,23,4705.247642
9,24,4628.064223
9,27,4591.709334
9,28,4421.345209
9,33,4352.506285
9,39,4317.948463
9,41,4309.680704
9,47,4227.610214
10,11,10746.394236
10,12,8501.218051
10,14,7527.090308
10,15,6291.097464
10,17,5504.598809
10,20,5137.407396
10,22,4892.947399
10,23,4705.247642
10,24,4628.064223
10,27,4591.709334
10,28,4421.345209
10,33,4352.506285
10,39,4317.948463
10,41,4309.680704
10,45,4274.957848
10,47,4227.610214
11,11,10746.394236
11,12,8501.218051
11,14,7527.090308
11,15,6291.097464
11,17,5504.598809
11,20,5137.407396
11,21,5125.864158
11,22,4892.947399
11,23,4705.247642
11,24,4628.064223
11,27,4591.709334
11,28,4421.345209
11,33,4352.506285
11,39,4317.948463
11,41,4309.680704
11,45,4274.957848
11,47,4227.610214
12,11,10746.394236
12,12,8501.218051
12,14,7527.090308
12,15,6291.097464
12,17,5504.598809
12,20,5137.407396
12,21,5125.864158
12,22,4892.947399
12,23,4705.247642
12,24,4628.064223
12,27,4591.709334
12,28,4421.345209
12,33,4352.506285
12,39,4317.948463
12,41,4309.680704
12,45,4274.957848
12,47,4227.610214
13,11,9655.496302
13,12,8501.218051
13,14,7527.090308
13,15,6291.097464
13,17,5504.598809
13,20,5137.407396
13,21,5077.151234
13,22,4892.947399
13,23,4705.247642
13,24,4628.064223
13,25,4591.923352
13,27,4591.709334
13,28,4421.345209
13,33,4352.506285
13,39,4317.948463
13,41,4309.680704
13,45,4274.957848
13,47,4227.610214
14,11,9655.496302
14,12,8501.218051
14,14,7297.347664
14,15,6291.097464
14,17,5504.598809
14,20,5137.407396
14,21,5032.553967
14,22,4892.947399
14,23,4705.247642
14,24,4562.186765
14,28,4421.345209
14,33,4352.506285
14,39,4193.008743
15,11,9655.496302
15,12,8501.218051
15,14,7297.347664
15,15,6291.097464
15,17,5504.598809
15,20,5137.407396
15,21,4829.538504
15,23,4705.247642
15,24,4562.186765
15,28,4421.345209
15,29,4372.425880
15,33,4352.506285
15,39,4193.008743
16,11,9655.496302
16,12,8501.218051
16,13,8233.588301
16,14,7297.347664
16,15,6291.097464
16,17,5504.598809
16,19,5238.903670
16,20,5137.407396
16,21,4829.538504
16,23,4705.247642
16,24,4562.186765
16,28,4421.345209
16,29,4372.425880
16,33,4352.506285
16,36,4303.932053
16,38,4209.439759
16,39,4062.210298
17,11,9655.496302
17,12,8501.218051
17,13,8233.588301
17,14,7297.347664
17,15,6291.097464
17,17,5504.598809
17,19,5238.903670
17,20,5137.407396
17,21,4829.538504
17,23,4705.247642
17,24,4562.186765
17,27,4414.081383
17,29,4372.425880
17,33,4352.506285
17,36,4084.947426
17,39,4062.210298
18,11,9655.496302
18,12,8501.218051
18,13,8233.588301
18,14,7297.347664
18,15,6291.097464
18,17,5504.598809
18,19,5238.903670
18,20,4923.799114
18,21,4829.538504
18,22,4820.686152
18,23,4705.247642
18,24,4562.186765
18,25,4511.139117
18,27,4414.081383
18,29,4372.425880
18,31,4347.961135
18,36,4084.947426
18,39,4062.210298
19,11,9655.496302
19,12,8501.218051
19,13,8075.289484
19,14,7297.347664
19,15,6291.097464
19,17,5504.598809
19,18,5414.456716
19,19,5211.548679
19,20,4923.799114
19,21,4829.538504
19,22,4820.686152
19,23,4705.247642
19,24,4562.186765
19,25,4511.139117
19,27,4414.081383
19,29,4372.425880
19,31,4347.961135
19,33,4266.059566
19,36,4084.947426
19,39,4062.210298
20,11,9655.496302
20,12,8501.218051
20,13,8075.289484
20,14,7297.347664
20,15,6291.097464
20,16,6154.118736
20,17,5504.598809
20,18,5414.456716
20,19,5211.548679
20,20,4923.799114
20,21,4829.538504
20,22,4820.686152
20,23,4705.247642
20,24,4501.698124
20,27,4414.081383
20,29,4372.425880
20,31,4322.228247
20,33,4266.059566
20,36,4084.947426
20,39,4062.210298
21,11,9655.496302
21,12,8501.218051
21,13,8075.289484
21,14,7297.347664
21,15,6291.097464
21,16,6154.118736
21,17,5504.598809
21,18,5414.456716
21,19,5178.037722
21,20,4923.799114
21,21,4829.538504
21,22,4820.686152
21,23,4705.247642
21,24,4501.698124
21,26,4476.356311
21,27,4414.081383
21,29,4306.843696
21,32,4262.105080
21,33,4233.934473
21,36,4084.947426
21,39,4062.210298
21,45,4016.781455
22,11,9655.496302
22,12,8501.218051
22,13,8075.289484
22,14,7297.347664
22,15,6291.097464
22,16,6154.118736
22,17,5504.598809
22,18,5414.456716
22,19,5178.037722
22,20,4923.799114
22,21,4829.538504
22,22,4820.686152
22,23,4705.247642
22,24,4501.698124
22,26,4476.356311
22,27,4411.204769
22,29,4306.843696
22,32,4262.105080
22,33,4233.934473
22,36,4084.947426
22,39,4062.210298
22,45,4016.781455
23,11,9655.496302
23,12,8501.218051
23,13,7525.144546
23,14,7297.347664
23,15,6291.097464
23,16,6154.118736
23,17,5504.598809
23,18,5414.456716
23,19,5178.037722
23,20,4923.799114
23,21,4829.538504
23,22,4788.189316
23,23,4705.247642
23,24,4501.698124
23,26,4476.356311
23,27,4411.204769
23,28,4374.980923
23,29,4306.843696
23,31,4261.237320
23,33,4233.934473
23,36,4084.947426
23,39,4062.210298
23,45,4016.781455
24,11,9655.496302
24,12,8501.218051
24,13,7525.144546
24,14,7193.417897
24,15,6291.097464
24,16,6154.118736
24,17,5504.598809
24,18,5414.456716
24,19,5178.037722
24,20,4923.799114
24,21,4829.538504
24,22,4788.189316
24,23,4705.247642
24,24,4501.698124
24,26,4476.356311
24,27,4264.636104
24,31,4261.237320
24,33,4233.934473
24,36,4084.947426
24,39,4001.686070
25,11,9655.496302
25,12,8501.218051
25,13,7525.144546
25,14,7193.417897
25,15,6291.097464
25,16,6154.118736
25,17,5504.598809
25,18,5414.456716
25,19,5178.037722
25,20,4877.219975
25,21,4829.538504
25,22,4577.030247
25,23,4562.913945
25,24,4501.698124
25,26,4476.356311
25,27,4264.636104
25,31,4261.237320
25,33,4233.934473
25,36,4084.947426
25,39,4001.686070
26,11,9655.496302
26,12,8501.218051
26,13,7525.144546
26,14,7193.417897
26,15,6291.097464
26,16,6154.118736
26,17,5504.598809
26,18,5414.456716
26,19,5178.037722
26,20,4877.219975
26,21,4829.538504
26,22,4577.030247
26,23,4562.913945
26,24,4501.698124
26,26,4476.356311
26,27,4264.636104
26,31,4261.237320
26,33,4233.934473
26,36,4084.947426
26,39,4001.686070
27,11,9655.496302
27,12,8501.218051
27,13,7525.144546
27,14,7127.597756
27,15,6291.097464
27,16,6154.118736
27,17,5504.598809
27,18,5414.456716
27,19,5153.742577
27,20,4877.219975
27,21,4829.538504
27,22,4577.030247
27,23,4562.913945
27,24,4501.698124
27,26,4476.356311
27,27,4264.636104
27,31,4225.222669
27,36,4084.947426
27,39,4001.686070
28,10,15086.043484
28,11,9655.496302
28,12,8501.218051
28,13,7525.144546
28,14,7127.597756
28,15,6291.097464
28,16,6154.118736
28,17,5504.598809
28,18,5414.456716
28,19,5153.742577
28,20,4833.814982
28,21,4829.538504
28,22,4577.030247
28,23,4562.913945
28,24,4501.698124
28,26,4476.356311
28,27,4264.636104
28,31,4225.222669
28,35,4169.777567
28,36,4084.947426
28,39,4001.686070
29,10,15086.043484
29,11,9655.496302
29,12,8501.218051
29,13,7525.144546
29,14,7127.597756
29,15,6291.097464
29,16,6154.118736
29,17,5504.598809
29,18,5186.337416
29,19,5153.742577
29,20,4833.814982
29,21,4829.538504
29,22,4577.030247
29,23,4562.913945
29,24,4501.698124
29,26,4356.331545
29,27,4264.636104
29,31,4225.222669
29,35,4169.777567
29,36,4084.947426
29,39,4001.686070
30,10,15086.043484
30,11,9655.496302
30,12,8501.218051
30,13,7329.591670
30,14,7127.597756
30,15,6291.097464
30,16,6154.118736
30,17,5504.598809
30,18,5186.337416
30,19,5119.066821
30,20,4833.814982
30,21,4829.538504
30,22,4577.030247
30,23,4562.913945
30,24,4501.698124
30,26,4356.331545
30,27,4264.636104
30,31,4202.578633
30,35,4169.777567
30,36,4084.947426
30,39,4001.686070
31,10,15086.043484
31,11,9655.496302
31,12,8501.218051
31,13,7329.591670
31,14,7127.597756
31,15,6291.097464
31,16,6154.118736
31,17,5504.598809
31,18,5186.337416
31,19,5119.066821
31,20,4833.814982
31,21,4829.538504
31,22,4577.030247
31,23,4562.913945
31,24,4501.698124
31,25,4454.688568
31,26,4356.331545
31,27,4264.636104
31,31,4202.578633
31,35,4169.777567
31,36,4084.947426
31,39,4001.686070
32,10,15086.043484
32,11,9655.496302
32,12,8501.218051
32,13,7329.591670
32,14,7033.896719
32,15,6291.097464
32,16,6154.118736
32,17,5504.598809
32,18,5186.337416
32,19,5119.066821
32,20,4833.814982
32,21,4829.538504
32,22,4577.030247
32,23,4562.913945
32,24,4501.698124
32,25,4454.688568
32,26,4356.331545
32,27,4264.636104
32,31,4202.578633
32,35,4169.777567
32,36,4084.947426
32,39,4001.686070
33,10,15086.043484
33,11,9655.496302
33,12,8501.218051
33,13,7329.591670
33,14,7033.896719
33,15,6291.097464
33,16,6154.118736
33,17,5504.598809
33,18,4897.170040
33,20,4833.814982
33,21,4829.538504
33,22,4577.030247
33,23,4562.913945
33,24,4454.115296
33,26,4356.331545
33,27,4264.636104
33,31,4202.578633
33,32,4156.811431
33,36,4084.947426
33,39,4001.686070
34,10,15086.043484
34,11,9655.496302
34,12,8501.218051
34,13,7329.591670
34,14,7033.896719
34,15,6291.097464
34,16,6059.054099
34,17,5504.598809
34,18,4897.170040
34,20,4833.814982
34,21,4823.570985
34,22,4577.030247
34,23,4562.913945
34,24,4454.115296
34,26,4356.331545
34,27,4264.636104
34,28,4245.174979
34,31,4202.578633
34,32,4156.811431
34,36,4084.947426
34,39,4001.686070
35,10,15086.043484
35,11,9655.496302
35,12,8501.218051
35,13,7329.591670
35,14,7033.896719
35,15,6291.097464
35,16,6059.054099
35,17,5504.598809
35,18,4897.170040
35,20,4833.814982
35,21,4823.570985
35,22,4577.030247
35,23,4562.913945
35,24,4454.115296
35,26,4356.331545
35,27,4264.636104
35,28,4245.174979
35,31,4202.578633
35,32,4156.811431
35,36,4084.947426
35,39,4001.686070
36,10,15086.043484
36,11,9655.496302
36,12,8501.218051
36,13,7329.591670
36,14,7033.896719
36,15,6291.097464
36,16,6059.054099
36,17,5504.598809
36,18,4897.170040
36,20,4833.814982
36,21,4811.991041
36,22,4577.030247
36,23,4562.913945
36,24,4454.115296
36,26,4356.331545
36,27,4264.636104
36,28,4245.174979
36,31,4202.578633
36,32,4156.811431
36,36,4084.947426
36,39,4001.686070
37,10,15086.043484
37,11,9655.496302
37,12,8501.218051
37,13,7329.591670
37,14,7033.896719
37,15,6291.097464
37,16,6059.054099
37,17,5504.598809
37,18,4897.170040
37,20,4833.814982
37,21,4811.991041
37,22,4577.030247
37,23,4562.913945
37,24,4454.115296
37,26,4356.331545
37,27,4264.636104
37,28,4245.174979
37,30,4182.469893
37,32,4156.811431
37,36,4084.947426
37,39,4001.686070
38,10,15086.043484
38,11,9655.496302
38,12,8501.218051
38,13,7329.591670
38,14,7033.896719
38,15,6291.097464
38,16,6028.871112
38,17,5504.598809
38,18,4897.170040
38,20,4833.814982
38,21,4811.991041
38,22,4577.030247
38,23,4562.913945
38,24,4454.115296
38,26,4356.331545
38,27,4264.636104
38,28,4245.174979
38,30,4182.469893
38,32,4156.811431
38,36,4084.947426
38,39,4001.686070
39,10,15086.043484
39,11,9655.496302
39,12,8501.218051
39,13,7329.591670
39,14,6851.538434
39,15,6291.097464
39,16,6028.871112
39,17,5504.598809
39,18,4897.170040
39,20,4833.814982
39,21,4811.991041
39,22,4577.030247
39,23,4562.913945
39,24,4454.115296
39,26,4356.331545
39,27,4264.636104
39,28,4245.174979
39,30,4182.469893
39,32,4156.811431
39,36,4084.947426
39,39,4001.686070
40,10,15086.043484
40,11,9655.496302
40,12,8501.218051
40,13,7329.591670
40,14,6851.538434
40,15,6291.097464
40,16,6028.871112
40,17,5504.598809
40,18,4897.170040
40,20,4833.814982
40,21,4811.991041
40,22,4577.030247
40,23,4562.913945
40,24,4454.115296
40,26,4356.331545
40,27,4264.636104
40,28,4245.174979
40,30,4182.469893
40,31,4156.590858
40,36,4084.947426
40,39,4001.686070
41,10,15086.043484
41,11,9655.496302
41,12,8501.218051
41,13,7329.591670
41,14,6851.538434
41,15,6291.097464
41,16,6028.871112
41,17,5504.598809
41,18,4897.170040
41,20,4833.814982
41,21,4756.913096
41,22,4577.030247
41,23,4562.913945
41,24,4454.115296
41,26,4356.331545
41,27,4264.636104
41,28,4245.174979
41,30,4182.469893
41,31,4156.590858
41,36,4084.947426
41,39,4001.686070
41,44,3992.787089
42,10,15086.043484
42,11,9655.496302
42,12,8501.218051
42,13,7329.591670
42,14,6851.538434
42,15,6291.097464
42,16,6028.871112
42,17,5504.598809
42,18,4897.170040
42,20,4833.814982
42,21,4756.913096
42,22,4577.030247
42,23,4562.913945
42,24,4454.115296
42,26,4356.331545
42,27,4264.636104
42,28,4245.174979
42,29,4235.065937
42,30,4182.469893
42,31,4156.590858
42,36,4084.947426
42,39,4001.686070
42,44,3992.787089
43,10,15086.043484
43,11,9655.496302
43,12,8501.218051
43,13,7329.591670
43,14,6851.538434
43,15,6291.097464
43,16,6028.871112
43,17,5504.598809
43,18,4897.170040
43,20,4833.814982
43,21,4756.913096
43,22,4577.030247
43,23,4562.913945
43,24,4454.115296
43,26,4356.331545
43,27,4172.315432
43,31,4156.590858
43,36,4084.947426
43,39,4001.686070
43,44,3992.787089
44,10,14937.453057
44,11,9655.496302
44,12,8501.218051
44,13,7329.591670
44,14,6851.538434
44,15,6291.097464
44,16,6028.871112
44,17,5504.598809
44,18,4897.170040
44,20,4833.814982
44,21,4756.913096
44,22,4577.030247
44,23,4562.913945
44,24,4454.115296
44,26,4348.786774
44,27,4172.315432
44,31,4156.590858
44,35,4127.183961
44,36,4084.947426
44,39,4001.686070
44,44,3992.787089
45,10,13857.984307
45,11,9655.496302
45,12,8501.218051
45,13,7329.591670
45,14,6851.538434
45,15,6291.097464
45,16,6028.871112
45,17,5504.598809
45,18,4897.170040
45,20,4833.814982
45,21,4756.913096
45,22,4577.030247
45,23,4562.913945
45,24,4454.115296
45,26,4348.786774
45,27,4172.315432
45,31,4156.590858
45,33,4099.082762
45,36,4084.947426
45,39,4001.686070
45,44,3992.787089
46,10,13857.984307
46,11,9655.496302
46,12,8501.218051
46,13,7329.591670
46,14,6851.538434
46,15,6291.097464
46,16,6028.871112
46,17,5504.598809
46,18,4897.170040
46,20,4833.814982
46,21,4756.913096
46,22,4577.030247
46,23,4562.913945
46,24,4450.603569
46,26,4348.786774
46,27,4172.315432
46,29,4115.679131
46,31,4105.432393
46,32,4007.753193
46,36,3994.852690
46,41,3987.894654
47,10,13857.984307
47,11,9655.496302
47,12,8501.218051
47,13,7329.591670
47,14,6851.538434
47,15,6291.097464
47,16,6028.871112
47,17,5504.598809
47,18,4897.170040
47,20,4833.814982
47,21,4756.913096
47,22,4577.030247
47,23,4562.913945
47,24,4450.603569
47,26,4348.786774
47,27,4172.315432
47,29,4115.679131
47,31,4105.432393
47,32,4007.753193
47,36,3994.852690
47,41,3987.894654
48,10,13288.704937
48,11,9655.496302
48,12,8501.218051
48,13,7329.591670
48,14,6851.538434
48,15,6291.097464
48,16,5865.160078
48,17,5504.598809
48,18,4897.170040
48,20,4833.814982
48,21,4756.913096
48,22,4470.275910
48,24,4450.603569
48,26,4348.786774
48,27,4172.315432
48,29,4115.679131
48,31,4105.432393
48,32,4007.753193
48,36,3994.852690
48,39,3965.611018
49,10,13288.704937
49,11,9655.496302
49,12,8501.218051
49,13,7329.591670
49,14,6851.538434
49,15,6291.097464
49,16,5865.160078
49,17,5504.598809
49,18,4897.170040
49,20,4833.814982
49,21,4756.913096
49,22,4470.275910
49,24,4450.603569
49,26,4348.786774
49,27,4172.315432
49,29,4115.679131
49,31,4105.432393
49,32,4007.753193
49,36,3994.852690
49,39,3965.611018
50,10,13288.704937
50,11,9655.496302
50,12,8209.116140
50,13,7329.591670
50,14,6851.538434
50,15,6291.097464
50,16,5666.915694
50,17,5504.598809
50,18,4897.170040
50,20,4769.486229
50,21,4756.913096
50,22,4470.275910
50,24,4450.603569
50,26,4348.786774
50,27,4172.315432
50,28,4138.231370
50,29,4115.679131
50,31,4105.432393
50,32,4007.753193
50,36,3994.852690
50,38,3915.251941
51,10,13288.704937
51,11,9655.496302
51,12,8067.914370
51,13,7329.591670
51,14,6851.538434
51,15,6291.097464
51,16,5666.915694
51,17,5426.900426
51,18,4897.170040
51,20,4769.486229
51,21,4756.579910
51,22,4470.275910
51,24,4450.603569
51,25,4438.932976
51,26,4331.356763
51,27,4172.315432
51,28,4138.231370
51,29,4115.679131
51,31,4105.432393
51,32,4007.753193
51,33,3914.720827
51,44,3893.024769
52,10,13288.704937
52,11,9655.496302
52,12,8067.914370
52,13,7329.591670
52,14,6693.242065
52,15,6291.097464
52,16,5666.915694
52,17,5426.900426
52,18,4897.170040
52,20,4769.486229
52,21,4756.579910
52,22,4470.275910
52,24,4450.603569
52,25,4438.932976
52,26,4331.356763
52,27,4172.315432
52,28,4138.231370
52,29,4115.679131
52,31,4105.432393
52,32,4007.753193
52,33,3914.720827
52,44,3893.024769
53,10,13288.704937
53,11,9655.496302
53,12,8067.914370
53,13,7329.591670
53,14,6693.242065
53,15,6291.097464
53,16,5666.915694
53,17,5426.900426
53,18,4897.170040
53,20,4769.486229
53,21,4756.579910
53,22,4470.275910
53,24,4450.603569
53,25,4438.932976
53,26,4331.356763
53,27,4172.315432
53,28,4138.231370
53,29,4115.679131
53,31,4105.432393
53,32,4007.753193
53,33,3914.720827
53,44,3893.024769
54,10,13288.704937
54,11,9655.496302
54,12,8067.914370
54,13,7329.591670
54,14,6693.242065
54,15,6291.097464
54,16,5666.915694
54,17,5426.900426
54,18,4897.170040
54,20,4769.486229
54,21,4756.579910
54,22,4470.275910
54,24,4450.603569
54,25,4438.932976
54,26,4268.908496
54,27,4172.315432
54,28,4138.231370
54,29,4115.679131
54,31,4105.432393
54,32,4007.753193
54,33,3914.720827
54,44,3893.024769
55,10,13288.704937
55,11,9655.496302
55,12,8067.914370
55,13,7329.591670
55,14,6693.242065
55,15,6291.097464
55,16,5666.915694
55,17,5426.900426
55,18,4897.170040
55,19,4887.458891
55,20,4769.486229
55,21,4756.579910
55,22,4470.275910
55,24,4450.603569
55,25,4437.063784
55,26,4268.908496
55,27,4172.315432
55,28,4138.231370
55,29,4115.679131
55,31,4105.432393
55,32,4007.753193
55,33,3914.720827
55,44,3893.024769
56,10,12767.788196
56,11,9655.496302
56,12,8067.914370
56,13,7329.591670
56,14,6693.242065
56,15,6291.097464
56,16,5666.915694
56,17,5426.900426
56,18,4897.170040
56,19,4887.458891
56,20,4769.486229
56,21,4756.579910
56,22,4470.275910
56,24,4306.395018
56,26,4056.739879
56,32,4007.753193
56,33,3914.720827
56,44,3893.024769
57,10,12767.788196
57,11,9655.496302
57,12,8067.914370
57,13,7329.591670
57,14,6693.242065
57,15,6291.097464
57,16,5666.915694
57,17,5426.900426
57,18,4897.170040
57,19,4887.458891
57,20,4706.563948
57,22,4470.275910
57,24,4306.395018
57,26,4056.739879
57,32,4007.753193
57,33,3914.720827
57,44,3893.024769
58,10,12767.788196
58,11,9655.496302
58,12,8067.914370
58,13,7329.591670
58,14,6693.242065
58,15,6291.097464
58,16,5666.915694
58,17,5426.900426
58,18,4897.170040
58,19,4887.458891
58,20,4706.563948
58,22,4470.275910
58,24,4306.395018
58,26,4056.739879
58,32,4007.753193
58,33,3914.720827
58,44,3893.024769
59,10,12767.788196
59,11,9655.496302
59,12,8067.914370
59,13,7329.591670
59,14,6693.242065
59,15,6291.097464
59,16,5666.915694
59,17,5426.900426
59,18,4897.170040
59,19,4887.458891
59,20,4706.563948
59,22,4470.275910
59,24,4306.395018
59,26,4056.739879
59,32,4007.753193
59,33,3914.720827
59,44,3893.024769
60,10,12055.716343
60,11,9655.496302
60,12,8067.914370
60,13,7329.591670
60,14,6693.242065
60,15,6291.097464
60,16,5666.915694
60,17,5426.900426
60,18,4897.170040
60,19,4887.458891
60,20,4706.563948
60,22,4470.275910
60,24,4306.395018
60,26,4056.739879
60,32,4007.753193
60,33,3914.720827
60,44,3893.024769
61,10,12055.716343
61,11,9655.496302
61,12,8067.914370
61,13,7329.591670
61,14,6693.242065
61,15,6291.097464
61,16,5666.915694
61,17,5426.900426
61,18,4884.321626
61,20,4706.563948
61,22,4470.275910
61,24,4306.395018
61,26,4056.739879
61,31,3911.450260
61,44,3893.024769
62,10,12055.716343
62,11,9655.496302
62,12,8067.914370
62,13,7208.512897
62,14,6693.242065
62,15,6291.097464
62,16,5666.915694
62,17,5426.900426
62,18,4884.321626
62,20,4706.563948
62,22,4470.275910
62,24,4306.395018
62,26,4056.739879
62,31,3911.450260
62,44,3893.024769
63,10,12055.716343
63,11,9655.496302
63,12,8067.914370
63,13,7208.512897
63,14,6693.242065
63,15,6291.097464
63,16,5666.915694
63,17,5426.900426
63,18,4884.321626
63,20,4706.563948
63,22,4470.275910
63,24,4306.395018
63,26,4056.739879
63,31,3911.450260
63,44,3893.024769
64,10,12055.716343
64,11,9655.496302
64,12,8067.914370
64,13,7208.512897
64,14,6693.242065
64,15,6291.097464
64,16,5666.915694
64,17,5426.900426
64,18,4884.321626
64,20,4706.563948
64,22,4470.275910
64,24,4306.395018
64,26,4056.739879
64,31,3911.450260
64,44,3893.024769
65,10,12055.716343
65,11,9655.496302
65,12,8067.914370
65,13,7208.512897
65,14,6693.242065
65,15,6291.097464
65,16,5666.915694
65,17,5426.900426
65,18,4884.321626
65,20,4706.563948
65,22,4470.275910
65,24,4306.395018
65,26,4056.739879
65,31,3911.450260
65,44,3893.024769
66,10,12055.716343
66,11,9655.496302
66,12,8067.914370
66,13,7208.512897
66,14,6693.242065
66,15,6291.097464
66,16,5666.915694
66,17,5426.900426
66,18,4884.321626
66,20,4706.563948
66,22,4470.275910
66,24,4306.395018
66,25,4270.039975
66,26,4056.739879
66,31,3911.450260
66,44,3893.024769
67,10,12055.716343
67,11,9655.496302
67,12,8067.914370
67,13,7208.512897
67,14,6693.242065
67,15,6291.097464
67,16,5666.915694
67,17,5426.900426
67,18,4884.321626
67,19,4862.327097
67,20,4706.563948
67,22,4470.275910
67,23,4247.489456
67,26,4056.739879
67,31,3911.450260
67,44,3893.024769
68,10,12055.716343
68,11,9655.496302
68,12,8067.914370
68,13,7208.512897
68,14,6693.242065
68,15,6291.097464
68,16,5666.915694
68,17,5426.900426
68,18,4884.321626
68,19,4862.327097
68,20,4706.563948
68,22,4470.275910
68,23,4247.489456
68,26,4056.739879
68,31,3911.450260
68,44,3893.024769
69,10,12055.716343
69,11,9655.496302
69,12,8067.914370
69,13,7208.512897
69,14,6693.242065
69,15,6291.097464
69,16,5666.915694
69,17,5426.900426
69,18,4884.321626
69,19,4862.327097
69,20,4706.563948
69,22,4470.275910
69,23,4247.489456
69,26,4056.739879
69,31,3911.450260
69,44,3893.024769
70,10,12055.716343
70,11,9655.496302
70,12,8067.914370
70,13,7208.512897
70,14,6693.242065
70,15,6291.097464
70,16,5666.915694
70,17,5426.900426
70,18,4884.321626
70,19,4862.327097
70,20,4599.877783
70,22,4470.275910
70,23,4247.489456
70,26,4056.739879
70,31,3911.450260
70,42,3886.213896
71,10,12055.716343
71,11,9655.496302
71,12,8067.914370
71,13,7208.512897
71,14,6693.242065
71,15,6291.097464
71,16,5666.915694
71,17,5426.900426
71,18,4884.321626
71,19,4862.327097
71,20,4599.877783
71,22,4470.275910
71,23,4247.489456
71,26,4056.739879
71,31,3911.450260
71,42,3886.213896
72,10,12055.716343
72,11,9655.496302
72,12,8067.914370
72,13,7208.512897
72,14,6693.242065
72,15,6291.097464
72,16,5666.915694
72,17,5344.304055
72,18,4884.321626
72,19,4862.327097
72,20,4599.877783
72,22,4470.275910
72,23,4247.489456
72,26,4056.739879
72,29,3998.039655
72,31,3911.450260
72,42,3886.213896
73,10,12055.716343
73,11,9655.496302
73,12,8067.914370
73,13,7208.512897
73,14,6693.242065
73,15,6291.097464
73,16,5666.915694
73,17,5267.742562
73,18,4884.321626
73,19,4862.327097
73,20,4599.877783
73,22,4470.275910
73,23,4247.489456
73,26,4056.739879
73,29,3998.039655
73,31,3911.450260
73,35,3851.166921
74,10,12055.716343
74,11,9655.496302
74,12,8067.914370
74,13,7208.512897
74,14,6693.242065
74,15,6291.097464
74,16,5666.915694
74,17,5267.742562
74,18,4884.321626
74,19,4862.327097
74,20,4599.877783
74,22,4470.275910
74,23,4247.489456
74,26,4056.739879
74,29,3998.039655
74,31,3911.450260
74,35,3851.166921
75,10,12055.716343
75,11,9655.496302
75,12,8067.914370
75,13,7208.512897
75,14,6693.242065
75,15,6237.600591
75,16,5666.915694
75,17,5267.742562
75,18,4884.321626
75,19,4862.327097
75,20,4599.877783
75,22,4470.275910
75,23,4247.489456
75,26,4056.739879
75,29,3998.039655
75,31,3911.450260
75,35,3851.166921
76,10,12055.716343
76,11,9655.496302
76,12,8067.914370
76,13,7208.512897
76,14,6693.242065
76,15,6237.600591
76,16,5666.915694
76,17,5267.742562
76,18,4884.321626
76,19,4862.327097
76,20,4599.877783
76,22,4470.275910
76,23,4247.489456
76,25,4187.839159
76,26,4056.739879
76,28,3941.764091
76,30,3809.030115
77,10,12055.716343
77,11,9655.496302
77,12,8067.914370
77,13,7208.512897
77,14,6693.242065
77,15,6237.600591
77,16,5666.915694
77,17,5267.742562
77,18,4884.321626
77,19,4862.327097
77,20,4599.877783
77,22,4470.275910
77,23,4247.489456
77,25,4029.283489
77,28,3941.764091
77,30,3809.030115
78,10,12055.716343
78,11,9655.496302
78,12,8067.914370
78,13,7208.512897
78,14,6693.242065
78,15,5799.231846
78,16,5666.915694
78,17,5267.742562
78,18,4884.321626
78,19,4862.327097
78,20,4599.877783
78,22,4470.275910
78,23,4247.489456
78,25,4029.283489
78,28,3941.764091
78,30,3809.030115
79,10,12055.716343
79,11,9655.496302
79,12,8067.914370
79,13,7208.512897
79,14,6063.922357
79,15,5799.231846
79,16,5666.915694
79,17,5115.664524
79,18,4884.321626
79,19,4862.327097
79,20,4599.877783
79,22,4470.275910
79,23,4247.489456
79,25,4029.283489
79,28,3941.764091
79,30,3809.030115
80,10,12055.716343
80,11,9655.496302
80,12,8067.914370
80,13,7208.512897
80,14,6063.922357
80,15,5799.231846
80,16,5666.915694
80,17,5115.664524
80,18,4884.321626
80,19,4862.327097
80,20,4599.877783
80,22,4470.275910
80,23,4247.489456
80,25,4029.283489
80,28,3941.764091
80,30,3809.030115
81,10,12055.716343
81,11,9655.496302
81,12,8067.914370
81,13,7208.512897
81,14,6063.922357
81,15,5799.231846
81,16,5666.915694
81,17,5115.664524
81,18,4884.321626
81,19,4862.327097
81,20,4599.877783
81,21,4533.171739
81,22,4470.275910
81,23,4247.489456
81,25,4029.283489
81,28,3941.764091
81,30,3809.030115
82,10,12055.716343
82,11,9655.496302
82,12,8067.914370
82,13,6720.164395
82,14,6063.922357
82,15,5799.231846
82,16,5666.915694
82,17,5115.664524
82,18,4884.321626
82,19,4862.327097
82,20,4599.877783
82,21,4533.171739
82,22,4470.275910
82,23,4247.489456
82,25,4029.283489
82,28,3941.764091
82,30,3809.030115
83,10,12055.716343
83,11,9655.496302
83,12,8067.914370
83,13,6720.164395
83,14,6063.922357
83,15,5799.231846
83,16,5666.915694
83,17,5115.664524
83,18,4884.321626
83,19,4862.327097
83,20,4599.877783
83,21,4533.171739
83,22,4470.275910
83,23,4247.489456
83,24,4236.347018
83,25,4029.283489
83,28,3941.764091
83,30,3809.030115
84,10,12055.716343
84,11,9655.496302
84,12,8067.914370
84,13,6720.164395
84,14,6063.922357
84,15,5799.231846
84,16,5666.915694
84,17,5115.664524
84,18,4884.321626
84,19,4862.327097
84,20,4599.877783
84,21,4533.171739
84,22,4452.098129
84,23,4247.489456
84,24,4236.347018
84,25,4029.283489
84,28,3941.764091
84,30,3809.030115
85,10,12055.716343
85,11,9655.496302
85,12,8067.914370
85,13,6720.164395
85,14,6063.922357
85,15,5799.231846
85,16,5666.915694
85,17,5115.664524
85,18,4884.321626
85,19,4862.327097
85,20,4599.877783
85,21,4533.171739
85,22,4452.098129
85,23,4247.489456
85,24,4236.347018
85,25,4029.283489
85,28,3941.764091
85,30,3809.030115
86,10,12055.716343
86,11,9655.496302
86,12,8067.914370
86,13,6720.164395
86,14,6063.922357
86,15,5799.231846
86,16,5666.915694
86,17,5115.664524
86,18,4884.321626
86,19,4862.327097
86,20,4599.877783
86,21,4533.171739
86,22,4445.544214
86,23,4247.489456
86,24,4236.347018
86,25,4029.283489
86,28,3941.764091
86,30,3809.030115
87,10,12055.716343
87,11,9655.496302
87,12,6933.135533
87,13,6720.164395
87,14,6063.922357
87,15,5777.045510
87,16,5666.915694
87,17,5115.664524
87,18,4884.321626
87,19,4862.327097
87,20,4599.877783
87,21,4533.171739
87,22,4445.544214
87,23,4247.489456
87,24,4236.347018
87,25,4029.283489
87,28,3941.764091
87,30,3809.030115
88,10,12055.716343
88,11,9655.496302
88,12,6933.135533
88,13,6720.164395
88,14,6063.922357
88,15,5777.045510
88,16,5666.915694
88,17,5115.664524
88,18,4884.321626
88,19,4862.327097
88,20,4599.877783
88,21,4533.171739
88,22,4445.544214
88,23,4247.489456
88,24,4214.514477
88,25,4029.283489
88,28,3941.764091
88,30,3809.030115
89,10,10565.310414
89,11,9655.496302
89,12,6933.135533
89,13,6720.164395
89,14,6063.922357
89,15,5777.045510
89,16,5666.915694
89,17,5115.664524
89,18,4884.321626
89,19,4809.902831
89,20,4599.877783
89,21,4533.171739
89,22,4445.544214
89,23,4247.489456
89,24,4214.514477
89,25,4029.283489
89,28,3941.764091
89,30,3809.030115
90,10,10565.310414
90,11,9655.496302
90,12,6933.135533
90,13,6662.875462
90,14,6063.922357
90,15,5777.045510
90,16,5666.915694
90,17,5115.664524
90,18,4884.321626
90,19,4784.235638
90,20,4599.877783
90,21,4533.171739
90,22,4445.544214
90,23,4247.489456
90,24,4214.514477
90,25,4029.283489
90,28,3941.764091
90,30,3809.030115
91,10,10565.310414
91,11,9655.496302
91,12,6933.135533
91,13,6662.875462
91,14,6063.922357
91,15,5777.045510
91,16,5666.915694
91,17,5115.664524
91,18,4884.321626
91,19,4784.235638
91,20,4599.877783
91,21,4533.171739
91,22,4445.544214
91,23,4247.489456
91,24,4214.514477
91,25,4029.283489
91,28,3941.764091
91,30,3809.030115
92,10,10565.310414
92,11,8708.949518
92,12,6933.135533
92,13,6662.875462
92,14,6063.922357
92,15,5766.291092
92,16,5666.915694
92,17,5115.664524
92,18,4884.321626
92,19,4784.235638
92,20,4599.877783
92,21,4440.211825
92,23,4247.489456
92,24,4214.514477
92,25,4029.283489
92,28,3941.764091
92,30,3809.030115
93,10,10384.743347
93,11,8708.949518
93,12,6933.135533
93,13,6662.875462
93,14,6063.922357
93,15,5766.291092
93,16,5666.915694
93,17,5115.664524
93,18,4884.321626
93,19,4784.235638
93,20,4599.877783
93,21,4440.211825
93,23,4247.489456
93,24,4214.514477
93,25,4029.283489
93,28,3941.764091
93,30,3809.030115
94,10,10384.743347
94,11,8708.949518
94,12,6933.135533
94,13,6662.875462
94,14,6063.922357
94,15,5766.291092
94,16,5666.915694
94,17,5115.664524
94,18,4884.321626
94,19,4784.235638
94,20,4599.877783
94,21,4440.211825
94,23,4247.489456
94,24,4214.514477
94,25,4029.283489
94,28,3941.764091
94,30,3809.030115
94,39,3806.953811
95,10,10384.743347
95,11,8708.949518
95,12,6933.135533
95,13,6662.875462
95,14,6063.922357
95,15,5766.291092
95,16,5666.915694
95,17,5115.664524
95,18,4884.321626
95,19,4784.235638
95,20,4599.877783
95,21,4440.211825
95,23,4247.489456
95,24,4142.944008
95,25,4029.283489
95,28,3941.764091
95,30,3809.030115
95,39,3806.953811
96,10,10384.743347
96,11,8708.949518
96,12,6933.135533
96,13,6662.875462
96,14,6063.922357
96,15,5766.291092
96,16,5666.915694
96,17,5115.664524
96,18,4884.321626
96,19,4784.235638
96,20,4400.620291
96,23,4133.346292
96,25,3967.411436
96,28,3941.764091
96,30,3809.030115
96,39,3806.953811
97,10,10384.743347
97,11,8708.949518
97,12,6933.135533
97,13,6662.875462
97,14,6063.922357
97,15,5694.477492
97,16,5564.122170
97,17,5115.664524
97,18,4884.321626
97,19,4784.235638
97,20,4400.620291
97,23,4133.346292
97,25,3967.411436
97,28,3941.764091
97,30,3809.030115
97,39,3806.953811
98,10,10384.743347
98,11,8708.949518
98,12,6933.135533
98,13,6662.875462
98,14,6063.922357
98,15,5694.477492
98,16,5450.107218
98,17,5115.664524
98,18,4884.321626
98,19,4784.235638
98,20,4400.620291
98,21,4350.501449
98,23,4133.346292
98,25,3967.411436
98,28,3941.764091
98,30,3809.030115
98,39,3806.953811
99,10,10384.743347
99,11,8708.949518
99,12,6933.135533
99,13,6662.875462
99,14,6063.922357
99,15,5632.085162
99,16,5450.107218
99,17,5115.664524
99,18,4884.321626
99,19,4784.235638
99,20,4400.620291
99,21,4350.501449
99,23,4133.346292
99,25,3967.411436
99,28,3941.764091
99,30,3809.030115
99,39,3806.953811
100,10,10384.743347
100,11,8708.949518
100,12,6933.135533
100,13,6662.875462
100,14,6063.922357
100,15,5632.085162
100,16,5450.107218
100,17,5115.664524
100,18,4884.321626
100,19,4784.235638
100,20,4400.620291
100,21,4350.501449
100,23,4133.346292
100,25,3967.411436
100,28,3941.764091
100,30,3809.030115
100,39,3806.953811
101,10,10384.743347
101,11,8708.949518
101,12,6933.135533
101,13,6662.875462
101,14,6063.922357
101,15,5632.085162
101,16,5450.107218
101,17,5115.664524
101,18,4884.321626
101,19,4784.235638
101,20,4400.620291
101,21,4350.501449
101,23,4133.346292
101,25,3967.411436
101,26,3890.340707
101,30,3809.030115
101,39,3806.953811
102,10,10384.743347
102,11,8708.949518
102,12,6933.135533
102,13,6662.875462
102,14,6063.922357
102,15,5632.085162
102,16,5450.107218
102,17,5115.664524
102,18,4884.321626
102,19,4784.235638
102,20,4400.620291
102,21,4350.501449
102,23,4133.346292
102,25,3967.411436
102,26,3890.340707
102,30,3809.030115
102,39,3806.953811
103,10,10384.743347
103,11,8708.949518
103,12,6933.135533
103,13,6662.875462
103,14,6063.922357
103,15,5632.085162
103,16,5450.107218
103,17,5115.664524
103,18,4884.321626
103,19,4784.235638
103,20,4400.620291
103,21,4350.501449
103,23,4133.346292
103,25,3967.411436
103,26,3890.340707
103,30,3809.030115
103,39,3806.953811
104,10,10384.743347
104,11,8708.949518
104,12,6933.135533
104,13,6662.875462
104,14,6063.922357
104,15,5632.085162
104,16,5450.107218
104,17,5115.664524
104,18,4884.321626
104,19,4784.235638
104,20,4400.620291
104,21,4350.501449
104,23,4133.346292
104,25,3967.411436
104,26,3890.340707
104,30,3809.030115
104,39,3806.953811
105,10,10384.743347
105,11,8708.949518
105,12,6933.135533
105,13,6662.875462
105,14,6063.922357
105,15,5632.085162
105,16,5450.107218
105,17,5115.664524
105,18,4884.321626
105,19,4784.235638
105,20,4400.620291
105,21,4350.501449
105,23,4133.346292
105,25,3967.411436
105,26,3890.340707
105,30,3809.030115
105,39,3806.953811
106,10,10384.743347
106,11,8708.949518
106,12,6933.135533
106,13,6662.875462
106,14,5544.563772
106,16,5450.107218
106,17,5115.664524
106,18,4884.321626
106,19,4784.235638
106,20,4400.620291
106,21,4350.501449
106,23,4133.346292
106,25,3967.411436
106,26,3890.340707
106,30,3809.030115
106,39,3806.953811
107,10,10384.743347
107,11,8708.949518
107,12,6933.135533
107,13,6662.875462
107,14,5544.563772
107,16,5450.107218
107,17,5115.664524
107,18,4884.321626
107,19,4784.235638
107,20,4400.620291
107,21,4350.501449
107,23,4133.346292
107,25,3967.411436
107,26,3890.340707
107,30,3809.030115
107,39,3806.953811
108,10,10384.743347
108,11,8708.949518
108,12,6933.135533
108,13,6662.875462
108,14,5544.563772
108,16,5450.107218
108,17,5115.664524
108,18,4884.321626
108,19,4784.235638
108,20,4400.620291
108,21,4350.501449
108,23,4133.346292
108,25,3967.411436
108,26,3890.340707
108,30,3809.030115
108,39,3806.953811
109,10,10384.743347
109,11,8708.949518
109,12,6933.135533
109,13,6662.875462
109,14,5544.563772
109,16,5450.107218
109,17,5115.664524
109,18,4884.321626
109,19,4784.235638
109,20,4400.620291
109,21,4350.501449
109,23,4133.346292
109,25,3967.411436
109,26,3890.340707
109,30,3809.030115
109,39,3806.953811
110,10,10384.743347
110,11,8708.949518
110,12,6933.135533
110,13,6662.875462
110,14,5544.563772
110,16,5450.107218
110,17,5115.664524
110,18,4884.321626
110,19,4784.235638
110,20,4400.620291
110,21,4350.501449
110,23,4133.346292
110,25,3967.411436
110,26,3890.340707
110,30,3809.030115
110,39,3806.953811
111,10,10384.743347
111,11,8708.949518
111,12,6933.135533
111,13,6662.875462
111,14,5544.563772
111,16,5450.107218
111,17,5115.664524
111,18,4884.321626
111,19,4784.235638
111,20,4400.620291
111,21,4350.501449
111,23,4133.346292
111,25,3967.411436
111,26,3890.340707
111,30,3809.030115
111,39,3806.953811
112,10,10384.743347
112,11,8708.949518
112,12,6933.135533
112,13,6662.875462
112,14,5544.563772
112,16,5450.107218
112,17,5115.664524
112,18,4884.321626
112,19,4784.235638
112,20,4400.620291
112,21,4350.501449
112,23,4118.586479
112,25,3967.411436
112,26,3890.340707
112,30,3809.030115
112,39,3806.953811
113,10,10384.743347
113,11,8708.949518
113,12,6933.135533
113,13,6662.875462
113,14,5544.563772
113,16,5450.107218
113,17,5115.664524
113,18,4884.321626
113,19,4784.235638
113,20,4400.620291
113,21,4350.501449
113,23,4118.586479
113,25,3967.411436
113,26,3890.340707
113,30,3809.030115
113,39,3806.953811
114,10,10384.743347
114,11,8708.949518
114,12,6933.135533
114,13,6359.177181
114,14,5544.563772
114,16,5450.107218
114,17,5063.246307
114,18,4884.321626
114,19,4784.235638
114,20,4400.620291
114,21,4350.501449
114,23,4118.586479
114,25,3967.411436
114,26,3890.340707
114,30,3809.030115
114,39,3806.953811
115,10,10384.743347
115,11,8708.949518
115,12,6933.135533
115,13,6359.177181
115,14,5544.563772
115,16,5391.142723
115,17,5063.246307
115,18,4884.321626
115,19,4784.235638
115,20,4400.620291
115,21,4350.501449
115,23,4118.586479
115,25,3967.411436
115,26,3890.340707
115,30,3809.030115
115,39,3806.953811
116,10,10384.743347
116,11,8708.949518
116,12,6933.135533
116,13,6359.177181
116,14,5440.399374
116,16,5382.358359
116,17,4999.517322
116,18,4707.158132
116,20,4400.620291
116,21,4350.501449
116,23,4118.586479
116,25,3967.411436
116,26,3890.340707
116,30,3809.030115
116,39,3806.953811
117,10,10384.743347
117,11,8708.949518
117,12,6933.135533
117,13,6359.177181
117,14,5440.399374
117,16,5382.358359
117,17,4999.517322
117,18,4707.158132
117,20,4400.620291
117,21,4350.501449
117,23,4118.586479
117,25,3967.411436
117,26,3890.340707
117,30,3809.030115
117,39,3806.953811
118,10,10384.743347
118,11,8708.949518
118,12,6933.135533
118,13,6359.177181
118,14,5440.399374
118,16,5382.358359
118,17,4999.517322
118,18,4707.158132
118,20,4400.620291
118,21,4350.501449
118,23,4118.586479
118,25,3967.411436
118,26,3890.340707
118,30,3809.030115
118,39,3806.953811
119,10,10384.743347
119,11,8708.949518
119,12,6933.135533
119,13,6359.177181
119,14,5440.399374
119,16,5382.358359
119,17,4999.517322
119,18,4707.158132
119,20,4400.620291
119,21,4350.501449
119,23,4118.586479
119,25,3967.411436
119,26,3890.340707
119,30,3809.030115
119,39,3806.953811
120,10,10384.743347
120,11,8708.949518
120,12,6933.135533
120,13,6359.177181
120,14,5440.399374
120,15,5357.663019
120,17,4999.517322
120,18,4707.158132
120,20,4400.620291
120,21,4350.501449
120,23,4118.586479
120,25,3967.411436
120,26,3890.340707
120,30,3809.030115
120,39,3806.953811
121,10,10384.743347
121,11,8708.949518
121,12,6933.135533
121,13,6359.177181
121,14,5440.399374
121,15,5357.663019
121,17,4999.517322
121,18,4707.158132
121,20,4400.620291
121,21,4350.501449
121,23,4118.586479
121,25,3967.411436
121,26,3890.340707
121,30,3809.030115
121,39,3806.953811
122,10,10384.743347
122,11,8708.949518
122,12,6933.135533
122,13,6359.177181
122,14,5440.399374
122,15,5357.663019
122,17,4999.517322
122,18,4707.158132
122,20,4400.620291
122,21,4350.501449
122,22,4169.130530
122,23,4118.586479
122,25,3967.411436
122,26,3890.340707
122,30,3809.030115
122,39,3806.953811
123,10,10384.743347
123,11,8708.949518
123,12,6933.135533
123,13,6359.177181
123,14,5440.399374
123,15,5357.663019
123,17,4999.517322
123,18,4707.158132
123,19,4626.327833
123,20,4400.620291
123,21,4350.501449
123,22,4169.130530
123,23,4118.586479
123,25,3967.411436
123,26,3890.340707
123,30,3809.030115
123,39,3806.953811
124,10,10384.743347
124,11,8708.949518
124,12,6933.135533
124,13,6359.177181
124,14,5440.399374
124,15,5357.663019
124,17,4999.517322
124,18,4707.158132
124,19,4626.327833
124,20,4400.620291
124,21,4350.501449
124,22,4169.130530
124,23,4118.586479
124,25,3967.411436
124,26,3890.340707
124,30,3809.030115
124,39,3806.953811
125,10,10384.743347
125,11,8708.949518
125,12,6933.135533
125,13,6359.177181
125,14,5440.399374
125,15,5357.663019
125,17,4999.517322
125,18,4707.158132
125,19,4626.327833
125,20,4400.620291
125,21,4350.501449
125,22,4169.130530
125,23,4118.586479
125,25,3967.411436
125,26,3890.340707
125,28,3873.233207
125,29,3840.986837
125,30,3809.030115
125,39,3806.953811
126,10,10384.743347
126,11,8708.949518
126,12,6933.135533
126,13,6359.177181
126,14,5440.399374
126,15,5357.663019
126,17,4999.517322
126,18,4707.158132
126,19,4626.327833
126,20,4400.620291
126,21,4350.501449
126,22,4169.130530
126,23,4118.586479
126,25,3967.411436
126,26,3890.340707
126,28,3873.233207
126,29,3840.986837
126,30,3809.030115
126,39,3806.953811
127,10,10384.743347
127,11,8708.949518
127,12,6933.135533
127,13,6359.177181
127,14,5440.399374
127,15,5357.663019
127,17,4999.517322
127,18,4707.158132
127,19,4626.327833
127,20,4400.620291
127,21,4350.501449
127,22,4169.130530
127,23,4118.586479
127,25,3967.411436
127,26,3890.340707
127,28,3873.233207
127,29,3840.986837
127,30,3809.030115
127,34,3777.652007
128,10,10384.743347
128,11,8708.949518
128,12,6933.135533
128,13,6359.177181
128,14,5440.399374
128,15,5357.663019
128,17,4999.517322
128,18,4707.158132
128,19,4626.327833
128,20,4400.620291
128,21,4350.501449
128,22,4169.130530
128,23,4118.586479
128,25,3967.411436
128,26,3890.340707
128,28,3873.233207
128,29,3840.986837
128,30,3809.030115
128,34,3777.652007
129,10,10384.743347
129,11,8708.949518
129,12,6933.135533
129,13,6359.177181
129,14,5440.399374
129,15,5357.663019
129,17,4999.517322
129,18,4707.158132
129,19,4626.327833
129,20,4400.620291
129,21,4350.501449
129,22,4169.130530
129,23,4118.586479
129,25,3967.411436
129,26,3890.340707
129,28,3873.233207
129,29,3840.986837
129,30,3809.030115
129,34,3777.652007
130,10,10384.743347
130,11,8708.949518
130,12,6933.135533
130,13,6359.177181
130,14,5440.399374
130,15,5357.663019
130,17,4999.517322
130,18,4707.158132
130,19,4626.327833
130,20,4400.620291
130,21,4350.501449
130,22,4169.130530
130,23,4118.586479
130,25,3967.411436
130,26,3890.340707
130,28,3873.233207
130,29,3840.986837
130,30,3809.030115
130,34,3777.652007
131,10,10384.743347
131,11,8571.052838
131,12,6933.135533
131,13,6359.177181
131,14,5440.399374
131,15,5357.663019
131,17,4999.517322
131,18,4707.158132
131,19,4626.327833
131,20,4400.620291
131,21,4350.501449
131,22,4169.130530
131,23,4118.586479
131,25,3967.411436
131,26,3890.340707
131,28,3873.233207
131,29,3840.986837
131,30,3792.772846
131,34,3777.652007
132,10,10384.743347
132,11,8569.967880
132,12,6933.135533
132,13,6359.177181
132,14,5440.399374
132,15,5357.663019
132,17,4999.517322
132,18,4707.158132
132,19,4626.327833
132,20,4400.620291
132,21,4350.501449
132,22,4169.130530
132,23,4118.586479
132,25,3967.411436
132,26,3890.340707
132,28,3873.233207
132,29,3840.986837
132,30,3792.772846
132,34,3777.652007
133,10,10384.743347
133,11,8569.967880
133,12,6933.135533
133,13,6359.177181
133,14,5440.399374
133,15,5357.663019
133,16,5180.883181
133,17,4999.517322
133,18,4707.158132
133,19,4626.327833
133,20,4400.620291
133,21,4350.501449
133,22,4169.130530
133,23,4118.586479
133,25,3967.411436
133,26,3890.340707
133,28,3873.233207
133,29,3840.986837
133,30,3792.772846
133,34,3777.652007
134,10,10384.743347
134,11,8569.967880
134,12,6933.135533
134,13,6359.177181
134,14,5440.399374
134,15,5357.663019
134,16,5180.883181
134,17,4999.517322
134,18,4707.158132
134,19,4626.327833
134,20,4400.620291
134,21,4350.501449
134,22,4169.130530
134,23,4057.411384
134,25,3967.411436
134,26,3890.340707
134,28,3873.233207
134,29,3840.986837
134,30,3792.772846
134,34,3777.652007
134,38,3749.189038
135,10,10384.743347
135,11,8569.967880
135,12,6933.135533
135,13,6359.177181
135,14,5440.399374
135,15,5357.663019
135,16,5180.883181
135,17,4999.517322
135,18,4707.158132
135,19,4626.327833
135,20,4400.620291
135,21,4350.501449
135,22,4169.130530
135,23,4057.411384
135,25,3967.411436
135,26,3890.340707
135,28,3873.233207
135,29,3840.986837
135,30,3792.772846
135,34,3777.652007
135,35,3760.662036
135,38,3749.189038
136,10,10384.743347
136,11,8569.967880
136,12,6933.135533
136,13,6359.177181
136,14,5440.399374
136,15,5357.663019
136,16,4955.664024
136,18,4707.158132
136,19,4626.327833
136,20,4400.620291
136,21,4350.501449
136,22,4169.130530
136,23,4057.411384
136,25,3967.411436
136,26,3890.340707
136,28,3873.233207
136,29,3840.986837
136,30,3792.772846
136,34,3777.652007
136,35,3760.662036
136,38,3749.189038
137,10,10384.743347
137,11,8569.967880
137,12,6933.135533
137,13,6359.177181
137,14,5440.399374
137,15,5357.663019
137,16,4955.664024
137,18,4707.158132
137,19,4626.327833
137,20,4400.620291
137,21,4350.501449
137,22,4169.130530
137,23,4057.411384
137,25,3967.411436
137,26,3890.340707
137,28,3873.233207
137,29,3840.986837
137,30,3792.772846
137,32,3776.266696
137,33,3741.814494
138,10,10384.743347
138,11,8569.967880
138,12,6933.135533
138,13,6359.177181
138,14,5440.399374
138,15,5357.663019
138,16,4955.664024
138,18,4707.158132
138,19,4626.327833
138,20,4400.620291
138,21,4350.501449
138,22,4169.130530
138,23,4057.411384
138,25,3967.411436
138,26,3890.340707
138,28,3873.233207
138,29,3840.986837
138,30,3792.772846
138,32,3776.266696
138,33,3741.814494
139,10,10384.743347
139,11,8569.967880
139,12,6933.135533
139,13,6359.177181
139,14,5440.399374
139,15,5357.663019
139,16,4955.664024
139,18,4707.158132
139,19,4626.327833
139,20,4400.620291
139,21,4350.501449
139,22,4169.130530
139,23,4057.411384
139,25,3967.411436
139,26,3890.340707
139,28,3873.233207
139,29,3840.986837
139,30,3792.772846
139,32,3776.266696
139,33,3741.814494
140,10,10384.743347
140,11,8569.967880
140,12,6933.135533
140,13,6359.177181
140,14,5440.399374
140,15,5357.663019
140,16,4955.664024
140,18,4707.158132
140,19,4626.327833
140,20,4400.620291
140,21,4350.501449
140,22,4169.130530
140,23,4057.411384
140,25,3958.762320
140,26,3890.340707
140,28,3871.302066
140,29,3840.986837
140,30,3792.772846
140,32,3776.266696
140,33,3741.814494
140,35,3716.754587
141,10,10384.743347
141,11,8569.967880
141,12,6933.135533
141,13,6359.177181
141,14,5440.399374
141,15,5357.663019
141,16,4955.664024
141,18,4707.158132
141,19,4626.327833
141,20,4400.620291
141,21,4350.501449
141,22,4169.130530
141,23,4057.411384
141,25,3958.762320
141,26,3890.340707
141,28,3871.302066
141,29,3840.986837
141,30,3727.116013
141,35,3716.754587
142,10,10384.743347
142,11,8569.967880
142,12,6844.107654
142,13,6359.177181
142,14,5440.399374
142,15,5357.663019
142,16,4955.664024
142,18,4579.781950
142,19,4574.455803
142,20,4400.620291
142,21,4350.501449
142,22,4169.130530
142,23,4057.411384
142,25,3958.762320
142,26,3890.340707
142,28,3871.302066
142,29,3840.986837
142,30,3727.116013
142,35,3716.754587
143,10,10384.743347
143,11,8569.967880
143,12,6844.107654
143,13,6219.563588
143,14,5440.399374
143,15,5357.663019
143,16,4955.664024
143,18,4579.781950
143,19,4519.729172
143,20,4400.620291
143,21,4350.501449
143,22,4169.130530
143,23,4057.411384
143,25,3958.762320
143,26,3890.340707
143,28,3871.302066
143,29,3840.986837
143,30,3727.116013
143,35,3716.754587
144,10,10384.743347
144,11,8569.967880
144,12,6844.107654
144,13,6219.563588
144,14,5440.399374
144,15,5357.663019
144,16,4955.664024
144,18,4579.781950
144,19,4393.012700
144,21,4350.501449
144,22,4169.130530
144,23,4057.411384
144,25,3958.762320
144,26,3845.601219
144,29,3840.986837
144,30,3727.116013
144,35,3716.754587
145,10,10384.743347
145,11,8569.967880
145,12,6844.107654
145,13,6219.563588
145,14,5440.399374
145,15,5357.663019
145,16,4955.664024
145,18,4579.781950
145,19,4393.012700
145,21,4329.219376
145,22,4169.130530
145,23,4057.411384
145,25,3908.537372
145,26,3845.601219
145,29,3840.986837
145,30,3727.116013
145,35,3712.079971
146,10,10384.743347
146,11,8569.967880
146,12,6844.107654
146,13,6219.563588
146,14,5440.399374
146,15,5357.663019
146,16,4955.664024
146,18,4579.781950
146,19,4393.012700
146,21,4329.219376
146,22,4169.130530
146,23,4057.411384
146,25,3908.537372
146,26,3816.995541
146,30,3727.116013
146,35,3712.079971
147,10,10384.743347
147,11,8569.967880
147,12,6844.107654
147,13,6219.563588
147,14,5440.399374
147,15,5357.663019
147,16,4955.664024
147,18,4579.781950
147,19,4393.012700
147,21,4329.219376
147,22,4169.130530
147,23,4057.411384
147,25,3908.537372
147,26,3816.995541
147,30,3727.116013
147,35,3712.079971
148,10,10384.743347
148,11,8543.454923
148,12,6844.107654
148,13,6219.563588
148,14,5440.399374
148,15,5357.663019
148,16,4955.664024
148,18,4579.781950
148,19,4393.012700
148,21,4329.219376
148,22,4169.130530
148,23,4057.411384
148,25,3908.537372
148,26,3816.995541
148,30,3727.116013
148,35,3712.079971
149,10,10384.743347
149,11,8543.454923
149,12,6844.107654
149,13,6219.563588
149,14,5440.399374
149,15,5357.663019
149,16,4955.664024
149,18,4579.781950
149,19,4393.012700
149,21,4329.219376
149,22,4169.130530
149,23,4057.411384
149,25,3908.537372
149,26,3816.995541
149,29,3797.194704
149,30,3727.116013
149,35,3712.079971
150,10,10384.743347
150,11,8543.454923
150,12,6844.107654
150,13,6219.563588
150,14,5440.399374
150,15,5357.663019
150,16,4955.664024
150,18,4404.725534
150,19,4393.012700
150,21,4329.219376
150,22,4169.130530
150,23,4057.411384
150,24,3982.581694
150,25,3908.537372
150,26,3816.995541
150,29,3797.194704
150,30,3727.116013
150,35,3712.079971
151,10,10384.743347
151,11,8543.454923
151,12,6844.107654
151,13,6219.563588
151,14,5440.399374
151,15,5301.257847
151,16,4857.017164
151,18,4404.725534
151,19,4393.012700
151,21,4329.219376
151,22,4169.130530
151,23,4057.411384
151,24,3982.581694
151,25,3908.537372
151,26,3816.995541
151,29,3797.194704
151,30,3727.116013
151,31,3699.575252
152,10,10384.743347
152,11,8543.454923
152,12,6466.579054
152,13,6219.563588
152,14,5440.399374
152,15,5301.257847
152,16,4857.017164
152,18,4404.725534
152,19,4393.012700
152,21,4329.219376
152,22,4169.130530
152,23,4057.411384
152,24,3982.581694
152,25,3908.537372
152,26,3816.995541
152,29,3797.194704
152,30,3727.116013
152,31,3699.575252
153,10,10384.743347
153,11,8543.454923
153,12,6466.579054
153,13,6219.563588
153,14,5440.399374
153,15,5301.257847
153,16,4857.017164
153,18,4404.725534
153,19,4393.012700
153,21,4329.219376
153,22,4169.130530
153,23,4057.411384
153,24,3982.581694
153,25,3908.537372
153,26,3816.995541
153,29,3797.194704
153,30,3727.116013
153,31,3699.575252
154,10,10384.743347
154,11,8543.454923
154,12,6466.579054
154,13,6219.563588
154,14,5440.399374
154,15,5301.257847
154,16,4857.017164
154,18,4404.725534
154,19,4393.012700
154,21,4329.219376
154,22,4169.130530
154,23,4057.411384
154,24,3982.581694
154,25,3908.537372
154,26,3816.995541
154,28,3812.866871
154,29,3797.194704
154,30,3727.116013
154,31,3699.575252
155,10,10384.743347
155,11,8543.454923
155,12,6466.579054
155,13,6219.563588
155,14,5252.345542
155,16,4857.017164
155,18,4404.725534
155,19,4393.012700
155,21,4219.812657
155,22,4169.130530
155,23,4057.411384
155,24,3982.581694
155,25,3908.537372
155,26,3816.995541
155,28,3812.866871
155,29,3797.194704
155,30,3727.116013
155,31,3699.575252
156,10,10384.743347
156,11,8543.454923
156,12,6466.579054
156,13,6219.563588
156,14,5252.345542
156,16,4857.017164
156,18,4361.738074
156,21,4219.812657
156,22,4169.130530
156,23,4057.411384
156,24,3982.581694
156,25,3908.537372
156,26,3783.947130
156,29,3728.846008
156,30,3727.116013
156,31,3699.575252
157,10,10384.743347
157,11,8543.454923
157,12,6466.579054
157,13,6219.563588
157,14,5252.345542
157,16,4857.017164
157,18,4361.738074
157,21,4219.812657
157,22,4169.130530
157,23,4038.333195
157,24,3982.581694
157,25,3908.537372
157,26,3783.947130
157,29,3728.846008
157,30,3727.116013
157,31,3699.575252
158,10,10384.743347
158,11,8543.454923
158,12,6466.579054
158,13,6219.563588
158,14,5252.345542
158,16,4857.017164
158,18,4361.738074
158,21,4219.812657
158,22,4169.130530
158,23,4038.333195
158,24,3982.581694
158,25,3908.537372
158,26,3783.947130
158,29,3728.846008
158,30,3727.116013
158,31,3699.575252
159,10,10384.743347
159,11,8543.454923
159,12,6466.579054
159,13,6219.563588
159,14,5252.345542
159,16,4857.017164
159,18,4361.738074
159,21,4219.812657
159,22,4169.130530
159,23,4038.333195
159,24,3982.581694
159,25,3908.537372
159,26,3783.947130
159,29,3728.846008
159,30,3727.116013
159,31,3699.575252
160,10,10384.743347
160,11,8543.454923
160,12,6086.868204
160,14,5252.345542
160,16,4857.017164
160,18,4361.738074
160,20,4261.553937
160,21,4219.812657
160,22,4169.130530
160,23,4038.333195
160,24,3982.581694
160,25,3908.537372
160,26,3783.947130
160,29,3728.846008
160,30,3727.116013
160,31,3699.575252
161,10,10384.743347
161,11,8543.454923
161,12,6086.868204
161,14,5252.345542
161,16,4857.017164
161,18,4361.738074
161,20,4261.553937
161,21,4219.812657
161,22,4169.130530
161,23,4038.333195
161,24,3982.581694
161,25,3908.537372
161,26,3783.947130
161,29,3728.846008
161,30,3727.116013
161,31,3699.575252
162,10,10384.743347
162,11,7435.075990
162,12,6086.868204
162,14,5252.345542
162,16,4857.017164
162,18,4361.738074
162,20,4261.553937
162,21,4219.812657
162,22,4169.130530
162,23,4038.333195
162,24,3982.581694
162,25,3908.537372
162,26,3783.947130
162,29,3728.846008
162,30,3727.116013
162,31,3699.575252
163,10,10384.743347
163,11,7435.075990
163,12,6086.868204
163,14,5252.345542
163,16,4857.017164
163,17,4844.084583
163,18,4361.738074
163,20,4261.553937
163,21,4219.812657
163,22,4169.130530
163,23,4038.333195
163,24,3982.581694
163,25,3908.537372
163,26,3783.947130
163,29,3728.846008
163,30,3727.116013
163,31,3699.575252
164,10,10384.743347
164,11,7435.075990
164,12,6086.868204
164,14,5252.345542
164,16,4857.017164
164,17,4844.084583
164,18,4361.738074
164,20,4261.553937
164,21,4152.068160
164,23,4038.333195
164,24,3982.581694
164,25,3908.537372
164,26,3783.947130
164,29,3728.846008
164,30,3727.116013
164,31,3699.575252
165,10,10384.743347
165,11,7435.075990
165,12,6086.868204
165,14,5252.345542
165,16,4857.017164
165,17,4844.084583
165,18,4361.738074
165,20,4261.553937
165,21,4152.068160
165,23,4038.333195
165,24,3982.581694
165,25,3908.537372
165,26,3783.947130
165,29,3728.846008
165,30,3727.116013
165,31,3699.575252
166,10,10384.743347
166,11,7435.075990
166,12,6086.868204
166,14,4987.171106
166,16,4775.980067
166,17,4601.919333
166,18,4361.738074
166,20,4261.553937
166,21,4152.068160
166,23,4038.333195
166,24,3982.581694
166,25,3908.537372
166,26,3783.947130
166,29,3728.846008
166,30,3727.116013
166,31,3672.288058
167,10,10384.743347
167,11,7435.075990
167,12,6086.868204
167,14,4987.171106
167,16,4775.980067
167,17,4601.919333
167,18,4361.738074
167,20,4261.553937
167,21,4152.068160
167,23,4038.333195
167,24,3982.581694
167,25,3908.537372
167,26,3783.947130
167,29,3728.846008
167,30,3727.116013
167,31,3672.288058
168,10,10384.743347
168,11,7435.075990
168,12,6086.868204
168,13,5833.015724
168,14,4987.171106
168,16,4775.980067
168,17,4601.919333
168,18,4361.120376
168,19,4350.425124
168,20,4261.553937
168,21,4152.068160
168,23,4038.333195
168,24,3982.581694
168,25,3908.537372
168,26,3783.947130
168,29,3728.846008
168,30,3727.116013
168,31,3672.288058
169,10,10384.743347
169,11,7435.075990
169,12,6086.868204
169,13,5833.015724
169,14,4987.171106
169,16,4775.980067
169,17,4601.919333
169,18,4361.120376
169,19,4350.425124
169,20,4261.553937
169,21,4152.068160
169,23,4038.333195
169,24,3982.581694
169,25,3908.537372
169,26,3783.947130
169,29,3728.846008
169,30,3727.116013
169,31,3672.288058
170,10,10384.743347
170,11,7435.075990
170,12,6086.868204
170,13,5833.015724
170,14,4987.171106
170,16,4775.980067
170,17,4601.919333
170,18,4361.120376
170,19,4350.425124
170,20,4261.553937
170,21,4152.068160
170,23,4038.333195
170,24,3982.581694
170,25,3908.537372
170,26,3783.947130
170,29,3728.846008
170,30,3727.116013
170,31,3672.288058
171,10,10384.743347
171,11,7435.075990
171,12,6086.868204
171,13,5833.015724
171,14,4987.171106
171,16,4775.980067
171,17,4601.919333
171,18,4361.120376
171,19,4350.425124
171,20,4261.553937
171,21,4152.068160
171,23,4038.333195
171,24,3982.581694
171,25,3908.537372
171,26,3783.947130
171,29,3728.846008
171,30,3727.116013
171,31,3672.288058
172,10,10384.743347
172,11,7435.075990
172,12,6086.868204
172,13,5833.015724
172,14,4987.171106
172,16,4775.980067
172,17,4601.919333
172,18,4361.120376
172,19,4350.425124
172,20,4261.553937
172,21,4152.068160
172,23,4038.333195
172,24,3982.581694
172,25,3908.537372
172,26,3783.947130
172,29,3728.846008
172,30,3727.116013
172,31,3672.288058
173,10,10384.743347
173,11,7435.075990
173,12,6086.868204
173,13,5833.015724
173,14,4987.171106
173,16,4775.980067
173,17,4601.919333
173,18,4361.120376
173,19,4350.425124
173,20,4165.052565
173,21,4152.068160
173,23,4038.333195
173,24,3982.581694
173,25,3908.537372
173,26,3783.947130
173,29,3728.846008
173,30,3727.116013
173,31,3672.288058
174,10,10384.743347
174,11,7435.075990
174,12,5921.471120
174,13,5833.015724
174,14,4987.171106
174,16,4747.755429
174,17,4601.919333
174,18,4361.120376
174,19,4198.557946
174,20,4165.052565
174,21,4152.068160
174,23,4038.333195
174,24,3982.581694
174,25,3908.537372
174,26,3783.947130
174,29,3728.846008
174,30,3727.116013
174,31,3672.288058
175,10,10384.743347
175,11,7435.075990
175,12,5921.471120
175,13,5833.015724
175,14,4987.171106
175,16,4747.755429
175,17,4601.919333
175,18,4361.120376
175,19,4198.557946
175,20,4165.052565
175,21,4152.068160
175,23,4038.333195
175,24,3982.581694
175,25,3908.537372
175,26,3783.947130
175,29,3728.846008
175,30,3727.116013
175,31,3672.288058
176,10,10384.743347
176,11,7435.075990
176,12,5921.471120
176,13,5833.015724
176,14,4824.515154
176,16,4571.345424
176,18,4361.120376
176,19,4198.557946
176,20,4165.052565
176,21,3995.348288
176,24,3982.581694
176,25,3861.784647
176,26,3783.947130
176,29,3728.846008
176,30,3727.116013
176,31,3672.288058
177,10,10384.743347
177,11,7435.075990
177,12,5921.471120
177,13,5635.755314
177,14,4824.515154
177,16,4571.345424
177,18,4361.120376
177,19,4198.557946
177,20,4165.052565
177,21,3995.348288
177,24,3982.581694
177,25,3861.784647
177,26,3783.947130
177,29,3728.846008
177,30,3727.116013
177,31,3672.288058
178,10,10089.797344
178,11,7435.075990
178,12,5921.471120
178,13,5635.755314
178,14,4824.515154
178,16,4571.345424
178,18,4361.120376
178,19,4198.557946
178,20,4165.052565
178,21,3995.348288
178,24,3982.581694
178,25,3861.784647
178,26,3783.947130
178,29,3728.846008
178,30,3727.116013
178,31,3672.288058
179,10,10089.797344
179,11,7435.075990
179,12,5921.471120
179,13,5635.755314
179,14,4824.515154
179,16,4571.345424
179,18,4361.120376
179,19,4198.557946
179,20,4165.052565
179,21,3995.348288
179,24,3982.581694
179,25,3861.784647
179,26,3783.947130
179,29,3728.846008
179,30,3727.116013
179,31,3672.288058
180,10,10089.797344
180,11,7435.075990
180,12,5921.471120
180,13,5635.755314
180,14,4824.515154
180,16,4571.345424
180,18,4361.120376
180,19,4198.557946
180,20,4165.052565
180,21,3995.348288
180,24,3975.918638
180,25,3861.784647
180,26,3783.947130
180,29,3728.846008
180,30,3727.116013
180,31,3672.288058
181,10,10089.797344
181,11,7435.075990
181,12,5921.471120
181,13,5635.755314
181,14,4824.515154
181,16,4571.345424
181,18,4361.120376
181,19,4198.557946
181,20,4165.052565
181,21,3995.348288
181,23,3955.336771
181,25,3746.830457
181,29,3728.846008
181,30,3613.516270
182,10,10089.797344
182,11,7435.075990
182,12,5921.471120
182,13,5635.755314
182,14,4824.515154
182,16,4571.345424
182,18,4361.120376
182,19,4198.557946
182,20,4165.052565
182,21,3995.348288
182,23,3955.336771
182,25,3746.830457
182,29,3728.846008
182,30,3613.516270
183,10,10089.797344
183,11,7435.075990
183,12,5921.471120
183,13,5635.755314
183,14,4824.515154
183,16,4571.345424
183,18,4361.120376
183,19,4198.557946
183,20,4165.052565
183,21,3995.348288
183,23,3955.336771
183,24,3933.918005
183,25,3746.830457
183,29,3728.846008
183,30,3613.516270
184,10,10089.797344
184,11,7435.075990
184,12,5921.471120
184,13,5635.755314
184,14,4824.515154
184,16,4571.345424
184,17,4353.223601
184,19,4198.557946
184,20,4165.052565
184,21,3995.348288
184,23,3955.336771
184,24,3933.918005
184,25,3746.830457
184,29,3728.846008
184,30,3613.516270
185,10,10089.797344
185,11,7435.075990
185,12,5921.471120
185,13,5510.547514
185,14,4824.515154
185,16,4571.345424
185,17,4353.223601
185,19,4198.557946
185,20,4165.052565
185,21,3995.348288
185,23,3955.336771
185,24,3933.918005
185,25,3746.830457
185,29,3728.846008
185,30,3613.516270
186,10,10089.797344
186,11,7435.075990
186,12,5921.471120
186,13,5465.499891
186,14,4824.515154
186,16,4571.345424
186,17,4353.223601
186,19,4198.557946
186,20,4165.052565
186,21,3995.348288
186,23,3932.393818
186,25,3746.830457
186,29,3728.846008
186,30,3613.516270
187,10,10089.797344
187,11,7435.075990
187,12,5921.471120
187,13,5465.499891
187,14,4824.515154
187,16,4571.345424
187,17,4353.223601
187,19,4198.557946
187,20,4165.052565
187,21,3995.348288
187,23,3932.393818
187,25,3746.830457
187,29,3728.846008
187,30,3613.516270
188,10,10089.797344
188,11,7435.075990
188,12,5921.471120
188,13,5465.499891
188,14,4824.515154
188,16,4571.345424
188,17,4353.223601
188,19,4198.557946
188,20,4165.052565
188,21,3995.348288
188,23,3932.393818
188,25,3746.830457
188,29,3728.846008
188,30,3613.516270
189,10,10089.797344
189,11,7435.075990
189,12,5921.471120
189,13,5465.499891
189,14,4824.515154
189,16,4571.345424
189,17,4353.223601
189,19,4198.557946
189,20,4165.052565
189,21,3995.348288
189,23,3932.393818
189,25,3746.830457
189,29,3728.846008
189,30,3613.516270
190,10,10089.797344
190,11,7435.075990
190,12,5921.471120
190,13,5465.499891
190,14,4824.515154
190,16,4571.345424
190,17,4353.223601
190,19,4198.557946
190,20,4165.052565
190,21,3995.348288
190,23,3932.393818
190,25,3746.830457
190,29,3728.846008
190,30,3613.516270
191,10,10089.797344
191,11,7435.075990
191,12,5455.267059
191,14,4824.515154
191,16,4571.345424
191,17,4353.223601
191,19,4121.337017
191,21,3915.813253
191,25,3746.830457
191,29,3728.846008
191,30,3613.516270
192,10,10089.797344
192,11,7435.075990
192,12,5455.267059
192,14,4824.515154
192,16,4571.345424
192,17,4353.223601
192,19,4121.337017
192,21,3915.813253
192,25,3746.830457
192,29,3728.846008
192,30,3613.516270
193,10,10089.797344
193,11,7435.075990
193,12,5455.267059
193,14,4824.515154
193,16,4571.345424
193,17,4353.223601
193,19,4121.337017
193,21,3915.813253
193,25,3746.830457
193,29,3728.846008
193,30,3613.516270
194,10,10089.797344
194,11,7435.075990
194,12,5455.267059
194,14,4824.515154
194,16,4571.345424
194,17,4353.223601
194,19,4121.337017
194,21,3915.813253
194,25,3746.830457
194,29,3728.846008
194,30,3613.516270
195,10,10089.797344
195,11,7435.075990
195,12,5455.267059
195,14,4824.515154
195,16,4571.345424
195,17,4353.223601
195,19,4121.337017
195,21,3915.813253
195,25,3746.830457
195,29,3728.846008
195,30,3613.516270
196,10,10089.797344
196,11,7435.075990
196,12,5455.267059
196,14,4824.515154
196,16,4571.345424
196,17,4353.223601
196,19,4121.337017
196,21,3890.952917
196,25,3746.830457
196,29,3728.846008
196,30,3613.516270
197,10,10089.797344
197,11,7435.075990
197,12,5455.267059
197,14,4824.515154
197,16,4571.345424
197,17,4353.223601
197,19,4058.069086
197,21,3890.952917
197,25,3746.830457
197,29,3728.846008
197,30,3613.516270
198,10,10089.797344
198,11,7435.075990
198,12,5455.267059
198,14,4824.515154
198,16,4571.345424
198,17,4353.223601
198,19,4058.069086
198,21,3890.952917
198,25,3746.830457
198,29,3728.846008
198,30,3613.516270
199,10,10089.797344
199,11,7435.075990
199,12,5455.267059
199,14,4824.515154
199,16,4571.345424
199,17,4353.223601
199,19,4058.069086
199,21,3890.952917
199,25,3746.830457
199,29,3728.846008
199,30,3613.516270
200,10,10089.797344
200,11,7435.075990
200,12,5455.267059
200,14,4824.515154
200,15,4787.426448
200,16,4571.345424
200,17,4353.223601
200,19,4058.069086
200,21,3890.952917
200,25,3746.830457
200,29,3728.846008
200,30,3613.516270
201,10,10089.797344
201,11,7435.075990
201,12,5455.267059
201,14,4824.515154
201,15,4787.426448
201,16,4571.345424
201,17,4353.223601
201,19,4058.069086
201,21,3890.952917
201,25,3746.830457
201,29,3728.846008
201,30,3613.516270
202,10,10089.797344
202,11,7435.075990
202,12,5455.267059
202,14,4824.515154
202,15,4787.426448
202,16,4571.345424
202,17,4353.223601
202,18,4218.272868
202,19,4058.069086
202,21,3890.952917
202,25,3746.830457
202,29,3728.846008
202,30,3613.516270
203,10,9542.801945
203,11,7435.075990
203,12,5455.267059
203,14,4824.515154
203,15,4787.426448
203,16,4571.345424
203,17,4353.223601
203,18,4218.272868
203,19,4058.069086
203,21,3890.952917
203,25,3746.830457
203,29,3728.846008
203,30,3613.516270
204,10,9542.801945
204,11,7435.075990
204,12,5455.267059
204,14,4824.515154
204,15,4787.426448
204,16,4571.345424
204,17,4353.223601
204,18,4218.272868
204,19,4058.069086
204,21,3890.952917
204,25,3746.830457
204,29,3728.846008
204,30,3613.516270
205,10,9542.801945
205,11,7435.075990
205,12,5455.267059
205,14,4824.515154
205,15,4766.422001
205,16,4489.599689
205,17,4353.223601
205,18,4218.272868
205,19,4058.069086
205,21,3890.952917
205,25,3746.830457
205,29,3728.846008
205,30,3613.516270
206,10,9542.801945
206,11,7435.075990
206,12,5455.267059
206,14,4824.515154
206,15,4766.422001
206,16,4489.599689
206,17,4217.234515
206,18,4202.829977
206,19,4058.069086
206,21,3890.952917
206,25,3746.830457
206,29,3728.846008
206,30,3613.516270
207,10,9542.801945
207,11,7435.075990
207,12,5455.267059
207,14,4824.515154
207,15,4766.422001
207,16,4489.599689
207,17,4217.234515
207,18,4202.829977
207,19,4058.069086
207,21,3890.952917
207,25,3746.830457
207,29,3728.846008
207,30,3613.516270
208,10,9542.801945
208,11,7435.075990
208,12,5455.267059
208,13,5346.390530
208,14,4824.515154
208,15,4766.422001
208,16,4489.599689
208,17,4217.234515
208,18,4202.829977
208,19,4058.069086
208,21,3890.952917
208,25,3746.830457
208,29,3728.846008
208,30,3613.516270
209,10,9542.801945
209,11,7435.075990
209,12,5455.267059
209,13,5346.390530
209,14,4824.515154
209,15,4766.422001
209,16,4489.599689
209,17,4217.234515
209,18,4202.829977
209,19,4058.069086
209,21,3890.952917
209,25,3746.830457
209,29,3728.846008
209,30,3613.516270
210,10,9542.801945
210,11,7435.075990
210,12,5455.267059
210,13,5346.390530
210,14,4824.515154
210,15,4766.422001
210,16,4489.599689
210,17,4217.234515
210,18,4202.829977
210,19,4058.069086
210,21,3890.952917
210,25,3746.830457
210,29,3728.846008
210,30,3613.516270
211,10,8877.772173
211,11,7435.075990
211,12,5455.267059
211,13,4790.319771
211,15,4766.422001
211,16,4489.599689
211,17,4217.234515
211,18,4202.829977
211,19,4058.069086
211,21,3890.952917
211,25,3746.830457
211,29,3728.846008
211,30,3613.516270
212,10,8877.772173
212,11,7435.075990
212,12,5455.267059
212,13,4790.319771
212,15,4766.422001
212,16,4489.599689
212,17,4217.234515
212,18,4202.829977
212,19,4058.069086
212,21,3890.952917
212,25,3746.830457
212,29,3728.846008
212,30,3613.516270
213,10,8877.772173
213,11,7435.075990
213,12,5455.267059
213,13,4790.319771
213,15,4766.422001
213,16,4489.599689
213,17,4217.234515
213,18,4202.829977
213,19,4058.069086
213,21,3890.952917
213,25,3746.830457
213,29,3728.846008
213,30,3613.516270
214,10,8877.772173
214,11,7435.075990
214,12,5455.267059
214,13,4790.319771
214,15,4766.422001
214,16,4489.599689
214,17,4217.234515
214,18,4202.829977
214,19,4058.069086
214,21,3890.952917
214,25,3746.830457
214,29,3728.846008
214,30,3613.516270
215,10,8877.772173
215,11,7435.075990
215,12,5455.267059
215,13,4790.319771
215,15,4766.422001
215,16,4489.599689
215,17,4217.234515
215,18,4202.829977
215,19,4058.069086
215,21,3890.952917
215,25,3746.830457
215,29,3728.846008
215,30,3613.516270
216,10,8877.772173
216,11,7435.075990
216,12,5455.267059
216,13,4790.319771
216,15,4766.422001
216,16,4489.599689
216,17,4217.234515
216,18,4202.829977
216,19,4058.069086
216,21,3890.952917
216,25,3746.830457
216,29,3692.041536
216,30,3613.516270
217,10,8877.772173
217,11,7435.075990
217,12,5455.267059
217,13,4790.319771
217,15,4766.422001
217,16,4489.599689
217,17,4217.234515
217,18,4202.829977
217,19,4058.069086
217,21,3890.952917
217,25,3746.830457
217,29,3692.041536
217,30,3613.516270
218,10,8877.772173
218,11,7435.075990
218,12,5455.267059
218,13,4790.319771
218,15,4621.812802
218,16,4489.599689
218,17,4217.234515
218,18,4202.829977
218,19,4058.069086
218,21,3890.952917
218,25,3746.830457
218,29,3692.041536
218,30,3613.516270
219,10,8877.772173
219,11,7435.075990
219,12,5455.267059
219,13,4790.319771
219,15,4621.812802
219,16,4489.599689
219,17,4217.234515
219,18,4202.829977
219,19,4058.069086
219,21,3890.952917
219,25,3746.830457
219,29,3692.041536
219,30,3613.516270
220,10,8877.772173
220,11,7435.075990
220,12,5455.267059
220,13,4790.319771
220,15,4621.812802
220,16,4489.599689
220,17,4217.234515
220,18,4202.829977
220,19,4058.069086
220,21,3890.952917
220,25,3746.830457
220,29,3692.041536
220,30,3613.516270
221,10,8877.772173
221,11,7435.075990
221,12,5455.267059
221,13,4790.319771
221,15,4621.812802
221,16,4489.599689
221,17,4217.234515
221,18,4093.744981
221,19,4058.069086
221,21,3890.952917
221,25,3746.830457
221,29,3692.041536
221,30,3613.516270
222,10,8877.772173
222,11,7435.075990
222,12,5455.267059
222,13,4790.319771
222,15,4621.812802
222,16,4489.599689
222,17,4217.234515
222,18,4093.744981
222,19,4058.069086
222,21,3890.952917
222,25,3746.830457
222,29,3692.041536
222,30,3613.516270
223,10,8877.772173
223,11,7435.075990
223,12,5455.267059
223,13,4790.319771
223,15,4621.812802
223,16,4489.599689
223,17,4217.234515
223,18,4093.744981
223,19,4058.069086
223,20,3992.755329
223,21,3890.952917
223,25,3746.830457
223,29,3692.041536
223,30,3613.516270
224,10,8877.772173
224,11,7435.075990
224,12,5455.267059
224,13,4790.319771
224,15,4621.812802
224,16,4489.599689
224,17,4217.234515
224,18,4093.744981
224,19,4058.069086
224,20,3992.755329
224,21,3890.952917
224,25,3746.830457
224,29,3692.041536
224,30,3613.516270
225,10,8877.772173
225,11,7401.710832
225,12,5455.267059
225,13,4790.319771
225,15,4621.812802
225,16,4449.084974
225,17,4217.234515
225,18,4093.744981
225,19,4058.069086
225,20,3992.755329
225,21,3890.952917
225,25,3746.830457
225,29,3692.041536
225,30,3613.516270
226,10,8877.772173
226,11,7401.710832
226,12,5455.267059
226,13,4700.554027
226,15,4621.812802
226,16,4449.084974
226,17,4217.234515
226,18,4093.744981
226,19,4058.069086
226,20,3992.755329
226,21,3890.952917
226,25,3746.830457
226,29,3692.041536
226,30,3613.516270
227,10,8877.772173
227,11,7401.710832
227,12,5455.267059
227,13,4700.554027
227,15,4621.812802
227,16,4412.319916
227,17,4217.234515
227,18,4093.744981
227,19,4058.069086
227,20,3992.755329
227,21,3890.952917
227,25,3746.830457
227,29,3692.041536
227,30,3613.516270
228,10,8877.772173
228,11,7401.710832
228,12,5455.267059
228,13,4700.554027
228,15,4621.812802
228,16,4412.319916
228,17,4217.234515
228,18,4093.744981
228,19,4058.069086
228,20,3992.755329
228,21,3890.952917
228,25,3746.830457
228,29,3692.041536
228,30,3613.516270
229,10,8877.772173
229,11,7401.710832
229,12,5455.267059
229,13,4700.554027
229,15,4621.812802
229,16,4412.319916
229,17,4217.234515
229,18,4093.744981
229,19,4058.069086
229,20,3992.755329
229,21,3890.952917
229,24,3871.374017
229,25,3746.830457
229,29,3692.041536
229,30,3613.516270
230,10,8877.772173
230,11,7401.710832
230,12,5455.267059
230,13,4700.554027
230,15,4621.812802
230,16,4412.319916
230,17,4217.234515
230,18,4093.744981
230,19,4058.069086
230,20,3992.755329
230,21,3890.952917
230,24,3871.374017
230,25,3746.830457
230,29,3692.041536
230,30,3613.516270
231,10,8877.772173
231,11,7401.710832
231,12,5455.267059
231,13,4700.554027
231,15,4621.812802
231,16,4412.319916
231,17,4217.234515
231,18,4093.744981
231,19,4058.069086
231,20,3992.755329
231,21,3890.952917
231,24,3871.374017
231,25,3746.830457
231,29,3692.041536
231,30,3613.516270
232,10,8877.772173
232,11,7401.710832
232,12,5455.267059
232,13,4700.554027
232,15,4621.812802
232,16,4412.319916
232,17,4217.234515
232,18,4093.744981
232,19,4058.069086
232,20,3992.755329
232,21,3890.952917
232,24,3871.374017
232,25,3746.830457
232,29,3692.041536
232,30,3613.516270
233,10,8877.772173
233,11,7401.710832
233,12,5455.267059
233,13,4700.554027
233,15,4621.812802
233,16,4412.319916
233,17,4217.234515
233,18,4093.744981
233,19,4058.069086
233,20,3992.755329
233,21,3890.952917
233,24,3871.374017
233,25,3746.830457
233,29,3692.041536
233,30,3613.516270
234,10,8877.772173
234,11,7279.739450
234,12,5455.267059
234,13,4700.554027
234,15,4621.812802
234,16,4412.319916
234,17,4217.234515
234,18,4093.744981
234,19,4058.069086
234,20,3992.755329
234,21,3890.952917
234,24,3871.374017
234,25,3746.830457
234,29,3692.041536
234,30,3613.516270
235,10,8877.772173
235,11,7279.739450
235,12,5455.267059
235,13,4700.554027
235,15,4621.812802
235,16,4412.319916
235,17,4217.234515
235,18,4093.744981
235,19,4058.069086
235,20,3992.755329
235,21,3890.952917
235,24,3871.374017
235,25,3746.830457
235,29,3692.041536
235,30,3613.516270
236,10,8877.772173
236,11,7279.739450
236,12,5455.267059
236,13,4700.554027
236,15,4621.812802
236,16,4412.319916
236,17,4217.234515
236,18,4093.744981
236,19,4058.069086
236,20,3992.755329
236,21,3890.952917
236,24,3871.374017
236,25,3660.080340
236,30,3613.516270
237,10,8877.772173
237,11,7279.739450
237,12,5455.267059
237,13,4700.554027
237,15,4621.812802
237,16,4412.319916
237,17,4217.234515
237,18,4093.744981
237,19,4058.069086
237,20,3992.755329
237,21,3890.952917
237,23,3725.093558
237,25,3660.080340
237,30,3613.516270
238,10,8877.772173
238,11,7279.739450
238,12,5455.267059
238,13,4700.554027
238,15,4621.812802
238,16,4412.319916
238,17,4217.234515
238,18,4093.744981
238,19,4058.069086
238,20,3992.755329
238,21,3890.952917
238,23,3725.093558
238,25,3660.080340
238,30,3613.516270
239,10,8877.772173
239,11,7267.092991
239,12,5455.267059
239,13,4700.554027
239,15,4621.812802
239,16,4412.319916
239,17,4217.234515
239,18,4093.744981
239,19,4058.069086
239,20,3992.755329
239,21,3890.952917
239,23,3725.093558
239,25,3660.080340
239,30,3613.516270
240,10,8877.772173
240,11,7267.092991
240,12,5455.267059
240,13,4700.554027
240,15,4621.812802
240,16,4412.319916
240,17,4217.234515
240,18,4093.744981
240,19,4058.069086
240,20,3992.755329
240,21,3890.952917
240,23,3725.093558
240,25,3660.080340
240,30,3613.516270
241,10,8877.772173
241,11,6847.714368
241,12,5455.267059
241,13,4700.554027
241,15,4331.885630
241,17,4217.234515
241,18,4093.744981
241,19,4058.069086
241,20,3992.755329
241,21,3890.952917
241,23,3725.093558
241,25,3660.080340
241,30,3613.516270
242,10,8877.772173
242,11,6847.714368
242,12,5455.267059
242,13,4700.554027
242,15,4331.885630
242,17,4217.234515
242,18,4093.744981
242,19,4058.069086
242,20,3992.755329
242,21,3890.952917
242,23,3725.093558
242,25,3660.080340
242,30,3613.516270
243,10,8877.772173
243,11,6847.714368
243,12,5455.267059
243,13,4700.554027
243,15,4331.885630
243,17,4217.234515
243,18,4093.744981
243,19,4058.069086
243,20,3992.755329
243,21,3890.952917
243,23,3725.093558
243,25,3660.080340
243,30,3613.516270
244,10,8877.772173
244,11,6847.714368
244,12,5455.267059
244,13,4700.554027
244,15,4331.885630
244,17,4217.234515
244,18,4093.744981
244,19,4058.069086
244,20,3992.755329
244,21,3890.952917
244,23,3725.093558
244,25,3660.080340
244,30,3613.516270
245,10,8877.772173
245,11,6847.714368
245,12,5455.267059
245,13,4700.554027
245,15,4331.885630
245,17,4217.234515
245,18,4093.744981
245,19,4058.069086
245,20,3992.755329
245,21,3890.952917
245,23,3725.093558
245,25,3660.080340
245,30,3613.516270
246,10,8877.772173
246,11,6847.714368
246,12,5455.267059
246,13,4383.929262
246,15,4331.885630
246,17,4161.365666
246,18,3989.395235
246,21,3890.952917
246,23,3725.093558
246,25,3660.080340
246,30,3613.516270
247,10,8877.772173
247,11,6847.714368
247,12,5455.267059
247,13,4383.929262
247,15,4331.885630
247,17,4161.365666
247,18,3989.395235
247,21,3890.952917
247,23,3725.093558
247,25,3660.080340
247,30,3613.516270
248,10,8877.772173
248,11,6847.714368
248,12,5455.267059
248,13,4383.929262
248,15,4331.885630
248,16,4302.843286
248,17,4161.365666
248,18,3989.395235
248,21,3890.952917
248,23,3725.093558
248,25,3660.080340
248,30,3613.516270
249,10,8877.772173
249,11,6847.714368
249,12,5455.267059
249,13,4383.929262
249,15,4331.885630
249,16,4302.843286
249,17,4161.365666
249,18,3989.395235
249,21,3890.952917
249,23,3725.093558
249,25,3660.080340
249,30,3613.516270
250,10,8877.772173
250,11,6847.714368
250,12,5455.267059
250,13,4383.929262
250,15,4331.885630
250,16,4302.843286
250,17,4161.365666
250,18,3989.395235
250,21,3890.952917
250,23,3725.093558
250,25,3660.080340
250,30,3613.516270
251,10,8877.772173
251,11,6847.714368
251,12,5455.267059
251,13,4383.929262
251,15,4331.885630
251,16,4302.843286
251,17,4161.365666
251,18,3989.395235
251,21,3890.952917
251,23,3725.093558
251,25,3660.080340
251,30,3613.516270
252,10,8877.772173
252,11,6847.714368
252,12,5455.267059
252,13,4383.929262
252,15,4331.885630
252,16,4302.843286
252,17,4161.365666
252,18,3989.395235
252,21,3826.028201
252,23,3725.093558
252,25,3660.080340
252,30,3613.516270
253,10,8877.772173
253,11,6847.714368
253,12,5318.650610
253,13,4383.929262
253,15,4331.885630
253,16,4302.843286
253,17,4161.365666
253,18,3989.395235
253,21,3826.028201
253,23,3725.093558
253,25,3660.080340
253,30,3613.516270
254,10,8877.772173
254,11,6847.714368
254,12,5318.650610
254,13,4383.929262
254,15,4331.885630
254,16,4302.843286
254,17,4161.365666
254,18,3989.395235
254,21,3826.028201
254,23,3725.093558
254,25,3660.080340
254,30,3613.516270
255,10,8877.772173
255,11,6847.714368
255,12,5318.650610
255,13,4383.929262
255,15,4331.885630
255,16,4302.843286
255,17,4161.365666
255,18,3989.395235
255,21,3826.028201
255,23,3725.093558
255,25,3660.080340
255,30,3613.516270
256,10,8877.772173
256,11,6847.714368
256,12,5318.650610
256,13,4383.929262
256,15,4331.885630
256,16,4302.843286
256,17,4161.365666
256,18,3989.395235
256,21,3785.279888
256,22,3708.081403
256,25,3660.080340
256,30,3613.516270
257,10,8877.772173
257,11,6847.714368
257,12,5318.650610
257,13,4383.929262
257,15,4331.885630
257,16,4302.843286
257,17,4161.365666
257,18,3989.395235
257,21,3785.279888
257,22,3708.081403
257,25,3660.080340
257,30,3613.516270
258,10,8877.772173
258,11,6524.238080
258,12,5318.650610
258,13,4383.929262
258,15,4331.885630
258,16,4302.843286
258,17,4161.365666
258,18,3989.395235
258,21,3785.279888
258,22,3708.081403
258,25,3660.080340
258,30,3613.516270
259,10,8877.772173
259,11,6524.238080
259,12,5318.650610
259,13,4383.929262
259,15,4331.885630
259,16,4302.843286
259,17,4161.365666
259,18,3989.395235
259,20,3980.985961
259,21,3785.279888
259,22,3708.081403
259,25,3660.080340
259,30,3613.516270
260,10,8618.678096
260,11,6524.238080
260,12,5318.650610
260,13,4383.929262
260,15,4331.885630
260,16,4302.843286
260,17,4161.365666
260,18,3989.395235
260,20,3980.985961
260,21,3785.279888
260,22,3708.081403
260,25,3660.080340
260,30,3613.516270
261,10,8505.347006
261,11,6524.238080
261,12,5318.650610
261,13,4383.929262
261,15,4331.885630
261,16,4302.843286
261,17,4161.365666
261,18,3989.395235
261,20,3980.985961
261,21,3785.279888
261,22,3708.081403
261,25,3660.080340
261,30,3613.516270
262,10,8505.347006
262,11,6524.238080
262,12,5318.650610
262,13,4383.929262
262,15,4331.885630
262,16,4302.843286
262,17,4161.365666
262,18,3989.395235
262,20,3980.985961
262,21,3785.279888
262,22,3708.081403
262,25,3660.080340
262,30,3613.516270
263,10,8505.347006
263,11,6524.238080
263,12,5318.650610
263,13,4383.929262
263,15,4331.885630
263,16,4302.843286
263,17,4161.365666
263,18,3989.395235
263,20,3980.985961
263,21,3785.279888
263,22,3708.081403
263,25,3660.080340
263,30,3613.516270
264,10,8505.347006
264,11,6524.238080
264,12,5318.650610
264,13,4383.929262
264,15,4331.885630
264,16,4302.843286
264,17,4161.365666
264,18,3989.395235
264,20,3980.985961
264,21,3785.279888
264,22,3708.081403
264,25,3660.080340
264,30,3613.516270
265,10,8505.347006
265,11,6524.238080
265,12,5318.650610
265,13,4383.929262
265,15,4331.885630
265,16,4297.847480
265,17,4161.365666
265,18,3989.395235
265,20,3980.985961
265,21,3785.279888
265,22,3708.081403
265,25,3660.080340
265,30,3613.516270
266,10,8505.347006
266,11,6524.238080
266,12,5318.650610
266,13,4377.808021
266,15,4331.885630
266,16,4297.847480
266,17,4161.365666
266,18,3988.670040
266,20,3980.985961
266,21,3785.279888
266,22,3708.081403
266,25,3660.080340
266,30,3613.516270
267,10,8505.347006
267,11,6524.238080
267,12,5318.650610
267,13,4377.808021
267,15,4331.885630
267,16,4297.847480
267,17,4161.365666
267,18,3988.670040
267,20,3980.985961
267,21,3785.279888
267,22,3708.081403
267,25,3660.080340
267,30,3613.516270
268,10,8505.347006
268,11,6524.238080
268,12,5318.650610
268,13,4377.808021
268,15,4331.885630
268,16,4297.847480
268,17,4161.365666
268,18,3988.670040
268,20,3980.985961
268,21,3785.279888
268,22,3708.081403
268,25,3660.080340
268,30,3613.516270
269,10,8505.347006
269,11,6524.238080
269,12,5318.650610
269,13,4377.808021
269,15,4331.885630
269,16,4297.847480
269,17,4161.365666
269,18,3988.670040
269,20,3980.985961
269,21,3785.279888
269,22,3708.081403
269,25,3660.080340
269,30,3613.516270
270,10,8505.347006
270,11,6490.837808
270,12,5318.650610
270,13,4377.808021
270,15,4331.885630
270,16,4297.847480
270,17,4161.365666
270,18,3988.670040
270,20,3980.985961
270,21,3785.279888
270,22,3708.081403
270,25,3660.080340
270,30,3613.516270
271,10,8505.347006
271,11,6490.837808
271,12,5318.650610
271,13,4377.808021
271,15,4331.885630
271,16,4297.847480
271,17,4130.122809
271,18,3988.670040
271,20,3980.985961
271,21,3785.279888
271,22,3708.081403
271,25,3660.080340
271,30,3613.516270
272,10,8163.592988
272,11,6490.837808
272,12,5318.650610
272,13,4377.808021
272,15,4331.885630
272,16,4297.847480
272,17,4130.122809
272,18,3988.670040
272,20,3941.776700
272,21,3785.279888
272,22,3708.081403
272,25,3660.080340
272,30,3613.516270
273,9,10293.840656
273,10,8163.592988
273,11,6490.837808
273,12,5318.650610
273,13,4377.808021
273,15,4331.885630
273,16,4297.847480
273,17,4130.122809
273,18,3988.670040
273,20,3941.776700
273,21,3785.279888
273,22,3708.081403
273,25,3660.080340
273,30,3613.516270
274,9,10293.840656
274,10,8163.592988
274,11,6490.837808
274,12,5318.650610
274,13,4377.808021
274,15,4331.885630
274,16,4297.847480
274,17,4130.122809
274,18,3988.670040
274,20,3941.776700
274,21,3785.279888
274,22,3708.081403
274,25,3660.080340
274,30,3613.516270
275,9,10293.840656
275,10,8163.592988
275,11,6490.837808
275,12,5318.650610
275,13,4377.808021
275,15,4331.885630
275,16,4297.847480
275,17,4130.122809
275,18,3988.670040
275,20,3941.776700
275,21,3785.279888
275,22,3708.081403
275,25,3660.080340
275,30,3613.516270
276,9,10293.840656
276,10,8083.202199
276,11,6335.934280
276,12,5315.689015
276,13,4377.808021
276,15,4331.885630
276,16,4244.325288
276,17,4130.122809
276,18,3988.670040
276,20,3941.776700
276,21,3785.279888
276,22,3656.705958
276,30,3613.516270
277,9,10293.840656
277,10,8083.202199
277,11,6335.934280
277,12,5315.689015
277,13,4377.808021
277,15,4331.885630
277,16,4244.325288
277,17,4130.122809
277,18,3988.670040
277,20,3941.776700
277,21,3785.279888
277,22,3656.705958
277,30,3613.516270
278,9,10293.840656
278,10,8083.202199
278,11,6335.934280
278,12,5315.689015
278,13,4377.808021
278,15,4331.885630
278,16,4244.325288
278,17,4130.122809
278,18,3988.670040
278,20,3941.776700
278,21,3785.279888
278,22,3656.705958
278,30,3613.516270
279,9,10293.840656
279,10,8083.202199
279,11,6335.934280
279,12,5186.062518
279,13,4377.808021
279,15,4331.885630
279,16,4239.370047
279,17,4130.122809
279,18,3988.670040
279,20,3941.776700
279,21,3785.279888
279,22,3656.705958
279,30,3613.516270
280,9,10293.840656
280,10,8083.202199
280,11,6335.934280
280,12,5186.062518
280,13,4377.808021
280,15,4331.885630
280,16,4239.370047
280,17,4130.122809
280,18,3988.670040
280,20,3941.776700
280,21,3785.279888
280,22,3656.705958
280,30,3613.516270
281,9,10293.840656
281,10,8083.202199
281,11,6335.934280
281,12,5186.062518
281,13,4291.151829
281,16,4239.370047
281,17,4130.122809
281,18,3979.121670
281,20,3941.776700
281,21,3637.473789
281,30,3613.516270
282,9,10293.840656
282,10,8083.202199
282,11,6335.934280
282,12,5186.062518
282,13,4291.151829
282,16,4239.370047
282,17,4130.122809
282,18,3979.121670
282,20,3905.334890
282,21,3637.473789
282,30,3613.516270
283,9,10293.840656
283,10,8083.202199
283,11,6335.934280
283,12,5186.062518
283,13,4291.151829
283,16,4239.370047
283,17,4130.122809
283,18,3979.121670
283,20,3905.334890
283,21,3637.473789
283,30,3613.516270
284,9,10293.840656
284,10,8083.202199
284,11,6335.934280
284,12,5186.062518
284,13,4291.151829
284,16,4239.370047
284,17,4130.122809
284,18,3979.121670
284,20,3905.334890
284,21,3637.473789
284,30,3613.516270
285,9,10293.840656
285,10,8083.202199
285,11,6335.934280
285,12,5186.062518
285,13,4291.151829
285,16,4239.370047
285,17,4130.122809
285,18,3979.121670
285,20,3905.334890
285,21,3637.473789
285,30,3613.516270
286,9,10293.840656
286,10,8083.202199
286,11,6335.934280
286,12,5186.062518
286,13,4291.151829
286,16,4198.958374
286,17,4130.122809
286,18,3979.121670
286,20,3905.334890
286,21,3637.473789
286,30,3613.516270
287,9,10293.840656
287,10,8083.202199
287,11,6335.934280
287,12,5186.062518
287,13,4291.151829
287,16,4198.958374
287,17,4130.122809
287,18,3979.121670
287,20,3905.334890
287,21,3637.473789
287,30,3613.516270
288,9,10275.598369
288,10,8083.202199
288,11,6335.934280
288,12,5186.062518
288,13,4291.151829
288,16,4122.898907
288,18,3979.121670
288,20,3905.334890
288,21,3637.473789
288,30,3613.516270
289,9,10275.598369
289,10,8083.202199
289,11,6335.934280
289,12,5186.062518
289,13,4291.151829
289,16,4122.898907
289,18,3979.121670
289,20,3905.334890
289,21,3637.473789
289,30,3613.516270
290,9,10275.598369
290,10,8083.202199
290,11,6335.934280
290,12,5186.062518
290,13,4291.151829
290,16,4122.898907
290,18,3979.121670
290,20,3905.334890
290,21,3637.473789
290,30,3613.516270
291,9,10275.598369
291,10,7714.543745
291,11,6335.934280
291,12,5186.062518
291,13,4291.151829
291,16,4122.898907
291,18,3915.842910
291,20,3905.334890
291,21,3637.473789
291,29,3591.297206
292,9,10275.598369
292,10,7714.543745
292,11,6335.934280
292,12,5186.062518
292,13,4291.151829
292,16,4122.898907
292,18,3915.842910
292,20,3905.334890
292,21,3637.473789
292,24,3553.955734
293,9,10275.598369
293,10,7714.543745
293,11,6335.934280
293,12,5186.062518
293,13,4291.151829
293,16,4122.898907
293,18,3915.842910
293,20,3905.334890
293,21,3637.473789
293,24,3553.955734
294,9,10275.598369
294,10,7714.543745
294,11,6335.934280
294,12,5186.062518
294,13,4291.151829
294,16,4122.898907
294,18,3915.842910
294,20,3905.334890
294,21,3637.473789
294,23,3608.351846
294,24,3553.955734
295,9,10275.598369
295,10,7714.543745
295,11,6335.934280
295,12,5186.062518
295,13,4291.151829
295,16,4122.898907
295,18,3915.842910
295,20,3905.334890
295,21,3637.473789
295,23,3608.351846
295,24,3553.955734
296,9,10275.598369
296,10,7714.543745
296,11,6180.110718
296,12,5186.062518
296,13,4084.560836
296,18,3915.842910
296,20,3905.334890
296,21,3637.473789
296,23,3608.351846
296,24,3553.955734
297,9,10275.598369
297,10,7714.543745
297,11,6180.110718
297,12,5186.062518
297,13,4084.560836
297,18,3915.842910
297,20,3905.334890
297,21,3637.473789
297,23,3608.351846
297,24,3553.955734
298,9,10275.598369
298,10,7714.543745
298,11,6180.110718
298,12,5186.062518
298,13,4084.560836
298,18,3915.842910
298,20,3905.334890
298,21,3637.473789
298,23,3608.351846
298,24,3553.955734
299,9,10275.598369
299,10,7714.543745
299,11,6180.110718
299,12,5186.062518
299,13,4084.560836
299,18,3915.842910
299,20,3905.334890
299,21,3637.473789
299,23,3608.351846
299,24,3553.955734
300,9,10275.598369
300,10,7714.543745
300,11,6180.110718
300,12,5186.062518
300,13,4084.560836
300,18,3915.842910
300,20,3905.334890
300,21,3637.473789
300,23,3608.351846
300,24,3553.955734
301,9,10275.598369
301,10,7714.543745
301,11,6180.110718
301,12,5186.062518
301,13,4079.609889
301,18,3915.842910
301,20,3905.334890
301,21,3637.473789
301,23,3608.351846
301,24,3553.955734
302,9,10275.598369
302,10,7522.232246
302,11,6180.110718
302,12,5186.062518
302,13,4079.609889
302,18,3915.842910
302,20,3841.576072
302,21,3637.473789
302,23,3608.351846
302,24,3553.955734
303,9,10275.598369
303,10,7522.232246
303,11,6180.110718
303,12,5186.062518
303,13,4079.609889
303,18,3915.842910
303,20,3841.576072
303,21,3637.473789
303,23,3608.351846
303,24,3553.955734
304,9,10275.598369
304,10,7522.232246
304,11,6180.110718
304,12,5186.062518
304,13,4079.609889
304,18,3915.842910
304,20,3841.576072
304,21,3637.473789
304,23,3608.351846
304,24,3553.955734
305,9,10275.598369
305,10,7522.232246
305,11,6180.110718
305,12,5186.062518
305,13,4079.609889
305,18,3915.842910
305,20,3841.576072
305,21,3637.473789
305,23,3608.351846
305,24,3553.955734
306,9,10275.598369
306,10,7522.232246
306,11,6180.110718
306,12,5186.062518
306,13,4079.609889
306,18,3915.842910
306,20,3633.821548
306,21,3553.049860
307,9,10275.598369
307,10,7522.232246
307,11,6180.110718
307,12,5186.062518
307,13,4079.609889
307,18,3915.842910
307,20,3633.821548
307,21,3553.049860
308,9,10275.598369
308,10,7522.232246
308,11,6180.110718
308,12,5186.062518
308,13,4079.609889
308,18,3915.842910
308,20,3633.821548
308,21,3553.049860
309,9,10275.598369
309,10,7522.232246
309,11,6180.110718
309,12,5186.062518
309,13,4079.609889
309,17,3687.647822
309,20,3633.821548
309,21,3553.049860
310,9,10275.598369
310,10,7522.232246
310,11,6180.110718
310,12,5186.062518
310,13,4079.609889
310,17,3687.647822
310,20,3633.821548
310,21,3553.049860
311,9,9090.819069
311,10,7522.232246
311,11,6180.110718
311,12,5186.062518
311,13,4079.609889
311,17,3687.647822
311,20,3633.821548
311,21,3553.049860
312,9,9090.819069
312,10,7522.232246
312,11,6180.110718
312,12,5186.062518
312,13,4079.609889
312,17,3687.647822
312,20,3574.195516
312,21,3553.049860
313,9,9090.819069
313,10,7522.232246
313,11,6180.110718
313,12,5186.062518
313,13,4079.609889
313,17,3687.647822
313,20,3574.195516
313,21,3553.049860
313,29,3550.805832
314,9,9090.819069
314,10,7522.232246
314,11,6180.110718
314,12,5186.062518
314,13,4079.609889
314,17,3687.647822
314,20,3574.195516
314,21,3553.049860
314,29,3550.805832
315,9,9090.819069
315,10,7477.856227
315,11,6180.110718
315,12,5186.062518
315,13,4079.609889
315,16,4045.437973
315,17,3687.647822
315,20,3574.195516
315,21,3553.049860
315,27,3546.132076
316,9,9090.819069
316,10,7477.856227
316,11,5953.291312
316,12,5161.565460
316,13,4079.609889
316,16,4045.437973
316,17,3687.647822
316,20,3515.884278
317,9,9090.819069
317,10,7477.856227
317,11,5953.291312
317,12,5161.565460
317,13,4079.609889
317,16,4045.437973
317,17,3687.647822
317,20,3515.884278
318,9,9090.819069
318,10,7477.856227
318,11,5953.291312
318,12,5161.565460
318,13,4079.609889
318,16,4045.437973
318,17,3687.647822
318,20,3515.884278
319,9,9090.819069
319,10,7477.856227
319,11,5953.291312
319,12,5161.565460
319,13,4079.609889
319,16,3996.748203
319,17,3687.647822
319,20,3515.884278
320,9,9090.819069
320,10,7477.856227
320,11,5953.291312
320,12,5161.565460
320,13,4079.609889
320,16,3996.748203
320,17,3687.647822
320,20,3515.884278
321,9,9090.819069
321,10,7477.856227
321,11,5953.291312
321,12,5161.565460
321,13,4079.609889
321,16,3996.748203
321,17,3687.647822
321,19,3670.423333
321,20,3515.884278
322,9,9090.819069
322,10,7477.856227
322,11,5953.291312
322,12,5161.565460
322,13,4079.609889
322,16,3996.748203
322,17,3687.647822
322,19,3670.423333
322,20,3515.884278
323,9,9090.819069
323,10,7477.856227
323,11,5953.291312
323,12,5161.565460
323,13,4079.609889
323,16,3996.748203
323,17,3687.647822
323,19,3670.423333
323,20,3515.884278
324,9,9090.819069
324,10,7477.856227
324,11,5931.923441
324,12,5161.565460
324,13,4079.609889
324,16,3996.748203
324,17,3687.647822
324,19,3670.423333
324,20,3515.884278
325,9,9090.819069
325,10,7477.856227
325,11,5931.923441
325,12,5119.456024
325,13,4079.609889
325,16,3996.748203
325,17,3687.647822
325,19,3670.423333
325,20,3515.884278
