Generation,NV,TOC
1,12,4047.306229
1,15,3637.016518
1,16,2710.659597
1,17,2679.586531
1,18,2431.431995
1,22,2382.685862
1,23,2212.729898
1,31,2209.640695
2,12,4047.306229
2,13,3603.210166
2,14,3316.181055
2,15,3124.118173
2,16,2710.659597
2,17,2458.056169
2,18,2431.431995
2,22,2382.685862
2,23,2212.729898
2,31,2209.640695
3,12,3311.275347
3,14,2945.162253
3,15,2862.536007
3,16,2710.659597
3,17,2458.056169
3,18,2431.431995
3,20,2430.842029
3,21,2377.052852
3,22,2227.412444
3,23,2141.073224
4,12,3311.275347
4,14,2736.315394
4,15,2547.214816
4,17,2458.056169
4,18,2431.431995
4,19,2412.529416
4,20,2356.711375
4,21,2341.308257
4,22,2227.412444
4,23,2141.073224
5,11,3912.430102
5,12,3295.960059
5,14,2730.086938
5,15,2547.214816
5,16,2359.050917
5,18,2269.295753
5,22,2227.412444
5,23,2131.874808
6,11,3475.586258
6,12,3274.378871
6,14,2726.554142
6,15,2547.214816
6,16,2359.050917
6,18,2269.295753
6,22,2194.417943
6,23,2131.874808
7,11,3475.586258
7,12,3053.308466
7,13,3009.218615
7,14,2524.303308
7,16,2344.078302
7,17,2238.563929
7,21,2119.003317
7,23,2114.720648
7,30,2110.378269
8,11,3475.586258
8,12,2957.283890
8,13,2933.959316
8,14,2524.303308
8,15,2460.584616
8,16,2344.078302
8,17,2238.563929
8,20,2073.785083
8,21,2035.999348
9,11,3475.586258
9,12,2957.283890
9,13,2732.156797
9,14,2495.973884
9,15,2460.584616
9,16,2344.078302
9,17,2238.563929
9,20,2073.785083
9,21,2035.999348
10,10,3372.541320
10,11,2791.906488
10,13,2544.821331
10,14,2320.818882
10,17,2238.563929
10,18,2225.484941
10,20,2073.785083
10,21,2035.999348
11,10,2997.012411
11,11,2791.906488
11,13,2544.821331
11,14,2320.818882
11,17,2095.176792
11,20,2073.785083
11,21,2035.999348
12,10,2997.012411
12,11,2626.973527
12,13,2544.821331
12,14,2320.818882
12,15,2309.013549
12,16,2024.726004
13,10,2997.012411
13,11,2626.973527
13,13,2544.821331
13,14,2320.818882
13,15,2062.848618
13,16,2024.726004
14,10,2997.012411
14,11,2626.973527
14,13,2418.778905
14,14,2320.818882
14,15,2062.848618
14,16,2024.726004
15,10,2997.012411
15,11,2626.973527
15,13,2396.782540
15,14,2320.818882
15,15,2062.848618
15,16,2024.019608
16,9,3397.083626
16,10,2997.012411
16,11,2626.973527
16,12,2484.968505
16,13,2341.372192
16,14,2308.406670
16,15,2062.848618
16,16,2024.019608
16,20,2007.253557
17,9,3397.083626
17,10,2947.456810
17,11,2552.939589
17,12,2484.968505
17,13,2341.372192
17,14,2064.805813
17,15,2013.321003
17,16,2002.285041
18,9,3397.083626
18,10,2947.456810
18,11,2519.181035
18,12,2484.968505
18,13,2341.372192
18,14,2064.805813
18,15,2013.321003
18,16,2002.285041
18,19,1978.253620
19,9,3397.083626
19,10,2947.456810
19,11,2519.181035
19,12,2394.125675
19,13,2341.372192
19,14,2064.805813
19,15,2013.321003
19,16,2002.285041
19,18,1988.987806
19,19,1978.253620
20,9,3397.083626
20,10,2829.617188
20,11,2519.181035
20,12,2394.125675
20,13,2341.372192
20,14,2064.805813
20,15,2003.161600
20,16,2002.285041
20,18,1969.625920
21,9,3397.083626
21,10,2586.154702
21,11,2455.685399
21,12,2394.125675
21,13,2341.372192
21,14,2064.805813
21,15,2003.161600
21,16,2002.285041
21,17,1985.866656
21,18,1969.625920
21,19,1962.432102
22,9,3397.083626
22,10,2586.154702
22,11,2455.685399
22,12,2383.202182
22,13,2180.169571
22,14,2050.314891
22,15,2003.161600
22,16,1939.743169
23,9,3209.425249
23,10,2394.658339
23,12,2336.327568
23,13,2180.169571
23,14,2050.314891
23,15,2003.161600
23,16,1939.743169
24,9,3209.425249
24,10,2394.658339
24,12,2336.327568
24,13,2124.703829
24,14,2050.314891
24,15,2003.161600
24,16,1939.743169
25,9,2885.929305
25,10,2394.658339
25,12,2336.327568
25,13,2124.703829
25,14,2050.314891
25,15,2003.161600
25,16,1939.743169
26,9,2885.929305
26,10,2394.658339
26,12,2336.327568
26,13,2124.703829
26,14,2050.314891
26,15,1966.007591
26,16,1939.743169
27,9,2767.087445
27,10,2394.658339
27,12,2313.291646
27,13,2124.703829
27,14,2050.314891
27,15,1966.007591
27,16,1939.743169
28,9,2750.473492
28,10,2394.658339
28,12,2313.291646
28,13,2114.465531
28,14,2019.815398
28,15,1966.007591
28,16,1939.743169
29,9,2728.268363
29,10,2380.705001
29,11,2378.923836
29,12,2313.291646
29,13,2114.465531
29,14,2019.815398
29,15,1966.007591
29,16,1939.743169
30,9,2716.902317
30,10,2380.705001
30,11,2301.032973
30,12,2228.936154
30,13,2114.465531
30,14,2019.815398
30,15,1966.007591
30,16,1939.743169
30,18,1925.835686
31,9,2470.633021
31,10,2380.705001
31,11,2252.247282
31,12,2225.571643
31,13,2046.670286
31,14,2019.815398
31,15,1966.007591
31,16,1939.743169
31,18,1925.835686
32,8,3499.624757
32,9,2470.633021
32,10,2374.700907
32,11,2252.247282
32,12,2155.674532
32,13,2046.670286
32,14,2019.815398
32,15,1934.716682
32,18,1925.835686
33,8,2966.746225
33,9,2470.633021
33,10,2361.841623
33,11,2252.247282
33,12,2155.674532
33,13,2046.670286
33,14,2019.815398
33,15,1934.716682
33,16,1925.755871
34,8,2966.746225
34,9,2470.633021
34,10,2344.309273
34,11,2252.247282
34,12,2155.674532
34,13,2046.670286
34,14,2019.815398
34,15,1934.716682
34,16,1925.755871
35,8,2966.746225
35,9,2470.633021
35,10,2344.309273
35,11,2252.247282
35,12,2155.674532
35,13,2046.670286
35,14,2019.815398
35,15,1934.716682
35,16,1925.755871
36,8,2966.746225
36,9,2470.633021
36,10,2344.309273
36,11,2242.260671
36,12,2155.674532
36,13,1984.645879
36,15,1934.716682
36,16,1925.755871
36,17,1922.690338
37,8,2698.185266
37,9,2470.633021
37,10,2344.309273
37,11,2173.650117
37,12,2151.165344
37,13,1950.365809
37,15,1934.716682
37,16,1925.755871
37,17,1922.690338
38,8,2601.913964
38,9,2470.633021
38,10,2344.309273
38,11,2173.650117
38,12,2151.165344
38,13,1950.365809
38,15,1934.716682
38,16,1925.755871
38,17,1922.690338
38,18,1907.922763
39,8,2532.519194
39,9,2424.101672
39,10,2344.309273
39,11,2173.650117
39,12,2151.165344
39,13,1950.365809
39,15,1934.716682
39,16,1925.755871
39,17,1893.593404
40,8,2532.519194
40,9,2424.101672
40,10,2277.142568
40,11,2173.650117
40,12,2151.165344
40,13,1950.365809
40,15,1920.098079
40,17,1893.593404
41,7,2543.501581
41,8,2532.519194
41,9,2424.101672
41,10,2277.142568
41,11,2173.650117
41,12,2151.165344
41,13,1950.365809
41,15,1919.941740
41,17,1882.027109
42,7,2474.820351
42,8,2440.895834
42,9,2424.101672
42,10,2245.849838
42,11,2169.282736
42,12,2145.887652
42,13,1950.365809
42,15,1919.941740
42,16,1893.589209
42,17,1882.027109
43,7,2474.820351
43,8,2331.450146
43,10,2245.849838
43,11,2169.282736
43,12,2117.639107
43,13,1950.365809
43,15,1919.941740
43,16,1893.589209
43,17,1882.027109
44,7,2474.820351
44,8,2331.450146
44,10,2186.180097
44,11,2126.995678
44,12,2117.639107
44,13,1950.365809
44,15,1919.941740
44,16,1893.589209
44,17,1882.027109
45,7,2474.820351
45,8,2331.450146
45,10,2186.180097
45,11,2126.995678
45,12,2117.639107
45,13,1950.365809
45,15,1919.941740
45,16,1893.589209
45,17,1882.027109
46,7,2474.820351
46,8,2331.450146
46,10,2186.180097
46,11,2126.995678
46,12,2117.639107
46,13,1950.365809
46,15,1919.941740
46,16,1893.589209
46,17,1882.027109
47,7,2474.820351
47,8,2331.450146
47,9,2276.580610
47,10,2186.180097
47,11,2126.995678
47,12,2117.639107
47,13,1950.365809
47,15,1919.941740
47,16,1882.821664
47,17,1874.263683
48,7,2474.820351
48,8,2331.450146
48,9,2245.576930
48,10,2186.180097
48,11,2126.995678
48,12,2117.639107
48,13,1950.365809
48,15,1919.941740
48,16,1882.821664
48,17,1866.396904
49,7,2445.120871
49,8,2331.450146
49,9,2245.576930
49,10,2186.180097
49,11,2126.995678
49,12,1965.605898
49,13,1950.365809
49,14,1935.192665
49,15,1919.941740
49,16,1882.821664
49,17,1866.396904
50,7,2445.120871
50,8,2331.450146
50,9,2245.576930
50,10,2186.180097
50,11,2126.995678
50,12,1965.605898
50,13,1950.365809
50,14,1932.444202
50,15,1919.941740
50,16,1882.821664
50,17,1866.396904
51,7,2411.742373
51,8,2331.450146
51,9,2245.576930
51,10,2186.180097
51,11,2126.995678
51,12,1965.605898
51,13,1950.365809
51,14,1932.444202
51,15,1919.941740
51,16,1882.821664
51,17,1866.396904
52,7,2411.742373
52,8,2331.450146
52,9,2225.653202
52,10,2186.180097
52,11,2126.995678
52,12,1965.605898
52,13,1950.365809
52,14,1932.444202
52,15,1919.941740
52,16,1882.821664
52,17,1863.066403
53,7,2327.698629
53,8,2191.555291
53,10,2186.180097
53,11,2124.748334
53,12,1965.605898
53,13,1950.365809
53,14,1922.462542
53,15,1919.941740
53,16,1882.821664
53,17,1863.066403
54,7,2327.698629
54,8,2191.555291
54,10,2080.736588
54,12,1965.605898
54,13,1950.365809
54,14,1922.462542
54,15,1919.941740
54,16,1882.821664
54,17,1863.066403
55,7,2327.698629
55,8,2191.555291
55,10,2080.736588
55,12,1965.605898
55,13,1950.365809
55,14,1922.462542
55,15,1919.941740
55,16,1882.821664
55,17,1863.066403
56,7,2291.467198
56,8,2191.555291
56,9,2188.754198
56,10,2080.736588
56,12,1965.605898
56,13,1950.365809
56,14,1922.462542
56,15,1919.941740
56,16,1882.821664
56,17,1863.066403
57,7,2291.467198
57,8,2191.555291
57,9,2188.754198
57,10,2080.736588
57,12,1965.605898
57,13,1950.365809
57,14,1916.521565
57,16,1882.821664
57,17,1863.066403
58,7,2291.467198
58,8,2191.555291
58,9,2181.118447
58,10,2080.736588
58,12,1965.605898
58,13,1950.365809
58,14,1916.521565
58,16,1874.704804
58,17,1863.066403
59,7,2291.467198
59,8,2191.555291
59,9,2181.118447
59,10,2080.736588
59,12,1965.605898
59,13,1950.365809
59,14,1916.521565
59,15,1902.567862
59,16,1874.704804
59,17,1863.066403
60,7,2291.467198
60,8,2191.555291
60,9,2181.118447
60,10,2057.914342
60,12,1965.605898
60,13,1942.808879
60,14,1916.521565
60,15,1878.276358
60,16,1874.704804
60,17,1863.066403
61,7,2291.467198
61,8,2191.555291
61,9,2179.482215
61,10,2057.914342
61,12,1965.605898
61,13,1942.808879
61,14,1916.521565
61,15,1878.276358
61,16,1874.704804
61,17,1863.066403
62,7,2291.467198
62,8,2190.391862
62,9,2179.482215
62,10,2057.914342
62,11,1986.360876
62,12,1965.443535
62,13,1942.808879
62,14,1914.019810
62,15,1878.276358
62,16,1874.704804
62,17,1863.066403
63,7,2291.467198
63,8,2190.391862
63,9,2179.482215
63,10,2057.914342
63,11,1986.360876
63,12,1965.443535
63,13,1921.461520
63,14,1907.784685
63,15,1878.038226
63,16,1874.704804
63,17,1863.066403
64,7,2291.467198
64,8,2178.172260
64,10,2057.914342
64,11,1986.360876
64,12,1965.443535
64,13,1921.461520
64,14,1907.784685
64,15,1874.000104
64,17,1863.066403
65,7,2283.030304
65,8,2178.172260
65,9,2111.944074
65,10,2057.914342
65,11,1986.360876
65,12,1965.443535
65,13,1921.461520
65,14,1907.784685
65,15,1868.634030
65,17,1863.066403
66,7,2283.030304
66,8,2178.172260
66,9,2111.944074
66,10,2057.914342
66,11,1986.360876
66,12,1965.443535
66,13,1921.461520
66,14,1907.784685
66,15,1868.634030
66,17,1863.066403
67,7,2283.030304
67,8,2178.172260
67,9,2111.944074
67,10,2057.914342
67,11,1983.048978
67,12,1965.443535
67,13,1913.497430
67,14,1897.193033
67,15,1868.634030
67,17,1863.066403
68,7,2283.030304
68,8,2178.172260
68,9,2111.944074
68,10,2057.914342
68,11,1983.048978
68,12,1965.443535
68,13,1913.497430
68,14,1897.193033
68,15,1868.634030
68,17,1863.066403
69,7,2283.030304
69,8,2098.614250
69,10,2057.914342
69,11,1983.048978
69,12,1965.443535
69,13,1913.497430
69,14,1897.193033
69,15,1868.634030
69,17,1863.066403
70,7,2283.030304
70,8,2098.614250
70,10,2057.914342
70,11,1983.048978
70,12,1926.413070
70,13,1913.497430
70,14,1897.193033
70,15,1868.634030
70,17,1863.066403
71,7,2283.030304
71,8,2098.614250
71,10,2057.914342
71,11,1975.362871
71,12,1926.413070
71,13,1913.497430
71,14,1897.193033
71,15,1868.634030
71,17,1863.066403
72,7,2283.030304
72,8,2098.614250
72,9,2080.977663
72,10,2035.563625
72,11,1975.362871
72,12,1906.982958
72,14,1895.724800
72,15,1868.634030
72,17,1863.066403
73,7,2283.030304
73,8,2098.614250
73,9,2076.998000
73,10,2035.563625
73,11,1975.362871
73,12,1906.982958
73,14,1895.724800
73,15,1868.634030
73,17,1863.066403
74,7,2283.030304
74,8,2098.614250
74,9,2076.998000
74,10,2035.563625
74,11,1967.271560
74,12,1906.982958
74,14,1895.724800
74,15,1868.634030
74,17,1863.066403
75,7,2247.141052
75,8,2098.614250
75,9,2076.998000
75,10,2035.563625
75,11,1962.685281
75,12,1906.982958
75,14,1895.724800
75,15,1868.634030
75,17,1863.066403
76,6,2698.832022
76,7,2247.141052
76,8,2098.614250
76,9,2076.998000
76,10,2035.563625
76,11,1962.685281
76,12,1906.982958
76,14,1891.053279
76,15,1868.634030
76,17,1863.066403
77,6,2698.832022
77,7,2247.141052
77,8,2098.614250
77,9,2050.232508
77,10,2031.304213
77,11,1962.685281
77,12,1906.982958
77,14,1875.101294
77,15,1868.634030
77,17,1854.319832
78,6,2698.832022
78,7,2247.141052
78,8,2098.614250
78,9,2050.232508
78,10,2031.304213
78,11,1962.685281
78,12,1906.982958
78,14,1875.101294
78,15,1868.634030
78,17,1854.319832
79,6,2698.832022
79,7,2247.141052
79,8,2065.573574
79,9,2050.232508
79,10,2031.304213
79,11,1962.685281
79,12,1906.982958
79,14,1871.209025
79,15,1868.634030
79,17,1854.319832
80,6,2698.832022
80,7,2247.141052
80,8,2065.573574
80,9,2050.232508
80,10,2031.304213
80,11,1962.685281
80,12,1906.982958
80,14,1866.558920
80,15,1862.363222
80,17,1854.319832
81,6,2698.832022
81,7,2247.141052
81,8,2065.573574
81,9,2050.232508
81,10,2031.304213
81,11,1962.685281
81,12,1906.982958
81,14,1866.558920
81,15,1862.363222
81,17,1854.319832
82,6,2691.382731
82,7,2247.141052
82,8,2065.573574
82,9,2050.232508
82,10,2031.304213
82,11,1962.685281
82,12,1906.982958
82,14,1866.558920
82,15,1862.363222
82,17,1854.319832
83,6,2627.229537
83,7,2247.141052
83,8,2065.573574
83,9,2050.016853
83,10,2031.304213
83,11,1962.685281
83,12,1906.982958
83,14,1866.558920
83,15,1862.363222
83,17,1854.319832
84,6,2627.229537
84,7,2247.141052
84,8,2065.573574
84,9,2050.016853
84,10,2031.304213
84,11,1962.685281
84,12,1906.982958
84,14,1866.558920
84,15,1862.363222
84,17,1854.319832
85,6,2577.205397
85,7,2247.141052
85,8,2065.573574
85,9,2050.016853
85,10,2031.304213
85,11,1962.685281
85,12,1906.982958
85,14,1866.558920
85,15,1862.363222
85,17,1854.319832
86,6,2577.205397
86,7,2247.141052
86,8,2065.573574
86,9,2050.016853
86,10,2028.334776
86,11,1937.106941
86,12,1906.982958
86,14,1866.558920
86,15,1862.363222
86,17,1854.319832
87,6,2577.205397
87,7,2247.141052
87,8,2065.573574
87,9,2028.989729
87,10,2018.258093
87,11,1922.874212
87,12,1906.982958
87,14,1866.558920
87,15,1862.363222
87,17,1854.319832
88,6,2577.205397
88,7,2247.141052
88,8,2065.573574
88,9,2028.989729
88,10,1976.085782
88,11,1922.874212
88,12,1906.982958
88,14,1866.558920
88,15,1862.363222
88,16,1860.556161
88,17,1854.319832
89,6,2577.205397
89,7,2247.141052
89,8,2065.573574
89,9,2028.989729
89,10,1976.085782
89,11,1922.874212
89,12,1906.982958
89,14,1866.558920
89,15,1862.363222
89,16,1860.556161
89,17,1854.319832
90,6,2575.868432
90,7,2247.141052
90,8,2065.573574
90,9,2028.989729
90,10,1976.085782
90,11,1922.874212
90,12,1906.982958
90,14,1866.558920
90,15,1862.363222
90,16,1860.556161
90,17,1854.319832
91,6,2575.868432
91,7,2247.141052
91,8,2065.573574
91,9,2028.989729
91,10,1962.045834
91,11,1922.874212
91,12,1906.982958
91,14,1866.558920
91,15,1862.363222
91,16,1860.556161
91,17,1854.319832
92,6,2542.590852
92,7,2247.141052
92,8,2065.573574
92,9,2028.989729
92,10,1962.045834
92,11,1922.874212
92,12,1906.982958
92,14,1866.558920
92,15,1862.363222
92,16,1860.556161
92,17,1854.319832
93,6,2542.590852
93,7,2247.141052
93,8,2065.573574
93,9,2028.989729
93,10,1962.045834
93,11,1922.874212
93,12,1906.982958
93,14,1866.558920
93,15,1862.363222
93,16,1860.556161
93,17,1854.319832
94,6,2537.702416
94,7,2201.165259
94,8,2065.573574
94,9,2028.989729
94,10,1962.045834
94,11,1922.874212
94,12,1906.982958
94,14,1866.558920
94,15,1862.363222
94,16,1860.556161
94,17,1854.319832
95,6,2537.702416
95,7,2201.165259
95,8,2065.573574
95,9,2028.989729
95,10,1962.045834
95,11,1922.874212
95,12,1906.982958
95,14,1866.558920
95,15,1862.363222
95,16,1860.556161
95,17,1854.319832
96,6,2537.702416
96,7,2201.165259
96,8,2065.573574
96,9,2028.989729
96,10,1962.045834
96,11,1922.874212
96,12,1906.982958
96,14,1866.558920
96,15,1862.363222
96,16,1860.556161
96,17,1854.319832
97,6,2503.995699
97,7,2201.165259
97,8,2065.573574
97,9,2028.989729
97,10,1962.045834
97,11,1922.874212
97,12,1906.982958
97,14,1866.558920
97,15,1862.363222
97,16,1860.556161
97,17,1854.319832
98,6,2445.647780
98,7,2201.165259
98,8,2065.573574
98,9,2028.085230
98,10,1962.045834
98,11,1922.874212
98,12,1906.982958
98,14,1866.558920
98,15,1862.363222
98,16,1860.556161
98,17,1854.319832
99,6,2445.647780
99,7,2201.165259
99,8,2065.573574
99,9,2028.085230
99,10,1962.045834
99,11,1922.874212
99,12,1906.982958
99,14,1866.558920
99,15,1858.843774
99,16,1850.559032
100,6,2445.647780
100,7,2201.165259
100,8,2065.573574
100,9,2028.085230
100,10,1962.045834
100,11,1922.874212
100,12,1906.982958
100,14,1866.558920
100,15,1858.843774
100,16,1850.559032
101,6,2445.647780
101,7,2201.165259
101,8,2059.876495
101,9,2020.669574
101,10,1962.045834
101,11,1922.874212
101,12,1906.982958
101,14,1866.558920
101,15,1858.843774
101,16,1850.559032
102,6,2445.647780
102,7,2201.165259
102,8,2059.876495
102,9,2020.669574
102,10,1962.045834
102,11,1922.874212
102,12,1906.982958
102,14,1866.558920
102,15,1858.843774
102,16,1850.559032
103,6,2445.647780
103,7,2201.165259
103,8,2059.876495
103,9,2020.669574
103,10,1962.045834
103,11,1922.874212
103,12,1890.366442
103,14,1866.558920
103,15,1858.843774
103,16,1850.559032
104,5,3301.200807
104,6,2445.647780
104,7,2201.165259
104,8,2059.876495
104,9,2005.382617
104,10,1962.045834
104,11,1922.874212
104,12,1890.366442
104,14,1866.558920
104,15,1858.843774
104,16,1850.559032
105,5,3301.200807
105,6,2445.647780
105,7,2201.165259
105,8,2059.876495
105,9,2005.382617
105,10,1962.045834
105,11,1922.874212
105,12,1890.366442
105,14,1866.558920
105,15,1858.843774
105,16,1850.559032
106,5,3301.200807
106,6,2445.647780
106,7,2201.165259
106,8,2059.876495
106,9,2005.382617
106,10,1959.885485
106,11,1922.874212
106,12,1890.366442
106,14,1866.558920
106,15,1858.843774
106,16,1850.559032
107,5,3301.200807
107,6,2445.647780
107,7,2201.165259
107,8,2059.876495
107,9,2005.382617
107,10,1959.885485
107,11,1922.874212
107,12,1890.366442
107,14,1866.558920
107,15,1858.843774
107,16,1850.559032
108,5,3301.200807
108,6,2445.647780
108,7,2201.165259
108,8,2059.876495
108,9,2005.382617
108,10,1959.885485
108,11,1922.874212
108,12,1890.366442
108,14,1866.558920
108,15,1858.843774
108,16,1850.559032
109,5,3301.200807
109,6,2445.647780
109,7,2201.165259
109,8,2059.876495
109,9,2005.382617
109,10,1959.885485
109,11,1922.874212
109,12,1890.366442
109,14,1866.558920
109,15,1858.843774
109,16,1850.559032
110,5,3301.200807
110,6,2445.647780
110,7,2201.165259
110,8,2059.876495
110,9,2005.382617
110,10,1959.885485
110,11,1922.874212
110,12,1890.366442
110,14,1866.558920
110,15,1858.843774
110,16,1850.559032
111,5,3301.200807
111,6,2445.647780
111,7,2164.435523
111,8,2059.876495
111,9,2005.382617
111,10,1959.885485
111,11,1922.874212
111,12,1890.366442
111,14,1866.558920
111,15,1858.843774
111,16,1850.559032
112,5,3301.200807
112,6,2445.647780
112,7,2164.435523
112,8,2059.876495
112,9,1997.723776
112,10,1959.885485
112,11,1922.874212
112,12,1890.366442
112,14,1866.558920
112,15,1858.843774
112,16,1850.559032
113,5,3301.200807
113,6,2445.647780
113,7,2164.435523
113,8,2059.876495
113,9,1997.723776
113,10,1959.885485
113,11,1922.874212
113,12,1890.366442
113,14,1866.558920
113,15,1858.843774
113,16,1850.559032
114,5,3301.200807
114,6,2445.647780
114,7,2164.435523
114,8,2059.876495
114,9,1997.723776
114,10,1959.885485
114,11,1922.874212
114,12,1890.366442
114,14,1866.558920
114,15,1858.843774
114,16,1850.559032
115,5,3301.200807
115,6,2444.437127
115,7,2164.435523
115,8,2059.876495
115,9,1997.723776
115,10,1959.885485
115,11,1922.874212
115,12,1890.366442
115,14,1866.558920
115,15,1858.843774
115,16,1850.559032
116,5,3301.200807
116,6,2444.437127
116,7,2164.435523
116,8,2059.876495
116,9,1997.723776
116,10,1959.885485
116,11,1922.874212
116,12,1890.366442
116,14,1866.558920
116,15,1858.843774
116,16,1850.559032
117,5,3236.589889
117,6,2435.197269
117,7,2164.435523
117,8,2059.876495
117,9,1997.723776
117,10,1942.407324
117,11,1922.874212
117,12,1890.366442
117,14,1866.558920
117,15,1858.843774
117,16,1850.559032
118,5,3094.189329
118,6,2435.197269
118,7,2164.435523
118,8,2059.876495
118,9,1997.723776
118,10,1942.407324
118,11,1922.874212
118,12,1890.366442
118,14,1866.558920
118,15,1858.843774
118,16,1850.559032
119,5,3094.189329
119,6,2435.197269
119,7,2164.435523
119,8,2059.876495
119,9,1997.723776
119,10,1942.407324
119,11,1922.874212
119,12,1890.366442
119,14,1866.558920
119,15,1858.843774
119,16,1846.842080
120,5,3094.189329
120,6,2429.748143
120,7,2164.435523
120,8,2059.876495
120,9,1997.723776
120,10,1942.407324
120,11,1922.874212
120,12,1890.366442
120,13,1867.774312
120,14,1866.558920
120,15,1858.843774
120,16,1846.842080
121,5,3094.189329
121,6,2429.748143
121,7,2164.435523
121,8,2059.876495
121,9,1997.234010
121,10,1942.407324
121,11,1922.874212
121,12,1890.366442
121,13,1867.774312
121,14,1866.558920
121,15,1858.843774
121,16,1846.842080
122,5,3094.189329
122,6,2429.748143
122,7,2164.435523
122,8,2059.876495
122,9,1997.234010
122,10,1942.407324
122,11,1922.874212
122,12,1890.366442
122,13,1867.774312
122,14,1866.558920
122,15,1858.843774
122,16,1846.842080
123,5,3094.189329
123,6,2429.748143
123,7,2164.435523
123,8,2059.876495
123,9,1997.234010
123,10,1942.407324
123,11,1919.650734
123,12,1890.366442
123,13,1867.774312
123,14,1866.558920
123,15,1858.843774
123,16,1846.842080
124,5,3094.189329
124,6,2429.748143
124,7,2164.435523
124,8,2059.876495
124,9,1997.234010
124,10,1942.407324
124,11,1919.650734
124,12,1890.366442
124,13,1867.774312
124,14,1866.558920
124,15,1858.843774
124,16,1846.842080
125,5,3094.189329
125,6,2429.748143
125,7,2164.435523
125,8,2059.876495
125,9,1997.234010
125,10,1942.407324
125,11,1919.650734
125,12,1890.366442
125,13,1867.774312
125,14,1866.558920
125,15,1858.843774
125,16,1846.842080
126,5,3094.189329
126,6,2429.748143
126,7,2164.435523
126,8,2059.876495
126,9,1982.107269
126,10,1942.407324
126,11,1919.650734
126,12,1890.366442
126,13,1867.774312
126,14,1866.558920
126,15,1858.843774
126,16,1846.842080
127,5,3094.189329
127,6,2429.748143
127,7,2164.435523
127,8,2059.876495
127,9,1982.107269
127,10,1942.407324
127,11,1919.650734
127,12,1890.366442
127,13,1867.774312
127,14,1866.558920
127,15,1858.843774
127,16,1846.842080
128,5,3094.189329
128,6,2429.748143
128,7,2164.435523
128,8,2059.876495
128,9,1982.107269
128,10,1942.407324
128,11,1919.650734
128,12,1890.366442
128,13,1867.774312
128,14,1866.558920
128,15,1858.843774
128,16,1846.842080
129,5,3094.189329
129,6,2429.748143
129,7,2164.435523
129,8,2059.876495
129,9,1982.107269
129,10,1942.407324
129,11,1905.006450
129,12,1890.366442
129,13,1867.774312
129,14,1866.436330
129,15,1849.301670
129,16,1846.842080
130,5,3094.189329
130,6,2429.748143
130,7,2164.435523
130,8,2059.876495
130,9,1982.107269
130,10,1942.407324
130,11,1893.601084
130,12,1890.366442
130,13,1867.774312
130,14,1866.436330
130,15,1849.301670
130,16,1846.842080
131,5,3094.189329
131,6,2429.748143
131,7,2164.435523
131,8,2059.876495
131,9,1982.107269
131,10,1942.407324
131,11,1893.601084
131,12,1890.366442
131,13,1867.774312
131,14,1866.436330
131,15,1849.301670
131,16,1846.842080
132,5,3094.189329
132,6,2425.503293
132,7,2164.435523
132,8,2059.876495
132,9,1982.107269
132,10,1942.407324
132,11,1893.601084
132,12,1890.366442
132,13,1867.774312
132,14,1866.436330
132,15,1849.301670
132,16,1846.842080
133,5,3094.189329
133,6,2425.503293
133,7,2164.435523
133,8,2059.876495
133,9,1982.107269
133,10,1942.407324
133,11,1893.601084
133,12,1890.366442
133,13,1867.774312
133,14,1866.436330
133,15,1849.301670
133,16,1846.842080
134,5,3094.189329
134,6,2425.503293
134,7,2164.435523
134,8,2059.876495
134,9,1982.107269
134,10,1942.407324
134,11,1893.601084
134,12,1876.513531
134,13,1867.774312
134,14,1866.436330
134,15,1849.301670
134,16,1846.842080
135,5,3094.189329
135,6,2425.503293
135,7,2164.435523
135,8,2046.601512
135,9,1982.107269
135,10,1942.407324
135,11,1893.601084
135,12,1876.513531
135,13,1867.774312
135,14,1866.436330
135,15,1849.301670
135,16,1846.842080
136,5,3094.189329
136,6,2419.889198
136,7,2164.435523
136,8,2046.601512
136,9,1982.107269
136,10,1942.407324
136,11,1893.601084
136,12,1876.513531
136,13,1867.774312
136,14,1866.436330
136,15,1849.301670
136,16,1846.842080
137,5,3094.189329
137,6,2419.889198
137,7,2164.435523
137,8,2046.601512
137,9,1982.107269
137,10,1942.407324
137,11,1893.601084
137,12,1876.513531
137,13,1867.774312
137,14,1866.436330
137,15,1849.301670
137,16,1846.842080
138,5,3094.189329
138,6,2419.889198
138,7,2164.435523
138,8,2046.601512
138,9,1982.107269
138,10,1942.407324
138,11,1893.601084
138,12,1876.513531
138,13,1867.774312
138,14,1866.436330
138,15,1849.301670
138,16,1846.842080
139,5,3094.189329
139,6,2419.889198
139,7,2164.435523
139,8,2046.601512
139,9,1982.107269
139,10,1939.242632
139,11,1889.030179
139,12,1864.683287
139,15,1849.301670
139,16,1846.842080
140,5,3094.189329
140,6,2419.889198
140,7,2164.435523
140,8,2046.601512
140,9,1982.107269
140,10,1939.242632
140,11,1889.030179
140,12,1864.683287
140,15,1849.301670
140,16,1846.842080
141,5,3094.189329
141,6,2403.381122
141,7,2164.435523
141,8,2007.829678
141,9,1982.107269
141,10,1939.242632
141,11,1889.030179
141,12,1864.683287
141,15,1849.301670
141,16,1846.842080
142,5,3094.189329
142,6,2403.381122
142,7,2164.435523
142,8,2007.829678
142,9,1982.107269
142,10,1939.242632
142,11,1889.030179
142,12,1864.683287
142,15,1849.301670
142,16,1846.842080
143,5,3094.189329
143,6,2403.381122
143,7,2164.435523
143,8,2007.829678
143,9,1982.107269
143,10,1939.242632
143,11,1889.030179
143,12,1864.683287
143,15,1849.301670
143,16,1846.842080
144,5,3094.189329
144,6,2403.381122
144,7,2164.435523
144,8,2007.829678
144,9,1982.107269
144,10,1939.242632
144,11,1889.030179
144,12,1864.683287
144,15,1849.301670
144,16,1844.174926
145,5,3094.189329
145,6,2403.381122
145,7,2164.435523
145,8,2007.829678
145,9,1958.880025
145,10,1939.242632
145,11,1889.030179
145,12,1864.683287
145,15,1849.301670
145,16,1844.174926
146,5,3094.189329
146,6,2403.381122
146,7,2164.435523
146,8,2007.829678
146,9,1958.880025
146,10,1939.242632
146,11,1889.030179
146,12,1864.683287
146,15,1849.301670
146,16,1844.174926
147,5,3094.189329
147,6,2403.381122
147,7,2164.435523
147,8,2007.829678
147,9,1958.880025
147,10,1939.242632
147,11,1889.030179
147,12,1864.683287
147,15,1849.301670
147,16,1844.174926
148,5,3036.798543
148,6,2403.381122
148,7,2164.435523
148,8,2007.829678
148,9,1958.880025
148,10,1939.242632
148,11,1889.030179
148,12,1864.683287
148,15,1849.301670
148,16,1844.174926
149,5,3036.798543
149,6,2403.381122
149,7,2164.435523
149,8,2007.137822
149,9,1958.880025
149,10,1939.242632
149,11,1889.030179
149,12,1864.683287
149,15,1849.301670
149,16,1844.174926
150,5,3036.798543
150,6,2403.381122
150,7,2164.435523
150,8,2007.137822
150,9,1958.880025
150,10,1939.242632
150,11,1889.030179
150,12,1864.683287
150,15,1849.301670
150,16,1844.174926
151,5,3036.798543
151,6,2403.381122
151,7,2164.435523
151,8,2007.137822
151,9,1958.188976
151,10,1939.242632
151,11,1889.030179
151,12,1864.683287
151,15,1849.301670
151,16,1844.174926
152,5,3036.798543
152,6,2403.381122
152,7,2164.435523
152,8,2007.137822
152,9,1958.188976
152,10,1939.242632
152,11,1889.030179
152,12,1864.683287
152,15,1849.301670
152,16,1844.174926
153,5,3036.798543
153,6,2403.381122
153,7,2156.742617
153,8,2007.137822
153,9,1958.188976
153,10,1939.242632
153,11,1889.030179
153,12,1864.683287
153,15,1849.301670
153,16,1844.174926
154,5,3036.798543
154,6,2403.381122
154,7,2156.742617
154,8,2007.137822
154,9,1958.188976
154,10,1939.242632
154,11,1889.030179
154,12,1864.683287
154,15,1848.648163
154,16,1844.174926
155,5,3036.798543
155,6,2403.381122
155,7,2156.742617
155,8,2007.137822
155,9,1958.188976
155,10,1939.242632
155,11,1889.030179
155,12,1864.683287
155,15,1848.648163
155,16,1844.174926
156,5,3036.798543
156,6,2403.381122
156,7,2156.742617
156,8,2007.137822
156,9,1958.188976
156,10,1939.242632
156,11,1889.030179
156,12,1864.683287
156,15,1848.648163
156,16,1844.174926
157,5,3036.798543
157,6,2403.381122
157,7,2156.742617
157,8,2007.137822
157,9,1958.188976
157,10,1928.022499
157,11,1889.030179
157,12,1864.683287
157,15,1848.648163
157,16,1844.174926
158,5,3036.798543
158,6,2403.381122
158,7,2156.742617
158,8,2007.137822
158,9,1950.742100
158,10,1928.022499
158,11,1889.030179
158,12,1864.683287
158,15,1848.648163
158,16,1844.174926
159,5,3036.798543
159,6,2403.381122
159,7,2156.742617
159,8,2007.137822
159,9,1950.742100
159,10,1928.022499
159,11,1885.114019
159,12,1864.683287
159,15,1848.648163
159,16,1844.174926
160,5,3036.798543
160,6,2403.381122
160,7,2156.742617
160,8,2007.137822
160,9,1950.742100
160,10,1928.022499
160,11,1885.114019
160,12,1864.683287
160,15,1848.648163
160,16,1844.174926
161,5,3036.798543
161,6,2403.381122
161,7,2140.367321
161,8,2007.137822
161,9,1950.742100
161,10,1928.022499
161,11,1885.114019
161,12,1864.683287
161,15,1848.648163
161,16,1844.174926
162,5,3036.798543
162,6,2399.739126
162,7,2140.367321
162,8,2007.137822
162,9,1950.742100
162,10,1928.022499
162,11,1885.114019
162,12,1864.683287
162,15,1848.648163
162,16,1844.174926
163,5,3036.798543
163,6,2399.739126
163,7,2140.367321
163,8,2007.137822
163,9,1950.742100
163,10,1928.022499
163,11,1885.114019
163,12,1864.683287
163,15,1848.648163
163,16,1844.174926
164,5,3036.798543
164,6,2399.739126
164,7,2140.367321
164,8,2007.137822
164,9,1950.742100
164,10,1928.022499
164,11,1885.114019
164,12,1857.298496
164,15,1848.648163
164,16,1844.174926
165,5,3036.798543
165,6,2399.739126
165,7,2140.367321
165,8,2007.137822
165,9,1950.742100
165,10,1928.022499
165,11,1885.114019
165,12,1857.298496
165,15,1848.648163
165,16,1844.174926
166,5,2942.411916
166,6,2399.739126
166,7,2140.367321
166,8,2007.137822
166,9,1950.742100
166,10,1928.022499
166,11,1885.114019
166,12,1857.298496
166,15,1848.648163
166,16,1844.174926
167,5,2942.411916
167,6,2399.739126
167,7,2140.367321
167,8,2007.137822
167,9,1950.742100
167,10,1928.022499
167,11,1885.114019
167,12,1857.298496
167,15,1848.648163
167,16,1844.174926
168,5,2942.411916
168,6,2399.739126
168,7,2140.367321
168,8,2007.137822
168,9,1950.742100
168,10,1925.807218
168,11,1885.114019
168,12,1857.298496
168,15,1848.648163
168,16,1844.174926
169,5,2942.411916
169,6,2399.739126
169,7,2140.367321
169,8,2007.137822
169,9,1950.742100
169,10,1923.973352
169,11,1882.059968
169,12,1857.298496
169,15,1848.648163
169,16,1844.174926
170,5,2942.411916
170,6,2399.739126
170,7,2140.367321
170,8,2007.137822
170,9,1950.742100
170,10,1923.973352
170,11,1882.059968
170,12,1857.298496
170,13,1856.485060
170,15,1848.648163
170,16,1844.174926
171,5,2942.411916
171,6,2399.739126
171,7,2140.367321
171,8,2007.137822
171,9,1950.742100
171,10,1923.973352
171,11,1882.059968
171,12,1857.298496
171,13,1856.485060
171,15,1848.648163
171,16,1844.174926
172,5,2942.411916
172,6,2399.739126
172,7,2140.367321
172,8,2007.137822
172,9,1950.742100
172,10,1923.973352
172,11,1882.059968
172,12,1857.298496
172,13,1855.216093
172,15,1848.648163
172,16,1844.174926
173,5,2942.411916
173,6,2399.739126
173,7,2140.367321
173,8,2007.137822
173,9,1950.742100
173,10,1923.973352
173,11,1882.059968
173,12,1857.298496
173,13,1855.216093
173,15,1848.648163
173,16,1844.174926
174,5,2942.411916
174,6,2399.739126
174,7,2140.367321
174,8,2001.291740
174,9,1950.742100
174,10,1923.973352
174,11,1882.059968
174,12,1857.298496
174,13,1855.216093
174,15,1848.648163
174,16,1844.174926
175,5,2942.411916
175,6,2399.739126
175,7,2140.367321
175,8,1992.919849
175,9,1937.941353
175,10,1923.973352
175,11,1882.059968
175,12,1857.298496
175,13,1855.216093
175,15,1848.648163
175,16,1844.174926
176,5,2867.230933
176,6,2399.739126
176,7,2140.367321
176,8,1992.919849
176,9,1937.941353
176,10,1923.973352
176,11,1873.101364
176,12,1857.298496
176,13,1854.805883
176,15,1848.648163
176,16,1844.174926
177,5,2867.230933
177,6,2399.739126
177,7,2140.367321
177,8,1992.919849
177,9,1937.941353
177,10,1923.973352
177,11,1873.101364
177,12,1857.298496
177,13,1854.805883
177,14,1854.145307
177,15,1848.648163
177,16,1844.174926
178,5,2867.230933
178,6,2399.739126
178,7,2140.367321
178,8,1992.919849
178,9,1937.941353
178,10,1923.973352
178,11,1873.101364
178,12,1857.298496
178,13,1854.805883
178,14,1854.145307
178,15,1848.648163
178,16,1844.174926
179,5,2867.230933
179,6,2399.739126
179,7,2140.367321
179,8,1992.919849
179,9,1937.941353
179,10,1923.973352
179,11,1873.101364
179,12,1855.765132
179,13,1854.805883
179,14,1854.145307
179,15,1848.648163
179,16,1844.174926
180,5,2867.230933
180,6,2399.739126
180,7,2140.367321
180,8,1992.919849
180,9,1937.941353
180,10,1923.973352
180,11,1873.101364
180,12,1855.765132
180,13,1854.805883
180,14,1854.145307
180,15,1848.648163
180,16,1844.174926
181,5,2867.230933
181,6,2399.739126
181,7,2140.367321
181,8,1992.919849
181,9,1937.941353
181,10,1923.973352
181,11,1869.113262
181,12,1855.765132
181,13,1854.805883
181,14,1854.145307
181,15,1848.648163
181,16,1844.174926
182,5,2867.230933
182,6,2399.739126
182,7,2140.367321
182,8,1992.919849
182,9,1937.941353
182,10,1923.973352
182,11,1869.113262
182,12,1855.765132
182,13,1854.805883
182,14,1854.145307
182,15,1848.648163
182,16,1844.174926
183,5,2860.555359
183,6,2399.739126
183,7,2140.367321
183,8,1992.919849
183,9,1937.941353
183,10,1923.973352
183,11,1869.113262
183,12,1855.765132
183,13,1854.805883
183,14,1854.145307
183,15,1848.648163
183,16,1844.174926
184,5,2860.555359
184,6,2399.739126
184,7,2140.367321
184,8,1992.919849
184,9,1937.941353
184,10,1923.973352
184,11,1869.113262
184,12,1855.765132
184,13,1854.805883
184,14,1854.145307
184,15,1848.648163
184,16,1844.174926
185,5,2860.555359
185,6,2399.739126
185,7,2140.367321
185,8,1992.919849
185,9,1937.941353
185,10,1923.973352
185,11,1869.113262
185,12,1855.765132
185,13,1854.805883
185,14,1854.145307
185,15,1848.648163
185,16,1844.174926
185,17,1843.911565
186,5,2848.864637
186,6,2399.739126
186,7,2140.367321
186,8,1988.950230
186,9,1937.941353
186,10,1920.416942
186,11,1869.113262
186,12,1855.765132
186,13,1854.805883
186,14,1854.145307
186,15,1848.648163
186,16,1844.174926
186,17,1843.911565
187,5,2848.864637
187,6,2399.739126
187,7,2140.367321
187,8,1988.950230
187,9,1937.941353
187,10,1920.416942
187,11,1869.113262
187,12,1855.765132
187,13,1854.805883
187,14,1854.145307
187,15,1848.648163
187,16,1844.174926
187,17,1843.911565
188,5,2848.864637
188,6,2399.739126
188,7,2140.367321
188,8,1988.950230
188,9,1937.941353
188,10,1920.416942
188,11,1869.113262
188,12,1855.765132
188,13,1854.805883
188,14,1854.145307
188,15,1848.648163
188,16,1844.174926
188,17,1843.911565
189,5,2848.864637
189,6,2399.739126
189,7,2140.367321
189,8,1988.950230
189,9,1937.941353
189,10,1920.416942
189,11,1869.113262
189,12,1855.765132
189,13,1854.805883
189,14,1854.145307
189,15,1848.648163
189,16,1844.174926
189,17,1843.911565
190,5,2789.954157
190,6,2399.739126
190,7,2140.367321
190,8,1988.950230
190,9,1937.941353
190,10,1920.416942
190,11,1869.113262
190,12,1855.765132
190,13,1854.805883
190,14,1854.145307
190,15,1848.648163
190,16,1844.174926
190,17,1843.911565
191,5,2789.954157
191,6,2399.739126
191,7,2140.367321
191,8,1988.950230
191,9,1937.941353
191,10,1920.416942
191,11,1869.113262
191,12,1855.765132
191,13,1854.805883
191,14,1854.145307
191,15,1848.648163
191,16,1844.174926
191,17,1843.911565
192,5,2789.954157
192,6,2399.739126
192,7,2140.367321
192,8,1988.950230
192,9,1937.941353
192,10,1920.416942
192,11,1869.113262
192,12,1855.765132
192,13,1854.805883
192,14,1846.594828
192,16,1844.174926
192,17,1843.911565
193,5,2755.395119
193,6,2399.739126
193,7,2140.367321
193,8,1988.950230
193,9,1937.941353
193,10,1920.416942
193,11,1869.113262
193,12,1855.765132
193,13,1854.805883
193,14,1846.594828
193,16,1844.174926
193,17,1843.911565
194,5,2755.395119
194,6,2399.739126
194,7,2140.367321
194,8,1988.950230
194,9,1937.941353
194,10,1920.416942
194,11,1869.113262
194,12,1848.667692
194,14,1846.594828
194,16,1844.174926
194,17,1843.911565
195,5,2755.395119
195,6,2399.739126
195,7,2133.227976
195,8,1988.950230
195,9,1937.941353
195,10,1920.416942
195,11,1869.113262
195,12,1848.667692
195,14,1846.594828
195,16,1844.174926
195,17,1843.911565
196,5,2755.395119
196,6,2399.739126
196,7,2133.227976
196,8,1988.950230
196,9,1937.941353
196,10,1920.416942
196,11,1869.113262
196,12,1848.667692
196,14,1846.594828
196,16,1844.174926
196,17,1843.911565
197,5,2755.395119
197,6,2399.739126
197,7,2133.227976
197,8,1988.950230
197,9,1937.941353
197,10,1920.416942
197,11,1869.113262
197,12,1848.667692
197,14,1846.594828
197,16,1844.174926
197,17,1843.911565
198,5,2755.395119
198,6,2399.739126
198,7,2133.227976
198,8,1988.950230
198,9,1937.941353
198,10,1920.416942
198,11,1869.113262
198,12,1848.667692
198,14,1846.594828
198,16,1844.174926
198,17,1843.911565
199,5,2755.395119
199,6,2399.739126
199,7,2133.227976
199,8,1988.950230
199,9,1937.941353
199,10,1920.416942
199,11,1869.113262
199,12,1848.667692
199,14,1846.594828
199,16,1844.174926
199,17,1843.911565
200,5,2755.395119
200,6,2399.739126
200,7,2133.227976
200,8,1988.950230
200,9,1937.941353
200,10,1918.571957
200,11,1869.113262
200,12,1848.667692
200,14,1846.594828
200,16,1844.174926
200,17,1843.911565
201,5,2755.395119
201,6,2399.739126
201,7,2133.227976
201,8,1988.950230
201,9,1937.941353
201,10,1918.571957
201,11,1869.113262
201,12,1848.667692
201,14,1846.594828
201,16,1844.174926
201,17,1843.911565
202,5,2755.395119
202,6,2399.739126
202,7,2133.227976
202,8,1988.950230
202,9,1937.941353
202,10,1918.571957
202,11,1869.113262
202,12,1848.667692
202,14,1846.594828
202,16,1844.174926
202,17,1843.911565
203,5,2755.395119
203,6,2399.739126
203,7,2133.227976
203,8,1988.950230
203,9,1937.941353
203,10,1918.571957
203,11,1869.113262
203,12,1848.667692
203,14,1846.594828
203,16,1844.174926
203,17,1843.911565
204,5,2755.395119
204,6,2399.739126
204,7,2133.227976
204,8,1988.950230
204,9,1937.941353
204,10,1898.549241
204,11,1869.113262
204,12,1848.667692
204,14,1846.594828
204,16,1844.174926
204,17,1843.911565
205,5,2724.685578
205,6,2399.739126
205,7,2133.227976
205,8,1988.950230
205,9,1937.941353
205,10,1898.549241
205,11,1869.113262
205,12,1848.667692
205,14,1846.594828
205,16,1844.174926
205,17,1843.911565
206,5,2724.685578
206,6,2399.739126
206,7,2133.227976
206,8,1988.950230
206,9,1937.941353
206,10,1898.549241
206,11,1869.113262
206,12,1848.667692
206,14,1846.594828
206,16,1844.174926
206,17,1843.911565
207,5,2724.685578
207,6,2399.739126
207,7,2133.227976
207,8,1988.950230
207,9,1937.941353
207,10,1897.441871
207,11,1869.113262
207,12,1848.667692
207,14,1846.594828
207,16,1844.174926
207,17,1843.911565
208,5,2724.685578
208,6,2399.739126
208,7,2133.227976
208,8,1988.950230
208,9,1937.941353
208,10,1897.441871
208,11,1869.113262
208,12,1848.667692
208,14,1846.594828
208,16,1844.174926
208,17,1843.911565
209,5,2724.685578
209,6,2399.739126
209,7,2133.227976
209,8,1988.950230
209,9,1937.941353
209,10,1897.441871
209,11,1869.113262
209,12,1848.667692
209,14,1846.594828
209,16,1844.174926
209,17,1843.911565
210,5,2724.685578
210,6,2399.739126
210,7,2133.227976
210,8,1988.950230
210,9,1927.532612
210,10,1897.441871
210,11,1869.113262
210,12,1848.667692
210,14,1846.594828
210,16,1844.174926
210,17,1843.911565
211,5,2724.685578
211,6,2399.739126
211,7,2133.227976
211,8,1988.950230
211,9,1927.532612
211,10,1897.441871
211,11,1869.113262
211,12,1848.667692
211,14,1846.594828
211,16,1844.174926
211,17,1843.911565
212,5,2724.685578
212,6,2399.739126
212,7,2133.227976
212,8,1988.950230
212,9,1927.532612
212,10,1897.441871
212,11,1869.113262
212,12,1848.667692
212,14,1846.594828
212,16,1844.174926
212,17,1843.911565
213,5,2724.685578
213,6,2399.739126
213,7,2133.227976
213,8,1988.950230
213,9,1927.532612
213,10,1880.463848
213,11,1869.113262
213,12,1848.667692
213,14,1846.594828
213,16,1844.174926
213,17,1843.911565
214,5,2724.685578
214,6,2399.739126
214,7,2133.227976
214,8,1988.950230
214,9,1927.532612
214,10,1880.463848
214,11,1869.113262
214,12,1848.667692
214,14,1846.594828
214,16,1844.174926
214,17,1843.911565
215,5,2724.685578
215,6,2399.739126
215,7,2133.227976
215,8,1988.950230
215,9,1927.532612
215,10,1880.463848
215,11,1869.113262
215,12,1848.667692
215,14,1846.594828
215,16,1844.174926
215,17,1843.911565
216,5,2724.685578
216,6,2399.739126
216,7,2133.227976
216,8,1988.950230
216,9,1927.532612
216,10,1880.463848
216,11,1869.113262
216,12,1848.667692
216,14,1846.594828
216,16,1844.174926
216,17,1843.911565
217,5,2724.685578
217,6,2399.739126
217,7,2133.227976
217,8,1988.950230
217,9,1927.532612
217,10,1880.463848
217,11,1869.113262
217,12,1848.667692
217,14,1846.594828
217,16,1844.174926
217,17,1843.911565
218,5,2724.685578
218,6,2399.739126
218,7,2133.227976
218,8,1988.950230
218,9,1927.532612
218,10,1880.463848
218,11,1869.113262
218,12,1848.667692
218,14,1846.594828
218,16,1844.174926
218,17,1843.911565
219,5,2724.685578
219,6,2399.739126
219,7,2133.227976
219,8,1988.950230
219,9,1927.532612
219,10,1880.463848
219,11,1869.113262
219,12,1848.667692
219,14,1846.594828
219,16,1844.174926
219,17,1843.911565
220,5,2724.685578
220,6,2399.739126
220,7,2133.227976
220,8,1988.950230
220,9,1927.532612
220,10,1880.463848
220,11,1869.113262
220,12,1848.667692
220,14,1846.594828
220,16,1844.174926
220,17,1843.911565
221,5,2724.685578
221,6,2399.739126
221,7,2131.351944
221,8,1988.950230
221,9,1927.532612
221,10,1880.463848
221,11,1869.113262
221,12,1848.667692
221,14,1846.594828
221,16,1844.174926
221,17,1843.911565
222,5,2724.685578
222,6,2399.739126
222,7,2131.351944
222,8,1988.250679
222,9,1927.532612
222,10,1880.463848
222,11,1869.113262
222,12,1848.667692
222,14,1846.594828
222,16,1844.174926
222,17,1843.911565
223,5,2724.685578
223,6,2399.739126
223,7,2131.351944
223,8,1988.250679
223,9,1927.532612
223,10,1880.463848
223,11,1869.113262
223,12,1848.667692
223,13,1845.115330
223,16,1844.174926
223,17,1843.911565
224,5,2724.685578
224,6,2399.739126
224,7,2131.351944
224,8,1988.250679
224,9,1927.532612
224,10,1880.463848
224,11,1869.113262
224,12,1848.667692
224,13,1845.115330
224,16,1844.174926
224,17,1843.911565
225,5,2724.685578
225,6,2399.739126
225,7,2131.351944
225,8,1988.250679
225,9,1927.532612
225,10,1880.463848
225,11,1869.113262
225,12,1848.667692
225,13,1845.115330
225,16,1844.174926
225,17,1843.911565
226,5,2724.685578
226,6,2399.739126
226,7,2131.351944
226,8,1988.250679
226,9,1927.532612
226,10,1880.463848
226,11,1869.113262
226,12,1848.667692
226,13,1845.115330
226,16,1844.174926
226,17,1843.911565
227,5,2724.685578
227,6,2399.739126
227,7,2131.351944
227,8,1988.250679
227,9,1927.532612
227,10,1880.463848
227,11,1869.113262
227,12,1848.667692
227,13,1845.115330
227,16,1844.174926
227,17,1843.911565
228,5,2724.685578
228,6,2399.739126
228,7,2131.351944
228,8,1974.634327
228,9,1927.532612
228,10,1880.463848
228,11,1869.113262
228,12,1848.667692
228,13,1845.115330
228,16,1844.174926
228,17,1843.911565
229,5,2724.685578
229,6,2399.739126
229,7,2131.351944
229,8,1974.634327
229,9,1927.532612
229,10,1880.463848
229,11,1869.113262
229,12,1848.667692
229,13,1845.115330
229,16,1844.174926
229,17,1843.911565
230,5,2724.685578
230,6,2399.739126
230,7,2131.351944
230,8,1974.634327
230,9,1927.532612
230,10,1880.463848
230,11,1869.113262
230,12,1848.667692
230,13,1845.115330
230,16,1844.174926
230,17,1843.911565
231,5,2724.685578
231,6,2394.912096
231,7,2131.351944
231,8,1974.634327
231,9,1927.532612
231,10,1880.463848
231,11,1869.113262
231,12,1848.667692
231,13,1845.115330
231,16,1844.174926
231,17,1843.911565
232,5,2724.685578
232,6,2394.912096
232,7,2131.351944
232,8,1974.634327
232,9,1927.532612
232,10,1880.463848
232,11,1869.113262
232,12,1848.667692
232,13,1845.115330
232,16,1844.174926
232,17,1843.911565
233,5,2724.685578
233,6,2394.912096
233,7,2131.351944
233,8,1974.634327
233,9,1927.532612
233,10,1880.463848
233,11,1869.113262
233,12,1848.667692
233,13,1845.115330
233,16,1844.174926
233,17,1843.911565
234,5,2724.685578
234,6,2394.912096
234,7,2131.351944
234,8,1974.634327
234,9,1927.532612
234,10,1879.356478
234,11,1869.113262
234,12,1848.667692
234,13,1845.115330
234,16,1844.174926
234,17,1843.911565
235,5,2724.685578
235,6,2394.912096
235,7,2131.351944
235,8,1940.193725
235,9,1927.532612
235,10,1879.356478
235,11,1869.113262
235,12,1848.667692
235,13,1845.115330
235,16,1844.174926
235,17,1843.911565
236,5,2724.685578
236,6,2394.912096
236,7,2131.351944
236,8,1940.193725
236,9,1927.532612
236,10,1879.356478
236,11,1869.113262
236,12,1848.667692
236,13,1845.115330
236,16,1844.174926
236,17,1843.911565
237,5,2724.685578
237,6,2394.912096
237,7,2119.979701
237,8,1940.193725
237,9,1927.532612
237,10,1879.356478
237,11,1869.113262
237,12,1848.667692
237,13,1845.115330
237,16,1844.174926
237,17,1843.911565
238,5,2724.685578
238,6,2394.912096
238,7,2119.979701
238,8,1940.193725
238,9,1924.621288
238,10,1879.356478
238,11,1869.113262
238,12,1848.667692
238,13,1845.115330
238,16,1844.174926
238,17,1843.911565
239,5,2724.685578
239,6,2394.912096
239,7,2119.979701
239,8,1940.193725
239,9,1924.621288
239,10,1879.356478
239,11,1869.113262
239,12,1848.667692
239,13,1845.115330
239,16,1844.174926
239,17,1843.911565
240,5,2724.685578
240,6,2394.912096
240,7,2119.979701
240,8,1940.193725
240,9,1924.621288
240,10,1879.356478
240,11,1869.113262
240,12,1848.667692
240,13,1845.115330
240,16,1844.174926
240,17,1843.911565
241,5,2724.685578
241,6,2394.912096
241,7,2119.979701
241,8,1940.193725
241,9,1924.621288
241,10,1879.356478
241,11,1869.113262
241,12,1848.667692
241,13,1845.115330
241,16,1844.174926
241,17,1843.911565
242,5,2724.685578
242,6,2394.912096
242,7,2119.979701
242,8,1940.193725
242,9,1919.914020
242,10,1879.356478
242,11,1869.113262
242,12,1848.667692
242,13,1845.115330
242,16,1844.174926
242,17,1843.911565
243,5,2724.685578
243,6,2394.912096
243,7,2119.979701
243,8,1940.193725
243,9,1919.914020
243,10,1879.356478
243,11,1869.113262
243,12,1848.667692
243,13,1845.115330
243,16,1844.174926
243,17,1843.911565
244,5,2724.685578
244,6,2394.912096
244,7,2119.979701
244,8,1940.193725
244,9,1891.368794
244,10,1879.356478
244,11,1869.113262
244,12,1848.667692
244,13,1845.115330
244,16,1844.174926
244,17,1843.911565
245,5,2724.685578
245,6,2394.912096
245,7,2119.979701
245,8,1940.193725
245,9,1891.368794
245,10,1879.356478
245,11,1869.113262
245,12,1848.667692
245,13,1843.842069
246,5,2724.685578
246,6,2394.912096
246,7,2119.979701
246,8,1940.193725
246,9,1891.368794
246,10,1879.356478
246,11,1869.113262
246,12,1848.667692
246,13,1843.842069
247,5,2724.685578
247,6,2394.912096
247,7,2119.979701
247,8,1940.193725
247,9,1891.368794
247,10,1879.356478
247,11,1869.113262
247,12,1848.667692
247,13,1843.842069
248,5,2724.685578
248,6,2394.912096
248,7,2119.979701
248,8,1940.193725
248,9,1891.368794
248,10,1879.356478
248,11,1869.113262
248,12,1848.667692
248,13,1843.842069
249,5,2724.685578
249,6,2394.912096
249,7,2119.979701
249,8,1940.193725
249,9,1891.368794
249,10,1876.752476
249,11,1869.113262
249,12,1847.757955
249,13,1843.842069
250,5,2724.685578
250,6,2394.912096
250,7,2119.979701
250,8,1940.193725
250,9,1891.368794
250,10,1876.752476
250,11,1869.113262
250,12,1847.757955
250,13,1839.332354
251,5,2724.685578
251,6,2393.514692
251,7,2101.418931
251,8,1940.193725
251,9,1891.368794
251,10,1876.752476
251,11,1869.113262
251,12,1847.757955
251,13,1839.332354
252,5,2724.685578
252,6,2393.514692
252,7,2101.418931
252,8,1940.193725
252,9,1891.368794
252,10,1876.752476
252,11,1869.113262
252,12,1847.757955
252,13,1839.332354
253,5,2724.685578
253,6,2393.514692
253,7,2101.418931
253,8,1940.193725
253,9,1891.368794
253,10,1876.752476
253,11,1869.113262
253,12,1847.757955
253,13,1839.332354
254,5,2724.685578
254,6,2393.514692
254,7,2101.418931
254,8,1940.193725
254,9,1891.368794
254,10,1876.752476
254,11,1869.113262
254,12,1847.757955
254,13,1839.332354
255,5,2724.685578
255,6,2393.514692
255,7,2101.418931
255,8,1940.193725
255,9,1891.368794
255,10,1876.752476
255,11,1866.041753
255,12,1847.757955
255,13,1839.332354
256,5,2724.685578
256,6,2393.514692
256,7,2101.418931
256,8,1940.193725
256,9,1891.368794
256,10,1876.752476
256,11,1866.041753
256,12,1847.757955
256,13,1839.332354
257,5,2724.685578
257,6,2393.514692
257,7,2101.418931
257,8,1940.193725
257,9,1891.368794
257,10,1876.752476
257,11,1866.041753
257,12,1847.757955
257,13,1839.332354
258,5,2724.685578
258,6,2393.514692
258,7,2101.418931
258,8,1940.193725
258,9,1891.368794
258,10,1876.752476
258,11,1866.041753
258,12,1847.757955
258,13,1839.332354
259,5,2724.685578
259,6,2393.514692
259,7,2101.418931
259,8,1940.193725
259,9,1891.368794
259,10,1876.752476
259,11,1866.041753
259,12,1847.757955
259,13,1839.332354
260,5,2724.685578
260,6,2393.514692
260,7,2101.418931
260,8,1940.193725
260,9,1891.368794
260,10,1876.752476
260,11,1866.041753
260,12,1847.757955
260,13,1839.332354
261,5,2724.685578
261,6,2393.514692
261,7,2101.418931
261,8,1940.193725
261,9,1891.368794
261,10,1876.752476
261,11,1866.041753
261,12,1847.757955
261,13,1839.332354
262,5,2724.685578
262,6,2393.514692
262,7,2101.418931
262,8,1940.193725
262,9,1891.368794
262,10,1876.752476
262,11,1866.041753
262,12,1847.757955
262,13,1839.332354
263,5,2724.685578
263,6,2393.514692
263,7,2101.418931
263,8,1940.193725
263,9,1891.368794
263,10,1876.752476
263,11,1866.041753
263,12,1847.757955
263,13,1839.332354
264,5,2724.685578
264,6,2393.514692
264,7,2101.418931
264,8,1940.193725
264,9,1891.368794
264,10,1876.752476
264,11,1866.041753
264,12,1847.757955
264,13,1839.332354
265,5,2724.685578
265,6,2393.514692
265,7,2101.418931
265,8,1940.193725
265,9,1891.368794
265,10,1876.752476
265,11,1866.041753
265,12,1847.757955
265,13,1839.332354
266,5,2724.685578
266,6,2393.514692
266,7,2101.418931
266,8,1940.193725
266,9,1891.368794
266,10,1876.752476
266,11,1866.041753
266,12,1847.757955
266,13,1839.332354
267,5,2724.685578
267,6,2393.514692
267,7,2101.418931
267,8,1940.193725
267,9,1891.368794
267,10,1876.752476
267,11,1866.041753
267,12,1847.757955
267,13,1839.332354
268,5,2724.685578
268,6,2393.514692
268,7,2101.418931
268,8,1940.193725
268,9,1891.368794
268,10,1876.752476
268,11,1866.041753
268,12,1847.757955
268,13,1839.332354
269,5,2724.685578
269,6,2393.514692
269,7,2101.418931
269,8,1940.193725
269,9,1891.368794
269,10,1876.752476
269,11,1866.041753
269,12,1847.757955
269,13,1839.332354
270,5,2724.685578
270,6,2393.514692
270,7,2101.418931
270,8,1940.193725
270,9,1891.062809
270,10,1876.752476
270,11,1866.041753
270,12,1847.757955
270,13,1839.332354
271,5,2724.685578
271,6,2393.514692
271,7,2101.418931
271,8,1940.193725
271,9,1891.062809
271,10,1876.752476
271,11,1866.041753
271,12,1847.757955
271,13,1839.332354
272,5,2724.685578
272,6,2393.514692
272,7,2101.418931
272,8,1940.193725
272,9,1891.062809
272,10,1876.752476
272,11,1866.041753
272,12,1847.757955
272,13,1839.332354
273,5,2724.685578
273,6,2393.514692
273,7,2101.418931
273,8,1940.193725
273,9,1891.062809
273,10,1876.752476
273,11,1865.942812
273,12,1847.757955
273,13,1839.332354
274,5,2724.685578
274,6,2393.514692
274,7,2101.418931
274,8,1940.193725
274,9,1891.062809
274,10,1876.752476
274,11,1865.942812
274,12,1847.757955
274,13,1839.332354
275,5,2724.685578
275,6,2393.514692
275,7,2101.418931
275,8,1940.193725
275,9,1891.062809
275,10,1876.752476
275,11,1865.942812
275,12,1847.757955
275,13,1839.332354
276,5,2724.685578
276,6,2393.514692
276,7,2101.418931
276,8,1940.193725
276,9,1891.062809
276,10,1876.752476
276,11,1865.942812
276,12,1847.757955
276,13,1828.681182
277,5,2724.685578
277,6,2393.514692
277,7,2101.418931
277,8,1940.193725
277,9,1891.062809
277,10,1876.752476
277,11,1865.942812
277,12,1847.757955
277,13,1828.681182
278,5,2724.685578
278,6,2393.514692
278,7,2101.418931
278,8,1940.193725
278,9,1891.062809
278,10,1876.752476
278,11,1865.942812
278,12,1847.757955
278,13,1828.681182
279,5,2724.685578
279,6,2393.514692
279,7,2101.418931
279,8,1940.193725
279,9,1891.062809
279,10,1876.752476
279,11,1865.942812
279,12,1847.757955
279,13,1828.681182
280,5,2724.685578
280,6,2393.514692
280,7,2101.418931
280,8,1940.193725
280,9,1891.062809
280,10,1876.752476
280,11,1865.942812
280,12,1847.757955
280,13,1828.681182
281,5,2724.685578
281,6,2393.514692
281,7,2101.418931
281,8,1940.193725
281,9,1891.062809
281,10,1876.752476
281,11,1865.942812
281,12,1847.757955
281,13,1828.681182
282,5,2724.685578
282,6,2393.514692
282,7,2101.418931
282,8,1932.126565
282,9,1891.062809
282,10,1876.752476
282,11,1865.942812
282,12,1847.757955
282,13,1828.681182
283,5,2724.685578
283,6,2339.152819
283,7,2101.418931
283,8,1932.126565
283,9,1891.062809
283,10,1876.752476
283,11,1865.942812
283,12,1847.757955
283,13,1828.681182
284,5,2724.685578
284,6,2339.152819
284,7,2101.418931
284,8,1932.126565
284,9,1891.062809
284,10,1876.752476
284,11,1865.942812
284,12,1847.757955
284,13,1828.681182
285,5,2724.685578
285,6,2339.152819
285,7,2101.418931
285,8,1932.126565
285,9,1891.062809
285,10,1876.752476
285,11,1865.942812
285,12,1847.757955
285,13,1828.681182
286,5,2724.685578
286,6,2339.152819
286,7,2101.418931
286,8,1932.126565
286,9,1891.062809
286,10,1876.752476
286,11,1865.942812
286,12,1847.757955
286,13,1828.681182
287,5,2724.685578
287,6,2339.152819
287,7,2101.418931
287,8,1931.597419
287,9,1891.062809
287,10,1876.752476
287,11,1858.876115
287,12,1847.757955
287,13,1828.681182
288,5,2724.685578
288,6,2339.152819
288,7,2101.418931
288,8,1931.597419
288,9,1891.062809
288,10,1876.752476
288,11,1858.876115
288,12,1847.757955
288,13,1828.681182
289,5,2724.685578
289,6,2339.152819
289,7,2101.418931
289,8,1931.597419
289,9,1891.062809
289,10,1876.752476
289,11,1858.876115
289,12,1847.757955
289,13,1828.681182
290,5,2724.685578
290,6,2339.152819
290,7,2101.418931
290,8,1931.597419
290,9,1891.062809
290,10,1876.752476
290,11,1858.876115
290,12,1847.757955
290,13,1828.681182
291,5,2724.685578
291,6,2339.152819
291,7,2101.418931
291,8,1931.597419
291,9,1891.062809
291,10,1876.752476
291,11,1858.876115
291,12,1847.757955
291,13,1828.681182
292,5,2724.685578
292,6,2339.152819
292,7,2101.418931
292,8,1931.597419
292,9,1891.062809
292,10,1876.752476
292,11,1858.876115
292,12,1847.757955
292,13,1828.681182
293,5,2724.685578
293,6,2339.152819
293,7,2101.418931
293,8,1931.597419
293,9,1891.062809
293,10,1876.752476
293,11,1858.001172
293,12,1847.757955
293,13,1828.681182
294,5,2724.685578
294,6,2339.152819
294,7,2101.418931
294,8,1931.597419
294,9,1891.062809
294,10,1876.752476
294,11,1858.001172
294,12,1847.757955
294,13,1828.681182
295,5,2724.685578
295,6,2339.152819
295,7,2101.418931
295,8,1931.597419
295,9,1891.062809
295,10,1876.752476
295,11,1858.001172
295,12,1847.757955
295,13,1828.681182
296,5,2724.685578
296,6,2339.152819
296,7,2101.418931
296,8,1931.597419
296,9,1891.062809
296,10,1876.752476
296,11,1858.001172
296,12,1847.757955
296,13,1828.681182
297,5,2724.685578
297,6,2339.152819
297,7,2101.418931
297,8,1931.597419
297,9,1891.062809
297,10,1876.752476
297,11,1858.001172
297,12,1847.757955
297,13,1828.681182
298,5,2724.685578
298,6,2339.152819
298,7,2101.418931
298,8,1931.597419
298,9,1891.062809
298,10,1876.752476
298,11,1858.001172
298,12,1847.757955
298,13,1828.681182
299,5,2724.685578
299,6,2339.152819
299,7,2101.418931
299,8,1931.597419
299,9,1891.062809
299,10,1876.752476
299,11,1858.001172
299,12,1847.757955
299,13,1828.681182
300,5,2724.685578
300,6,2339.152819
300,7,2101.418931
300,8,1931.597419
300,9,1891.062809
300,10,1876.752476
300,11,1858.001172
300,12,1847.757955
300,13,1828.681182
301,5,2724.685578
301,6,2339.152819
301,7,2101.418931
301,8,1931.597419
301,9,1891.062809
301,10,1876.752476
301,11,1858.001172
301,12,1847.757955
301,13,1828.681182
302,5,2724.685578
302,6,2339.152819
302,7,2101.418931
302,8,1931.597419
302,9,1891.062809
302,10,1876.752476
302,11,1858.001172
302,12,1847.757955
302,13,1828.681182
303,5,2724.685578
303,6,2339.152819
303,7,2101.418931
303,8,1931.597419
303,9,1891.062809
303,10,1876.752476
303,11,1858.001172
303,12,1847.757955
303,13,1828.681182
304,5,2724.685578
304,6,2327.440938
304,7,2101.418931
304,8,1931.597419
304,9,1891.062809
304,10,1876.752476
304,11,1858.001172
304,12,1847.757955
304,13,1828.681182
305,5,2724.685578
305,6,2327.440938
305,7,2101.418931
305,8,1931.597419
305,9,1891.062809
305,10,1876.752476
305,11,1858.001172
305,12,1846.063690
305,13,1828.681182
306,5,2724.685578
306,6,2325.021896
306,7,2101.418931
306,8,1931.597419
306,9,1891.062809
306,10,1876.752476
306,11,1858.001172
306,12,1846.063690
306,13,1828.681182
307,5,2724.685578
307,6,2325.021896
307,7,2101.418931
307,8,1931.597419
307,9,1891.062809
307,10,1876.752476
307,11,1858.001172
307,12,1846.063690
307,13,1828.681182
308,5,2724.685578
308,6,2325.021896
308,7,2101.418931
308,8,1931.597419
308,9,1891.062809
308,10,1876.752476
308,11,1858.001172
308,12,1846.063690
308,13,1828.681182
309,5,2724.685578
309,6,2325.021896
309,7,2101.418931
309,8,1931.597419
309,9,1891.062809
309,10,1876.752476
309,11,1858.001172
309,12,1846.063690
309,13,1828.681182
310,5,2724.685578
310,6,2325.021896
310,7,2101.418931
310,8,1931.597419
310,9,1891.062809
310,10,1874.976773
310,11,1858.001172
310,12,1846.063690
310,13,1828.681182
311,5,2724.685578
311,6,2325.021896
311,7,2101.418931
311,8,1931.597419
311,9,1890.460816
311,10,1874.976773
311,11,1858.001172
311,12,1846.063690
311,13,1828.681182
312,5,2724.685578
312,6,2325.021896
312,7,2101.418931
312,8,1931.597419
312,9,1890.460816
312,10,1874.976773
312,11,1858.001172
312,12,1846.063690
312,13,1828.681182
313,5,2724.685578
313,6,2325.021896
313,7,2101.418931
313,8,1931.597419
313,9,1890.460816
313,10,1874.976773
313,11,1858.001172
313,12,1846.063690
313,13,1828.681182
314,5,2724.685578
314,6,2325.021896
314,7,2101.418931
314,8,1931.597419
314,9,1890.460816
314,10,1874.976773
314,11,1858.001172
314,12,1846.063690
314,13,1828.681182
315,5,2724.685578
315,6,2325.021896
315,7,2101.418931
315,8,1931.597419
315,9,1890.460816
315,10,1874.976773
315,11,1858.001172
315,12,1846.063690
315,13,1828.681182
316,5,2724.685578
316,6,2325.021896
316,7,2101.418931
316,8,1931.597419
316,9,1890.460816
316,10,1874.976773
316,11,1858.001172
316,12,1846.063690
316,13,1828.681182
317,5,2724.685578
317,6,2325.021896
317,7,2101.418931
317,8,1931.597419
317,9,1890.460816
317,10,1874.976773
317,11,1858.001172
317,12,1846.063690
317,13,1828.681182
318,5,2724.685578
318,6,2325.021896
318,7,2101.418931
318,8,1931.597419
318,9,1890.460816
318,10,1874.976773
318,11,1858.001172
318,12,1846.063690
318,13,1828.681182
319,5,2724.685578
319,6,2325.021896
319,7,2101.418931
319,8,1931.597419
319,9,1890.460816
319,10,1874.976773
319,11,1858.001172
319,12,1846.063690
319,13,1828.681182
320,5,2724.685578
320,6,2325.021896
320,7,2101.418931
320,8,1931.597419
320,9,1890.460816
320,10,1874.976773
320,11,1858.001172
320,12,1846.063690
320,13,1828.681182
321,5,2724.685578
321,6,2325.021896
321,7,2101.418931
321,8,1931.597419
321,9,1890.460816
321,10,1874.976773
321,11,1857.055573
321,12,1846.063690
321,13,1828.681182
322,5,2724.685578
322,6,2325.021896
322,7,2101.418931
322,8,1931.597419
322,9,1890.460816
322,10,1874.976773
322,11,1856.180629
322,12,1846.063690
322,13,1828.681182
323,5,2724.685578
323,6,2325.021896
323,7,2101.418931
323,8,1931.597419
323,9,1890.460816
323,10,1874.976773
323,11,1856.180629
323,12,1846.063690
323,13,1828.681182
324,5,2724.685578
324,6,2325.021896
324,7,2101.418931
324,8,1931.597419
324,9,1890.460816
324,10,1874.976773
324,11,1856.180629
324,12,1846.063690
324,13,1828.681182
325,5,2724.685578
325,6,2325.021896
325,7,2101.418931
325,8,1931.597419
325,9,1890.460816
325,10,1874.976773
325,11,1856.180629
325,12,1846.063690
325,13,1828.681182
326,5,2724.685578
326,6,2325.021896
326,7,2101.418931
326,8,1931.597419
326,9,1890.460816
326,10,1874.976773
326,11,1856.180629
326,12,1846.063690
326,13,1828.681182
327,5,2724.685578
327,6,2325.021896
327,7,2101.418931
327,8,1931.597419
327,9,1890.460816
327,10,1874.976773
327,11,1856.180629
327,12,1846.063690
327,13,1828.681182
328,5,2724.685578
328,6,2325.021896
328,7,2101.418931
328,8,1931.597419
328,9,1890.460816
328,10,1874.976773
328,11,1856.180629
328,12,1846.063690
328,13,1828.681182
