Iteration,NV,TOC
1,12,11248.009246
1,13,9493.637580
1,16,9364.128860
1,17,6491.638084
1,21,5352.154983
1,31,5166.603821
1,32,4820.302768
1,38,4693.492409
1,39,4378.907750
1,47,4296.328156
2,12,11248.009246
2,13,9493.637580
2,15,9423.723253
2,16,9364.128860
2,17,6491.638084
2,21,5352.154983
2,31,5166.603821
2,32,4820.302768
2,37,4662.503805
2,39,4378.907750
2,47,4296.328156
3,12,11248.009246
3,13,9493.637580
3,15,8743.398615
3,17,6491.638084
3,21,5352.154983
3,30,5338.896948
3,31,5166.603821
3,32,4820.302768
3,34,4807.650794
3,37,4662.503805
3,39,4378.907750
3,47,4296.328156
4,12,11248.009246
4,13,9493.637580
4,15,8743.398615
4,17,6491.638084
4,19,6385.465275
4,21,5352.154983
4,30,5338.896948
4,31,5166.603821
4,32,4820.302768
4,34,4807.650794
4,37,4662.503805
4,39,4378.907750
4,47,4296.328156
5,12,11248.009246
5,13,9493.637580
5,15,8743.398615
5,17,6491.638084
5,19,6385.465275
5,20,6207.289565
5,21,5352.154983
5,30,4999.969971
5,32,4820.302768
5,34,4807.650794
5,35,4794.235745
5,37,4662.503805
5,39,4378.907750
5,47,4296.328156
6,12,11248.009246
6,13,9493.637580
6,15,8555.688491
6,17,6491.638084
6,19,6385.465275
6,20,6207.289565
6,21,5352.154983
6,30,4999.969971
6,32,4820.302768
6,34,4807.650794
6,35,4794.235745
6,36,4728.344915
6,37,4662.503805
6,39,4378.907750
6,47,4296.328156
7,12,11248.009246
7,13,9493.637580
7,15,8555.688491
7,16,7731.275980
7,17,6491.638084
7,19,6385.465275
7,20,6149.047467
7,21,5352.154983
7,26,5345.147674
7,30,4999.969971
7,32,4820.302768
7,34,4734.977788
7,36,4728.344915
7,37,4662.503805
7,39,4378.907750
7,47,4296.328156
8,12,11248.009246
8,13,9493.637580
8,15,8555.688491
8,16,7731.275980
8,17,6491.638084
8,19,6385.465275
8,20,6149.047467
8,21,5352.154983
8,26,5345.147674
8,30,4999.969971
8,32,4820.302768
8,34,4734.977788
8,36,4728.344915
8,37,4662.503805
8,38,4630.859335
8,39,4378.907750
8,47,4296.328156
9,12,11248.009246
9,13,9493.637580
9,15,8156.611235
9,16,7731.275980
9,17,6491.638084
9,19,6385.465275
9,20,6149.047467
9,21,5352.154983
9,26,5345.147674
9,28,5217.940701
9,30,4999.969971
9,32,4820.302768
9,34,4707.001868
9,37,4662.503805
9,38,4630.859335
9,39,4378.907750
9,47,4296.328156
10,12,11248.009246
10,13,9493.637580
10,14,9065.784823
10,15,8156.611235
10,16,7731.275980
10,17,6491.638084
10,19,6385.465275
10,20,6149.047467
10,21,5352.154983
10,26,5345.147674
10,27,5300.956201
10,28,5217.940701
10,30,4999.969971
10,32,4820.302768
10,34,4707.001868
10,36,4690.713791
10,37,4662.503805
10,38,4630.859335
10,39,4378.907750
10,47,4296.328156
11,12,11248.009246
11,13,9493.637580
11,14,9065.784823
11,15,8156.611235
11,16,7731.275980
11,17,6491.638084
11,19,6385.465275
11,20,6149.047467
11,21,5352.154983
11,26,5308.559614
11,27,5300.956201
11,28,5217.940701
11,29,5192.355127
11,30,4999.969971
11,32,4820.302768
11,34,4707.001868
11,36,4592.009434
11,39,4378.907750
11,47,4296.328156
12,12,11248.009246
12,13,9493.637580
12,14,9065.784823
12,15,8156.611235
12,16,7731.275980
12,17,6491.638084
12,19,6385.465275
12,20,6149.047467
12,21,5352.154983
12,26,5299.048799
12,27,5022.655461
12,30,4999.969971
12,32,4820.302768
12,34,4707.001868
12,36,4592.009434
12,39,4378.907750
12,47,4296.328156
13,12,11248.009246
13,13,9493.637580
13,14,9065.784823
13,15,8156.611235
13,16,7731.275980
13,17,6491.638084
13,18,6421.608996
13,19,6385.465275
13,20,6116.414142
13,21,5352.154983
13,25,5249.175848
13,27,5022.655461
13,30,4999.969971
13,32,4820.302768
13,34,4707.001868
13,36,4592.009434
13,39,4378.907750
13,47,4296.328156
14,12,11248.009246
14,13,9493.637580
14,14,9008.280622
14,15,8156.611235
14,16,7465.512050
14,17,6491.638084
14,18,6293.457947
14,20,6116.414142
14,21,5352.154983
14,25,5249.175848
14,27,5022.655461
14,30,4999.969971
14,32,4820.302768
14,34,4707.001868
14,36,4592.009434
14,39,4378.907750
14,47,4296.328156
15,12,11248.009246
15,13,9493.637580
15,14,9008.280622
15,15,8156.611235
15,16,7465.512050
15,17,6491.638084
15,18,6293.457947
15,20,5970.671043
15,21,5352.154983
15,25,5249.175848
15,27,5022.655461
15,30,4999.969971
15,32,4820.302768
15,34,4707.001868
15,36,4592.009434
15,39,4378.907750
15,47,4296.328156
16,12,11248.009246
16,13,9493.637580
16,14,9008.280622
16,15,8156.611235
16,16,7465.512050
16,17,6491.638084
16,18,6293.457947
16,20,5970.671043
16,21,5352.154983
16,25,5208.537895
16,27,5022.655461
16,30,4999.969971
16,31,4983.355019
16,32,4820.302768
16,34,4707.001868
16,36,4592.009434
16,39,4378.907750
16,47,4296.328156
17,12,10288.811535
17,13,9493.637580
17,14,9008.280622
17,15,8156.611235
17,16,7384.449679
17,17,6491.638084
17,18,6142.617223
17,20,5970.671043
17,21,5352.154983
17,25,5208.537895
17,27,5022.655461
17,28,5005.935964
17,30,4999.969971
17,31,4983.355019
17,32,4820.302768
17,34,4707.001868
17,36,4592.009434
17,39,4378.907750
17,47,4296.328156
18,12,10288.811535
18,13,9493.637580
18,14,9008.280622
18,15,8156.611235
18,16,7384.449679
18,17,6491.638084
18,18,6142.617223
18,20,5943.938667
18,21,5352.154983
18,25,5208.537895
18,27,4873.735230
18,32,4820.302768
18,33,4779.377717
18,34,4707.001868
18,36,4592.009434
18,37,4432.709179
18,39,4378.907750
18,47,4296.328156
19,12,10288.811535
19,13,9493.637580
19,14,9008.280622
19,15,8156.611235
19,16,7384.449679
19,17,6491.638084
19,18,6142.617223
19,20,5943.938667
19,21,5352.154983
19,25,5208.537895
19,27,4873.735230
19,32,4820.302768
19,33,4779.377717
19,34,4707.001868
19,36,4592.009434
19,37,4432.709179
19,39,4378.907750
19,47,4296.328156
20,12,10288.811535
20,13,9493.637580
20,14,9008.280622
20,15,7924.462674
20,16,7384.449679
20,17,6491.638084
20,18,6142.617223
20,19,6121.876552
20,20,5943.938667
20,21,5352.154983
20,25,5208.537895
20,27,4873.735230
20,32,4778.776762
20,33,4739.923800
20,34,4707.001868
20,36,4592.009434
20,37,4432.709179
20,39,4378.907750
20,47,4296.328156
21,12,10288.811535
21,13,9493.637580
21,14,8973.410368
21,15,7924.462674
21,16,7384.449679
21,17,6491.638084
21,18,6142.617223
21,19,6059.449629
21,20,5872.484007
21,21,5352.154983
21,25,5208.537895
21,27,4873.735230
21,32,4778.776762
21,33,4739.923800
21,34,4707.001868
21,36,4592.009434
21,37,4432.709179
21,39,4378.907750
21,47,4296.328156
22,12,10288.811535
22,13,9493.637580
22,14,8973.410368
22,15,7924.462674
22,16,7384.449679
22,17,6491.638084
22,18,6007.375986
22,19,5693.964441
22,21,5352.154983
22,25,5123.607612
22,27,4873.735230
22,32,4778.776762
22,33,4739.923800
22,34,4707.001868
22,36,4592.009434
22,37,4432.709179
22,39,4378.907750
22,47,4296.328156
23,12,10288.811535
23,13,9493.637580
23,14,8973.410368
23,15,7924.462674
23,16,7384.449679
23,17,6491.638084
23,18,6007.375986
23,19,5693.964441
23,21,5352.154983
23,24,5343.160049
23,25,5123.607612
23,27,4873.735230
23,32,4778.776762
23,33,4739.923800
23,34,4707.001868
23,36,4592.009434
23,37,4432.709179
23,39,4378.907750
23,47,4296.328156
24,12,10288.811535
24,13,9493.637580
24,14,8973.410368
24,15,7924.462674
24,16,7384.449679
24,17,6491.638084
24,18,6007.375986
24,19,5693.964441
24,21,5340.799279
24,25,5123.607612
24,27,4873.735230
24,32,4778.776762
24,33,4693.961966
24,36,4592.009434
24,37,4432.709179
24,39,4378.907750
24,44,4300.995791
24,47,4296.328156
25,12,10288.811535
25,13,9493.637580
25,14,8973.410368
25,15,7924.462674
25,16,7221.151493
25,17,6491.638084
25,18,6007.375986
25,19,5693.964441
25,21,5340.799279
25,22,5321.532233
25,25,5007.191309
25,27,4873.735230
25,32,4763.268626
25,33,4693.961966
25,36,4592.009434
25,37,4432.709179
25,39,4378.907750
25,44,4300.995791
25,47,4296.328156
26,12,10288.811535
26,13,9493.637580
26,14,8964.712186
26,15,7924.462674
26,16,7221.151493
26,17,6491.638084
26,18,6007.375986
26,19,5693.964441
26,20,5630.788812
26,21,5340.799279
26,22,5321.532233
26,24,5158.038268
26,25,5007.191309
26,27,4873.735230
26,32,4763.268626
26,33,4693.961966
26,34,4602.789661
26,36,4592.009434
26,37,4432.709179
26,39,4378.907750
26,44,4300.995791
26,47,4296.328156
27,12,10288.811535
27,13,9493.637580
27,14,8964.712186
27,15,7924.462674
27,16,7221.151493
27,17,6491.638084
27,18,6007.375986
27,19,5693.964441
27,20,5630.788812
27,21,5340.799279
27,22,5321.532233
27,24,5158.038268
27,25,5007.191309
27,27,4873.735230
27,31,4813.899344
27,32,4763.268626
27,33,4659.313939
27,34,4602.789661
27,36,4592.009434
27,37,4432.709179
27,39,4378.907750
27,44,4300.995791
27,47,4296.328156
27,59,4279.275898
28,12,10288.811535
28,13,9493.637580
28,14,8792.414588
28,15,7924.462674
28,16,7221.151493
28,17,6491.638084
28,18,6007.375986
28,19,5693.964441
28,20,5630.788812
28,21,5340.799279
28,22,5321.532233
28,24,5158.038268
28,25,5007.191309
28,27,4873.735230
28,31,4813.899344
28,32,4731.885118
28,33,4659.313939
28,34,4602.789661
28,36,4592.009434
28,37,4432.709179
28,39,4378.907750
28,44,4300.995791
28,47,4296.328156
28,48,4208.716983
29,12,10288.811535
29,13,9493.637580
29,14,8592.897203
29,15,7924.462674
29,16,7221.151493
29,17,6491.638084
29,18,6007.375986
29,19,5693.964441
29,20,5630.788812
29,21,5340.799279
29,22,5321.532233
29,23,5220.007717
29,24,5158.038268
29,25,5007.191309
29,27,4873.735230
29,29,4791.851013
29,32,4710.972948
29,33,4647.147251
29,34,4602.789661
29,36,4495.730086
29,37,4432.709179
29,39,4378.907750
29,44,4300.995791
29,47,4296.328156
29,48,4208.716983
30,12,10288.811535
30,13,9493.637580
30,14,8592.897203
30,15,7924.462674
30,16,7221.151493
30,17,6458.305943
30,18,6007.375986
30,19,5693.964441
30,20,5630.788812
30,21,5340.799279
30,22,5321.532233
30,23,5209.869572
30,24,5158.038268
30,25,5007.191309
30,27,4873.735230
30,29,4791.851013
30,32,4710.972948
30,33,4647.147251
30,34,4602.789661
30,35,4599.712890
30,36,4495.730086
30,37,4432.709179
30,39,4378.907750
30,44,4300.995791
30,47,4296.328156
30,48,4208.716983
31,12,10288.811535
31,13,9493.637580
31,14,8592.897203
31,15,7924.462674
31,16,7221.151493
31,17,6458.305943
31,18,6007.375986
31,19,5693.964441
31,20,5630.788812
31,21,5340.799279
31,22,5321.532233
31,23,5118.759535
31,25,5007.191309
31,27,4873.735230
31,29,4791.851013
31,32,4710.972948
31,33,4647.147251
31,34,4602.789661
31,35,4599.712890
31,36,4495.730086
31,37,4346.781596
31,44,4300.995791
31,47,4296.328156
31,48,4208.716983
32,12,10288.811535
32,13,9493.637580
32,14,8592.897203
32,15,7924.462674
32,16,7221.151493
32,17,6458.305943
32,18,6007.375986
32,19,5693.964441
32,20,5630.788812
32,21,5340.799279
32,22,5321.532233
32,23,5118.759535
32,25,5007.191309
32,27,4873.735230
32,29,4791.851013
32,32,4710.972948
32,33,4647.147251
32,34,4602.789661
32,35,4599.712890
32,36,4495.730086
32,37,4346.781596
32,44,4300.995791
32,47,4228.885422
32,48,4208.716983
33,11,11391.496088
33,12,10288.811535
33,13,9493.637580
33,14,8592.897203
33,15,7924.462674
33,16,7221.151493
33,17,6458.305943
33,18,6007.375986
33,19,5693.964441
33,20,5630.788812
33,21,5340.799279
33,22,5188.950841
33,23,5118.759535
33,25,5007.191309
33,27,4873.735230
33,28,4778.506348
33,30,4775.136538
33,32,4710.972948
33,33,4647.147251
33,34,4602.789661
33,35,4599.712890
33,36,4495.730086
33,37,4346.781596
33,44,4300.995791
33,47,4228.885422
33,48,4208.716983
34,11,11391.496088
34,12,10288.811535
34,13,9493.637580
34,14,8592.897203
34,15,7924.462674
34,16,7221.151493
34,17,6458.305943
34,18,6007.375986
34,19,5693.964441
34,20,5630.788812
34,21,5340.799279
34,22,5188.950841
34,23,5118.759535
34,25,5007.191309
34,26,4943.557384
34,27,4873.735230
34,28,4778.506348
34,30,4775.136538
34,32,4710.972948
34,33,4647.147251
34,34,4602.789661
34,35,4599.712890
34,36,4495.730086
34,37,4346.781596
34,40,4336.056432
34,44,4300.995791
34,46,4266.385130
34,47,4228.885422
34,48,4208.716983
35,11,11391.496088
35,12,10288.811535
35,13,9493.637580
35,14,8592.897203
35,15,7924.462674
35,16,7221.151493
35,17,6458.305943
35,18,6007.375986
35,19,5693.964441
35,20,5630.788812
35,21,5340.799279
35,22,5188.950841
35,23,5118.759535
35,25,5007.191309
35,26,4943.557384
35,27,4873.735230
35,28,4778.506348
35,30,4775.136538
35,32,4710.972948
35,33,4647.147251
35,34,4602.789661
35,35,4599.712890
35,36,4495.730086
35,37,4346.781596
35,40,4336.056432
35,44,4300.995791
35,46,4266.385130
35,47,4228.885422
35,48,4208.716983
36,11,11391.496088
36,12,10288.811535
36,13,9493.637580
36,14,8592.897203
36,15,7924.462674
36,16,7221.151493
36,17,6458.305943
36,18,6007.375986
36,19,5693.964441
36,20,5630.788812
36,21,5340.799279
36,22,5188.950841
36,23,5118.759535
36,25,5007.191309
36,26,4933.045920
36,27,4873.735230
36,28,4752.153898
36,32,4710.972948
36,33,4647.147251
36,34,4602.789661
36,35,4599.712890
36,36,4495.730086
36,37,4346.781596
36,40,4336.056432
36,44,4300.995791
36,46,4266.385130
36,47,4228.885422
36,48,4208.716983
37,11,11391.496088
37,12,10288.811535
37,13,9493.637580
37,14,8592.897203
37,15,7803.872849
37,16,7221.151493
37,17,6458.305943
37,18,6007.375986
37,19,5693.964441
37,20,5630.788812
37,21,5340.799279
37,22,5082.256540
37,25,4874.307065
37,27,4873.735230
37,28,4675.393143
37,33,4647.147251
37,34,4602.789661
37,35,4599.712890
37,36,4482.726290
37,37,4346.781596
37,40,4336.056432
37,42,4250.638905
37,47,4228.885422
37,48,4208.716983
38,11,11391.496088
38,12,10288.811535
38,13,9493.637580
38,14,8592.897203
38,15,7803.872849
38,16,7221.151493
38,17,6458.305943
38,18,6007.375986
38,19,5693.964441
38,20,5603.544048
38,21,5340.799279
38,22,5082.256540
38,25,4874.307065
38,27,4873.735230
38,28,4675.393143
38,33,4647.147251
38,34,4602.789661
38,35,4563.018413
38,36,4482.726290
38,37,4346.781596
38,40,4336.056432
38,42,4250.638905
38,47,4228.885422
38,48,4208.716983
39,11,11391.496088
39,12,10288.811535
39,13,9493.637580
39,14,8592.897203
39,15,7803.872849
39,16,7221.151493
39,17,6458.305943
39,18,6007.375986
39,19,5693.964441
39,20,5495.945806
39,21,5340.799279
39,22,5082.256540
39,25,4874.307065
39,27,4873.735230
39,28,4675.393143
39,33,4647.147251
39,34,4602.789661
39,35,4529.398119
39,36,4482.726290
39,37,4346.781596
39,40,4336.056432
39,42,4250.638905
39,47,4228.885422
39,48,4208.716983
40,11,11391.496088
40,12,10288.811535
40,13,9493.637580
40,14,8592.897203
40,15,7803.872849
40,16,7221.151493
40,17,6458.305943
40,18,6007.375986
40,19,5693.964441
40,20,5495.945806
40,21,5340.799279
40,22,5082.256540
40,25,4874.307065
40,27,4834.703227
40,28,4675.393143
40,32,4650.385263
40,33,4594.882498
40,35,4529.398119
40,36,4482.726290
40,37,4346.781596
40,40,4336.056432
40,42,4250.638905
40,47,4228.885422
40,48,4208.716983
41,11,11391.496088
41,12,10288.811535
41,13,9493.637580
41,14,8592.897203
41,15,7803.872849
41,16,7221.151493
41,17,6458.305943
41,18,6007.375986
41,19,5693.964441
41,20,5495.945806
41,21,5340.799279
41,22,5082.256540
41,25,4874.307065
41,27,4834.703227
41,28,4675.393143
41,32,4650.385263
41,33,4594.882498
41,35,4529.398119
41,36,4482.726290
41,37,4346.781596
41,40,4336.056432
41,42,4250.638905
41,47,4228.885422
41,48,4208.716983
42,11,11391.496088
42,12,10288.811535
42,13,9493.637580
42,14,8592.897203
42,15,7803.872849
42,16,6866.677277
42,17,6458.305943
42,18,6007.375986
42,19,5693.964441
42,20,5495.945806
42,21,5340.799279
42,22,5082.256540
42,25,4874.307065
42,27,4834.703227
42,28,4675.393143
42,32,4650.385263
42,33,4594.882498
42,35,4529.398119
42,36,4317.121195
42,42,4250.638905
42,47,4228.885422
42,48,4208.716983
43,11,11391.496088
43,12,10288.811535
43,13,9493.637580
43,14,8592.897203
43,15,7803.872849
43,16,6866.677277
43,17,6458.305943
43,18,6007.375986
43,19,5693.964441
43,20,5495.945806
43,21,5309.144392
43,22,5082.256540
43,25,4874.307065
43,27,4818.482955
43,28,4675.393143
43,32,4619.235068
43,33,4594.882498
43,34,4542.775326
43,35,4529.398119
43,36,4317.121195
43,42,4250.638905
43,47,4228.885422
43,48,4208.716983
44,11,11391.496088
44,12,10288.811535
44,13,9493.637580
44,14,8592.897203
44,15,7803.872849
44,16,6866.677277
44,17,6458.305943
44,18,6007.375986
44,19,5693.964441
44,20,5495.945806
44,21,5309.144392
44,22,5082.256540
44,25,4874.307065
44,27,4818.482955
44,28,4675.393143
44,31,4584.387651
44,34,4542.775326
44,35,4529.398119
44,36,4317.121195
44,42,4250.638905
44,47,4228.885422
44,48,4208.716983
45,11,11391.496088
45,12,10288.811535
45,13,9493.637580
45,14,8494.755692
45,15,7803.872849
45,16,6866.677277
45,17,6458.305943
45,18,6007.375986
45,19,5693.964441
45,20,5495.945806
45,21,5309.144392
45,22,5082.256540
45,25,4874.307065
45,27,4818.482955
45,28,4675.393143
45,31,4584.387651
45,32,4460.851246
45,34,4337.675955
45,36,4317.121195
45,42,4250.638905
45,47,4228.885422
45,48,4208.716983
46,11,11391.496088
46,12,10288.811535
46,13,9493.637580
46,14,8494.755692
46,15,7803.872849
46,16,6866.677277
46,17,6458.305943
46,18,6007.375986
46,19,5693.964441
46,20,5495.945806
46,21,5309.144392
46,22,5082.256540
46,25,4874.307065
46,27,4818.482955
46,28,4675.393143
46,31,4584.387651
46,32,4460.851246
46,33,4350.926902
46,34,4337.675955
46,36,4317.121195
46,42,4250.638905
46,47,4228.885422
46,48,4208.716983
47,11,11391.496088
47,12,10288.811535
47,13,9493.637580
47,14,8494.755692
47,15,7803.872849
47,16,6776.047317
47,17,6458.305943
47,18,6007.375986
47,19,5693.964441
47,20,5495.945806
47,21,5309.144392
47,22,5082.256540
47,25,4874.307065
47,27,4796.315699
47,28,4675.393143
47,31,4581.757693
47,32,4460.851246
47,33,4350.926902
47,34,4337.675955
47,36,4317.121195
47,42,4250.638905
47,47,4228.885422
47,48,4174.045944
47,49,4120.330300
48,11,11391.496088
48,12,10288.811535
48,13,9493.637580
48,14,8494.755692
48,15,7803.872849
48,16,6776.047317
48,17,6458.305943
48,18,6007.375986
48,19,5693.964441
48,20,5495.945806
48,21,5309.144392
48,22,5082.256540
48,25,4874.307065
48,27,4796.315699
48,28,4675.393143
48,31,4581.757693
48,32,4460.851246
48,33,4350.926902
48,34,4337.675955
48,36,4317.121195
48,42,4250.638905
48,47,4228.885422
48,48,4174.045944
48,49,4120.330300
49,11,11391.496088
49,12,10288.811535
49,13,9493.637580
49,14,8494.755692
49,15,7359.759258
49,16,6776.047317
49,17,6458.305943
49,18,6007.375986
49,19,5693.964441
49,20,5495.945806
49,21,5309.144392
49,22,5082.256540
49,25,4874.307065
49,26,4705.072520
49,28,4675.393143
49,30,4530.228667
49,32,4460.851246
49,33,4350.926902
49,34,4337.675955
49,36,4317.121195
49,38,4316.954583
49,42,4250.638905
49,47,4228.885422
49,48,4174.045944
49,49,4120.330300
50,11,11391.496088
50,12,10288.811535
50,13,9493.637580
50,14,8494.755692
50,15,7359.759258
50,16,6776.047317
50,17,6458.305943
50,18,6007.375986
50,19,5693.964441
50,20,5495.945806
50,21,5309.144392
50,22,5082.256540
50,25,4874.307065
50,26,4705.072520
50,28,4675.393143
50,30,4530.228667
50,32,4460.851246
50,33,4350.926902
50,34,4337.675955
50,36,4317.121195
50,38,4308.936186
50,42,4239.493589
50,45,4200.610962
50,48,4174.045944
50,49,4120.330300
51,11,11391.496088
51,12,10288.811535
51,13,9493.637580
51,14,8105.273487
51,15,7359.759258
51,16,6776.047317
51,17,6458.305943
51,18,6007.375986
51,19,5693.964441
51,20,5495.945806
51,21,5309.144392
51,22,5082.256540
51,24,5074.379192
51,25,4842.002627
51,26,4705.072520
51,28,4675.393143
51,30,4530.228667
51,32,4412.899573
51,33,4350.926902
51,34,4337.675955
51,36,4317.121195
51,38,4308.936186
51,39,4304.764267
51,42,4239.493589
51,45,4200.610962
51,48,4174.045944
51,49,4120.330300
52,11,11391.496088
52,12,10288.811535
52,13,9493.637580
52,14,8105.273487
52,15,7359.759258
52,16,6776.047317
52,17,6458.305943
52,18,6007.375986
52,19,5693.964441
52,20,5495.945806
52,21,5309.144392
52,22,5082.256540
52,24,5074.379192
52,25,4842.002627
52,26,4705.072520
52,28,4675.393143
52,29,4643.777219
52,30,4530.228667
52,32,4412.899573
52,33,4350.926902
52,34,4337.675955
52,36,4317.121195
52,38,4308.936186
52,39,4294.287399
52,40,4272.071881
52,42,4239.493589
52,45,4200.610962
52,48,4174.045944
52,49,4120.330300
53,11,11391.496088
53,12,10288.811535
53,13,9493.637580
53,14,8105.273487
53,15,7359.759258
53,16,6776.047317
53,17,6458.305943
53,18,6007.375986
53,19,5693.964441
53,20,5495.945806
53,21,5309.144392
53,22,5082.256540
53,24,5074.379192
53,25,4842.002627
53,26,4705.072520
53,27,4655.072520
53,29,4623.548773
53,30,4530.228667
53,32,4412.899573
53,33,4150.286412
53,49,4120.330300
54,11,11391.496088
54,12,10288.811535
54,13,9493.637580
54,14,8105.273487
54,15,7359.759258
54,16,6776.047317
54,17,6458.305943
54,18,6002.029609
54,19,5693.964441
54,20,5495.945806
54,21,5309.144392
54,22,5082.256540
54,24,5074.379192
54,25,4842.002627
54,26,4705.072520
54,27,4655.072520
54,29,4542.522160
54,30,4530.228667
54,31,4448.448746
54,32,4412.899573
54,33,4150.286412
54,49,4120.330300
55,11,11391.496088
55,12,10288.811535
55,13,9425.860363
55,14,8105.273487
55,15,7359.759258
55,16,6776.047317
55,17,6458.305943
55,18,6002.029609
55,19,5682.381742
55,20,5495.945806
55,21,5309.144392
55,22,5082.256540
55,24,5074.379192
55,25,4842.002627
55,26,4705.072520
55,27,4655.072520
55,29,4542.522160
55,30,4530.228667
55,31,4448.448746
55,32,4358.910412
55,33,4150.286412
55,49,4120.330300
56,11,11391.496088
56,12,10288.811535
56,13,9425.860363
56,14,8105.273487
56,15,7359.759258
56,16,6776.047317
56,17,6458.305943
56,18,5890.328117
56,19,5682.381742
56,20,5495.945806
56,21,5309.144392
56,22,5082.256540
56,24,5074.379192
56,25,4842.002627
56,26,4705.072520
56,27,4655.072520
56,29,4359.123618
56,32,4358.910412
56,33,4150.286412
56,49,4120.330300
57,11,10977.521652
57,12,10288.811535
57,13,8670.084474
57,14,8105.273487
57,15,7359.759258
57,16,6776.047317
57,17,6274.811743
57,18,5890.328117
57,19,5682.381742
57,20,5495.945806
57,21,5309.144392
57,22,5082.256540
57,24,5074.379192
57,25,4842.002627
57,26,4705.072520
57,27,4655.072520
57,29,4359.123618
57,32,4358.910412
57,33,4150.286412
57,43,4146.866057
57,46,4101.046930
58,11,10977.521652
58,12,10288.811535
58,13,8670.084474
58,14,8105.273487
58,15,7359.759258
58,16,6776.047317
58,17,6274.811743
58,18,5890.328117
58,19,5682.381742
58,20,5495.945806
58,21,5309.144392
58,22,5082.256540
58,24,5074.379192
58,25,4842.002627
58,26,4705.072520
58,27,4655.072520
58,29,4359.123618
58,32,4358.910412
58,33,4150.286412
58,43,4146.866057
58,46,4101.046930
59,11,10977.521652
59,12,10288.811535
59,13,8670.084474
59,14,8105.273487
59,15,7359.759258
59,16,6776.047317
59,17,6274.811743
59,18,5890.328117
59,19,5682.381742
59,20,5495.945806
59,21,5309.144392
59,22,5082.256540
59,24,5014.980146
59,25,4842.002627
59,26,4705.072520
59,27,4654.166387
59,29,4359.123618
59,32,4358.910412
59,33,4150.286412
59,43,4146.866057
59,44,4107.812167
59,46,4101.046930
60,11,10977.521652
60,12,10288.811535
60,13,8670.084474
60,14,8105.273487
60,15,7359.759258
60,16,6776.047317
60,17,6274.811743
60,18,5890.328117
60,19,5682.381742
60,20,5495.945806
60,21,5252.120573
60,22,5082.256540
60,24,5014.980146
60,25,4842.002627
60,26,4705.072520
60,27,4654.166387
60,29,4359.123618
60,32,4358.910412
60,33,4150.286412
60,43,4146.866057
60,44,4107.812167
60,46,4101.046930
61,11,10977.521652
61,12,10288.811535
61,13,8670.084474
61,14,8105.273487
61,15,7359.759258
61,16,6745.649005
61,17,6274.811743
61,18,5890.328117
61,19,5682.381742
61,20,5495.945806
61,21,5252.120573
61,22,5082.256540
61,24,5014.980146
61,25,4842.002627
61,26,4705.072520
61,27,4654.166387
61,29,4359.123618
61,32,4358.910412
61,33,4150.286412
61,43,4146.866057
61,44,4107.812167
61,46,4101.046930
62,11,10977.521652
62,12,10288.811535
62,13,8128.445048
62,14,8105.273487
62,15,7359.759258
62,16,6745.649005
62,17,6274.811743
62,18,5890.328117
62,19,5444.141935
62,21,5252.120573
62,22,5082.256540
62,24,4810.875507
62,26,4705.072520
62,27,4444.102243
62,29,4359.123618
62,32,4358.910412
62,33,4150.286412
62,43,4146.866057
62,44,4107.812167
62,46,4101.046930
63,11,10977.521652
63,12,10288.811535
63,13,8128.445048
63,14,8105.273487
63,15,7359.759258
63,16,6745.649005
63,17,6274.811743
63,18,5831.184471
63,19,5444.141935
63,21,5252.120573
63,22,5082.256540
63,24,4810.875507
63,26,4705.072520
63,27,4444.102243
63,29,4359.123618
63,32,4358.910412
63,33,4150.286412
63,43,4146.866057
63,44,4107.812167
63,46,4101.046930
64,11,10977.521652
64,12,10288.811535
64,13,8128.445048
64,14,8105.273487
64,15,7359.759258
64,16,6745.649005
64,17,6202.357338
64,18,5831.184471
64,19,5444.141935
64,21,5252.120573
64,22,5082.256540
64,24,4810.875507
64,26,4705.072520
64,27,4444.102243
64,29,4359.123618
64,32,4358.910412
64,33,4150.286412
64,39,4102.586246
64,46,4098.416924
65,11,10977.521652
65,12,10288.811535
65,13,8128.445048
65,14,8105.273487
65,15,7359.759258
65,16,6745.649005
65,17,6202.357338
65,18,5831.184471
65,19,5444.141935
65,21,5252.120573
65,22,5082.256540
65,24,4810.875507
65,26,4705.072520
65,27,4444.102243
65,29,4359.123618
65,32,4358.910412
65,33,4150.286412
65,39,4102.586246
65,46,4098.416924
66,11,10977.521652
66,12,10288.811535
66,13,8128.445048
66,14,8105.273487
66,15,7359.759258
66,16,6745.649005
66,17,6202.357338
66,18,5778.142850
66,19,5444.141935
66,21,5252.120573
66,22,5082.256540
66,23,4917.861223
66,24,4810.875507
66,26,4705.072520
66,27,4444.102243
66,29,4359.123618
66,32,4358.910412
66,33,4150.286412
66,39,4102.586246
66,46,4060.214446
67,11,10977.521652
67,12,10288.811535
67,13,7742.219990
67,15,7359.759258
67,16,6608.491637
67,17,6202.357338
67,18,5778.142850
67,19,5444.141935
67,21,5252.120573
67,22,4970.803395
67,23,4917.861223
67,24,4810.875507
67,26,4705.072520
67,27,4444.102243
67,29,4359.123618
67,32,4358.910412
67,33,4150.286412
67,39,4102.586246
67,46,4060.214446
68,11,10977.521652
68,12,10288.811535
68,13,7742.219990
68,15,7359.759258
68,16,6608.491637
68,17,6202.357338
68,18,5778.142850
68,19,5444.141935
68,21,5252.120573
68,22,4970.803395
68,23,4917.861223
68,24,4810.875507
68,26,4705.072520
68,27,4444.102243
68,29,4359.123618
68,32,4358.910412
68,33,4150.286412
68,39,4102.586246
68,46,4060.214446
69,11,10977.521652
69,12,10288.811535
69,13,7742.219990
69,15,7359.759258
69,16,6608.491637
69,17,6202.357338
69,18,5778.142850
69,19,5444.141935
69,21,5252.120573
69,22,4970.803395
69,23,4917.861223
69,24,4810.875507
69,26,4705.072520
69,27,4444.102243
69,29,4359.123618
69,32,4316.107887
69,33,4150.286412
69,39,4102.586246
69,46,4060.214446
70,11,10977.521652
70,12,10288.811535
70,13,7742.219990
70,15,7359.759258
70,16,6608.491637
70,17,6202.357338
70,18,5778.142850
70,19,5444.141935
70,21,5252.120573
70,22,4970.803395
70,23,4917.861223
70,24,4810.875507
70,26,4705.072520
70,27,4444.102243
70,29,4359.123618
70,32,4316.107887
70,33,4150.286412
70,39,4102.586246
70,46,4060.214446
71,11,10977.521652
71,12,10288.811535
71,13,7742.219990
71,15,7359.759258
71,16,6608.491637
71,17,6202.357338
71,18,5778.142850
71,19,5444.141935
71,21,5199.848775
71,22,4970.803395
71,23,4917.861223
71,24,4810.875507
71,26,4705.072520
71,27,4444.102243
71,29,4359.123618
71,32,4316.107887
71,33,4150.286412
71,39,4102.586246
71,46,4060.214446
72,11,10977.521652
72,12,10288.811535
72,13,7410.875154
72,15,7359.759258
72,16,6608.491637
72,17,6202.357338
72,18,5778.142850
72,19,5444.141935
72,21,5199.848775
72,22,4970.803395
72,23,4917.861223
72,24,4749.766279
72,26,4705.072520
72,27,4444.102243
72,29,4359.123618
72,32,4316.107887
72,33,4150.286412
72,39,4102.586246
72,46,4060.214446
73,11,10977.521652
73,12,10288.811535
73,13,7410.875154
73,15,7359.759258
73,16,6608.491637
73,17,6202.357338
73,18,5778.142850
73,19,5444.141935
73,21,5074.499275
73,22,4970.803395
73,23,4917.861223
73,24,4749.766279
73,26,4705.072520
73,27,4444.102243
73,29,4359.123618
73,32,4316.107887
73,33,4150.286412
73,39,4102.586246
73,46,4060.214446
74,11,10977.521652
74,12,10288.811535
74,13,7410.875154
74,15,7359.759258
74,16,6608.491637
74,17,6202.357338
74,18,5778.142850
74,19,5444.141935
74,21,5074.499275
74,22,4970.803395
74,23,4917.861223
74,24,4749.766279
74,25,4649.175197
74,27,4444.102243
74,29,4359.123618
74,32,4316.107887
74,33,4150.286412
74,39,4102.586246
74,46,4060.214446
75,11,10977.521652
75,12,10288.811535
75,13,7410.875154
75,15,7359.759258
75,16,6608.491637
75,17,6202.357338
75,18,5778.142850
75,19,5444.141935
75,20,5394.830955
75,21,5074.499275
75,22,4970.803395
75,23,4917.861223
75,24,4749.766279
75,25,4649.175197
75,27,4444.102243
75,29,4359.123618
75,31,4300.944671
75,33,4150.286412
75,39,4102.586246
75,46,4060.214446
76,11,10977.521652
76,12,10065.694887
76,13,7410.875154
76,15,7359.759258
76,16,6608.491637
76,17,6202.357338
76,18,5778.142850
76,19,5308.214471
76,21,5074.499275
76,22,4970.803395
76,23,4917.861223
76,24,4749.766279
76,25,4649.175197
76,27,4444.102243
76,29,4359.123618
76,31,4300.944671
76,33,4150.286412
76,39,4102.586246
76,46,4060.214446
77,11,10977.521652
77,12,10065.694887
77,13,7410.875154
77,15,7359.759258
77,16,6608.491637
77,17,6202.357338
77,18,5778.142850
77,19,5308.214471
77,21,5074.499275
77,22,4970.803395
77,23,4741.243398
77,25,4649.175197
77,27,4259.266430
77,33,4150.286412
77,39,4102.586246
77,46,4060.214446
78,11,10977.521652
78,12,10065.694887
78,13,7410.875154
78,15,7359.759258
78,16,6608.491637
78,17,5928.291285
78,18,5778.142850
78,19,5308.214471
78,21,5074.499275
78,22,4970.803395
78,23,4741.243398
78,25,4649.175197
78,27,4259.266430
78,33,4150.286412
78,39,4102.586246
78,46,4060.214446
79,11,10977.521652
79,12,10065.694887
79,13,7410.875154
79,15,7359.759258
79,16,6608.491637
79,17,5928.291285
79,18,5778.142850
79,19,5308.214471
79,21,5074.499275
79,22,4970.803395
79,23,4732.958563
79,25,4649.175197
79,27,4259.266430
79,33,4150.286412
79,39,4102.586246
79,46,4060.214446
80,11,10977.521652
80,12,10065.694887
80,13,7410.875154
80,15,7359.759258
80,16,6608.491637
80,17,5928.291285
80,18,5778.142850
80,19,5308.214471
80,21,5074.499275
80,22,4970.803395
80,23,4732.958563
80,25,4649.175197
80,27,4259.266430
80,33,4150.286412
80,39,4102.586246
80,46,4060.214446
81,11,10977.521652
81,12,10065.694887
81,13,7410.875154
81,15,7359.759258
81,16,6608.491637
81,17,5928.291285
81,18,5778.142850
81,19,5308.214471
81,21,5074.499275
81,22,4970.803395
81,23,4732.958563
81,25,4649.175197
81,27,4259.266430
81,33,4150.286412
81,39,4102.586246
81,46,4060.214446
82,11,10977.521652
82,12,10065.694887
82,13,7410.875154
82,15,7359.759258
82,16,6608.491637
82,17,5928.291285
82,18,5778.142850
82,19,5308.214471
82,21,5074.499275
82,22,4898.479184
82,23,4732.958563
82,25,4649.175197
82,27,4259.266430
82,33,4150.286412
82,37,4088.641536
82,46,4060.214446
83,11,10977.521652
83,12,10065.694887
83,13,7410.875154
83,15,7359.759258
83,16,6579.099281
83,17,5928.291285
83,18,5778.142850
83,19,5308.214471
83,21,5074.499275
83,22,4898.479184
83,23,4732.958563
83,25,4649.175197
83,27,4259.266430
83,33,4150.286412
83,37,4088.641536
83,46,4060.214446
84,11,10977.521652
84,12,10065.694887
84,13,7410.875154
84,15,6962.018422
84,16,6579.099281
84,17,5928.291285
84,18,5778.142850
84,19,5308.214471
84,21,5074.499275
84,22,4898.479184
84,23,4732.958563
84,25,4649.175197
84,27,4259.266430
84,33,4150.286412
84,37,4088.641536
84,46,4060.214446
85,11,10913.741066
85,12,10065.694887
85,13,7410.875154
85,15,6962.018422
85,16,6579.099281
85,17,5928.291285
85,18,5778.142850
85,19,5308.214471
85,21,5074.499275
85,22,4898.479184
85,23,4732.958563
85,25,4649.175197
85,27,4259.266430
85,33,4150.286412
85,37,4088.641536
85,46,4060.214446
86,11,10913.741066
86,12,10065.694887
86,13,7410.875154
86,15,6962.018422
86,16,6579.099281
86,17,5928.291285
86,18,5778.142850
86,19,5308.214471
86,21,5074.499275
86,22,4898.479184
86,23,4732.958563
86,25,4649.175197
86,27,4259.266430
86,33,4150.286412
86,37,4088.641536
86,46,4060.214446
87,11,10851.403489
87,12,9643.207829
87,13,7410.875154
87,15,6902.953165
87,16,6579.099281
87,17,5928.291285
87,18,5744.238644
87,19,5308.214471
87,20,5203.408506
87,21,5074.499275
87,22,4758.306429
87,23,4732.958563
87,25,4508.767914
87,27,4166.086623
87,33,4052.126663
88,11,10851.403489
88,12,9643.207829
88,13,7410.875154
88,15,6902.953165
88,16,6445.464721
88,17,5928.291285
88,18,5744.238644
88,19,5308.214471
88,20,5203.408506
88,21,5074.499275
88,22,4758.306429
88,23,4732.958563
88,25,4508.767914
88,27,4166.086623
88,33,4052.126663
89,11,10851.403489
89,12,9643.207829
89,13,7410.875154
89,14,7378.205684
89,15,6902.953165
89,16,6445.464721
89,17,5928.291285
89,18,5744.238644
89,19,5308.214471
89,20,5203.408506
89,21,5074.499275
89,22,4758.306429
89,23,4732.958563
89,25,4508.767914
89,27,4166.086623
89,33,4052.126663
90,11,10851.403489
90,12,9643.207829
90,13,7410.875154
90,14,7150.537893
90,15,6902.953165
90,16,6445.464721
90,17,5928.291285
90,18,5744.238644
90,19,5308.214471
90,20,5203.408506
90,21,5074.499275
90,22,4758.306429
90,23,4732.958563
90,25,4508.767914
90,27,4166.086623
90,33,4052.126663
91,11,10851.403489
91,12,9643.207829
91,13,7410.875154
91,14,7150.537893
91,15,6902.953165
91,16,6254.969538
91,17,5928.291285
91,18,5744.238644
91,19,5308.214471
91,20,5203.408506
91,21,5074.499275
91,22,4758.306429
91,23,4732.958563
91,25,4508.767914
91,27,4166.086623
91,33,4052.126663
92,11,10851.403489
92,12,9643.207829
92,13,7410.875154
92,14,7149.015758
92,15,6470.577545
92,16,6254.969538
92,17,5928.291285
92,18,5744.238644
92,19,5308.214471
92,20,5203.408506
92,21,5074.499275
92,22,4758.306429
92,23,4732.958563
92,25,4508.767914
92,27,4166.086623
92,33,4052.126663
93,11,10851.403489
93,12,9643.207829
93,13,7410.875154
93,14,7149.015758
93,15,6470.577545
93,16,6254.969538
93,17,5928.291285
93,18,5744.238644
93,19,5264.161678
93,20,5203.408506
93,21,5074.499275
93,22,4758.306429
93,23,4732.958563
93,25,4508.767914
93,27,4166.086623
93,33,4052.126663
94,11,10851.403489
94,12,9643.207829
94,13,7410.875154
94,14,7149.015758
94,15,6470.577545
94,16,6254.969538
94,17,5923.139787
94,18,5635.243433
94,19,5264.161678
94,20,5203.408506
94,21,5074.499275
94,22,4758.306429
94,23,4732.958563
94,25,4508.767914
94,27,4166.086623
94,33,4052.126663
95,11,10851.403489
95,12,9275.831435
95,13,7410.875154
95,14,7149.015758
95,15,6470.577545
95,16,6254.969538
95,17,5923.139787
95,18,5635.243433
95,19,5264.161678
95,20,5203.408506
95,21,5074.499275
95,22,4758.306429
95,23,4732.958563
95,24,4720.123308
95,25,4508.767914
95,27,4166.086623
95,33,4052.126663
95,41,3989.420583
96,11,10851.403489
96,12,9275.831435
96,13,7410.875154
96,14,7149.015758
96,15,6470.577545
96,16,6254.969538
96,17,5923.139787
96,18,5635.243433
96,19,5264.161678
96,20,5203.408506
96,21,5074.499275
96,22,4758.306429
96,23,4732.958563
96,24,4720.123308
96,25,4508.767914
96,27,4166.086623
96,33,4052.126663
96,41,3989.420583
97,11,10851.403489
97,12,9275.831435
97,13,7410.875154
97,14,7149.015758
97,15,6470.577545
97,16,6254.969538
97,17,5923.139787
97,18,5635.243433
97,19,5264.161678
97,20,5203.408506
97,21,5074.499275
97,22,4758.306429
97,23,4732.958563
97,24,4720.123308
97,25,4508.767914
97,27,4105.655145
97,33,3950.879473
98,11,10851.403489
98,12,9275.831435
98,13,7410.875154
98,14,7149.015758
98,15,6470.577545
98,16,6254.969538
98,17,5923.139787
98,18,5635.243433
98,19,5264.161678
98,20,5203.408506
98,21,5074.499275
98,22,4758.306429
98,23,4732.958563
98,24,4720.123308
98,25,4508.767914
98,27,4105.655145
98,33,3950.879473
99,11,10851.403489
99,12,8929.562657
99,13,7410.875154
99,14,7149.015758
99,15,6470.577545
99,16,6254.969538
99,17,5923.139787
99,18,5635.243433
99,19,5264.161678
99,20,5203.408506
99,21,5074.499275
99,22,4758.306429
99,23,4732.958563
99,24,4720.123308
99,25,4508.767914
99,27,4105.655145
99,33,3950.879473
100,11,10851.403489
100,12,8929.562657
100,13,7410.875154
100,14,7149.015758
100,15,6470.577545
100,16,6254.969538
100,17,5923.139787
100,18,5635.243433
100,19,5264.161678
100,20,5203.408506
100,21,5074.499275
100,22,4758.306429
100,23,4732.958563
100,24,4720.123308
100,25,4508.767914
100,27,4105.655145
100,33,3950.879473
101,11,10851.403489
101,12,8929.562657
101,13,7410.875154
101,14,7144.635395
101,15,6470.577545
101,16,6254.969538
101,17,5923.139787
101,18,5635.243433
101,19,5264.161678
101,20,5203.408506
101,21,5074.499275
101,22,4758.306429
101,23,4732.958563
101,24,4720.123308
101,25,4508.767914
101,27,4105.655145
101,33,3950.879473
102,11,10851.403489
102,12,8929.562657
102,13,7410.875154
102,14,7144.635395
102,15,6470.577545
102,16,6254.969538
102,17,5923.139787
102,18,5306.395951
102,19,5264.161678
102,20,5203.408506
102,21,5074.499275
102,22,4758.306429
102,23,4732.958563
102,24,4720.123308
102,25,4508.767914
102,27,4105.655145
102,33,3950.879473
103,11,10851.403489
103,12,8929.562657
103,13,7410.875154
103,14,7144.635395
103,15,6470.577545
103,16,6150.947168
103,17,5923.139787
103,18,5306.395951
103,19,5264.161678
103,20,5203.408506
103,21,5074.499275
103,22,4758.306429
103,23,4732.958563
103,24,4720.123308
103,25,4508.767914
103,27,4105.655145
103,33,3950.879473
104,11,10851.403489
104,12,8929.562657
104,13,7410.875154
104,14,7144.635395
104,15,6470.577545
104,16,6150.947168
104,17,5923.139787
104,18,5306.395951
104,19,5264.161678
104,20,5196.412028
104,21,5074.499275
104,22,4758.306429
104,23,4732.958563
104,24,4720.123308
104,25,4508.767914
104,27,4105.655145
104,33,3950.879473
105,11,10851.403489
105,12,8929.562657
105,13,7410.875154
105,14,7002.164455
105,15,6470.577545
105,16,6150.947168
105,17,5923.139787
105,18,5306.395951
105,19,5264.161678
105,20,5196.412028
105,21,5074.499275
105,22,4758.306429
105,23,4732.958563
105,24,4720.123308
105,25,4508.767914
105,27,4105.655145
105,33,3950.879473
106,11,10851.403489
106,12,8929.562657
106,13,7410.875154
106,14,7002.164455
106,15,6470.577545
106,16,6150.947168
106,17,5923.139787
106,18,5306.395951
106,19,5264.161678
106,20,5196.412028
106,21,5074.499275
106,22,4758.306429
106,23,4732.958563
106,24,4720.123308
106,25,4508.767914
106,27,4105.655145
106,33,3950.879473
107,11,10851.403489
107,12,8373.534202
107,13,7410.875154
107,14,7002.164455
107,15,6470.577545
107,16,6150.947168
107,17,5669.075434
107,18,5306.395951
107,19,5264.161678
107,20,5196.412028
107,21,5074.499275
107,22,4758.306429
107,23,4732.958563
107,24,4720.123308
107,25,4508.767914
107,27,4105.655145
107,33,3950.879473
108,11,10851.403489
108,12,8373.534202
108,13,7410.875154
108,14,7002.164455
108,15,6470.577545
108,16,6150.947168
108,17,5669.075434
108,18,5306.395951
108,19,5264.161678
108,20,5196.412028
108,21,5074.499275
108,22,4758.306429
108,23,4732.958563
108,24,4720.123308
108,25,4508.767914
108,27,4105.655145
108,33,3950.879473
109,11,10851.403489
109,12,8373.534202
109,13,7410.875154
109,14,7002.164455
109,15,6470.577545
109,16,6025.539145
109,17,5669.075434
109,18,5306.395951
109,19,5264.161678
109,20,5196.412028
109,21,5074.499275
109,22,4758.306429
109,23,4732.958563
109,24,4720.123308
109,25,4508.767914
109,27,4105.655145
109,33,3950.879473
110,11,10851.403489
110,12,8373.534202
110,13,7410.875154
110,14,6610.476927
110,15,6470.577545
110,16,6025.539145
110,17,5669.075434
110,18,5306.395951
110,19,5264.161678
110,20,5196.412028
110,21,5074.499275
110,22,4758.306429
110,23,4732.958563
110,24,4720.123308
110,25,4508.767914
110,27,4105.655145
110,33,3950.879473
111,11,10851.403489
111,12,8373.534202
111,13,7410.875154
111,14,6610.476927
111,15,6233.380135
111,16,6025.539145
111,17,5669.075434
111,18,5306.395951
111,19,5264.161678
111,20,5196.412028
111,21,5074.499275
111,22,4758.306429
111,23,4732.958563
111,24,4720.123308
111,25,4508.767914
111,27,4105.655145
111,33,3950.879473
112,11,10851.403489
112,12,8373.534202
112,13,7410.875154
112,14,6610.476927
112,15,6233.380135
112,16,6025.539145
112,17,5669.075434
112,18,5306.395951
112,19,5264.161678
112,20,5018.151286
112,22,4758.306429
112,23,4732.958563
112,24,4720.123308
112,25,4508.767914
112,27,4105.655145
112,33,3950.879473
113,11,10851.403489
113,12,7777.960382
113,13,7410.875154
113,14,6610.476927
113,15,6233.380135
113,16,6025.539145
113,17,5669.075434
113,18,5306.395951
113,19,5264.161678
113,20,5018.151286
113,22,4758.306429
113,23,4732.958563
113,24,4720.123308
113,25,4508.767914
113,27,4105.655145
113,33,3950.879473
114,11,10851.403489
114,12,7777.960382
114,13,7410.875154
114,14,6610.476927
114,15,6233.380135
114,16,6025.539145
114,17,5669.075434
114,18,5306.395951
114,19,5264.161678
114,20,5018.151286
114,22,4758.306429
114,23,4732.958563
114,24,4720.123308
114,25,4508.767914
114,27,4105.655145
114,33,3950.879473
115,11,10851.403489
115,12,7777.960382
115,13,7410.875154
115,14,6610.476927
115,15,6233.380135
115,16,6025.539145
115,17,5669.075434
115,18,5306.395951
115,19,5264.161678
115,20,5018.151286
115,22,4758.306429
115,23,4732.958563
115,24,4720.123308
115,25,4508.767914
115,27,4105.655145
115,33,3950.879473
116,11,10851.403489
116,12,7777.960382
116,13,7410.875154
116,14,6610.476927
116,15,6233.380135
116,16,6025.539145
116,17,5669.075434
116,18,5306.395951
116,19,5264.161678
116,20,5018.151286
116,22,4758.306429
116,23,4732.958563
116,24,4720.123308
116,25,4508.767914
116,27,4105.655145
116,33,3950.879473
117,11,10389.681443
117,12,7777.960382
117,13,7410.875154
117,14,6610.476927
117,15,6233.380135
117,16,6025.539145
117,17,5542.734144
117,18,5306.395951
117,19,5264.161678
117,20,4818.570423
117,22,4758.306429
117,23,4732.958563
117,24,4720.123308
117,25,4508.767914
117,27,4105.655145
117,33,3950.879473
118,11,10312.059321
118,12,7777.960382
118,13,7410.875154
118,14,6610.476927
118,15,6233.380135
118,16,6025.539145
118,17,5542.734144
118,18,5306.395951
118,19,5264.161678
118,20,4818.570423
118,22,4758.306429
118,23,4732.958563
118,24,4500.147940
118,27,4105.655145
118,33,3950.879473
119,11,10312.059321
119,12,7777.960382
119,13,7410.875154
119,14,6610.476927
119,15,6233.380135
119,16,6025.539145
119,17,5542.734144
119,18,5306.395951
119,19,5264.161678
119,20,4818.570423
119,22,4758.306429
119,23,4732.958563
119,24,4500.147940
119,27,4105.655145
119,33,3950.879473
120,11,10312.059321
120,12,7777.960382
120,13,7410.875154
120,14,6610.476927
120,15,6233.380135
120,16,6025.539145
120,17,5542.734144
120,18,5306.395951
120,19,5264.161678
120,20,4818.570423
120,22,4758.306429
120,23,4732.958563
120,24,4500.147940
120,26,4378.243500
120,27,4105.655145
120,33,3950.879473
121,11,10312.059321
121,12,7777.960382
121,13,7410.875154
121,14,6610.476927
121,15,6233.380135
121,16,6025.539145
121,17,5542.734144
121,18,5306.395951
121,19,5264.161678
121,20,4818.570423
121,22,4758.306429
121,23,4732.958563
121,24,4500.147940
121,26,4378.243500
121,27,4105.655145
121,33,3950.879473
122,11,10312.059321
122,12,7777.960382
122,13,7410.875154
122,14,6610.476927
122,15,6233.380135
122,16,6025.539145
122,17,5542.734144
122,18,5210.538728
122,20,4818.570423
122,22,4758.306429
122,23,4732.958563
122,24,4500.147940
122,26,4378.243500
122,27,4105.655145
122,31,3928.421003
123,11,10312.059321
123,12,7777.960382
123,13,7208.313871
123,14,6610.476927
123,15,6233.380135
123,16,6025.539145
123,17,5542.734144
123,18,5210.538728
123,20,4818.570423
123,22,4758.306429
123,23,4732.958563
123,24,4500.147940
123,26,4378.243500
123,27,4105.655145
123,31,3928.421003
124,11,10312.059321
124,12,7777.960382
124,13,7208.313871
124,14,6610.476927
124,15,6233.380135
124,16,6025.539145
124,17,5542.734144
124,18,5210.538728
124,20,4818.570423
124,22,4758.306429
124,23,4732.958563
124,24,4500.147940
124,26,4378.243500
124,27,4105.655145
124,31,3928.421003
125,11,10312.059321
125,12,7777.960382
125,13,7208.313871
125,14,6610.476927
125,15,6233.380135
125,16,6025.539145
125,17,5542.734144
125,18,5210.538728
125,20,4818.570423
125,22,4758.306429
125,23,4732.958563
125,24,4500.147940
125,26,4378.243500
125,27,4105.655145
125,31,3928.421003
126,11,10312.059321
126,12,7777.960382
126,13,7208.313871
126,14,6610.476927
126,15,6233.380135
126,16,6016.624582
126,17,5542.734144
126,18,5210.538728
126,20,4818.570423
126,22,4758.306429
126,23,4722.031513
126,24,4500.147940
126,26,4378.243500
126,27,4105.655145
126,31,3928.421003
127,11,10312.059321
127,12,7476.462860
127,13,7208.313871
127,14,6610.476927
127,15,6233.380135
127,16,5422.263096
127,18,5210.538728
127,20,4818.570423
127,22,4758.306429
127,23,4722.031513
127,24,4500.147940
127,26,4378.243500
127,27,4105.655145
127,31,3928.421003
128,11,10312.059321
128,12,7476.462860
128,13,7208.313871
128,14,6610.476927
128,15,6233.380135
128,16,5422.263096
128,18,5210.538728
128,20,4818.570423
128,22,4758.306429
128,23,4722.031513
128,24,4500.147940
128,26,4378.243500
128,27,4105.655145
128,31,3928.421003
129,11,10312.059321
129,12,7476.462860
129,13,7208.313871
129,14,6610.476927
129,15,6233.380135
129,16,5422.263096
129,18,5210.538728
129,20,4818.570423
129,22,4758.306429
129,23,4722.031513
129,24,4500.147940
129,26,4378.243500
129,27,4105.655145
129,31,3928.421003
130,11,10312.059321
130,12,7476.462860
130,13,7208.313871
130,14,6610.476927
130,15,6233.380135
130,16,5422.263096
130,18,5210.538728
130,20,4818.570423
130,22,4758.306429
130,23,4722.031513
130,24,4500.147940
130,25,4466.191652
130,26,4378.243500
130,27,4105.655145
130,31,3928.421003
131,11,10312.059321
131,12,7476.462860
131,13,7072.989046
131,14,6610.476927
131,15,6233.380135
131,16,5422.263096
131,18,5210.538728
131,20,4818.570423
131,22,4758.306429
131,23,4722.031513
131,24,4500.147940
131,25,4466.191652
131,26,4378.243500
131,27,4105.655145
131,31,3928.421003
132,11,10312.059321
132,12,7175.482587
132,13,7072.989046
132,14,6610.476927
132,15,6233.380135
132,16,5422.263096
132,18,5210.538728
132,20,4818.570423
132,22,4758.306429
132,23,4663.936608
132,24,4500.147940
132,25,4466.191652
132,26,4378.243500
132,27,4105.655145
132,31,3928.421003
133,11,10312.059321
133,12,7175.482587
133,13,7072.989046
133,14,6610.476927
133,15,6233.380135
133,16,5422.263096
133,18,5210.538728
133,20,4818.570423
133,22,4758.306429
133,23,4663.936608
133,24,4500.147940
133,25,4466.191652
133,26,4378.243500
133,27,4105.655145
133,31,3928.421003
134,11,10312.059321
134,12,7175.482587
134,13,7072.989046
134,14,6610.476927
134,15,6233.380135
134,16,5422.263096
134,18,5210.538728
134,20,4818.570423
134,22,4758.306429
134,23,4663.936608
134,24,4500.147940
134,25,4466.191652
134,26,4378.243500
134,27,4105.655145
134,31,3928.421003
135,11,10312.059321
135,12,7175.482587
135,13,7027.262964
135,14,6610.476927
135,15,6233.380135
135,16,5422.263096
135,18,5079.979577
135,20,4818.570423
135,22,4758.306429
135,23,4663.936608
135,24,4500.147940
135,25,4466.191652
135,26,4378.243500
135,27,4105.655145
135,31,3928.421003
136,11,10312.059321
136,12,7175.482587
136,13,7027.262964
136,14,6610.476927
136,15,6233.380135
136,16,5422.263096
136,18,5079.979577
136,20,4818.570423
136,22,4758.306429
136,23,4663.936608
136,24,4500.147940
136,25,4466.191652
136,26,4378.243500
136,27,4105.655145
136,31,3928.421003
137,11,10312.059321
137,12,6934.745544
137,14,6610.476927
137,15,6233.380135
137,16,5422.263096
137,18,5079.979577
137,20,4818.570423
137,21,4722.689249
137,23,4663.936608
137,24,4500.147940
137,25,4466.191652
137,26,4338.466174
137,27,4105.655145
137,31,3928.421003
138,11,10312.059321
138,12,6934.745544
138,14,6610.476927
138,15,6233.380135
138,16,5422.263096
138,18,5079.979577
138,20,4818.570423
138,21,4722.689249
138,23,4663.936608
138,24,4500.147940
138,25,4466.191652
138,26,4338.466174
138,27,4105.655145
138,31,3928.421003
139,11,10312.059321
139,12,6934.745544
139,14,6610.476927
139,15,6233.380135
139,16,5422.263096
139,18,5079.979577
139,19,4978.115244
139,20,4818.570423
139,21,4722.689249
139,23,4663.936608
139,24,4500.147940
139,25,4466.191652
139,26,4338.466174
139,27,4105.655145
139,31,3928.421003
140,11,10312.059321
140,12,6934.745544
140,14,6610.476927
140,15,6233.380135
140,16,5422.263096
140,18,5079.979577
140,19,4978.115244
140,20,4818.570423
140,21,4722.689249
140,23,4663.936608
140,24,4500.147940
140,25,4466.191652
140,26,4338.466174
140,27,4105.655145
140,31,3928.421003
141,11,10312.059321
141,12,6934.745544
141,13,6886.590843
141,14,6610.476927
141,15,6233.380135
141,16,5422.263096
141,18,5079.979577
141,19,4978.115244
141,20,4818.570423
141,21,4722.689249
141,23,4663.936608
141,24,4500.147940
141,25,4466.191652
141,26,4338.466174
141,27,4105.655145
141,31,3928.421003
142,11,10312.059321
142,12,6763.434984
142,14,6610.476927
142,15,6233.380135
142,16,5422.263096
142,18,5079.979577
142,19,4978.115244
142,20,4818.570423
142,21,4722.689249
142,23,4663.936608
142,24,4500.147940
142,25,4466.191652
142,26,4338.466174
142,27,4105.655145
142,31,3928.421003
143,11,9669.476420
143,12,6763.434984
143,14,6610.476927
143,15,6208.915076
143,16,5422.263096
143,18,5079.979577
143,19,4978.115244
143,20,4818.570423
143,21,4722.689249
143,23,4663.936608
143,24,4500.147940
143,25,4466.191652
143,26,4338.466174
143,27,4105.655145
143,31,3928.421003
144,11,9669.476420
144,12,6763.434984
144,14,6610.476927
144,15,6208.915076
144,16,5422.263096
144,18,5079.979577
144,19,4978.115244
144,20,4818.570423
144,21,4722.689249
144,23,4576.571468
144,24,4500.147940
144,25,4466.191652
144,26,4338.466174
144,27,4105.655145
144,31,3928.421003
145,11,9669.476420
145,12,6763.434984
145,14,6610.476927
145,15,6208.915076
145,16,5422.263096
145,18,5079.979577
145,19,4978.115244
145,20,4818.570423
145,21,4722.689249
145,23,4576.571468
145,24,4500.147940
145,25,4388.009769
145,26,4338.466174
145,27,4105.655145
145,31,3928.421003
146,11,9669.476420
146,12,6763.434984
146,14,6610.476927
146,15,6208.915076
146,16,5422.263096
146,18,5079.979577
146,19,4978.115244
146,20,4818.570423
146,21,4722.689249
146,23,4576.571468
146,24,4433.497285
146,25,4388.009769
146,26,4338.466174
146,27,4105.655145
146,31,3928.421003
147,11,9669.476420
147,12,6708.237525
147,14,6610.476927
147,15,6208.915076
147,16,5422.263096
147,18,5079.979577
147,19,4978.115244
147,20,4818.570423
147,21,4722.689249
147,23,4350.140188
147,26,4338.466174
147,27,4105.655145
147,31,3928.421003
148,11,9669.476420
148,12,6708.237525
148,14,6610.476927
148,15,6208.915076
148,16,5422.263096
148,18,5079.979577
148,19,4978.115244
148,20,4818.570423
148,21,4722.689249
148,23,4350.140188
148,25,4299.323427
148,27,4105.655145
148,31,3928.421003
149,11,9669.476420
149,12,6708.237525
149,14,6610.476927
149,15,6208.915076
149,16,5422.263096
149,18,5079.979577
149,19,4978.115244
149,20,4818.570423
149,21,4722.689249
149,23,4350.140188
149,25,4299.323427
149,27,4105.655145
149,31,3928.421003
150,11,9669.476420
150,12,6708.237525
150,14,6610.476927
150,15,6208.915076
150,16,5422.263096
150,18,5079.979577
150,19,4978.115244
150,20,4818.570423
150,21,4722.689249
150,23,4350.140188
150,25,4299.323427
150,27,4105.655145
150,31,3928.421003
151,11,9669.476420
151,12,6708.237525
151,14,6610.476927
151,15,6208.915076
151,16,5422.263096
151,18,5079.979577
151,19,4978.115244
151,20,4818.570423
151,21,4722.689249
151,23,4350.140188
151,25,4299.323427
151,27,4105.655145
151,31,3928.421003
152,11,9669.476420
152,12,6197.733146
152,16,5422.263096
152,18,5079.979577
152,19,4728.849323
152,21,4722.689249
152,23,4350.140188
152,25,4299.323427
152,27,4105.655145
152,30,4035.304553
152,31,3928.421003
153,11,9669.476420
153,12,6197.733146
153,16,5422.263096
153,18,5079.979577
153,19,4728.849323
153,21,4722.689249
153,23,4350.140188
153,25,4299.323427
153,27,4105.655145
153,30,4035.304553
153,31,3928.421003
154,11,9669.476420
154,12,6197.733146
154,16,5422.263096
154,18,5079.979577
154,19,4728.849323
154,21,4722.689249
154,23,4321.778769
154,25,4299.323427
154,27,4105.655145
154,30,4035.304553
154,31,3928.421003
155,11,9669.476420
155,12,6197.733146
155,16,5422.263096
155,18,5079.979577
155,19,4728.849323
155,21,4722.689249
155,23,4321.778769
155,25,4299.323427
155,27,4105.655145
155,30,4035.304553
155,31,3928.421003
155,42,3909.259501
156,11,9669.476420
156,12,6197.733146
156,15,6164.346334
156,16,5422.263096
156,18,5079.979577
156,19,4728.849323
156,21,4722.689249
156,23,4321.778769
156,25,4299.323427
156,27,4105.655145
156,30,4035.304553
156,31,3928.421003
156,42,3909.259501
157,11,9410.689766
157,12,5987.907450
157,16,5422.263096
157,18,5079.979577
157,19,4728.849323
157,21,4722.689249
157,23,4321.778769
157,25,4299.323427
157,27,4105.655145
157,30,4035.304553
157,31,3928.421003
157,42,3909.259501
158,11,9410.689766
158,12,5987.907450
158,16,5422.263096
158,18,5079.979577
158,19,4728.849323
158,21,4620.735485
158,23,4321.778769
158,25,4299.323427
158,27,4105.655145
158,30,4035.304553
158,31,3928.421003
158,42,3909.259501
159,11,9410.689766
159,12,5987.907450
159,14,5949.272413
159,15,5874.654340
159,16,5422.263096
159,18,5079.979577
159,19,4728.849323
159,21,4620.735485
159,23,4321.778769
159,25,4299.323427
159,27,4105.655145
159,30,4035.304553
159,31,3928.421003
159,42,3909.259501
160,11,9410.689766
160,12,5987.907450
160,14,5949.272413
160,15,5874.654340
160,16,5422.263096
160,18,5079.979577
160,19,4728.849323
160,21,4620.735485
160,23,4321.778769
160,25,4299.323427
160,27,4105.655145
160,30,4035.304553
160,31,3928.421003
160,42,3909.259501
161,11,9410.689766
161,12,5987.907450
161,14,5949.272413
161,15,5874.654340
161,16,5406.628183
161,18,5074.514330
161,19,4728.849323
161,20,4662.751709
161,21,4620.735485
161,23,4321.778769
161,25,4299.323427
161,27,4105.655145
161,30,4035.304553
161,31,3928.421003
161,42,3909.259501
162,11,9410.689766
162,12,5987.907450
162,14,5949.272413
162,15,5766.573324
162,16,5406.628183
162,18,5074.514330
162,19,4728.849323
162,20,4662.751709
162,21,4620.735485
162,23,4321.778769
162,25,4299.323427
162,27,4105.655145
162,30,4035.304553
162,31,3928.421003
162,42,3909.259501
163,11,9410.689766
163,12,5987.907450
163,14,5767.996008
163,15,5766.573324
163,16,5392.529556
163,18,5074.514330
163,19,4728.849323
163,20,4662.751709
163,21,4620.735485
163,23,4321.778769
163,25,4299.323427
163,26,4234.551421
163,27,4105.655145
163,30,4035.304553
163,31,3928.421003
163,42,3909.259501
164,11,9410.689766
164,12,5985.929879
164,14,5767.996008
164,15,5766.573324
164,16,5392.529556
164,18,5074.514330
164,19,4728.849323
164,20,4662.751709
164,21,4620.735485
164,23,4321.778769
164,25,4299.323427
164,26,4234.551421
164,27,4105.655145
164,30,4035.304553
164,31,3928.421003
164,42,3909.259501
165,11,9410.689766
165,12,5985.929879
165,14,5767.996008
165,15,5766.573324
165,16,5392.529556
165,18,5074.514330
165,19,4728.849323
165,20,4662.751709
165,21,4620.735485
165,23,4321.778769
165,25,4299.323427
165,26,4234.551421
165,27,4105.655145
165,30,4035.304553
165,31,3928.421003
165,36,3910.678670
165,39,3909.394317
165,42,3909.259501
166,11,9410.689766
166,12,5985.929879
166,14,5767.996008
166,15,5766.573324
166,16,5106.185111
166,18,5074.514330
166,19,4728.849323
166,20,4662.751709
166,21,4620.735485
166,23,4321.778769
166,25,4299.323427
166,26,4234.551421
166,27,4105.655145
166,30,4035.304553
166,31,3928.421003
166,36,3910.678670
166,39,3909.394317
166,42,3909.259501
167,11,9410.689766
167,12,5985.929879
167,14,5767.996008
167,15,5646.535263
167,16,5106.185111
167,18,5074.514330
167,19,4728.849323
167,20,4662.751709
167,21,4620.735485
167,23,4321.778769
167,25,4299.323427
167,26,4234.551421
167,27,4105.655145
167,30,4035.304553
167,31,3928.421003
167,36,3910.678670
167,39,3909.394317
167,42,3909.259501
168,11,9410.689766
168,12,5985.929879
168,14,5679.552216
168,15,5646.535263
168,16,5106.185111
168,18,5074.514330
168,19,4728.849323
168,20,4662.751709
168,21,4620.735485
168,23,4321.778769
168,25,4299.323427
168,26,4234.551421
168,27,4105.655145
168,30,4035.304553
168,31,3928.421003
168,36,3910.678670
168,39,3909.394317
168,42,3909.259501
168,45,3877.223303
169,11,9410.689766
169,12,5985.929879
169,13,5865.575974
169,14,5679.552216
169,15,5646.535263
169,16,5106.185111
169,18,5074.514330
169,19,4728.849323
169,20,4662.751709
169,21,4620.735485
169,23,4321.778769
169,25,4299.323427
169,26,4234.551421
169,27,4105.655145
169,30,4035.304553
169,31,3928.421003
169,36,3910.678670
169,39,3909.394317
169,42,3909.259501
169,45,3877.223303
170,11,9410.689766
170,12,5918.177793
170,13,5865.575974
170,14,5679.552216
170,15,5646.535263
170,16,5106.185111
170,18,5074.514330
170,19,4728.849323
170,20,4662.751709
170,21,4620.735485
170,23,4321.778769
170,25,4299.323427
170,26,4234.551421
170,27,4105.655145
170,30,4035.304553
170,31,3928.421003
170,36,3910.678670
170,39,3909.394317
170,42,3909.259501
170,45,3877.223303
171,11,9410.689766
171,12,5918.177793
171,13,5865.575974
171,14,5679.552216
171,15,5337.420033
171,16,5106.185111
171,18,5074.514330
171,19,4728.849323
171,20,4662.751709
171,21,4620.735485
171,23,4321.778769
171,25,4299.323427
171,26,4234.551421
171,27,4105.655145
171,30,4035.304553
171,31,3928.421003
171,36,3910.678670
171,39,3909.394317
171,42,3909.259501
171,45,3877.223303
172,11,9410.689766
172,12,5918.177793
172,13,5865.575974
172,14,5679.552216
172,15,5337.420033
172,16,5106.185111
172,18,5074.514330
172,19,4728.849323
172,20,4662.751709
172,21,4620.735485
172,23,4321.778769
172,25,4299.323427
172,26,4234.551421
172,27,4105.655145
172,30,4035.304553
172,31,3928.421003
172,36,3910.678670
172,39,3909.394317
172,42,3909.259501
172,45,3877.223303
173,11,9410.689766
173,12,5918.177793
173,13,5760.816488
173,14,5664.169180
173,15,5299.401154
173,16,5106.185111
173,18,4986.402725
173,19,4728.849323
173,20,4662.751709
173,21,4620.735485
173,22,4589.714686
173,23,4321.778769
173,25,4299.323427
173,26,4234.551421
173,27,4105.655145
173,30,4035.304553
173,31,3743.577688
174,11,9410.689766
174,12,5918.177793
174,13,5633.329789
174,15,5299.401154
174,16,5106.185111
174,18,4986.402725
174,19,4728.849323
174,20,4662.751709
174,21,4620.735485
174,22,4540.989073
174,23,4321.778769
174,25,4299.323427
174,26,4234.551421
174,27,4105.655145
174,30,4035.304553
174,31,3743.577688
175,11,9410.689766
175,12,5918.177793
175,13,5633.329789
175,15,5299.401154
175,16,5017.289909
175,18,4986.402725
175,19,4728.849323
175,20,4662.751709
175,21,4620.735485
175,22,4540.989073
175,23,4321.778769
175,25,4299.323427
175,26,4234.551421
175,27,4105.655145
175,30,4035.304553
175,31,3743.577688
176,11,9410.689766
176,12,5918.177793
176,13,5633.329789
176,15,5299.401154
176,16,5017.289909
176,17,4962.016260
176,19,4728.849323
176,20,4662.751709
176,21,4620.735485
176,22,4440.205576
176,23,4321.778769
176,25,4292.064210
176,26,4232.903920
176,27,4105.655145
176,30,4035.304553
176,31,3743.577688
177,11,9410.689766
177,12,5918.177793
177,13,5633.329789
177,15,5299.401154
177,16,5017.289909
177,17,4962.016260
177,18,4904.594038
177,19,4728.849323
177,20,4662.751709
177,21,4596.931431
177,22,4440.205576
177,23,4321.778769
177,25,4292.064210
177,26,4232.903920
177,27,4105.655145
177,30,4035.304553
177,31,3743.577688
178,11,9410.689766
178,12,5852.667644
178,13,5633.329789
178,15,5299.401154
178,16,5017.289909
178,17,4962.016260
178,18,4817.659926
178,19,4728.849323
178,20,4662.751709
178,21,4596.931431
178,22,4348.389479
178,23,4321.778769
178,25,4292.064210
178,26,4232.903920
178,27,3733.074054
179,11,9410.689766
179,12,5852.667644
179,13,5633.329789
179,15,5299.401154
179,16,5017.289909
179,17,4944.701750
179,18,4636.877585
179,21,4568.875211
179,22,4348.389479
179,23,4321.778769
179,25,4292.064210
179,26,4232.903920
179,27,3733.074054
180,11,9410.689766
180,12,5852.667644
180,13,5633.329789
180,15,5299.401154
180,16,5017.289909
180,17,4944.701750
180,18,4636.877585
180,21,4567.255453
180,22,4348.389479
180,23,4321.778769
180,25,4292.064210
180,26,4232.903920
180,27,3733.074054
181,11,9410.689766
181,12,5852.667644
181,13,5633.329789
181,14,5260.434481
181,16,5017.289909
181,17,4944.701750
181,18,4636.877585
181,21,4537.516106
181,22,4348.389479
181,23,4321.778769
181,25,4292.064210
181,26,4232.903920
181,27,3733.074054
182,11,9410.689766
182,12,5852.667644
182,13,5633.329789
182,14,5260.434481
182,16,5017.289909
182,17,4930.182805
182,18,4636.877585
182,21,4537.516106
182,22,4348.389479
182,23,4321.778769
182,25,4292.064210
182,26,4232.903920
182,27,3733.074054
183,11,9410.689766
183,12,5852.667644
183,13,5633.329789
183,14,5260.434481
183,15,5255.286760
183,16,5017.289909
183,17,4930.182805
183,18,4636.877585
183,21,4537.516106
183,22,4348.389479
183,23,4321.778769
183,25,4292.064210
183,26,4232.903920
183,27,3733.074054
184,11,8666.255963
184,12,5742.606948
184,13,5633.329789
184,14,5260.434481
184,15,5255.286760
184,16,5017.289909
184,17,4782.159579
184,18,4636.877585
184,21,4454.583312
184,22,4348.389479
184,23,4321.778769
184,25,4292.064210
184,26,4196.780080
184,27,3733.074054
185,11,8666.255963
185,12,5742.606948
185,13,5633.329789
185,14,5260.434481
185,15,5255.286760
185,16,5017.289909
185,17,4782.159579
185,18,4636.877585
185,21,4454.583312
185,22,4348.389479
185,23,4321.778769
185,25,4292.064210
185,26,4196.780080
185,27,3733.074054
186,11,8666.255963
186,12,5742.606948
186,13,5633.329789
186,14,5260.434481
186,15,5255.286760
186,16,5017.289909
186,17,4782.159579
186,18,4636.877585
186,21,4345.730045
186,23,4321.778769
186,25,4292.064210
186,26,4145.994218
186,27,3733.074054
187,11,8666.255963
187,12,5742.606948
187,13,5633.329789
187,14,5260.434481
187,15,5255.286760
187,16,5017.289909
187,17,4782.159579
187,18,4636.877585
187,21,4345.730045
187,23,4321.778769
187,24,4307.810711
187,25,4292.064210
187,26,4145.994218
187,27,3733.074054
188,11,8666.255963
188,12,5530.668887
188,13,5377.049672
188,14,5260.434481
188,15,5255.286760
188,16,5017.289909
188,17,4689.033906
188,18,4636.877585
188,20,4622.461687
188,21,4345.730045
188,22,4227.393926
188,26,4145.994218
188,27,3733.074054
189,11,8666.255963
189,12,5530.668887
189,13,5377.049672
189,14,5260.434481
189,15,5255.286760
189,16,5017.289909
189,17,4689.033906
189,18,4636.877585
189,20,4622.461687
189,21,4345.730045
189,22,4227.393926
189,26,4145.994218
189,27,3733.074054
190,11,8666.255963
190,12,5530.668887
190,13,5377.049672
190,14,5260.434481
190,15,5255.286760
190,16,4997.209213
190,17,4689.033906
190,18,4636.877585
190,20,4622.461687
190,21,4345.730045
190,22,4227.393926
190,26,4145.994218
190,27,3733.074054
191,11,8666.255963
191,12,5530.668887
191,13,5377.049672
191,14,5260.434481
191,15,5255.286760
191,16,4997.209213
191,17,4689.033906
191,18,4636.877585
191,20,4622.461687
191,21,4345.730045
191,22,4227.393926
191,26,4145.994218
191,27,3733.074054
192,11,8666.255963
192,12,5530.668887
192,13,5377.049672
192,14,5260.434481
192,15,5255.286760
192,16,4997.209213
192,17,4689.033906
192,18,4625.983652
192,20,4622.461687
192,21,4345.730045
192,22,4227.393926
192,26,4139.509870
192,27,3733.074054
193,11,7514.524808
193,12,5317.609514
193,14,5260.434481
193,15,5255.286760
193,16,4997.209213
193,17,4689.033906
193,18,4625.983652
193,19,4538.612027
193,21,4345.730045
193,22,4227.393926
193,24,4218.656261
193,26,4139.509870
193,27,3733.074054
194,11,7514.524808
194,12,5317.609514
194,14,5260.434481
194,15,5255.286760
194,16,4997.209213
194,17,4689.033906
194,18,4625.983652
194,19,4538.612027
194,21,4345.730045
194,22,4227.393926
194,24,4218.656261
194,26,4139.509870
194,27,3733.074054
195,11,7514.524808
195,12,5317.609514
195,14,5260.434481
195,15,5255.286760
195,16,4997.209213
195,17,4689.033906
195,18,4625.983652
195,19,4538.612027
195,21,4345.730045
195,22,4227.393926
195,24,4218.656261
195,26,4139.509870
195,27,3733.074054
196,11,7514.524808
196,12,5317.609514
196,14,5260.434481
196,15,5245.535587
196,16,4997.209213
196,17,4689.033906
196,18,4625.983652
196,19,4538.612027
196,21,4345.730045
196,22,4227.393926
196,24,4218.656261
196,26,4139.509870
196,27,3733.074054
197,11,7514.524808
197,12,5317.609514
197,14,5260.434481
197,15,5245.535587
197,16,4997.209213
197,17,4689.033906
197,18,4625.983652
197,19,4538.612027
197,21,4345.730045
197,22,4227.393926
197,24,4218.656261
197,26,4139.509870
197,27,3733.074054
198,11,7514.524808
198,12,5230.339917
198,16,4997.209213
198,17,4596.431193
198,18,4418.180234
198,21,4345.730045
198,22,4227.393926
198,24,4218.656261
198,26,4139.509870
198,27,3733.074054
199,11,7514.524808
199,12,5230.339917
199,16,4952.655981
199,17,4596.431193
199,18,4418.180234
199,21,4345.730045
199,22,4227.393926
199,24,4218.656261
199,25,4208.076413
199,26,4139.509870
199,27,3733.074054
200,11,7514.524808
200,12,5230.339917
200,16,4810.207771
200,17,4596.431193
200,18,4418.180234
200,21,4345.730045
200,22,4227.393926
200,24,4218.656261
200,25,4208.076413
200,26,4139.509870
200,27,3733.074054
201,11,7514.524808
201,12,5230.339917
201,16,4810.207771
201,17,4596.431193
201,18,4418.180234
201,21,4345.730045
201,22,4227.393926
201,24,4218.656261
201,25,4208.076413
201,26,4139.509870
201,27,3733.074054
202,11,7514.524808
202,12,5230.339917
202,15,5124.020860
202,16,4810.207771
202,17,4596.431193
202,18,4418.180234
202,21,4345.730045
202,22,4227.393926
202,24,4218.656261
202,25,4208.076413
202,26,4139.509870
202,27,3733.074054
203,11,7514.524808
203,12,5230.339917
203,14,5199.929442
203,15,5124.020860
203,16,4810.207771
203,17,4596.431193
203,18,4418.180234
203,21,4345.730045
203,22,4227.393926
203,24,4218.656261
203,25,4208.076413
203,26,4139.509870
203,27,3733.074054
204,11,7514.524808
204,12,5230.339917
204,14,5199.929442
204,15,5124.020860
204,16,4810.207771
204,17,4596.431193
204,18,4418.180234
204,21,4345.730045
204,22,4227.393926
204,24,4218.656261
204,25,4208.076413
204,26,4139.509870
204,27,3733.074054
205,11,7514.524808
205,12,5230.339917
205,14,5199.929442
205,15,5124.020860
205,16,4810.207771
205,17,4596.431193
205,18,4418.180234
205,21,4345.730045
205,22,4227.393926
205,24,4218.656261
205,25,4208.076413
205,26,4139.509870
205,27,3733.074054
206,11,7514.524808
206,12,5230.339917
206,14,5199.929442
206,15,5124.020860
206,16,4810.207771
206,17,4596.431193
206,18,4418.180234
206,21,4345.730045
206,22,4227.393926
206,24,4218.656261
206,25,4208.076413
206,26,4139.509870
206,27,3733.074054
207,11,7514.524808
207,12,5230.339917
207,14,5199.929442
207,15,5124.020860
207,16,4810.207771
207,17,4596.431193
207,18,4418.180234
207,21,4345.730045
207,22,4227.393926
207,24,4218.656261
207,25,3991.266468
207,27,3733.074054
208,11,7514.524808
208,12,5163.313071
208,15,5124.020860
208,16,4625.003012
208,17,4596.431193
208,18,4418.180234
208,21,4345.730045
208,22,4227.393926
208,23,4208.763181
208,25,3991.266468
208,27,3733.074054
209,10,9902.089652
209,11,7514.524808
209,12,5163.313071
209,15,5124.020860
209,16,4625.003012
209,17,4596.431193
209,18,4418.180234
209,21,4345.730045
209,22,4227.393926
209,23,4208.763181
209,25,3991.266468
209,27,3733.074054
210,10,7713.168225
210,11,7514.524808
210,12,5163.313071
210,15,5124.020860
210,16,4625.003012
210,17,4596.431193
210,18,4418.180234
210,21,4319.120659
210,22,4227.393926
210,23,4208.763181
210,25,3991.266468
210,27,3733.074054
211,10,7713.168225
211,11,7514.524808
211,12,5163.313071
211,15,5124.020860
211,16,4625.003012
211,17,4596.431193
211,18,4418.180234
211,21,4319.120659
211,22,4227.393926
211,23,4208.763181
211,25,3991.266468
211,26,3968.802224
211,27,3733.074054
211,36,3721.598555
212,10,7713.168225
212,11,7514.524808
212,12,5163.313071
212,15,5124.020860
212,16,4625.003012
212,17,4596.431193
212,18,4418.180234
212,21,4319.120659
212,22,4227.393926
212,23,4208.763181
212,25,3991.266468
212,26,3968.802224
212,27,3733.074054
212,36,3721.598555
213,10,7713.168225
213,11,7514.524808
213,12,5121.063923
213,16,4510.570927
213,18,4418.180234
213,21,4319.120659
213,22,4227.393926
213,23,4208.763181
213,25,3991.266468
213,26,3968.802224
213,27,3733.074054
213,36,3721.598555
214,10,7713.168225
214,11,6990.504745
214,12,5121.063923
214,15,5045.401147
214,16,4510.570927
214,18,4418.180234
214,21,4319.120659
214,22,4227.393926
214,23,4208.763181
214,25,3991.266468
214,26,3968.802224
214,27,3733.074054
214,36,3721.598555
215,10,7713.168225
215,11,6990.504745
215,12,5121.063923
215,15,5045.401147
215,16,4510.570927
215,18,4418.180234
215,21,4319.120659
215,22,4227.393926
215,23,4208.763181
215,25,3991.266468
215,26,3968.802224
215,27,3733.074054
215,35,3732.439162
215,36,3721.598555
216,10,7713.168225
216,11,6609.273032
216,12,5121.063923
216,15,5045.401147
216,16,4510.570927
216,18,4418.180234
216,21,4319.120659
216,22,4227.393926
216,23,4208.763181
216,25,3991.266468
216,26,3968.802224
216,27,3733.074054
216,35,3732.439162
216,36,3721.598555
217,10,7713.168225
217,11,6609.273032
217,12,5121.063923
217,15,5045.401147
217,16,4510.570927
217,18,4418.180234
217,21,4319.120659
217,22,4227.393926
217,23,4208.763181
217,25,3991.266468
217,26,3968.802224
217,27,3733.074054
217,35,3732.439162
217,36,3721.598555
218,10,7713.168225
218,11,6609.273032
218,12,5121.063923
218,15,5028.036898
218,16,4510.570927
218,18,4418.180234
218,21,4319.120659
218,22,4227.393926
218,23,4171.567286
218,24,4097.814078
218,25,3991.266468
218,26,3968.802224
218,27,3733.074054
218,34,3713.810612
218,36,3692.637359
219,10,7713.168225
219,11,6499.895489
219,12,5121.063923
219,15,5028.036898
219,16,4510.570927
219,18,4418.180234
219,21,4319.120659
219,22,4227.393926
219,23,4171.567286
219,24,4097.814078
219,25,3991.266468
219,26,3968.802224
219,27,3733.074054
219,34,3713.810612
219,36,3692.637359
220,10,7713.168225
220,11,6499.895489
220,12,5121.063923
220,15,5028.036898
220,16,4510.570927
220,18,4418.180234
220,21,4319.120659
220,22,4227.393926
220,23,4171.567286
220,24,4097.814078
220,25,3991.266468
220,26,3968.802224
220,27,3733.074054
220,34,3705.912596
220,36,3692.637359
221,10,7713.168225
221,11,6499.895489
221,12,5121.063923
221,15,5028.036898
221,16,4510.570927
221,18,4418.180234
221,21,4319.120659
221,22,4227.393926
221,23,4171.567286
221,24,4097.814078
221,25,3991.266468
221,26,3968.802224
221,27,3733.074054
221,34,3705.912596
221,36,3692.637359
222,10,7713.168225
222,11,6499.895489
222,12,5121.063923
222,15,5028.036898
222,16,4510.570927
222,18,4418.180234
222,21,4319.120659
222,22,4227.393926
222,23,4171.567286
222,24,4097.814078
222,25,3991.266468
222,26,3968.802224
222,27,3733.074054
222,34,3705.912596
222,36,3692.637359
223,10,7713.168225
223,11,6499.895489
223,12,5121.063923
223,15,5028.036898
223,16,4510.570927
223,17,4378.608083
223,21,4319.120659
223,22,4227.393926
223,23,4171.567286
223,24,4097.814078
223,25,3991.266468
223,26,3968.802224
223,27,3733.074054
223,34,3705.912596
223,35,3617.250022
224,10,7713.168225
224,11,6499.895489
224,12,5121.063923
224,15,5028.036898
224,16,4510.570927
224,17,4378.608083
224,21,4319.120659
224,22,4227.393926
224,23,4171.567286
224,24,4097.814078
224,25,3991.266468
224,26,3968.802224
224,27,3733.074054
224,34,3705.912596
224,35,3617.250022
225,10,7713.168225
225,11,6499.895489
225,12,5121.063923
225,13,4936.665371
225,16,4510.570927
225,17,4378.608083
225,21,4319.120659
225,22,4227.393926
225,23,4171.567286
225,24,4097.814078
225,25,3991.266468
225,26,3968.802224
225,27,3733.074054
225,34,3705.912596
225,35,3617.250022
226,10,7713.168225
226,11,6499.895489
226,12,5121.063923
226,13,4936.665371
226,16,4510.570927
226,17,4378.608083
226,20,4338.489713
226,21,4319.120659
226,22,4227.393926
226,23,4171.567286
226,24,4097.814078
226,25,3991.266468
226,26,3968.802224
226,27,3733.074054
226,34,3705.912596
226,35,3617.250022
227,10,7713.168225
227,11,6499.895489
227,12,5121.063923
227,13,4936.665371
227,16,4510.570927
227,17,4378.608083
227,20,4338.489713
227,21,4319.120659
227,22,4227.393926
227,23,4171.567286
227,24,4097.814078
227,25,3991.266468
227,26,3968.802224
227,27,3733.074054
227,34,3705.912596
227,35,3617.250022
228,10,7713.168225
228,11,6499.895489
228,12,5121.063923
228,13,4936.665371
228,16,4510.570927
228,17,4378.608083
228,20,4338.489713
228,21,4319.120659
228,22,4227.393926
228,23,4171.567286
228,24,4097.814078
228,25,3991.266468
228,26,3968.802224
228,27,3733.074054
228,34,3705.912596
228,35,3617.250022
229,10,7713.168225
229,11,6499.895489
229,12,5121.063923
229,13,4936.665371
229,16,4510.570927
229,17,4378.608083
229,20,4338.489713
229,21,4319.120659
229,22,4227.393926
229,23,4171.567286
229,24,4097.814078
229,25,3991.266468
229,26,3968.802224
229,27,3733.074054
229,34,3705.912596
229,35,3617.250022
230,10,7713.168225
230,11,6499.895489
230,12,5121.063923
230,13,4936.665371
230,15,4890.123243
230,16,4510.570927
230,17,4378.608083
230,20,4338.489713
230,21,4319.120659
230,22,4227.393926
230,23,4171.567286
230,24,4097.814078
230,25,3991.266468
230,26,3968.802224
230,27,3733.074054
230,31,3717.131965
230,34,3705.912596
230,35,3617.250022
231,10,7713.168225
231,11,6499.895489
231,12,5121.063923
231,13,4936.665371
231,15,4890.123243
231,16,4510.570927
231,17,4378.608083
231,20,4338.489713
231,21,4319.120659
231,22,4227.393926
231,23,4171.567286
231,24,4097.814078
231,25,3991.266468
231,26,3968.802224
231,27,3733.074054
231,31,3717.131965
231,34,3705.912596
231,35,3617.250022
232,10,7713.168225
232,11,6499.895489
232,12,5121.063923
232,13,4936.665371
232,15,4725.733187
232,16,4510.570927
232,17,4378.608083
232,20,4338.489713
232,21,4319.120659
232,22,4227.393926
232,23,4171.567286
232,24,4097.814078
232,25,3991.266468
232,26,3968.802224
232,27,3733.074054
232,31,3717.131965
232,34,3705.912596
232,35,3617.250022
233,10,7713.168225
233,11,6499.895489
233,12,5121.063923
233,13,4936.665371
233,15,4482.024724
233,17,4378.608083
233,20,4338.489713
233,21,4196.014135
233,23,4171.567286
233,24,4097.814078
233,25,3991.266468
233,26,3968.802224
233,27,3733.074054
233,31,3717.131965
233,34,3598.612555
234,10,7713.168225
234,11,6499.895489
234,12,5121.063923
234,13,4936.665371
234,15,4482.024724
234,17,4378.608083
234,20,4338.489713
234,21,4097.867479
234,22,4094.059440
234,25,3896.452991
234,27,3733.074054
234,31,3717.131965
234,34,3598.612555
235,10,7713.168225
235,11,6499.895489
235,12,5121.063923
235,13,4936.665371
235,15,4482.024724
235,17,4378.608083
235,20,4338.489713
235,21,4097.867479
235,22,4094.059440
235,25,3896.452991
235,27,3733.074054
235,31,3717.131965
235,34,3598.612555
236,10,7713.168225
236,11,6499.895489
236,12,5121.063923
236,13,4936.665371
236,15,4482.024724
236,17,4378.608083
236,19,4216.721258
236,21,4097.867479
236,22,4094.059440
236,25,3896.452991
236,27,3733.074054
236,31,3717.131965
236,34,3598.612555
237,10,7713.168225
237,11,6499.895489
237,12,5121.063923
237,13,4936.665371
237,15,4482.024724
237,17,4378.608083
237,19,4216.721258
237,21,4097.867479
237,22,4094.059440
237,25,3896.452991
237,27,3733.074054
237,31,3717.131965
237,34,3598.612555
238,10,7713.168225
238,11,6499.895489
238,12,5121.063923
238,13,4936.665371
238,15,4482.024724
238,17,4378.608083
238,19,4084.948136
238,25,3896.452991
238,27,3733.074054
238,31,3717.131965
238,34,3598.612555
239,10,7713.168225
239,11,6499.895489
239,12,5121.063923
239,13,4936.665371
239,15,4482.024724
239,17,4378.608083
239,19,4084.948136
239,25,3896.452991
239,27,3733.074054
239,31,3717.131965
239,32,3589.716671
240,10,7713.168225
240,11,6499.895489
240,12,5121.063923
240,13,4936.665371
240,15,4482.024724
240,17,4378.608083
240,19,4084.948136
240,25,3896.452991
240,27,3733.074054
240,31,3717.131965
240,32,3589.716671
241,10,7713.168225
241,11,6499.895489
241,12,5121.063923
241,13,4936.665371
241,15,4482.024724
241,17,4378.608083
241,19,4084.948136
241,25,3896.452991
241,27,3733.074054
241,31,3717.131965
241,32,3589.716671
242,10,7713.168225
242,11,6499.895489
242,12,5121.063923
242,13,4936.665371
242,15,4482.024724
242,17,4378.608083
242,19,4084.948136
242,22,4002.338326
242,23,4002.259002
242,25,3896.452991
242,27,3733.074054
242,31,3717.131965
242,32,3589.716671
243,10,7713.168225
243,11,6499.895489
243,12,4952.314038
243,13,4936.665371
243,15,4482.024724
243,17,4378.608083
243,19,4084.948136
243,22,4002.338326
243,23,4002.259002
243,25,3823.467268
243,27,3733.074054
243,31,3717.131965
243,32,3589.716671
244,10,7713.168225
244,11,6499.895489
244,12,4952.314038
244,13,4936.665371
244,15,4482.024724
244,17,4378.608083
244,19,4084.948136
244,21,4078.792294
244,22,4002.338326
244,23,4002.259002
244,25,3823.467268
244,27,3733.074054
244,31,3717.131965
244,32,3589.716671
245,10,7713.168225
245,11,6499.895489
245,12,4952.314038
245,13,4936.665371
245,15,4482.024724
245,17,4378.608083
245,19,4084.948136
245,21,4078.792294
245,22,4002.338326
245,23,4002.259002
245,25,3823.467268
245,27,3733.074054
245,31,3717.131965
245,32,3589.716671
246,10,7713.168225
246,11,6499.895489
246,12,4952.314038
246,13,4936.665371
246,15,4482.024724
246,17,4332.914502
246,19,4084.948136
246,21,4078.792294
246,22,4002.338326
246,23,4002.259002
246,25,3823.467268
246,27,3733.074054
246,31,3717.131965
246,32,3589.716671
247,10,7713.168225
247,11,6499.895489
247,12,4952.314038
247,13,4936.665371
247,15,4482.024724
247,17,4332.914502
247,19,4084.948136
247,21,4078.792294
247,22,4002.338326
247,23,4002.259002
247,25,3823.467268
247,27,3733.074054
247,31,3717.131965
247,32,3589.716671
248,10,7713.168225
248,11,6499.895489
248,12,4952.314038
248,13,4790.227045
248,15,4482.024724
248,17,4303.605357
248,19,4084.948136
248,21,4078.792294
248,22,3970.174003
248,25,3823.467268
248,27,3733.074054
248,31,3717.131965
248,32,3589.716671
249,10,7713.168225
249,11,6499.895489
249,12,4952.314038
249,13,4790.227045
249,15,4482.024724
249,17,4303.605357
249,19,4084.948136
249,21,4078.792294
249,22,3970.174003
249,25,3823.467268
249,27,3733.074054
249,31,3717.131965
249,32,3589.716671
250,10,7713.168225
250,11,6499.895489
250,12,4952.314038
250,13,4790.227045
250,15,4482.024724
250,17,4303.605357
250,18,4202.831695
250,19,4084.948136
250,21,4078.792294
250,22,3970.174003
250,25,3823.467268
250,27,3733.074054
250,31,3717.131965
250,32,3589.716671
251,10,7713.168225
251,11,6499.895489
251,12,4952.314038
251,13,4790.227045
251,15,4482.024724
251,17,4303.605357
251,18,4202.831695
251,19,4084.948136
251,20,4045.341753
251,21,4044.744331
251,22,3970.174003
251,25,3823.467268
251,27,3733.074054
251,31,3717.131965
251,32,3589.716671
252,9,12224.957304
252,10,7713.168225
252,11,6499.895489
252,12,4952.314038
252,13,4790.227045
252,15,4482.024724
252,17,4303.605357
252,18,4183.029496
252,19,4084.948136
252,20,4045.341753
252,21,4044.744331
252,22,3970.174003
252,25,3823.467268
252,27,3733.074054
252,31,3717.131965
252,32,3589.716671
253,9,12224.957304
253,10,7713.168225
253,11,6387.695621
253,12,4952.314038
253,13,4790.227045
253,15,4482.024724
253,17,4303.605357
253,18,4183.029496
253,19,4084.948136
253,20,4045.341753
253,21,4044.744331
253,22,3970.174003
253,25,3823.467268
253,27,3733.074054
253,31,3717.131965
253,32,3573.942498
254,9,12224.957304
254,10,7713.168225
254,11,6387.695621
254,12,4952.314038
254,13,4790.227045
254,15,4482.024724
254,17,4303.605357
254,18,4183.029496
254,19,4084.948136
254,20,4045.341753
254,21,4044.744331
254,22,3951.485408
254,23,3926.947172
254,25,3823.467268
254,26,3755.503455
254,27,3733.074054
254,31,3717.131965
254,32,3573.942498
255,9,12224.957304
255,10,7713.168225
255,11,6387.695621
255,12,4952.314038
255,13,4790.227045
255,14,4728.176218
255,15,4482.024724
255,16,4332.691483
255,17,4303.605357
255,18,4183.029496
255,19,4084.948136
255,20,4045.341753
255,21,4044.744331
255,22,3951.485408
255,23,3926.947172
255,25,3823.467268
255,26,3755.503455
255,27,3733.074054
255,31,3717.131965
255,32,3573.942498
256,9,12224.957304
256,10,7713.168225
256,11,6387.695621
256,12,4952.314038
256,13,4790.227045
256,14,4728.176218
256,15,4482.024724
256,16,4332.691483
256,17,4303.605357
256,18,4183.029496
256,19,4084.948136
256,20,4045.341753
256,21,4044.744331
256,22,3951.485408
256,23,3926.947172
256,25,3823.467268
256,26,3755.503455
256,27,3733.074054
256,31,3717.131965
256,32,3573.942498
257,9,12224.957304
257,10,7713.168225
257,11,6387.695621
257,12,4952.314038
257,13,4790.227045
257,14,4728.176218
257,15,4482.024724
257,16,4332.691483
257,17,4181.518274
257,19,4084.948136
257,20,4045.341753
257,21,4044.744331
257,22,3951.485408
257,23,3926.947172
257,25,3823.467268
257,26,3755.503455
257,27,3733.074054
257,31,3717.131965
257,32,3573.942498
258,9,12224.957304
258,10,7713.168225
258,11,6387.695621
258,12,4952.314038
258,13,4790.227045
258,14,4728.176218
258,15,4482.024724
258,16,4332.691483
258,17,4181.518274
258,19,3867.859420
258,25,3823.467268
258,26,3755.503455
258,27,3733.074054
258,31,3717.131965
258,32,3573.942498
259,9,12224.957304
259,10,7713.168225
259,11,6387.695621
259,12,4952.314038
259,13,4790.227045
259,14,4728.176218
259,15,4482.024724
259,16,4332.691483
259,17,4181.518274
259,19,3867.859420
259,25,3823.467268
259,26,3755.503455
259,27,3733.074054
259,31,3717.131965
259,32,3573.942498
260,9,12224.957304
260,10,7713.168225
260,11,6387.695621
260,12,4952.314038
260,13,4790.227045
260,14,4728.176218
260,15,4482.024724
260,16,4332.691483
260,17,4181.518274
260,19,3867.859420
260,25,3823.467268
260,26,3755.503455
260,27,3733.074054
260,31,3717.131965
260,32,3573.942498
261,9,12224.957304
261,10,7713.168225
261,11,6387.695621
261,12,4952.314038
261,13,4790.227045
261,14,4728.176218
261,15,4482.024724
261,16,4332.691483
261,17,4181.518274
261,19,3867.859420
261,25,3823.467268
261,26,3755.503455
261,27,3733.074054
261,31,3717.131965
261,32,3573.942498
262,9,12224.957304
262,10,7713.168225
262,11,6387.695621
262,12,4952.314038
262,13,4790.227045
262,14,4728.176218
262,15,4482.024724
262,16,4332.691483
262,17,4181.518274
262,19,3867.859420
262,25,3823.467268
262,26,3755.503455
262,27,3733.074054
262,31,3717.131965
262,32,3573.942498
263,9,12224.957304
263,10,7713.168225
263,11,6387.695621
263,12,4952.314038
263,13,4790.227045
263,14,4728.176218
263,15,4482.024724
263,16,4332.691483
263,17,4181.518274
263,19,3867.859420
263,25,3823.467268
263,26,3755.503455
263,27,3733.074054
263,31,3717.131965
263,32,3573.942498
264,9,12224.957304
264,10,7713.168225
264,11,6387.695621
264,12,4952.314038
264,13,4790.227045
264,14,4728.176218
264,15,4482.024724
264,16,4316.933301
264,17,4181.518274
264,19,3867.859420
264,25,3823.467268
264,26,3755.503455
264,27,3733.074054
264,31,3717.131965
264,32,3573.942498
265,9,12224.957304
265,10,7713.168225
265,11,6387.695621
265,12,4952.314038
265,13,4790.227045
265,14,4728.176218
265,15,4482.024724
265,16,4316.933301
265,17,4181.518274
265,19,3867.859420
265,25,3823.467268
265,26,3755.503455
265,27,3733.074054
265,31,3717.131965
265,32,3573.942498
266,9,12224.957304
266,10,7713.168225
266,11,6387.695621
266,12,4952.314038
266,13,4790.227045
266,14,4728.176218
266,15,4482.024724
266,16,4316.933301
266,17,4181.518274
266,19,3867.859420
266,25,3823.467268
266,26,3755.503455
266,27,3720.937846
266,31,3717.131965
266,32,3573.942498
267,9,12224.957304
267,10,7713.168225
267,11,6387.695621
267,12,4952.314038
267,13,4790.227045
267,14,4610.098005
267,15,4482.024724
267,16,4316.933301
267,17,4181.518274
267,19,3867.859420
267,25,3823.467268
267,26,3755.503455
267,27,3720.937846
267,31,3717.131965
267,32,3573.942498
268,9,12224.957304
268,10,7713.168225
268,11,6387.695621
268,12,4952.314038
268,13,4790.227045
268,14,4610.098005
268,15,4482.024724
268,16,4316.933301
268,17,4181.518274
268,19,3867.859420
268,23,3798.330975
268,26,3755.503455
268,27,3720.937846
268,31,3717.131965
268,32,3573.942498
269,9,12224.957304
269,10,7713.168225
269,11,6387.695621
269,12,4952.314038
269,13,4790.227045
269,14,4610.098005
269,15,4482.024724
269,16,4316.933301
269,17,4181.518274
269,19,3867.859420
269,23,3798.330975
269,26,3755.503455
269,27,3720.937846
269,31,3717.131965
269,32,3573.942498
270,9,12224.957304
270,10,7713.168225
270,11,6387.695621
270,12,4952.314038
270,13,4790.227045
270,14,4610.098005
270,15,4482.024724
270,16,4316.933301
270,17,4181.518274
270,19,3867.859420
270,23,3798.330975
270,26,3755.503455
270,27,3720.937846
270,31,3717.131965
270,32,3573.942498
271,9,12224.957304
271,10,7713.168225
271,11,6387.695621
271,12,4952.314038
271,13,4790.227045
271,14,4610.098005
271,15,4482.024724
271,16,4316.933301
271,17,4181.518274
271,19,3867.859420
271,23,3798.330975
271,26,3755.503455
271,27,3720.937846
271,31,3717.131965
271,32,3573.942498
272,9,12224.957304
272,10,7657.039006
272,11,6387.695621
272,12,4952.314038
272,13,4790.227045
272,14,4610.098005
272,15,4482.024724
272,16,4316.933301
272,17,4181.518274
272,19,3867.859420
272,23,3798.330975
272,26,3755.503455
272,27,3720.937846
272,31,3717.131965
272,32,3573.942498
273,9,12224.957304
273,10,7657.039006
273,11,6387.695621
273,12,4952.314038
273,13,4555.580067
273,15,4482.024724
273,16,4316.933301
273,17,4181.518274
273,19,3867.859420
273,23,3798.330975
273,26,3672.693335
273,32,3573.942498
274,9,12224.957304
274,10,7657.039006
274,11,6387.695621
274,12,4952.314038
274,13,4555.580067
274,15,4482.024724
274,16,4316.933301
274,17,4181.518274
274,18,4088.956306
274,19,3867.859420
274,23,3798.330975
274,26,3672.693335
274,32,3573.942498
275,9,12224.957304
275,10,7657.039006
275,11,6387.695621
275,12,4952.314038
275,13,4555.580067
275,15,4482.024724
275,16,4316.933301
275,17,4181.518274
275,18,4088.956306
275,19,3867.859420
275,23,3798.330975
275,26,3672.693335
275,32,3573.942498
276,9,12224.957304
276,10,7657.039006
276,11,6387.695621
276,12,4952.314038
276,13,4555.580067
276,15,4471.152942
276,16,4316.933301
276,17,4181.518274
276,18,4088.956306
276,19,3867.859420
276,23,3798.330975
276,26,3672.693335
276,32,3573.942498
277,9,12224.957304
277,10,7657.039006
277,11,6387.695621
277,12,4952.314038
277,13,4555.580067
277,15,4471.152942
277,16,4316.933301
277,17,4181.518274
277,18,4088.956306
277,19,3867.859420
277,23,3798.330975
277,26,3672.693335
277,32,3573.942498
278,9,12224.957304
278,10,7657.039006
278,11,6387.695621
278,12,4952.314038
278,13,4555.580067
278,15,4471.152942
278,16,4000.448986
278,19,3867.859420
278,22,3796.869782
278,26,3672.693335
278,32,3573.942498
279,9,12224.957304
279,10,7657.039006
279,11,6387.695621
279,12,4952.314038
279,13,4555.580067
279,15,4471.152942
279,16,4000.448986
279,19,3867.859420
279,22,3796.869782
279,26,3672.693335
279,32,3573.942498
280,9,12224.957304
280,10,7657.039006
280,11,6387.695621
280,12,4952.314038
280,13,4462.837920
280,16,4000.448986
280,19,3867.859420
280,22,3796.869782
280,26,3672.693335
280,32,3573.942498
281,9,12224.957304
281,10,7657.039006
281,11,5835.971236
281,12,4952.314038
281,13,4462.837920
281,16,4000.448986
281,19,3867.859420
281,22,3796.869782
281,26,3672.693335
281,32,3573.942498
282,9,12224.957304
282,10,7657.039006
282,11,5835.971236
282,12,4952.314038
282,13,4462.837920
282,16,4000.448986
282,19,3867.859420
282,22,3796.869782
282,26,3672.693335
282,32,3573.942498
283,9,12224.957304
283,10,7657.039006
283,11,5835.971236
283,12,4952.314038
283,13,4462.837920
283,16,4000.448986
283,19,3867.859420
283,22,3796.869782
283,26,3672.693335
283,32,3573.942498
284,9,12224.957304
284,10,7657.039006
284,11,5835.971236
284,12,4952.314038
284,13,4462.837920
284,15,4164.137111
284,16,4000.448986
284,19,3867.859420
284,22,3796.869782
284,26,3672.693335
284,32,3573.942498
285,9,12224.957304
285,10,7657.039006
285,11,5835.971236
285,12,4952.314038
285,13,4462.837920
285,15,4164.137111
285,16,4000.448986
285,19,3867.859420
285,22,3796.869782
285,26,3672.693335
285,32,3573.942498
286,9,12224.957304
286,10,7657.039006
286,11,5835.971236
286,12,4952.314038
286,13,4462.837920
286,15,4164.137111
286,16,4000.448986
286,19,3867.859420
286,22,3796.869782
286,26,3672.693335
286,32,3573.942498
287,9,12224.957304
287,10,7657.039006
287,11,5835.971236
287,12,4952.314038
287,13,4462.837920
287,15,4164.137111
287,16,4000.448986
287,19,3867.859420
287,22,3796.869782
287,26,3672.693335
287,32,3573.942498
288,9,12224.957304
288,10,7657.039006
288,11,5835.971236
288,12,4952.314038
288,13,4462.837920
288,15,4164.137111
288,16,4000.448986
288,19,3867.859420
288,22,3796.869782
288,26,3672.693335
288,32,3573.942498
289,9,10636.622472
289,10,7657.039006
289,11,5835.971236
289,12,4952.314038
289,13,4462.837920
289,15,4164.137111
289,16,4000.448986
289,19,3867.859420
289,22,3796.869782
289,26,3672.693335
289,32,3573.942498
290,9,10636.622472
290,10,7657.039006
290,11,5835.971236
290,12,4952.314038
290,13,4462.837920
290,15,4164.137111
290,16,4000.448986
290,19,3867.859420
290,22,3796.869782
290,26,3672.693335
290,32,3573.942498
291,9,10636.622472
291,10,7657.039006
291,11,5835.971236
291,12,4952.314038
291,13,4462.837920
291,15,4164.137111
291,16,4000.448986
291,19,3867.859420
291,22,3796.869782
291,26,3672.693335
291,32,3573.942498
292,9,10636.622472
292,10,7657.039006
292,11,5835.971236
292,12,4952.314038
292,13,4462.837920
292,15,4164.137111
292,16,4000.448986
292,19,3867.859420
292,22,3796.869782
292,26,3672.693335
292,32,3573.942498
293,9,10636.622472
293,10,7657.039006
293,11,5835.971236
293,12,4952.314038
293,13,4462.837920
293,15,4164.137111
293,16,4000.448986
293,19,3867.859420
293,22,3796.869782
293,26,3672.693335
293,32,3573.942498
294,9,10636.622472
294,10,7657.039006
294,11,5312.035764
294,12,4952.314038
294,13,4462.837920
294,15,4164.137111
294,16,4000.448986
294,19,3867.859420
294,22,3796.869782
294,26,3672.693335
294,32,3573.942498
295,9,10636.622472
295,10,7657.039006
295,11,5312.035764
295,12,4952.314038
295,13,4462.837920
295,15,4164.137111
295,16,4000.448986
295,19,3867.859420
295,22,3796.869782
295,26,3672.693335
295,32,3573.942498
296,9,10636.622472
296,10,7657.039006
296,11,5312.035764
296,12,4952.314038
296,13,4462.837920
296,15,4164.137111
296,16,4000.448986
296,19,3867.859420
296,22,3796.869782
296,26,3672.693335
296,32,3573.942498
297,9,10636.622472
297,10,7657.039006
297,11,5312.035764
297,12,4952.314038
297,13,4462.837920
297,14,4395.075348
297,15,4164.137111
297,16,4000.448986
297,19,3867.859420
297,22,3796.869782
297,26,3672.693335
297,32,3573.942498
298,9,10636.622472
298,10,7657.039006
298,11,5312.035764
298,12,4952.314038
298,13,4462.837920
298,14,4332.214994
298,15,4164.137111
298,16,4000.448986
298,19,3867.859420
298,22,3796.869782
298,26,3672.693335
298,32,3573.942498
299,9,10636.622472
299,10,7657.039006
299,11,5312.035764
299,12,4952.314038
299,13,4462.837920
299,14,4332.214994
299,15,4164.137111
299,16,4000.448986
299,19,3867.859420
299,22,3796.869782
299,26,3672.693335
299,32,3573.942498
300,9,10636.622472
300,10,7657.039006
300,11,5312.035764
300,12,4952.314038
300,13,4462.837920
300,14,4332.214994
300,15,4164.137111
300,16,4000.448986
300,19,3867.859420
300,22,3796.869782
300,26,3672.693335
300,32,3573.942498
301,9,10636.622472
301,10,7657.039006
301,11,5312.035764
301,12,4952.314038
301,13,4462.837920
301,14,4332.214994
301,15,4164.137111
301,16,4000.448986
301,19,3867.859420
301,22,3796.869782
301,25,3748.012041
301,26,3672.693335
301,32,3573.942498
302,9,10636.622472
302,10,7657.039006
302,11,5312.035764
302,12,4952.314038
302,13,4462.837920
302,14,4332.214994
302,15,4164.137111
302,16,4000.448986
302,19,3867.859420
302,22,3796.869782
302,25,3748.012041
302,26,3672.693335
302,32,3573.942498
303,9,10636.622472
303,10,7657.039006
303,11,5312.035764
303,12,4952.314038
303,13,4462.837920
303,14,4332.214994
303,15,4164.137111
303,16,4000.448986
303,19,3867.859420
303,22,3796.869782
303,25,3748.012041
303,26,3672.693335
303,32,3573.942498
304,9,10636.622472
304,10,7657.039006
304,11,5312.035764
304,12,4952.314038
304,13,4462.837920
304,14,4332.214994
304,15,4164.137111
304,16,4000.448986
304,19,3867.859420
304,22,3796.869782
304,25,3748.012041
304,26,3672.693335
304,32,3573.942498
305,9,10636.622472
305,10,7657.039006
305,11,5312.035764
305,12,4952.314038
305,13,4462.837920
305,14,4332.214994
305,15,4164.137111
305,16,3988.085708
305,19,3867.859420
305,22,3796.869782
305,25,3748.012041
305,26,3672.693335
305,32,3573.942498
306,9,10636.622472
306,10,7657.039006
306,11,5312.035764
306,12,4952.314038
306,13,4462.837920
306,14,4332.214994
306,15,4164.137111
306,16,3988.085708
306,19,3867.859420
306,22,3796.869782
306,25,3748.012041
306,26,3672.693335
306,32,3573.942498
307,9,10636.622472
307,10,7657.039006
307,11,5312.035764
307,12,4952.314038
307,13,4462.837920
307,14,4332.214994
307,15,4164.137111
307,16,3988.085708
307,19,3867.859420
307,22,3796.869782
307,25,3748.012041
307,26,3672.693335
307,32,3573.942498
308,9,10636.622472
308,10,7657.039006
308,11,5312.035764
308,12,4952.314038
308,13,4462.837920
308,14,4332.214994
308,15,4164.137111
308,16,3988.085708
308,19,3867.859420
308,22,3796.869782
308,25,3748.012041
308,26,3672.693335
308,32,3573.942498
309,9,10636.622472
309,10,7553.336607
309,11,5312.035764
309,12,4952.314038
309,13,4462.837920
309,14,4332.214994
309,15,4160.929838
309,16,3988.085708
309,19,3867.859420
309,22,3796.869782
309,25,3748.012041
309,26,3672.693335
309,32,3573.942498
310,9,10636.622472
310,10,7553.336607
310,11,5312.035764
310,12,4952.314038
310,13,4462.837920
310,14,4332.214994
310,15,4160.929838
310,16,3988.085708
310,19,3867.859420
310,21,3843.050559
310,22,3796.869782
310,25,3748.012041
310,26,3672.693335
310,30,3663.116932
310,32,3573.942498
311,9,10636.622472
311,10,7553.336607
311,11,5312.035764
311,12,4952.314038
311,13,4462.837920
311,14,4332.214994
311,15,4160.929838
311,16,3988.085708
311,19,3867.859420
311,21,3843.050559
311,22,3796.869782
311,25,3748.012041
311,26,3672.693335
311,30,3663.116932
311,32,3573.942498
312,9,10636.622472
312,10,7553.336607
312,11,5312.035764
312,12,4952.314038
312,13,4462.837920
312,14,4280.441426
312,15,4160.929838
312,16,3988.085708
312,19,3867.859420
312,21,3843.050559
312,22,3796.869782
312,25,3748.012041
312,26,3672.693335
312,30,3663.116932
312,32,3573.942498
313,9,10636.622472
313,10,7553.336607
313,11,5312.035764
313,12,4952.314038
313,13,4462.837920
313,14,4280.441426
313,15,4160.929838
313,16,3988.085708
313,19,3867.859420
313,21,3843.050559
313,22,3796.869782
313,25,3748.012041
313,26,3672.693335
313,30,3663.116932
313,32,3573.942498
314,9,10636.622472
314,10,7512.816470
314,11,5312.035764
314,12,4952.314038
314,13,4462.837920
314,14,4280.441426
314,15,4160.929838
314,16,3988.085708
314,19,3867.859420
314,21,3843.050559
314,22,3796.869782
314,25,3748.012041
314,26,3672.693335
314,30,3663.116932
314,32,3573.942498
315,9,10636.622472
315,10,7512.816470
315,11,5312.035764
315,12,4952.314038
315,13,4462.837920
315,14,4280.441426
315,15,4160.929838
315,16,3988.085708
315,19,3867.859420
315,21,3843.050559
315,22,3796.869782
315,23,3772.971299
315,25,3748.012041
315,26,3672.693335
315,30,3663.116932
315,32,3573.942498
316,9,10636.622472
316,10,7512.816470
316,11,5312.035764
316,12,4952.314038
316,13,4462.837920
316,14,4280.441426
316,15,4160.929838
316,16,3988.085708
316,19,3867.859420
316,21,3843.050559
316,22,3796.869782
316,23,3772.971299
316,25,3748.012041
316,26,3672.693335
316,30,3663.116932
316,32,3573.942498
317,9,10636.622472
317,10,7512.816470
317,11,5312.035764
317,12,4952.314038
317,13,4462.837920
317,14,4280.441426
317,15,4160.929838
317,16,3988.085708
317,19,3867.859420
317,21,3843.050559
317,22,3796.869782
317,23,3772.971299
317,25,3748.012041
317,26,3672.693335
317,30,3663.116932
317,32,3573.942498
318,9,10636.622472
318,10,7512.816470
318,11,5312.035764
318,12,4949.280135
318,13,4462.837920
318,14,4280.441426
318,15,4160.929838
318,16,3988.085708
318,19,3867.859420
318,21,3843.050559
318,22,3796.869782
318,23,3772.971299
318,25,3748.012041
318,26,3672.693335
318,30,3663.116932
318,32,3573.942498
319,9,10636.622472
319,10,7512.816470
319,11,5312.035764
319,12,4949.280135
319,13,4462.837920
319,14,4280.441426
319,15,4160.929838
319,16,3951.069334
319,19,3867.859420
319,21,3843.050559
319,22,3693.644476
319,26,3672.693335
319,30,3663.116932
319,32,3573.942498
320,9,10636.622472
320,10,7512.816470
320,11,5312.035764
320,12,4949.280135
320,13,4462.837920
320,14,4280.441426
320,15,4160.929838
320,16,3951.069334
320,19,3867.859420
320,21,3843.050559
320,22,3693.644476
320,26,3672.693335
320,30,3663.116932
320,32,3573.942498
321,9,10636.622472
321,10,7512.816470
321,11,5312.035764
321,12,4949.280135
321,13,4462.837920
321,14,4280.441426
321,15,4160.929838
321,16,3951.069334
321,19,3867.859420
321,21,3843.050559
321,22,3693.644476
321,26,3672.693335
321,30,3663.116932
321,32,3573.942498
322,9,10636.622472
322,10,7512.816470
322,11,5312.035764
322,12,4949.280135
322,13,4462.837920
322,14,4280.441426
322,15,4160.929838
322,16,3951.069334
322,19,3867.859420
322,21,3843.050559
322,22,3693.644476
322,26,3672.693335
322,30,3663.116932
322,32,3573.942498
323,9,10636.622472
323,10,7512.816470
323,11,5312.035764
323,12,4949.280135
323,13,4462.837920
323,14,4280.441426
323,15,4104.342739
323,16,3951.069334
323,19,3867.859420
323,21,3843.050559
323,22,3693.644476
323,26,3672.693335
323,30,3663.116932
323,32,3573.942498
324,9,10636.622472
324,10,7512.816470
324,11,5312.035764
324,12,4949.280135
324,13,4462.837920
324,14,4280.441426
324,15,4104.342739
324,16,3951.069334
324,19,3867.859420
324,20,3856.355810
324,21,3843.050559
324,22,3693.644476
324,26,3672.693335
324,30,3663.116932
324,32,3567.044457
325,9,10636.622472
325,10,7512.816470
325,11,5312.035764
325,12,4949.280135
325,13,4462.837920
325,14,4280.441426
325,15,4104.342739
325,16,3951.069334
325,19,3867.859420
325,20,3856.355810
325,21,3843.050559
325,22,3693.644476
325,26,3672.693335
325,30,3663.116932
325,32,3567.044457
