Generation,NV,TOC
1,57,32436.360837
1,66,31078.725822
1,80,31034.107541
1,81,29405.052748
1,82,28419.290173
1,96,28128.317826
2,57,32436.360837
2,63,32091.383793
2,65,31932.758562
2,66,31078.725822
2,76,30111.025639
2,81,29405.052748
2,82,28419.290173
2,87,27904.669296
2,89,27159.423584
2,94,26981.953989
2,95,26419.927930
3,57,32436.360837
3,60,32203.327080
3,63,32091.383793
3,65,31659.799636
3,66,31053.742189
3,69,29010.922780
3,82,28419.290173
3,83,27692.393276
3,86,26151.526923
3,93,25727.331726
4,57,32436.360837
4,59,31867.823981
4,64,31706.726059
4,65,30793.409187
4,66,30719.055775
4,68,29955.900986
4,69,29010.922780
4,77,27680.055306
4,80,27512.621806
4,86,26151.526923
4,93,25727.331726
4,94,24930.716407
5,55,31917.004254
5,56,30071.871887
5,63,29582.098201
5,67,27790.967614
5,72,27256.439519
5,78,27140.796212
5,82,26578.929177
5,85,25326.106409
5,88,24272.893467
5,96,24185.134042
6,54,30021.950053
6,63,29222.178697
6,67,27790.967614
6,72,26648.620734
6,76,26008.724235
6,78,25531.727535
6,80,24900.262774
6,87,23269.239178
7,54,30021.950053
7,60,29378.994634
7,63,29222.178697
7,65,27895.266613
7,67,26572.443021
7,69,25872.030004
7,71,23919.290151
7,87,23269.239178
8,54,30021.950053
8,60,29378.994634
8,62,28931.197929
8,63,25286.246671
8,71,23919.290151
8,83,23754.019608
8,86,23237.339331
9,54,29050.334038
9,62,27643.509498
9,63,25174.867296
9,71,23919.290151
9,75,23565.282567
9,81,23035.560939
9,82,22823.148383
9,83,22808.954320
9,86,22745.347068
10,54,29050.334038
10,61,28876.518276
10,62,27643.509498
10,63,25174.867296
10,71,23919.290151
10,73,23383.047068
10,76,23326.127613
10,81,23035.560939
10,82,22823.148383
10,83,22808.954320
10,86,22745.347068
10,87,22537.472829
11,54,29050.334038
11,56,25893.742595
11,63,25174.867296
11,67,23996.236163
11,71,23919.290151
11,73,23383.047068
11,76,23326.127613
11,81,23035.560939
11,82,22823.148383
11,83,22808.954320
11,85,22416.356357
11,86,22298.605067
12,54,29050.334038
12,56,25893.742595
12,57,24985.502234
12,62,24228.588369
12,63,23663.048353
12,67,22940.411169
12,68,22752.358709
12,79,22672.471560
12,80,22487.255274
12,82,22114.247267
12,85,21830.951129
13,54,29050.334038
13,55,27860.222098
13,56,25893.742595
13,57,24985.502234
13,59,24031.983868
13,62,23434.579795
13,67,22775.623334
13,68,22752.358709
13,77,22719.234947
13,79,22672.471560
13,80,22266.904215
13,82,22114.247267
13,84,21181.378195
13,85,20834.264238
14,52,26435.025233
14,53,25974.019556
14,56,25893.742595
14,57,24985.502234
14,59,23844.550340
14,61,23546.313877
14,62,23434.579795
14,67,22775.623334
14,68,22752.358709
14,77,22719.234947
14,79,22411.962079
14,80,22178.089191
14,82,22114.247267
14,83,21542.292402
14,84,21103.186188
14,85,20834.264238
15,52,26435.025233
15,53,25974.019556
15,56,25893.742595
15,57,24985.502234
15,59,23844.550340
15,61,23546.313877
15,62,23434.579795
15,67,22775.623334
15,68,22752.358709
15,72,22056.909280
15,74,21580.539102
15,80,21450.209913
15,84,21065.034318
15,85,20834.264238
16,52,26435.025233
16,53,25974.019556
16,54,24550.234945
16,59,23844.550340
16,61,23546.313877
16,62,23434.579795
16,67,22775.623334
16,68,22752.358709
16,72,22056.909280
16,74,21580.539102
16,80,21450.209913
16,81,21414.973826
16,84,20254.617391
17,52,26435.025233
17,53,25974.019556
17,54,24550.234945
17,59,23844.550340
17,60,22125.848564
17,65,21544.153139
17,72,20966.679296
17,76,20841.045224
17,80,20400.631370
17,83,19793.341727
18,52,26435.025233
18,53,25974.019556
18,54,24550.234945
18,56,23320.793910
18,60,22125.848564
18,65,21544.153139
18,68,21248.563609
18,72,20966.679296
18,73,20825.988655
18,80,20400.631370
18,83,19793.341727
19,52,26435.025233
19,53,25272.895403
19,54,24550.234945
19,55,24454.167517
19,56,23320.793910
19,60,22125.848564
19,65,21544.153139
19,68,21248.563609
19,72,20927.464755
19,73,20825.988655
19,75,20822.285624
19,79,20778.100647
19,80,20400.631370
19,83,19793.341727
20,52,26435.025233
20,53,23667.405556
20,56,23320.793910
20,60,22125.848564
20,65,21544.153139
20,68,21248.563609
20,69,21107.890679
20,71,20680.625320
20,75,20324.080865
20,83,19793.341727
21,52,26435.025233
21,53,23667.405556
21,56,23320.793910
21,57,22501.590083
21,60,22125.848564
21,62,21717.989654
21,65,21544.153139
21,68,21248.563609
21,69,21107.890679
21,70,20561.481512
21,75,19785.377607
22,52,26105.350328
22,53,23667.405556
22,56,23320.793910
22,57,22501.590083
22,60,22125.848564
22,62,21717.989654
22,65,20725.178299
22,70,20561.481512
22,75,19785.377607
22,84,19672.600512
23,52,23101.139971
23,57,22501.590083
23,60,22125.848564
23,62,21717.989654
23,63,20574.830800
23,70,20561.481512
23,73,20558.133958
23,75,19785.377607
23,84,19672.600512
23,85,19588.786460
23,87,19497.963840
24,51,26534.784570
24,52,23101.139971
24,56,21781.999309
24,61,21396.419001
24,63,20574.830800
24,64,20526.762922
24,70,20260.559195
24,75,19785.377607
24,82,19764.740720
24,83,19308.922889
25,51,26534.784570
25,52,22590.731269
25,55,22067.365717
25,56,21781.999309
25,61,21396.419001
25,62,20342.668858
25,68,20202.417194
25,73,20019.366217
25,74,19899.465254
25,75,19785.377607
25,76,19771.525920
25,77,19349.244438
25,83,18936.900261
26,51,26534.784570
26,52,22590.731269
26,53,22556.484431
26,55,22067.365717
26,56,21781.999309
26,61,21396.419001
26,62,20342.668858
26,68,20202.417194
26,73,20019.366217
26,74,19899.465254
26,75,19785.377607
26,76,19771.525920
26,77,19349.244438
26,83,18771.369969
27,50,24291.303130
27,52,22590.731269
27,53,22443.316810
27,54,22313.584461
27,55,22067.365717
27,56,21781.999309
27,58,20884.005638
27,62,20342.668858
27,68,19639.669513
27,76,19147.620325
27,83,18771.369969
28,50,24291.303130
28,52,22590.731269
28,53,22443.316810
28,54,22313.584461
28,55,22067.365717
28,56,21781.999309
28,58,20884.005638
28,62,20052.533906
28,67,20020.680352
28,68,19639.669513
28,74,19535.552583
28,76,19147.620325
28,78,18753.014786
29,50,24291.303130
29,52,22590.731269
29,53,22403.308101
29,54,22038.268880
29,55,21731.642067
29,58,20153.424323
29,60,19253.289275
29,74,18979.043289
29,78,18353.080053
29,79,18011.729915
30,50,24291.303130
30,51,23555.432436
30,52,22590.731269
30,53,21316.431346
30,58,20153.424323
30,59,19411.279694
30,60,19253.289275
30,74,18979.043289
30,78,18353.080053
30,79,18011.729915
31,49,24998.066051
31,50,23931.249047
31,51,23555.432436
31,52,22590.731269
31,53,21316.431346
31,58,20153.424323
31,59,19411.279694
31,60,19253.289275
31,61,18961.590715
31,76,18533.748067
31,78,18353.080053
31,79,18011.729915
32,49,24998.066051
32,50,23810.828559
32,51,23156.314885
32,52,22590.731269
32,53,21316.431346
32,58,20153.424323
32,59,19008.290217
32,61,18961.590715
32,62,18424.957518
32,78,18353.080053
32,79,18011.729915
33,49,23988.519538
33,50,23393.170571
33,51,21303.493705
33,55,20536.129881
33,56,20488.232666
33,58,20153.424323
33,59,19008.290217
33,61,18956.804048
33,62,18424.957518
33,78,18353.080053
33,79,18011.729915
34,49,21490.134401
34,51,20845.963364
34,52,20629.818704
34,55,20238.606465
34,57,19745.101802
34,58,18890.637424
34,60,18483.096491
34,62,18155.519566
34,79,17837.119836
35,49,21490.134401
35,51,20845.963364
35,52,20564.476248
35,55,20238.606465
35,57,19745.101802
35,58,18890.637424
35,60,18483.096491
35,62,18155.519566
35,79,17837.119836
36,48,24290.523570
36,49,21490.134401
36,51,20845.963364
36,52,20564.476248
36,55,20238.606465
36,57,19745.101802
36,58,18890.637424
36,60,18483.096491
36,62,18155.519566
36,79,17837.119836
37,47,24281.607279
37,48,23693.900197
37,49,21490.134401
37,51,20845.963364
37,52,20498.339780
37,55,20238.606465
37,56,20223.689954
37,57,19464.632082
37,58,18890.637424
37,60,18483.096491
37,61,18326.076869
37,62,18155.519566
37,63,18115.478201
37,79,17837.119836
38,47,24281.607279
38,48,22756.988199
38,49,21490.134401
38,51,20845.963364
38,52,20498.339780
38,55,20238.606465
38,56,20223.689954
38,57,19464.632082
38,58,18890.637424
38,60,18483.096491
38,61,18326.076869
38,62,18155.519566
38,63,18115.478201
38,79,17837.119836
39,47,24281.607279
39,48,22756.988199
39,49,21490.134401
39,51,20845.963364
39,52,20462.153732
39,55,20238.606465
39,56,20018.861110
39,57,19464.632082
39,58,18890.637424
39,60,18483.096491
39,61,18326.076869
39,62,18155.519566
39,63,18115.478201
39,70,17975.854976
39,79,17837.119836
40,47,24281.607279
40,48,22756.988199
40,49,21490.134401
40,51,20845.963364
40,52,20462.153732
40,55,19343.078021
40,58,18890.637424
40,59,18807.867927
40,60,18483.096491
40,61,18326.076869
40,62,18155.519566
40,63,18115.478201
40,70,17944.449312
40,71,17940.029971
40,79,17837.119836
41,47,24281.607279
41,48,21329.500095
41,51,20845.963364
41,52,20462.153732
41,53,20442.050412
41,54,19062.391192
41,58,18890.637424
41,59,18807.867927
41,60,18483.096491
41,61,18128.277962
41,63,18115.478201
41,70,17944.449312
41,71,17940.029971
41,79,17837.119836
42,47,24281.607279
42,48,21329.500095
42,51,20845.963364
42,52,20462.153732
42,53,20442.050412
42,54,19062.391192
42,58,18890.637424
42,59,18807.867927
42,60,18483.096491
42,61,18128.277962
42,62,17986.734623
42,70,17944.449312
42,71,17940.029971
42,79,17837.119836
43,47,24281.607279
43,48,21329.500095
43,51,20845.963364
43,52,20462.153732
43,53,20442.050412
43,54,19062.391192
43,58,18890.637424
43,59,18421.082631
43,61,18128.277962
43,62,17986.734623
43,70,17944.449312
43,71,17940.029971
43,79,17837.119836
44,47,24281.607279
44,48,21329.500095
44,51,18924.203529
44,58,18890.637424
44,59,18421.082631
44,60,18392.343394
44,61,18128.277962
44,62,17986.734623
44,63,17868.430506
44,64,17765.457279
44,70,17564.985229
45,47,21971.380549
45,48,21329.500095
45,51,18924.203529
45,58,18890.637424
45,59,18421.082631
45,60,18392.343394
45,61,18128.277962
45,62,17986.734623
45,63,17868.430506
45,64,17765.457279
45,67,17693.850713
45,68,17183.069195
46,47,21971.380549
46,48,21329.500095
46,51,18924.203529
46,53,18320.634055
46,59,18064.454598
46,62,17986.734623
46,63,17730.482482
46,67,17693.850713
46,68,17183.069195
47,45,24428.160781
47,47,21747.099609
47,48,20641.209892
47,51,18924.203529
47,52,18191.935782
47,56,17953.481299
47,58,17900.758630
47,60,17767.544482
47,63,17677.595148
47,66,17429.076297
47,68,17183.069195
48,45,24383.038960
48,46,24147.324252
48,47,21124.594728
48,48,20445.898623
48,51,18924.203529
48,52,18191.935782
48,56,17953.481299
48,58,17900.758630
48,60,17767.544482
48,62,17709.660367
48,63,17677.595148
48,66,17429.076297
48,68,17183.069195
49,45,24383.038960
49,46,23559.728300
49,47,21124.594728
49,48,20368.941536
49,51,18924.203529
49,52,18191.935782
49,56,17953.481299
49,58,17900.758630
49,60,17767.544482
49,62,17709.660367
49,63,17677.595148
49,66,17429.076297
49,67,17171.545762
50,45,23598.453919
50,46,22329.479791
50,47,21124.594728
50,48,20368.941536
50,50,19842.690884
50,51,18924.203529
50,52,18191.935782
50,54,18188.850423
50,56,17953.481299
50,58,17900.758630
50,59,17833.873707
50,60,17767.544482
50,61,17659.192150
50,64,17624.994642
50,66,17429.076297
50,67,17171.545762
50,69,17083.187428
51,45,22418.293816
51,46,22329.479791
51,47,21124.594728
51,48,20368.941536
51,49,19835.909639
51,51,18924.203529
51,52,18191.935782
51,54,18188.850423
51,56,17953.481299
51,58,17900.758630
51,59,17833.873707
51,60,17767.544482
51,61,17659.192150
51,64,17455.002205
51,66,17429.076297
51,67,17171.545762
51,69,17083.187428
52,44,24510.880023
52,45,22418.293816
52,46,21565.268135
52,47,21124.594728
52,48,20368.941536
52,49,19835.909639
52,51,18924.203529
52,52,18191.935782
52,54,18188.850423
52,56,17917.548933
52,58,17822.915006
52,59,17754.441672
52,60,17683.712229
52,61,17491.905552
52,62,17206.004501
52,67,17171.545762
52,69,17010.779657
53,44,24384.797099
53,45,22418.293816
53,46,21565.268135
53,47,21123.986440
53,48,20368.941536
53,49,19835.909639
53,51,18924.203529
53,52,18191.935782
53,54,18188.850423
53,56,17917.548933
53,57,17609.702640
53,60,17596.213376
53,61,17471.189861
53,62,17206.004501
53,66,17140.422228
53,69,17010.779657
54,44,24384.797099
54,45,22418.293816
54,46,21565.268135
54,47,21123.986440
54,48,20368.941536
54,49,19835.909639
54,51,18924.203529
54,52,18191.935782
54,54,17778.383549
54,57,17609.702640
54,60,17596.213376
54,61,17471.189861
54,62,17206.004501
54,66,17140.422228
54,69,17010.779657
55,44,24384.797099
55,45,22171.956491
55,46,21565.268135
55,47,21123.986440
55,48,20368.941536
55,49,19835.909639
55,51,18924.203529
55,52,18191.935782
55,54,17778.383549
55,57,17609.702640
55,60,17596.213376
55,61,17471.189861
55,62,17206.004501
55,66,17140.422228
55,69,17010.779657
56,44,24384.797099
56,45,22171.956491
56,46,21565.268135
56,47,21123.986440
56,48,20368.941536
56,49,19835.909639
56,51,18924.203529
56,52,18191.935782
56,54,17778.383549
56,57,17609.702640
56,60,17596.213376
56,61,17471.189861
56,62,17206.004501
56,64,17097.152982
56,65,17039.349167
56,67,16761.622831
57,44,23815.781739
57,45,22171.956491
57,46,21565.268135
57,47,21123.986440
57,48,20028.600872
57,49,19835.909639
57,51,18673.594494
57,52,17965.967269
57,54,17531.667460
57,55,17177.266190
57,62,17123.252329
57,64,17069.729562
57,65,16985.748156
57,67,16527.605472
58,44,23815.781739
58,45,20891.035873
58,46,20141.587568
58,47,20002.575025
58,49,19835.909639
58,51,18673.594494
58,52,17965.967269
58,54,17531.667460
58,55,17177.266190
58,59,17066.586488
58,63,16566.518409
58,67,16527.605472
59,44,23815.781739
59,45,20280.644209
59,46,20141.587568
59,47,19547.704722
59,51,18673.594494
59,52,17965.967269
59,54,17531.667460
59,55,17177.266190
59,59,17066.586488
59,63,16566.518409
59,67,16527.605472
60,44,23815.781739
60,45,20280.644209
60,46,20141.587568
60,47,19547.704722
60,49,18713.750214
60,51,18673.594494
60,52,17965.967269
60,54,17531.667460
60,55,17177.266190
60,59,17066.586488
60,63,16566.518409
60,67,16527.605472
61,44,23815.781739
61,45,20280.644209
61,46,20094.423845
61,47,19547.704722
61,49,18713.750214
61,51,18352.703696
61,52,17905.864245
61,53,17749.718393
61,54,17531.667460
61,55,17177.266190
61,59,17066.586488
61,60,17044.164226
61,63,16566.518409
61,67,16527.605472
62,44,23815.781739
62,45,20116.069674
62,46,19272.499429
62,49,18713.750214
62,51,18072.245496
62,52,17905.864245
62,53,17541.987375
62,54,17263.562119
62,55,17177.266190
62,56,16987.239182
62,63,16490.811425
63,43,23988.922976
63,44,22665.380960
63,45,20116.069674
63,46,19272.499429
63,47,19252.517829
63,49,18713.750214
63,51,18072.245496
63,52,17905.864245
63,53,17541.987375
63,54,17263.562119
63,55,17177.266190
63,56,16987.239182
63,63,16490.811425
64,43,23988.922976
64,44,22665.380960
64,45,20116.069674
64,46,19272.499429
64,47,19252.517829
64,49,18713.750214
64,51,18072.245496
64,52,17905.864245
64,53,17541.987375
64,54,17263.562119
64,55,17082.702725
64,56,16987.239182
64,61,16959.923317
64,63,16490.811425
65,43,23988.922976
65,44,21618.846312
65,45,20036.406735
65,46,18996.873316
65,47,18913.704381
65,49,18713.750214
65,51,18072.245496
65,52,17905.864245
65,53,17541.987375
65,54,16930.715888
65,62,16807.105855
65,63,16490.811425
66,43,23988.922976
66,44,21618.846312
66,45,20036.406735
66,46,18996.873316
66,47,18913.704381
66,49,18713.750214
66,50,18682.027812
66,51,18072.245496
66,52,17905.864245
66,53,17541.987375
66,54,16930.715888
66,62,16807.105855
66,63,16490.811425
67,43,23988.922976
67,44,21618.846312
67,45,20036.406735
67,46,18996.873316
67,47,18913.704381
67,49,18589.869270
67,50,18392.183397
67,51,18072.245496
67,52,17821.135166
67,53,17502.092191
67,54,16780.288879
67,57,16696.348614
67,61,16424.703972
68,43,23988.922976
68,44,21618.846312
68,45,18332.818185
68,51,18072.245496
68,52,17380.070133
68,54,16780.288879
68,56,16710.446585
68,57,16696.348614
68,61,16424.703972
69,43,23988.922976
69,44,18843.993458
69,45,18332.818185
69,50,18180.739283
69,51,18072.245496
69,52,17380.070133
69,53,16726.192500
69,56,16677.891817
69,61,16424.703972
70,43,23988.922976
70,44,18843.993458
70,45,18332.818185
70,48,17901.392917
70,52,17380.070133
70,53,16726.192500
70,54,16568.358745
70,61,16424.703972
71,43,23988.922976
71,44,18843.993458
71,45,18332.818185
71,48,17901.392917
71,52,17380.070133
71,53,16726.192500
71,54,16554.691252
71,56,16397.360573
72,43,20080.338691
72,44,18843.993458
72,45,18318.483078
72,47,17891.685724
72,51,17783.124118
72,52,17380.070133
72,53,16593.472622
72,54,16488.843700
72,56,16397.360573
73,43,20080.338691
73,44,18843.993458
73,45,18318.483078
73,47,17891.685724
73,51,17515.041786
73,52,17380.070133
73,53,16593.472622
73,54,16488.843700
73,56,16397.360573
74,43,20080.338691
74,44,18843.993458
74,45,18318.483078
74,47,17891.685724
74,49,17808.196036
74,51,17515.041786
74,52,17117.955094
74,53,16593.472622
74,54,16488.843700
74,56,16397.360573
75,43,19724.376446
75,44,18843.993458
75,45,18318.483078
75,47,17891.685724
75,49,17808.196036
75,51,17515.041786
75,52,17117.955094
75,53,16574.619373
75,54,16488.843700
75,56,16397.360573
76,43,19724.376446
76,44,18843.993458
76,45,18318.483078
76,47,17891.685724
76,49,17808.196036
76,50,17516.198091
76,51,17515.041786
76,52,17117.955094
76,53,16574.619373
76,54,16488.843700
76,56,16397.360573
77,42,19475.600856
77,44,18252.779337
77,47,17542.771183
77,50,17415.413087
77,51,17011.160206
77,53,16574.619373
77,54,16456.606721
77,55,16127.613074
78,42,19289.693791
78,44,18252.779337
78,47,17542.771183
78,50,17415.413087
78,51,17011.160206
78,53,16574.619373
78,54,16456.606721
78,55,16127.613074
79,42,19289.693791
79,43,19070.300595
79,44,18252.779337
79,47,17542.771183
79,50,17415.413087
79,51,16785.024127
79,53,16574.619373
79,54,16456.606721
79,55,16127.613074
80,42,19289.693791
80,43,19070.300595
80,44,18252.779337
80,47,17542.771183
80,50,17410.512613
80,51,16785.024127
80,53,16574.619373
80,54,16456.606721
80,55,16127.613074
81,42,19289.693791
81,43,19070.300595
81,44,18252.779337
81,47,17542.771183
81,50,17384.637851
81,51,16785.024127
81,53,16574.619373
81,54,16456.606721
81,55,16127.613074
82,41,19046.215028
82,43,18569.600749
82,44,18085.438141
82,47,17527.437886
82,48,17211.457411
82,49,16603.699967
82,52,16585.000506
82,53,16559.937378
82,54,16450.810014
82,55,16127.613074
83,41,19046.215028
83,43,18569.600749
83,44,18085.438141
83,45,18042.584025
83,47,17527.437886
83,48,17211.457411
83,49,16603.699967
83,52,16585.000506
83,53,16559.937378
83,54,16450.810014
83,55,16073.673506
84,41,19046.215028
84,43,18569.600749
84,44,18085.438141
84,45,18042.584025
84,46,17771.077197
84,47,17527.437886
84,48,17211.457411
84,49,16603.699967
84,52,16585.000506
84,53,16559.937378
84,54,16450.810014
84,55,16073.673506
85,41,19046.215028
85,42,18984.812781
85,43,18569.600749
85,44,18085.438141
85,45,18042.584025
85,46,17771.077197
85,47,17527.437886
85,48,17211.457411
85,49,16603.699967
85,52,16585.000506
85,53,16559.937378
85,54,16076.973715
85,55,16073.673506
86,40,20192.241643
86,41,19046.215028
86,42,18314.937643
86,44,18085.438141
86,45,17849.285539
86,46,17771.077197
86,47,17527.437886
86,48,17211.457411
86,49,16603.699967
86,52,16585.000506
86,53,16331.926719
86,54,16076.973715
86,55,16073.673506
87,40,20192.241643
87,41,19046.215028
87,42,18282.633259
87,44,18038.373219
87,45,17570.307320
87,47,16853.942796
87,49,16578.983202
87,53,16317.494198
87,54,15898.187675
88,40,20192.241643
88,41,19046.215028
88,42,18282.633259
88,43,17735.811283
88,45,17360.133788
88,46,17217.996115
88,47,16853.942796
88,49,16578.983202
88,50,16562.466044
88,52,16202.815963
88,54,15898.187675
89,40,20192.241643
89,41,19046.215028
89,42,18282.633259
89,43,17735.811283
89,45,17360.133788
89,46,17217.996115
89,47,16853.942796
89,49,16578.983202
89,50,16346.789787
89,52,16202.815963
89,54,15898.187675
90,40,20192.241643
90,41,19046.215028
90,42,18282.633259
90,43,17735.811283
90,45,17360.133788
90,46,17217.996115
90,47,16853.942796
90,49,16578.983202
90,50,16346.789787
90,52,16202.815963
90,54,15898.187675
91,40,20192.241643
91,41,19046.215028
91,42,18282.633259
91,43,17735.811283
91,45,17360.133788
91,46,17217.996115
91,47,16853.942796
91,49,16578.983202
91,50,16346.789787
91,52,16202.815963
91,54,15898.187675
92,39,20297.965534
92,40,20192.241643
92,41,18949.075306
92,42,18200.181018
92,43,17663.544454
92,45,17307.184754
92,46,16751.299663
92,48,16226.213469
92,50,16188.154134
92,53,16046.007388
92,54,15876.783626
93,39,20297.965534
93,40,20192.241643
93,41,18949.075306
93,42,18200.181018
93,43,17663.544454
93,44,17574.936285
93,45,17307.184754
93,46,16751.299663
93,48,16226.213469
93,50,16188.154134
93,51,16134.934738
93,53,16046.007388
93,54,15876.783626
94,39,20297.965534
94,40,19701.777393
94,41,18949.075306
94,42,18200.181018
94,43,17663.544454
94,44,17574.936285
94,45,17307.184754
94,46,16751.299663
94,48,16226.213469
94,50,16188.154134
94,51,16134.934738
94,53,16046.007388
94,54,15876.783626
95,39,20297.965534
95,40,19430.517476
95,41,18949.075306
95,42,18200.181018
95,43,17663.544454
95,44,17574.936285
95,45,17307.184754
95,46,16751.299663
95,48,16226.213469
95,50,16188.154134
95,51,16134.934738
95,53,16046.007388
95,54,15855.475226
96,39,20297.965534
96,40,19430.517476
96,41,18949.075306
96,42,18200.181018
96,43,17663.544454
96,44,17574.936285
96,45,17307.184754
96,46,16751.299663
96,48,16226.213469
96,49,16219.705589
96,50,16188.154134
96,51,16134.934738
96,52,16111.089796
96,53,16046.007388
96,54,15855.475226
97,39,20297.965534
97,40,19430.517476
97,41,18949.075306
97,42,18200.181018
97,43,17663.544454
97,44,17535.258821
97,45,17287.195269
97,46,16676.776085
97,48,16088.178000
97,49,16077.353754
97,50,16049.034235
97,53,15969.302950
97,54,15855.475226
98,39,20297.965534
98,40,19430.517476
98,41,18949.075306
98,42,18200.181018
98,43,17663.544454
98,44,17535.258821
98,45,17287.195269
98,46,16676.776085
98,48,16088.178000
98,49,16077.353754
98,50,16049.034235
98,51,16031.730292
98,53,15969.302950
98,54,15855.475226
99,39,19441.953444
99,40,19430.517476
99,41,18949.075306
99,42,18200.181018
99,43,17663.544454
99,44,17535.258821
99,45,17287.195269
99,46,16676.776085
99,48,16088.178000
99,49,16077.353754
99,50,15961.739343
99,54,15855.475226
100,39,19441.953444
100,40,19430.517476
100,41,18949.075306
100,42,18200.181018
100,43,17663.544454
100,44,17535.258821
100,45,17287.195269
100,46,16676.776085
100,48,16088.178000
100,49,16077.353754
100,50,15961.739343
100,54,15855.475226
101,39,19441.953444
101,40,19430.517476
101,41,18949.075306
101,42,18200.181018
101,43,17663.544454
101,44,17535.258821
101,45,17287.195269
101,46,16676.776085
101,48,16088.178000
101,49,16077.353754
101,50,15961.739343
101,54,15855.475226
102,38,19306.484915
102,41,18949.075306
102,42,17635.987960
102,44,17508.025243
102,45,16963.090011
102,46,16676.416072
102,48,16088.178000
102,49,16015.847323
102,50,15947.347965
102,54,15822.737172
103,38,19306.484915
103,40,19162.123258
103,41,18949.075306
103,42,17635.987960
103,44,17508.025243
103,45,16963.090011
103,46,16676.416072
103,48,16088.178000
103,49,16015.847323
103,50,15839.944035
103,54,15822.737172
104,38,19306.484915
104,40,19162.123258
104,41,18935.606850
104,42,17635.987960
104,44,16966.892714
104,45,16963.090011
104,46,16676.416072
104,48,16088.178000
104,49,16015.847323
104,50,15839.944035
104,54,15822.737172
105,38,19306.484915
105,40,18807.898805
105,41,18704.539357
105,42,17635.987960
105,44,16966.892714
105,45,16963.090011
105,46,16676.416072
105,48,16088.178000
105,49,16015.847323
105,50,15839.944035
105,54,15822.737172
106,38,19268.386581
106,39,18951.192635
106,40,18807.898805
106,41,18230.871239
106,42,17635.987960
106,44,16808.133024
106,46,16676.416072
106,48,16088.178000
106,49,16015.847323
106,50,15839.944035
106,54,15822.737172
107,38,19268.386581
107,39,18841.108427
107,40,18625.337604
107,41,18230.871239
107,42,17513.205556
107,44,16776.286906
107,46,16624.974681
107,48,16088.178000
107,49,15970.461251
107,50,15797.854620
107,54,15738.042589
108,38,19041.911025
108,39,18841.108427
108,40,18625.337604
108,41,18230.871239
108,42,17513.205556
108,43,17258.893551
108,44,16776.286906
108,46,16624.974681
108,48,16008.049195
108,49,15970.461251
108,50,15797.854620
108,54,15738.042589
109,37,19326.837718
109,38,19015.031969
109,39,18841.108427
109,40,18625.337604
109,41,18230.871239
109,42,17513.205556
109,43,17258.893551
109,44,16730.051489
109,46,16624.974681
109,47,16323.548294
109,48,16008.049195
109,49,15970.461251
109,50,15797.854620
109,54,15738.042589
110,37,19326.837718
110,38,18530.748531
110,39,18458.602093
110,41,18230.871239
110,42,17513.205556
110,43,17258.893551
110,44,16711.157484
110,46,16624.974681
110,47,16323.548294
110,48,15969.623449
110,49,15954.169446
110,50,15797.854620
110,54,15738.042589
111,37,18311.006689
111,40,18259.501631
111,41,18181.766570
111,42,17513.205556
111,43,17258.893551
111,44,16711.157484
111,45,16658.720099
111,46,16624.974681
111,47,16323.548294
111,48,15969.623449
111,49,15954.169446
111,50,15797.854620
111,54,15738.042589
112,37,18311.006689
112,40,18138.333892
112,41,17885.468315
112,42,17428.882405
112,43,17169.026252
112,44,16594.922369
112,45,16541.102870
112,46,16378.507261
112,47,16323.548294
112,48,15930.268715
112,49,15892.204741
112,50,15723.695290
112,54,15700.418382
113,37,18311.006689
113,40,18138.333892
113,41,17885.468315
113,42,17428.882405
113,43,17169.026252
113,44,16286.080340
113,45,16232.477964
113,47,16140.994669
113,48,15930.268715
113,49,15848.993222
113,50,15723.695290
113,54,15700.418382
114,37,18311.006689
114,40,17988.706092
114,41,17538.323832
114,42,17428.882405
114,43,17084.441675
114,44,16286.080340
114,45,16232.477964
114,47,16140.994669
114,48,15930.268715
114,49,15821.004383
114,50,15723.695290
114,54,15700.418382
115,37,18311.006689
115,40,17091.152058
115,43,16820.142099
115,44,16286.080340
115,45,16232.477964
115,47,16140.994669
115,48,15930.268715
115,49,15821.004383
115,50,15723.695290
115,54,15700.418382
116,37,18311.006689
116,39,18194.537911
116,40,17091.152058
116,41,17082.904324
116,43,16820.142099
116,44,16286.080340
116,45,16232.477964
116,47,15945.288197
116,48,15930.268715
116,49,15821.004383
116,50,15723.695290
116,54,15700.418382
117,37,18311.006689
117,39,17869.867441
117,40,17070.841296
117,41,17044.262623
117,43,16178.137332
117,47,15924.971932
117,48,15919.004082
117,49,15775.464141
117,50,15709.093364
117,54,15700.418382
118,37,18311.006689
118,39,17869.867441
118,40,17070.841296
118,41,17044.262623
118,43,16178.137332
118,45,16104.375751
118,47,15924.971932
118,48,15919.004082
118,49,15775.464141
118,50,15709.093364
118,54,15700.418382
119,37,18311.006689
119,39,17869.867441
119,40,17070.841296
119,41,17044.262623
119,43,16178.137332
119,44,16131.797395
119,45,16104.375751
119,47,15924.971932
119,48,15919.004082
119,49,15775.464141
119,50,15709.093364
119,52,15655.870608
120,37,18311.006689
120,38,18302.887803
120,39,17808.895323
120,40,17066.282304
120,41,17044.262623
120,43,16178.137332
120,44,16131.797395
120,45,16104.375751
120,46,15962.058900
120,47,15911.217365
120,49,15775.464141
120,50,15709.093364
120,52,15655.870608
121,37,18311.006689
121,38,17936.723108
121,39,17808.895323
121,40,17066.282304
121,41,17044.262623
121,43,16178.137332
121,44,16131.797395
121,45,16104.375751
121,46,15962.058900
121,47,15911.217365
121,49,15775.464141
121,50,15709.093364
121,52,15655.870608
122,37,18311.006689
122,38,17936.723108
122,39,17808.895323
122,40,16910.397838
122,42,16713.219074
122,43,16124.065186
122,44,16114.893692
122,45,16066.546068
122,46,15951.047148
122,47,15878.987392
122,49,15775.464141
122,50,15649.021085
122,51,15636.682907
123,37,18311.006689
123,38,17936.723108
123,39,17441.340406
123,40,16910.397838
123,42,16713.219074
123,43,16124.065186
123,44,16114.893692
123,45,16053.889111
123,46,15951.047148
123,47,15878.987392
123,49,15775.464141
123,50,15649.021085
123,51,15636.682907
124,37,18311.006689
124,38,17587.182364
124,39,17132.259301
124,40,16910.397838
124,42,16713.219074
124,43,16124.065186
124,44,16086.115629
124,45,16053.889111
124,46,15951.047148
124,47,15851.013552
124,49,15775.464141
124,50,15649.021085
124,51,15636.682907
125,37,18205.211455
125,38,17587.182364
125,39,17132.259301
125,40,16910.397838
125,42,16713.219074
125,43,16124.065186
125,44,16086.115629
125,45,16053.889111
125,46,15951.047148
125,47,15851.013552
125,49,15585.023468
126,37,18205.211455
126,38,17511.268066
126,39,17132.259301
126,40,16910.397838
126,42,16713.219074
126,43,16124.065186
126,44,15929.069922
126,47,15851.013552
126,49,15585.023468
127,37,18029.679537
127,38,17509.312015
127,39,17132.259301
127,40,16910.397838
127,42,16679.382892
127,43,16000.125881
127,44,15916.537402
127,47,15809.937535
127,49,15570.727054
128,37,18029.679537
128,38,17461.764896
128,39,17132.259301
128,40,16910.397838
128,42,16679.382892
128,43,16000.125881
128,44,15916.537402
128,47,15809.937535
128,48,15799.202292
128,49,15570.727054
129,37,18029.679537
129,38,17301.256772
129,39,17132.259301
129,40,16910.397838
129,42,16679.382892
129,43,16000.125881
129,44,15916.537402
129,47,15809.937535
129,48,15799.202292
129,49,15492.966160
130,37,18029.679537
130,38,16632.267496
130,39,16603.556698
130,43,16000.125881
130,44,15916.537402
130,47,15809.937535
130,48,15799.202292
130,49,15492.966160
131,37,18029.679537
131,38,16632.267496
131,39,16603.556698
131,43,16000.125881
131,44,15916.537402
131,47,15809.937535
131,48,15502.977038
131,49,15492.966160
132,37,17846.484973
132,38,16579.776745
132,39,16540.662800
132,40,16471.256514
132,43,15989.677881
132,44,15916.537402
132,47,15772.705854
132,48,15465.311666
132,49,15450.328642
133,37,17846.484973
133,38,16579.776745
133,39,16540.662800
133,40,16420.516185
133,43,15989.677881
133,44,15916.537402
133,45,15897.107674
133,47,15772.705854
133,48,15465.311666
133,49,15450.328642
134,37,17846.484973
134,38,16579.776745
134,39,16363.992385
134,40,16220.121430
134,43,15989.677881
134,44,15916.537402
134,45,15897.107674
134,47,15702.250632
134,48,15465.311666
134,49,15450.328642
135,37,17846.484973
135,38,16579.776745
135,39,16363.992385
135,40,16220.121430
135,43,15989.677881
135,44,15916.537402
135,45,15897.107674
135,47,15702.250632
135,48,15398.669621
135,50,15329.870900
136,37,17846.484973
136,38,16579.776745
136,39,16363.992385
136,40,16220.121430
136,43,15989.677881
136,44,15898.803213
136,45,15742.971702
136,46,15708.632377
136,47,15702.250632
136,48,15398.669621
136,50,15329.870900
137,37,17846.484973
137,38,16558.100513
137,39,16133.601515
137,41,16051.930824
137,43,15940.397089
137,44,15843.168560
137,45,15742.971702
137,46,15660.574302
137,48,15359.431646
137,49,15327.829924
138,37,17846.484973
138,38,16558.100513
138,39,16133.601515
138,41,16051.930824
138,43,15940.397089
138,44,15843.168560
138,45,15742.971702
138,46,15660.574302
138,47,15509.901746
138,48,15359.431646
138,49,15327.829924
139,37,17846.484973
139,38,16558.100513
139,39,16133.601515
139,41,16051.930824
139,43,15940.397089
139,44,15843.168560
139,45,15742.971702
139,46,15660.574302
139,47,15509.901746
139,48,15359.431646
139,49,15327.829924
140,37,17846.484973
140,38,16558.100513
140,39,16133.601515
140,41,16051.930824
140,43,15940.397089
140,44,15843.168560
140,45,15717.953184
140,46,15660.574302
140,47,15509.901746
140,48,15359.431646
140,49,15302.718774
141,37,17842.900794
141,38,16558.100513
141,39,16133.601515
141,41,16051.930824
141,43,15940.397089
141,44,15843.168560
141,45,15717.953184
141,46,15603.230801
141,47,15509.901746
141,48,15359.431646
141,49,15302.718774
142,37,17216.029635
142,38,16558.100513
142,39,16105.717222
142,40,16033.002506
142,43,15745.621333
142,45,15699.825077
142,46,15603.230801
142,47,15462.668075
142,48,15316.665171
142,49,15249.846872
143,37,17096.904506
143,38,16546.858169
143,39,16105.717222
143,40,16033.002506
143,43,15745.621333
143,45,15516.735220
143,47,15462.668075
143,48,15316.665171
143,49,15249.846872
144,37,17096.904506
144,38,16546.858169
144,39,16105.717222
144,40,16033.002506
144,43,15745.621333
144,45,15516.735220
144,47,15452.853663
144,48,15316.665171
144,49,15249.846872
145,36,17058.984092
145,38,16546.858169
145,39,16105.717222
145,40,15974.189441
145,41,15918.741972
145,43,15745.621333
145,44,15610.553133
145,45,15516.735220
145,47,15452.853663
145,48,15316.665171
145,49,15249.846872
146,36,16600.645661
146,38,16546.858169
146,39,16105.717222
146,40,15932.613983
146,41,15918.741972
146,43,15745.621333
146,44,15610.553133
146,45,15409.478819
146,48,15316.665171
146,49,15249.846872
147,36,16475.472379
147,38,16346.797091
147,39,15992.176469
147,40,15932.613983
147,41,15885.257714
147,43,15544.768604
147,45,15409.478819
147,48,15316.665171
147,49,15249.846872
148,36,16339.610065
148,39,15992.176469
148,40,15932.613983
148,41,15885.257714
148,43,15544.768604
148,45,15409.478819
148,48,15316.665171
148,49,15249.846872
149,36,16297.172950
149,39,15992.176469
149,40,15932.613983
149,41,15885.257714
149,43,15544.768604
149,44,15391.781929
149,48,15316.665171
149,49,15249.846872
150,36,16297.172950
150,39,15992.176469
150,40,15932.613983
150,41,15885.257714
150,43,15544.768604
150,44,15391.781929
150,45,15387.186252
150,48,15316.665171
150,49,15249.846872
151,36,16297.172950
151,39,15992.176469
151,40,15932.613983
151,41,15885.257714
151,43,15544.768604
151,44,15391.781929
151,45,15387.186252
151,48,15316.665171
151,49,15249.846872
152,36,16055.545373
152,39,15985.386359
152,40,15932.613983
152,41,15807.992707
152,43,15377.413441
152,44,15358.901061
152,45,15347.183664
152,48,15217.915660
153,36,16055.545373
153,39,15985.386359
153,40,15905.560067
153,41,15807.992707
153,43,15377.413441
153,44,15358.901061
153,45,15347.183664
153,48,15217.915660
154,35,16531.938963
154,36,16055.545373
154,39,15985.386359
154,40,15905.560067
154,41,15807.992707
154,43,15377.413441
154,44,15358.901061
154,45,15347.183664
154,48,15217.915660
155,35,16531.938963
155,36,16055.545373
155,38,16043.536195
155,39,15985.386359
155,40,15905.560067
155,41,15807.992707
155,43,15377.413441
155,44,15358.901061
155,45,15347.183664
155,47,15319.656900
155,48,15217.915660
156,35,16531.938963
156,36,16055.545373
156,38,16043.536195
156,39,15985.386359
156,40,15905.560067
156,41,15807.992707
156,43,15377.413441
156,44,15358.901061
156,45,15347.183664
156,47,15275.762746
156,48,15217.915660
157,35,16456.679057
157,36,16032.003250
157,38,15805.677279
157,42,15342.076650
157,45,15218.402796
157,48,15217.915660
158,35,16456.679057
158,36,16032.003250
158,38,15805.677279
158,42,15342.076650
158,45,15218.402796
158,48,15217.915660
159,35,16456.679057
159,36,16032.003250
159,38,15805.677279
159,41,15450.156068
159,42,15342.076650
159,45,15218.402796
159,48,15217.915660
160,35,16456.679057
160,36,16032.003250
160,38,15805.677279
160,39,15787.790445
160,41,15450.156068
160,42,15342.076650
160,45,15218.402796
160,48,15217.915660
161,35,16365.486390
161,36,16032.003250
161,38,15805.677279
161,39,15787.790445
161,40,15311.545878
161,45,15218.402796
161,48,15217.915660
162,35,16268.800584
162,36,16032.003250
162,38,15805.677279
162,39,15638.685265
162,40,15311.545878
162,45,15201.212224
162,48,15170.151602
163,35,16268.800584
163,36,16032.003250
163,38,15805.677279
163,39,15638.685265
163,40,15311.229946
163,45,15201.212224
163,48,15170.151602
164,35,16268.800584
164,36,16024.655572
164,38,15805.677279
164,39,15638.685265
164,40,15311.229946
164,45,15201.212224
164,48,15170.151602
165,35,16101.747463
165,36,16024.655572
165,37,15673.314702
165,39,15638.685265
165,40,15311.229946
165,45,15201.212224
165,48,15170.151602
166,35,16101.747463
166,36,16024.655572
166,37,15673.314702
166,39,15638.685265
166,40,15296.863621
166,41,15278.248132
166,44,15266.762713
166,45,15201.212224
166,48,15170.151602
167,35,16015.849313
167,36,16005.724015
167,37,15598.470603
167,40,15273.773574
167,44,15183.414685
167,48,15117.945189
168,35,16015.849313
168,36,16005.724015
168,37,15598.470603
168,40,15273.773574
168,44,15183.414685
168,48,15117.945189
169,35,16015.849313
169,36,16005.724015
169,37,15598.470603
169,40,15273.773574
169,42,15246.128698
169,44,15183.414685
169,48,15117.945189
170,35,16015.849313
170,36,16005.724015
170,37,15598.470603
170,40,15273.773574
170,42,15246.128698
170,43,15195.449692
170,44,15183.414685
170,48,15117.945189
171,35,16015.849313
171,36,16005.724015
171,37,15598.470603
171,39,15544.442434
171,40,15273.773574
171,42,15246.128698
171,43,15195.449692
171,44,15183.414685
171,48,15117.945189
172,35,16012.145450
172,36,15585.110485
172,39,15518.777398
172,40,15273.773574
172,42,15148.978444
172,48,15100.440235
172,49,15081.785379
173,35,16012.145450
173,36,15585.110485
173,39,15518.777398
173,40,15273.773574
173,42,15148.978444
173,48,15100.440235
173,49,15081.785379
174,35,16012.145450
174,36,15585.110485
174,39,15518.777398
174,40,15273.773574
174,42,15131.484409
174,48,15100.440235
174,49,15081.785379
175,35,16012.145450
175,36,15585.110485
175,39,15518.777398
175,40,15261.686009
175,42,15131.484409
175,48,15100.440235
175,49,15081.785379
176,35,16012.145450
176,36,15585.110485
176,39,15468.805860
176,40,15261.686009
176,41,15102.890205
176,42,15102.255806
176,48,15100.440235
176,49,15081.785379
177,35,16012.145450
177,36,15541.163994
177,38,15382.979578
177,39,15381.190585
177,40,15261.686009
177,41,15089.690523
177,42,15074.113056
177,48,15060.831929
178,35,16012.145450
178,36,15541.163994
178,38,15382.979578
178,39,15322.964921
178,40,15261.686009
178,41,15089.690523
178,42,15074.113056
178,48,15060.831929
179,35,15996.727555
179,36,15541.163994
179,38,15382.979578
179,39,15322.964921
179,40,15261.686009
179,41,15089.690523
179,42,15044.946974
180,35,15996.727555
180,36,15541.163994
180,38,15382.979578
180,39,15322.964921
180,40,15261.686009
180,41,15089.690523
180,42,15044.946974
181,34,16225.291609
181,35,15996.727555
181,36,15541.163994
181,38,15382.979578
181,39,15322.964921
181,40,15261.686009
181,41,15089.690523
181,42,15044.946974
182,34,16177.772734
182,35,15979.602111
182,36,15530.596389
182,38,15365.346918
182,39,15314.786363
182,40,15205.227772
182,41,15089.690523
182,42,15044.946974
183,34,16177.772734
183,35,15979.602111
183,36,15530.596389
183,38,15365.346918
183,39,15314.786363
183,40,15205.227772
183,41,15089.690523
183,42,15044.946974
183,43,15001.089775
184,34,16177.772734
184,35,15979.602111
184,36,15530.596389
184,38,15365.346918
184,39,15314.786363
184,40,15205.227772
184,41,15089.690523
184,42,15044.946974
184,43,15001.089775
185,34,16177.772734
185,35,15979.602111
185,36,15530.596389
185,38,15365.346918
185,39,15314.786363
185,40,15205.227772
185,41,15089.690523
185,42,15044.946974
185,43,14938.045896
186,34,16177.772734
186,35,15979.602111
186,36,15530.596389
186,38,15365.346918
186,39,15314.786363
186,40,15205.227772
186,41,15089.690523
186,42,15044.946974
186,43,14938.045896
187,34,16087.031489
187,35,15915.283917
187,36,15530.596389
187,38,15299.817292
187,40,15188.866527
187,41,15076.180832
187,42,14979.312380
187,43,14938.045896
188,34,16087.031489
188,35,15915.283917
188,36,15530.596389
188,38,15299.817292
188,40,15188.866527
188,41,15076.180832
188,42,14979.312380
188,43,14938.045896
189,34,16087.031489
189,35,15915.283917
189,36,15530.596389
189,37,15375.373698
189,38,15282.281440
189,39,15258.834104
189,40,15188.866527
189,41,15076.180832
189,42,14979.312380
189,43,14938.045896
190,34,16087.031489
190,35,15915.283917
190,36,15530.596389
190,37,15375.373698
190,38,15282.281440
190,39,15258.834104
190,40,15188.866527
190,41,15076.180832
190,42,14979.312380
190,43,14938.045896
191,34,16087.031489
191,35,15915.283917
191,36,15530.596389
191,37,15375.373698
191,38,15282.281440
191,39,15203.127316
191,40,15131.253018
191,41,15076.180832
191,42,14979.312380
191,43,14938.045896
192,34,16069.307410
192,35,15885.574033
192,36,15517.305653
192,37,15193.991681
192,39,15178.884241
192,40,15131.253018
192,41,14790.521332
193,34,15783.437632
193,36,15517.305653
193,37,15193.991681
193,39,15178.884241
193,40,15131.253018
193,41,14790.521332
194,34,15783.437632
194,36,15517.305653
194,37,15193.991681
194,39,15178.884241
194,40,15043.390013
194,41,14790.521332
195,34,15783.437632
195,36,15517.305653
195,37,15193.991681
195,39,15178.884241
195,40,15043.390013
195,41,14790.521332
196,33,16933.932997
196,34,15783.437632
196,36,15517.305653
196,37,15193.991681
196,39,15091.769681
196,40,15043.390013
196,41,14790.521332
197,33,16107.897174
197,34,15783.437632
197,36,15494.055433
197,37,15136.432619
197,39,15091.769681
197,40,15021.583506
197,41,14756.623583
198,33,16038.705864
198,34,15783.437632
198,36,15494.055433
198,37,15136.432619
198,39,15091.769681
198,40,15021.583506
198,41,14756.623583
199,33,16038.705864
199,34,15768.909516
199,36,15494.055433
199,37,15136.432619
199,39,15091.769681
199,40,15021.583506
199,41,14756.623583
200,33,16038.705864
200,34,15768.909516
200,36,15494.055433
200,37,15136.432619
200,39,15091.769681
200,40,15021.583506
200,41,14756.623583
201,33,16038.705864
201,34,15768.909516
201,36,15494.055433
201,37,15136.432619
201,39,15091.769681
201,40,15021.583506
201,41,14756.623583
202,33,16038.705864
202,34,15668.999889
202,36,15402.242485
202,37,15135.272579
202,39,15042.481712
202,40,15006.466183
202,41,14741.892231
203,33,16038.705864
203,34,15668.999889
203,36,15402.242485
203,37,15135.272579
203,39,15042.481712
203,40,15006.466183
203,41,14741.892231
204,33,16038.705864
204,34,15668.999889
204,36,15402.242485
204,37,15135.272579
204,39,15042.481712
204,40,15006.466183
204,41,14708.438591
205,33,16038.705864
205,34,15668.999889
205,36,15402.242485
205,37,15135.272579
205,39,15042.481712
205,40,15006.466183
205,41,14708.438591
206,33,16038.705864
206,34,15668.999889
206,36,15402.242485
206,37,15135.272579
206,39,15030.939248
206,40,15006.466183
206,41,14708.438591
206,42,14692.088052
207,33,16038.705864
207,34,15659.980767
207,36,15402.242485
207,37,14994.708912
207,40,14979.928384
207,41,14669.980949
208,33,16038.705864
208,34,15659.980767
208,36,15402.242485
208,37,14968.504882
208,40,14936.486361
208,41,14669.980949
209,33,16038.705864
209,34,15659.980767
209,36,15402.242485
209,37,14948.416332
209,40,14936.486361
209,41,14669.980949
210,33,16038.705864
210,34,15659.980767
210,36,15402.242485
210,37,14948.416332
210,40,14936.486361
210,41,14669.980949
211,33,16038.705864
211,34,15659.980767
211,36,15402.242485
211,37,14948.416332
211,40,14936.486361
211,41,14669.980949
211,43,14655.149678
212,33,15706.674741
212,34,15659.980767
212,36,15358.799951
212,37,14882.268991
212,41,14669.980949
212,42,14648.671561
213,33,15706.674741
213,34,15659.980767
213,36,15358.799951
213,37,14882.268991
213,41,14669.980949
213,42,14648.671561
214,33,15706.674741
214,34,15659.980767
214,36,15358.799951
214,37,14882.268991
214,41,14669.980949
214,42,14648.671561
215,32,15996.140410
215,33,15706.674741
215,34,15659.980767
215,35,15323.123683
215,37,14882.268991
215,41,14669.980949
215,42,14648.671561
216,32,15996.140410
216,33,15706.674741
216,34,15659.980767
216,35,15225.165717
216,36,15201.148687
216,37,14882.268991
216,41,14669.980949
216,42,14648.671561
216,43,14587.840580
217,32,15886.628844
217,33,15625.157152
217,35,15216.859217
217,36,15201.148687
217,37,14882.268991
217,41,14669.980949
217,42,14628.865826
217,43,14566.847795
218,32,15886.628844
218,33,15625.157152
218,35,15216.859217
218,36,15201.148687
218,37,14882.268991
218,40,14865.689256
218,41,14669.980949
218,42,14628.865826
218,43,14566.847795
219,32,15886.628844
219,33,15625.157152
219,35,15216.859217
219,36,15174.496549
219,37,14882.268991
219,40,14821.605207
219,41,14669.980949
219,42,14628.865826
219,43,14566.847795
220,32,15886.628844
220,33,15625.157152
220,35,15216.859217
220,36,15174.496549
220,37,14882.268991
220,40,14821.605207
220,41,14669.980949
220,42,14628.865826
220,43,14566.847795
221,32,15785.997628
221,33,15625.157152
221,35,15216.859217
221,36,15100.278089
221,37,14882.268991
221,40,14821.605207
221,41,14669.980949
221,42,14628.865826
221,43,14566.847795
222,32,15742.507999
222,33,15606.622344
222,35,15135.406908
222,36,15100.278089
222,37,14882.268991
222,40,14817.429930
222,41,14655.388097
222,42,14582.839605
222,43,14566.640583
222,45,14563.037437
223,32,15742.507999
223,33,15606.622344
223,35,15135.406908
223,36,15100.278089
223,37,14882.268991
223,39,14850.802898
223,40,14817.429930
223,41,14655.388097
223,42,14582.839605
223,43,14566.640583
223,45,14563.037437
224,32,15742.507999
224,33,15606.622344
224,35,15135.406908
224,36,15100.278089
224,37,14882.268991
224,39,14850.802898
224,40,14817.429930
224,41,14655.388097
224,42,14582.839605
224,43,14566.640583
224,45,14563.037437
225,32,15742.507999
225,33,15606.622344
225,34,15588.447789
225,35,15135.406908
225,36,15100.278089
225,37,14882.268991
225,39,14850.802898
225,40,14817.429930
225,41,14655.388097
225,42,14582.839605
225,43,14566.640583
225,45,14563.037437
226,32,15742.507999
226,33,15606.622344
226,34,15588.447789
226,35,15135.406908
226,36,15100.278089
226,37,14882.268991
226,39,14850.802898
226,40,14817.429930
226,41,14655.388097
226,42,14582.839605
226,43,14566.640583
226,45,14563.037437
227,32,15742.507999
227,33,15560.563958
227,34,15512.379264
227,35,15120.750425
227,36,15100.278089
227,37,14830.357837
227,40,14787.323190
227,41,14534.133854
228,32,15742.507999
228,33,15560.563958
228,34,15512.379264
228,35,15120.750425
228,36,15100.278089
228,37,14830.357837
228,40,14787.323190
228,41,14534.133854
229,32,15742.507999
229,33,15560.563958
229,34,15512.379264
229,35,15120.750425
229,36,15100.278089
229,37,14830.357837
229,40,14787.323190
229,41,14534.133854
229,44,14502.386519
230,32,15742.507999
230,33,15560.563958
230,34,15512.379264
230,35,15120.750425
230,36,15100.278089
230,37,14830.357837
230,40,14787.323190
230,41,14534.133854
230,43,14408.251934
231,32,15742.507999
231,33,15560.563958
231,34,15512.379264
231,35,15120.750425
231,36,15100.278089
231,37,14830.357837
231,40,14787.323190
231,41,14534.133854
231,43,14408.251934
232,31,16218.521354
232,32,15720.392922
232,33,15539.115948
232,34,15354.829151
232,35,15043.429555
232,37,14830.357837
232,40,14729.198483
232,41,14530.047583
232,42,14341.123768
233,31,16218.521354
233,32,15720.392922
233,33,15539.115948
233,34,15354.829151
233,35,15043.429555
233,37,14830.357837
233,40,14729.198483
233,41,14530.047583
233,42,14341.123768
234,31,16218.521354
234,32,15681.128312
234,33,15539.115948
234,34,15354.829151
234,35,15043.429555
234,37,14830.357837
234,40,14729.198483
234,41,14530.047583
234,42,14341.123768
235,31,16218.521354
235,32,15681.128312
235,33,15539.115948
235,34,15354.829151
235,35,15043.429555
235,37,14830.357837
235,40,14729.198483
235,41,14530.047583
235,42,14341.123768
236,31,16218.521354
236,32,15681.128312
236,33,15539.115948
236,34,15354.829151
236,35,15043.429555
236,37,14830.357837
236,40,14729.198483
236,41,14530.047583
236,42,14341.123768
237,31,16183.464447
237,32,15650.002764
237,33,15504.270584
237,34,15328.689485
237,35,15043.234548
237,37,14804.646391
237,40,14713.905419
237,41,14503.843004
237,42,14341.123768
238,31,16183.464447
238,32,15650.002764
238,33,15504.270584
238,34,15328.689485
238,35,15040.500069
238,37,14804.646391
238,40,14713.905419
238,41,14503.843004
238,42,14341.123768
239,31,16183.464447
239,32,15650.002764
239,33,15504.270584
239,34,15328.689485
239,35,15040.500069
239,37,14804.646391
239,40,14713.905419
239,41,14503.843004
239,42,14341.123768
240,31,16183.464447
240,32,15607.082453
240,33,15504.270584
240,34,15328.689485
240,35,15040.500069
240,37,14804.646391
240,40,14713.905419
240,41,14476.774749
240,42,14341.123768
241,31,16183.464447
241,32,15468.356380
241,34,15328.689485
241,35,15040.500069
241,37,14804.646391
241,40,14713.905419
241,41,14476.774749
241,42,14341.123768
242,31,16162.699975
242,32,15391.502595
242,34,15314.540371
242,35,15040.500069
242,37,14748.042461
242,40,14713.905419
242,41,14473.354150
242,42,14340.318309
243,31,16162.699975
243,32,15391.502595
243,34,15314.540371
243,35,15040.500069
243,36,15007.124566
243,37,14748.042461
243,40,14713.905419
243,41,14473.354150
243,42,14340.318309
244,31,16162.699975
244,32,15391.502595
244,34,15314.540371
244,35,15040.500069
244,36,15007.124566
244,37,14748.042461
244,40,14713.905419
244,41,14473.354150
244,42,14340.318309
245,31,16162.699975
245,32,15391.502595
245,34,15314.540371
245,35,15040.500069
245,36,15007.124566
245,37,14748.042461
245,40,14713.905419
245,41,14473.354150
245,42,14340.318309
246,31,16162.699975
246,32,15391.502595
246,34,15314.540371
246,35,15040.500069
246,36,15007.124566
246,37,14748.042461
246,40,14713.905419
246,41,14473.354150
246,42,14340.318309
247,31,16003.772378
247,32,15335.466912
247,34,15301.114494
247,35,14961.143681
247,37,14740.314726
247,40,14653.155857
247,41,14452.499452
247,42,14314.442764
248,31,16003.772378
248,32,15335.466912
248,34,15301.114494
248,35,14961.143681
248,37,14740.314726
248,40,14595.076283
248,41,14452.499452
248,42,14314.442764
249,31,16003.772378
249,32,15335.466912
249,34,15301.114494
249,35,14961.143681
249,37,14740.314726
249,40,14595.076283
249,41,14452.499452
249,42,14314.442764
250,31,16003.772378
250,32,15335.466912
250,34,15301.114494
250,35,14961.143681
250,37,14740.314726
250,40,14595.076283
250,41,14452.499452
250,42,14314.442764
251,31,16003.772378
251,32,15335.466912
251,34,15219.632306
251,35,14961.143681
251,36,14945.754857
251,37,14740.314726
251,40,14595.076283
251,41,14452.499452
251,42,14314.442764
252,31,16003.772378
252,32,15190.507931
252,35,14939.117831
252,36,14933.741912
252,37,14692.516627
252,40,14568.739150
252,41,14422.575159
252,42,14305.457089
253,31,16003.772378
253,32,15190.507931
253,35,14939.117831
253,36,14933.741912
253,37,14692.516627
253,39,14645.519831
253,40,14568.739150
253,41,14422.575159
253,42,14305.457089
254,31,16003.772378
254,32,15190.507931
254,35,14939.117831
254,36,14933.741912
254,37,14692.516627
254,39,14645.519831
254,40,14568.739150
254,41,14422.575159
254,42,14305.457089
255,31,16003.772378
255,32,15190.507931
255,35,14939.117831
255,36,14933.741912
255,37,14692.516627
255,39,14645.519831
255,40,14568.739150
255,41,14422.575159
255,42,14305.457089
256,31,16003.772378
256,32,15190.507931
256,35,14939.117831
256,36,14896.694709
256,37,14692.516627
256,39,14645.519831
256,40,14568.739150
256,41,14422.575159
256,42,14305.457089
257,31,15870.066715
257,32,15190.507931
257,35,14896.866188
257,36,14896.694709
257,37,14690.320062
257,39,14597.575836
257,40,14558.195672
257,41,14410.893374
257,42,14242.977990
258,31,15870.066715
258,32,15190.507931
258,34,15064.874931
258,35,14896.866188
258,36,14896.694709
258,37,14690.320062
258,39,14597.575836
258,40,14558.195672
258,41,14380.628021
258,42,14242.977990
259,31,15870.066715
259,32,15190.507931
259,34,15064.874931
259,35,14896.866188
259,36,14864.203909
259,37,14690.320062
259,39,14597.575836
259,40,14558.195672
259,41,14380.628021
259,42,14242.977990
260,31,15870.066715
260,32,15190.507931
260,34,15064.874931
260,35,14896.866188
260,36,14864.203909
260,37,14690.320062
260,39,14597.575836
260,40,14558.195672
260,41,14349.978687
260,42,14242.977990
261,31,15870.066715
261,32,15190.507931
261,34,15064.874931
261,35,14896.866188
261,36,14864.203909
261,37,14690.320062
261,39,14597.575836
261,40,14558.195672
261,41,14349.978687
261,42,14242.977990
262,31,15770.935755
262,32,15182.506373
262,34,15022.572022
262,35,14895.780967
262,36,14806.818336
262,37,14690.320062
262,39,14597.575836
262,40,14537.027675
262,41,14344.780124
262,42,14212.167619
263,31,15770.935755
263,32,15182.506373
263,34,15022.572022
263,35,14895.780967
263,36,14806.818336
263,37,14690.320062
263,39,14597.575836
263,40,14537.027675
263,41,14344.780124
263,42,14212.167619
264,31,15770.935755
264,32,15182.506373
264,34,15022.572022
264,35,14895.780967
264,36,14806.818336
264,37,14690.320062
264,39,14597.575836
264,40,14537.027675
264,41,14344.780124
264,42,14212.167619
265,31,15770.935755
265,32,15182.506373
265,34,15022.572022
265,35,14895.780967
265,36,14806.818336
265,37,14690.320062
265,39,14597.575836
265,40,14537.027675
265,41,14344.780124
265,42,14212.167619
266,31,15770.935755
266,32,15182.506373
266,34,15022.572022
266,35,14895.780967
266,36,14806.818336
266,37,14690.320062
266,39,14597.575836
266,40,14537.027675
266,41,14344.780124
266,42,14212.167619
267,31,15713.367341
267,32,15175.359246
267,34,15022.572022
267,35,14833.669648
267,36,14719.293553
267,37,14667.046941
267,39,14597.575836
267,40,14536.278352
267,41,14343.266271
267,42,14182.769976
268,31,15713.367341
268,32,15175.359246
268,34,15022.572022
268,35,14833.669648
268,36,14719.293553
268,37,14667.046941
268,39,14597.575836
268,40,14536.278352
268,41,14343.266271
268,42,14182.769976
269,31,15713.367341
269,32,15175.359246
269,34,15022.572022
269,35,14833.669648
269,36,14719.293553
269,37,14667.046941
269,39,14597.575836
269,40,14536.278352
269,41,14343.266271
269,42,14182.769976
270,31,15713.367341
270,32,15175.359246
270,34,15022.572022
270,35,14833.669648
270,36,14719.293553
270,37,14667.046941
270,38,14665.659881
270,39,14597.575836
270,40,14536.278352
270,41,14343.266271
270,42,14182.769976
271,31,15713.367341
271,32,15175.359246
271,34,15022.572022
271,35,14833.669648
271,36,14719.293553
271,37,14667.046941
271,38,14665.659881
271,39,14597.575836
271,40,14536.278352
271,41,14343.266271
271,42,14182.769976
272,31,15713.367341
272,32,15038.231599
272,34,14989.984246
272,35,14831.839051
272,36,14647.060455
272,39,14553.719145
272,40,14520.211889
272,41,14336.282712
272,42,14153.148848
273,31,15548.952395
273,32,15038.231599
273,34,14989.984246
273,35,14831.839051
273,36,14647.060455
273,39,14505.744755
273,41,14336.282712
273,42,14153.148848
274,31,15548.952395
274,32,15038.231599
274,33,14952.820983
274,35,14831.839051
274,36,14647.060455
274,39,14505.744755
274,41,14336.282712
274,42,14153.148848
275,31,15548.952395
275,32,15038.231599
275,33,14952.820983
275,35,14831.839051
275,36,14647.060455
275,39,14505.744755
275,41,14336.282712
275,42,14153.148848
276,31,15548.952395
276,32,15038.231599
276,33,14871.763710
276,35,14831.839051
276,36,14647.060455
276,39,14505.744755
276,41,14336.282712
276,42,14153.148848
277,31,15527.816060
277,32,15029.977175
277,33,14871.763710
277,35,14819.698143
277,36,14633.572489
277,39,14505.744755
277,40,14295.545847
277,42,14152.078605
278,31,15527.816060
278,32,15029.977175
278,33,14871.763710
278,35,14819.698143
278,36,14633.572489
278,39,14505.744755
278,40,14241.085411
278,42,14152.078605
279,31,15454.542840
279,32,15029.977175
279,33,14871.763710
279,35,14819.698143
279,36,14633.572489
279,39,14505.744755
279,40,14241.085411
279,42,14152.078605
280,31,15454.542840
280,32,15029.977175
280,33,14871.763710
280,35,14819.698143
280,36,14633.572489
280,39,14505.744755
280,40,14241.085411
280,42,14152.078605
281,31,15454.542840
281,32,15029.977175
281,33,14871.763710
281,35,14819.698143
281,36,14633.572489
281,39,14505.744755
281,40,14241.085411
281,42,14152.078605
282,31,15402.681655
282,32,15020.888451
282,33,14837.282619
282,35,14813.263616
282,36,14633.572489
282,39,14505.744755
282,40,14196.483810
282,41,14193.326396
282,42,14152.078605
283,31,15402.681655
283,32,15020.888451
283,33,14837.282619
283,35,14775.007106
283,36,14633.572489
283,39,14505.744755
283,40,14196.483810
283,41,14193.326396
283,42,14152.078605
284,31,15402.681655
284,32,15020.888451
284,33,14837.282619
284,35,14775.007106
284,36,14633.572489
284,39,14505.744755
284,40,14196.483810
284,41,14103.442567
285,31,15382.518080
285,32,15020.888451
285,33,14837.282619
285,35,14775.007106
285,36,14633.572489
285,38,14629.542777
285,39,14505.744755
285,40,14112.792535
285,41,14103.442567
286,31,15382.518080
286,32,15020.888451
286,33,14826.457289
286,35,14775.007106
286,36,14633.572489
286,38,14629.542777
286,39,14505.744755
286,40,14112.792535
286,41,14103.442567
287,31,15369.700301
287,32,14970.082402
287,33,14812.629630
287,35,14749.794291
287,36,14607.564305
287,38,14605.725613
287,39,14108.943852
287,41,14102.194265
288,31,15359.813019
288,32,14970.082402
288,33,14812.629630
288,35,14690.136997
288,36,14607.564305
288,38,14605.725613
288,39,14108.943852
288,41,14102.194265
289,31,15359.813019
289,32,14970.082402
289,33,14805.465088
289,35,14690.136997
289,36,14607.564305
289,38,14605.725613
289,39,14108.943852
289,41,14102.194265
290,31,15359.813019
290,32,14970.082402
290,33,14805.465088
290,35,14690.136997
290,36,14607.564305
290,38,14605.725613
290,39,14108.943852
290,41,14102.194265
291,31,15359.813019
291,32,14970.082402
291,33,14805.465088
291,35,14690.136997
291,36,14607.564305
291,38,14481.443465
291,39,14108.943852
291,41,14102.194265
292,31,15330.828355
292,32,14929.021115
292,33,14789.098012
292,35,14689.084552
292,36,14605.263278
292,38,14446.726866
292,39,14088.995850
292,41,14063.142669
293,31,15330.828355
293,32,14929.021115
293,33,14789.098012
293,34,14782.583789
293,35,14689.084552
293,36,14605.263278
293,38,14446.726866
293,39,14036.982219
294,31,15330.828355
294,32,14929.021115
294,33,14789.098012
294,34,14782.583789
294,35,14689.084552
294,36,14605.263278
294,38,14446.726866
294,39,14036.982219
294,40,14035.983754
295,31,15330.828355
295,32,14929.021115
295,33,14789.098012
295,34,14635.616699
295,36,14605.263278
295,38,14446.726866
295,39,14036.982219
295,40,14035.983754
296,31,15330.828355
296,32,14929.021115
296,33,14789.098012
296,34,14635.616699
296,36,14605.263278
296,37,14521.916105
296,38,14446.726866
296,39,14036.982219
296,40,14035.983754
297,31,15330.828355
297,32,14910.562111
297,33,14705.605519
297,34,14631.091984
297,36,14599.537087
297,37,14482.812474
297,38,14446.726866
297,39,14036.982219
297,40,14030.133590
298,31,15330.828355
298,32,14910.562111
298,33,14705.605519
298,34,14631.091984
298,36,14599.537087
298,37,14482.812474
298,38,14446.726866
298,39,13982.153284
299,31,15330.828355
299,32,14910.562111
299,33,14705.605519
299,34,14631.091984
299,36,14599.537087
299,37,14482.812474
299,38,14446.726866
299,39,13982.153284
300,31,15330.828355
300,32,14910.562111
300,33,14647.008209
300,34,14579.914068
300,37,14482.812474
300,38,14446.726866
300,39,13982.153284
301,31,15330.828355
301,32,14774.464794
301,33,14647.008209
301,34,14579.914068
301,37,14482.812474
301,38,14293.155736
301,39,13982.153284
302,31,15229.200377
302,32,14739.868989
302,33,14526.599300
302,37,14457.903933
302,38,14280.918395
302,39,13981.958389
303,31,15229.200377
303,32,14739.868989
303,33,14526.599300
303,34,14477.119147
303,37,14457.903933
303,38,14280.918395
303,39,13981.958389
304,31,15229.200377
304,32,14739.868989
304,33,14526.599300
304,34,14477.119147
304,37,14457.903933
304,38,13940.202933
305,31,15229.200377
305,32,14713.415761
305,33,14526.599300
305,34,14477.119147
305,37,14457.903933
305,38,13940.202933
306,31,15229.200377
306,32,14713.415761
306,33,14526.599300
306,34,14477.119147
306,37,14457.903933
306,38,13940.202933
307,30,15160.147942
307,32,14567.573802
307,33,14513.823486
307,34,14476.560781
307,37,14441.039232
307,38,13920.944707
308,30,15160.147942
308,32,14567.573802
308,33,14513.823486
308,34,14476.560781
308,37,14441.039232
308,38,13920.944707
309,30,15160.147942
309,32,14567.573802
309,33,14513.823486
309,34,14451.458085
309,37,14441.039232
309,38,13920.944707
310,30,15160.147942
310,32,14567.573802
310,33,14513.823486
310,34,14451.458085
310,37,14441.039232
310,38,13920.944707
311,30,15160.147942
311,32,14567.573802
311,33,14513.823486
311,34,14451.458085
311,37,14441.039232
311,38,13920.944707
312,30,15110.686184
312,31,15072.682038
312,32,14551.734761
312,33,14389.989880
312,38,13892.520466
313,30,15110.686184
313,31,15072.682038
313,32,14551.734761
313,33,14389.989880
313,38,13892.520466
314,30,15110.686184
314,31,15072.682038
314,32,14551.734761
314,33,14389.989880
314,38,13892.520466
315,30,15110.686184
315,31,15072.682038
315,32,14551.734761
315,33,14389.989880
315,38,13892.520466
316,30,15110.686184
316,31,15072.682038
316,32,14551.734761
316,33,14389.989880
316,38,13892.520466
317,30,15086.870457
317,31,15072.682038
317,32,14452.024525
317,33,14379.782351
317,38,13888.275676
318,30,15086.870457
318,31,15072.682038
318,32,14452.024525
318,33,14379.782351
318,38,13888.275676
319,30,15086.870457
319,31,15072.682038
319,32,14452.024525
319,33,14379.782351
319,38,13888.275676
320,30,15086.870457
320,31,15072.682038
320,32,14452.024525
320,33,14330.306851
320,38,13888.275676
321,30,15086.870457
321,31,15072.682038
321,32,14452.024525
321,33,14330.306851
321,38,13888.275676
322,30,15043.405120
322,31,15007.781505
322,32,14447.450717
322,33,14330.306851
322,38,13882.566983
323,30,15043.405120
323,31,15007.781505
323,32,14447.450717
323,33,14330.306851
323,38,13882.566983
324,30,15043.405120
324,31,15007.781505
324,32,14447.450717
324,33,14330.306851
324,38,13882.566983
325,30,15043.405120
325,31,14960.064071
325,32,14409.196532
325,33,14305.317284
325,38,13882.566983
326,30,15043.405120
326,31,14960.064071
326,32,14409.196532
326,33,14305.317284
326,38,13882.566983
326,39,13865.741286
327,30,15024.325489
327,31,14955.635349
327,32,14409.196532
327,33,14302.554733
327,38,13882.566983
327,39,13865.741286
328,30,15024.325489
328,31,14955.635349
328,32,14409.196532
328,33,14302.554733
328,38,13882.566983
328,39,13865.741286
