Generation,NV,TOC
1,12,3277.837317
1,15,3199.197318
1,16,2819.326738
1,17,2621.447585
1,18,2467.767875
1,20,2464.838397
1,21,2411.590237
1,22,2392.276617
1,27,2292.667513
2,12,3277.837317
2,13,3208.989710
2,14,2908.034758
2,16,2819.326738
2,17,2587.198796
2,18,2467.767875
2,20,2464.838397
2,21,2411.590237
2,22,2392.276617
2,24,2365.400110
2,25,2279.789816
2,26,2230.328951
3,11,3039.562705
3,13,2644.198522
3,15,2571.162600
3,18,2466.117138
3,19,2375.142496
3,24,2344.115552
3,25,2279.789816
3,26,2230.328951
4,11,3039.562705
4,13,2644.198522
4,14,2423.242579
4,18,2336.698733
4,20,2332.425888
4,23,2221.876381
4,35,2221.803951
5,11,2877.646774
5,13,2473.261227
5,14,2423.242579
5,18,2272.137484
5,21,2210.154683
6,10,3257.018440
6,11,2877.646774
6,12,2833.111660
6,13,2473.261227
6,14,2423.242579
6,16,2403.283665
6,18,2272.137484
6,19,2241.782073
6,21,2210.154683
6,23,2199.090915
7,10,3257.018440
7,11,2832.475088
7,12,2784.282457
7,13,2473.261227
7,14,2423.242579
7,16,2403.283665
7,18,2239.076086
7,19,2180.405521
7,20,2172.852570
7,23,2151.610075
8,10,3186.917680
8,11,2832.475088
8,12,2784.282457
8,13,2473.261227
8,14,2423.242579
8,15,2367.973721
8,18,2217.251492
8,19,2180.405521
8,20,2172.852570
8,23,2128.169705
8,25,2123.209051
9,9,3360.205509
9,10,3046.571826
9,11,2570.053492
9,13,2473.261227
9,14,2387.686065
9,15,2353.644907
9,18,2198.955864
9,19,2180.405521
9,20,2159.103866
9,23,2119.938748
10,9,2964.254877
10,10,2780.922593
10,11,2570.053492
10,13,2464.095936
10,14,2379.654378
10,15,2268.345309
10,18,2198.955864
10,19,2179.182037
10,20,2159.103866
10,22,2158.567928
10,23,2119.938748
11,9,2964.254877
11,10,2763.256477
11,11,2570.053492
11,12,2560.075298
11,13,2378.285038
11,14,2333.053678
11,15,2268.345309
11,18,2198.955864
11,19,2179.182037
11,20,2159.103866
11,22,2151.665887
11,23,2119.938748
12,9,2871.157629
12,10,2763.256477
12,11,2570.053492
12,12,2560.075298
12,13,2378.285038
12,14,2333.053678
12,15,2268.345309
12,17,2230.347576
12,18,2198.955864
12,19,2144.940925
12,22,2079.840555
13,9,2861.818772
13,10,2638.390519
13,11,2570.053492
13,12,2560.075298
13,13,2378.285038
13,14,2333.053678
13,15,2268.345309
13,17,2164.836844
13,18,2148.943717
13,19,2144.940925
13,22,2079.840555
14,9,2839.608291
14,10,2638.390519
14,11,2570.053492
14,12,2560.075298
14,13,2378.285038
14,14,2301.257788
14,15,2268.345309
14,17,2135.869948
14,19,2127.114676
14,22,2079.840555
15,9,2734.024789
15,10,2638.390519
15,11,2473.475639
15,12,2472.519521
15,13,2378.285038
15,14,2301.257788
15,15,2190.325392
15,17,2135.869948
15,19,2127.114676
15,22,2079.840555
15,23,2063.185033
16,9,2734.024789
16,10,2638.390519
16,11,2472.253198
16,12,2432.318474
16,13,2378.285038
16,14,2297.140672
16,15,2190.325392
16,17,2135.869948
16,19,2124.906330
16,22,2079.840555
16,23,2063.185033
17,9,2706.365613
17,10,2556.943378
17,11,2472.253198
17,12,2432.318474
17,13,2378.285038
17,14,2297.140672
17,15,2190.325392
17,17,2135.869948
17,19,2124.906330
17,22,2079.840555
17,23,2063.185033
18,9,2706.365613
18,10,2556.943378
18,11,2472.253198
18,12,2432.318474
18,13,2378.285038
18,14,2251.773193
18,15,2190.325392
18,17,2135.869948
18,18,2129.462634
18,19,2070.513996
18,23,2063.185033
19,9,2631.893367
19,10,2556.943378
19,11,2457.262328
19,12,2425.873946
19,13,2378.285038
19,14,2231.425762
19,15,2190.325392
19,17,2124.519345
19,19,2066.530949
19,23,2062.196864
20,9,2631.893367
20,10,2505.470405
20,11,2444.897527
20,12,2425.873946
20,13,2378.285038
20,14,2231.425762
20,15,2190.325392
20,17,2124.519345
20,18,2119.733509
20,19,2066.530949
20,23,2062.196864
21,9,2631.893367
21,10,2505.470405
21,11,2444.897527
21,12,2425.873946
21,13,2378.285038
21,14,2204.581300
21,15,2184.925793
21,17,2124.519345
21,18,2119.733509
21,19,2066.530949
21,23,2062.196864
22,9,2631.893367
22,10,2505.470405
22,11,2444.897527
22,12,2425.873946
22,13,2378.285038
22,14,2204.447542
22,15,2184.925793
22,17,2124.519345
22,18,2117.896846
22,19,2066.530949
22,22,2059.430180
23,9,2631.893367
23,10,2505.470405
23,11,2444.897527
23,12,2402.019085
23,13,2378.285038
23,14,2204.447542
23,15,2183.571931
23,17,2116.567276
23,18,2102.914596
23,19,2066.530949
23,22,2059.430180
24,9,2589.544004
24,10,2494.497823
24,11,2372.934486
24,14,2204.447542
24,15,2169.892147
24,17,2105.315052
24,18,2102.914596
24,19,2055.115206
25,9,2589.544004
25,10,2430.838814
25,11,2372.934486
25,13,2283.231413
25,14,2204.447542
25,15,2169.892147
25,17,2105.315052
25,18,2100.439904
25,19,2055.115206
26,9,2589.544004
26,10,2430.838814
26,11,2342.306052
26,13,2269.254869
26,14,2201.763039
26,15,2169.892147
26,16,2130.081129
26,17,2105.315052
26,18,2100.439904
26,19,2055.115206
27,8,2884.410405
27,9,2589.544004
27,10,2430.838814
27,11,2321.452737
27,13,2269.254869
27,14,2201.763039
27,15,2157.450221
27,16,2130.081129
27,17,2086.514945
27,19,2055.115206
28,8,2884.410405
28,9,2587.730496
28,10,2430.838814
28,11,2290.820217
28,13,2269.254869
28,14,2201.763039
28,15,2157.450221
28,16,2128.227002
28,17,2086.514945
28,19,2055.115206
29,8,2884.410405
29,9,2587.730496
29,10,2412.985068
29,11,2290.820217
29,12,2271.926819
29,13,2220.851335
29,14,2201.763039
29,15,2154.588908
29,16,2128.227002
29,17,2079.514135
29,19,2050.009325
30,8,2884.410405
30,9,2579.798828
30,10,2412.985068
30,11,2267.981033
30,13,2220.851335
30,14,2196.414752
30,15,2154.588908
30,16,2128.227002
30,17,2079.514135
30,18,2033.264327
31,8,2884.410405
31,9,2579.798828
31,10,2412.985068
31,11,2267.981033
31,13,2201.824882
31,14,2196.414752
31,15,2154.588908
31,16,2128.227002
31,17,2079.514135
31,18,2033.264327
32,8,2884.410405
32,9,2546.683424
32,10,2412.985068
32,11,2267.981033
32,13,2201.824882
32,14,2196.414752
32,15,2154.588908
32,16,2128.227002
32,17,2079.514135
32,18,2033.264327
33,8,2884.410405
33,9,2546.683424
33,10,2412.951450
33,11,2267.981033
33,13,2201.824882
33,14,2172.598196
33,15,2154.588908
33,16,2128.227002
33,17,2079.514135
33,18,2033.264327
34,8,2811.700632
34,9,2546.683424
34,10,2412.951450
34,11,2267.981033
34,13,2180.305789
34,14,2172.598196
34,15,2154.588908
34,16,2128.227002
34,17,2078.234398
34,18,2030.762119
35,8,2806.438395
35,9,2546.683424
35,10,2412.951450
35,11,2267.981033
35,13,2180.305789
35,14,2172.598196
35,15,2125.711068
35,17,2078.234398
35,18,2030.762119
36,8,2806.438395
36,9,2546.683424
36,10,2412.951450
36,11,2267.981033
36,12,2239.633894
36,13,2180.305789
36,14,2172.598196
36,15,2125.711068
36,17,2078.234398
36,18,2030.762119
37,8,2806.438395
37,9,2546.683424
37,10,2412.951450
37,11,2267.981033
37,12,2239.633894
37,13,2176.391138
37,14,2172.598196
37,15,2108.458842
37,17,2078.234398
37,18,2030.762119
38,8,2742.700394
38,9,2542.821650
38,10,2412.951450
38,11,2267.981033
38,12,2239.633894
38,13,2176.391138
38,14,2172.598196
38,15,2108.458842
38,17,2078.234398
38,18,2030.762119
39,8,2699.093488
39,9,2542.821650
39,10,2336.778332
39,11,2267.981033
39,12,2239.633894
39,13,2176.391138
39,14,2172.598196
39,15,2108.458842
39,17,2078.234398
39,18,2029.431791
40,8,2638.212318
40,9,2542.821650
40,10,2336.778332
40,11,2267.981033
40,12,2221.699209
40,13,2162.461982
40,14,2148.150304
40,15,2108.458842
40,17,2078.234398
40,18,2029.431791
41,8,2638.212318
41,9,2542.821650
41,10,2336.778332
41,11,2267.981033
41,12,2221.699209
41,13,2147.347288
41,15,2108.458842
41,17,2078.234398
41,18,2024.028817
42,7,3072.923109
42,8,2638.212318
42,9,2542.821650
42,10,2336.778332
42,11,2267.981033
42,12,2221.699209
42,13,2147.347288
42,15,2108.458842
42,16,2100.554406
42,17,2078.234398
42,18,2024.028817
43,7,3072.923109
43,8,2638.212318
43,9,2542.821650
43,10,2336.778332
43,11,2267.981033
43,12,2221.699209
43,13,2147.347288
43,15,2108.458842
43,16,2100.554406
43,17,2078.234398
43,18,2024.028817
44,7,3072.923109
44,8,2638.212318
44,9,2491.135822
44,10,2336.778332
44,11,2256.103447
44,12,2209.517916
44,13,2147.347288
44,15,2108.458842
44,16,2098.268199
44,17,2066.762527
44,18,2011.303245
45,7,3072.923109
45,8,2638.212318
45,9,2491.135822
45,10,2336.778332
45,11,2256.103447
45,12,2209.517916
45,13,2147.347288
45,15,2108.458842
45,16,2098.268199
45,17,2066.762527
45,18,2011.303245
46,7,3072.923109
46,8,2638.212318
46,9,2491.135822
46,10,2336.778332
46,11,2256.103447
46,12,2209.517916
46,13,2147.347288
46,15,2108.458842
46,16,2098.268199
46,17,2066.762527
46,18,2011.303245
47,7,3072.923109
47,8,2638.212318
47,9,2491.135822
47,10,2336.778332
47,11,2256.103447
47,12,2204.978553
47,13,2147.347288
47,15,2108.458842
47,16,2082.182703
47,17,2066.762527
47,18,2011.303245
48,7,3072.923109
48,8,2638.212318
48,9,2491.135822
48,10,2336.778332
48,11,2256.103447
48,12,2204.978553
48,13,2147.347288
48,15,2108.458842
48,16,2082.182703
48,17,2066.762527
48,18,2011.303245
49,7,3072.923109
49,8,2638.212318
49,9,2491.135822
49,10,2336.778332
49,11,2256.103447
49,12,2198.597249
49,13,2147.347288
49,15,2108.458842
49,16,2075.021018
49,17,2066.762527
49,18,2005.231859
50,7,3072.923109
50,8,2626.211372
50,9,2484.818877
50,10,2336.778332
50,11,2256.103447
50,12,2174.916315
50,13,2147.347288
50,14,2123.143336
50,15,2108.458842
50,16,2075.021018
50,17,2066.762527
50,18,2005.231859
51,7,3072.923109
51,8,2579.448654
51,9,2484.818877
51,10,2336.778332
51,11,2256.103447
51,12,2174.916315
51,13,2147.347288
51,14,2123.143336
51,15,2108.458842
51,16,2075.021018
51,17,2066.762527
51,18,2005.231859
52,7,3072.923109
52,8,2579.448654
52,9,2484.818877
52,10,2336.778332
52,11,2256.103447
52,12,2174.916315
52,13,2147.347288
52,14,2123.143336
52,15,2108.458842
52,16,2075.021018
52,17,2065.841634
52,18,2005.231859
53,7,3072.923109
53,8,2579.448654
53,9,2470.835023
53,10,2318.930312
53,11,2256.103447
53,12,2174.916315
53,13,2147.347288
53,14,2123.143336
53,15,2108.458842
53,16,2075.021018
53,17,2065.841634
53,18,2005.231859
54,7,3072.923109
54,8,2579.448654
54,9,2470.835023
54,10,2259.940011
54,11,2256.103447
54,12,2174.916315
54,13,2119.981808
54,15,2105.231236
54,16,2075.021018
54,17,2065.841634
54,18,1992.506287
55,7,3072.923109
55,8,2579.448654
55,9,2470.835023
55,10,2259.940011
55,11,2256.103447
55,12,2155.231788
55,13,2119.981808
55,14,2081.607341
55,16,2073.404283
55,17,2065.841634
55,18,1992.506287
56,7,3072.923109
56,8,2579.448654
56,9,2470.835023
56,10,2259.940011
56,11,2256.103447
56,12,2155.231788
56,13,2119.981808
56,14,2081.607341
56,16,1988.676790
57,7,3072.923109
57,8,2577.902620
57,9,2470.835023
57,10,2259.940011
57,11,2256.103447
57,12,2155.231788
57,13,2119.981808
57,14,2081.607341
57,16,1988.676790
58,7,2998.124568
58,8,2577.902620
58,9,2470.835023
58,10,2259.940011
58,11,2248.151816
58,12,2155.231788
58,13,2119.981808
58,14,2081.607341
58,16,1988.676790
59,7,2998.124568
59,8,2577.902620
59,9,2454.198796
59,10,2237.214210
59,12,2126.780244
59,13,2119.981808
59,14,2081.607341
59,16,1986.963155
60,7,2998.124568
60,8,2577.902620
60,9,2454.198796
60,10,2237.214210
60,12,2126.780244
60,13,2119.981808
60,14,2081.607341
60,16,1986.963155
61,7,2882.242946
61,8,2577.902620
61,9,2328.529860
61,10,2237.214210
61,11,2200.743991
61,12,2126.780244
61,13,2119.981808
61,14,2081.607341
61,16,1986.963155
62,7,2882.242946
62,8,2577.902620
62,9,2328.529860
62,10,2237.214210
62,11,2200.743991
62,12,2109.631565
62,14,2053.452278
62,16,1986.963155
63,7,2882.242946
63,8,2577.902620
63,9,2328.529860
63,10,2237.214210
63,11,2200.743991
63,12,2109.631565
63,14,2046.451892
63,15,2012.849012
63,16,1986.963155
64,7,2882.242946
64,8,2577.902620
64,9,2328.529860
64,10,2237.214210
64,11,2200.743991
64,12,2109.631565
64,14,2046.451892
64,15,2012.849012
64,16,1986.963155
65,7,2882.242946
65,8,2577.902620
65,9,2328.529860
65,10,2237.214210
65,11,2200.743991
65,12,2109.631565
65,13,2078.770860
65,14,2046.451892
65,15,2012.849012
65,16,1986.963155
66,7,2882.242946
66,8,2535.634182
66,9,2328.529860
66,10,2237.214210
66,11,2200.743991
66,12,2109.631565
66,13,2078.770860
66,14,2046.451892
66,15,2012.849012
66,16,1986.963155
67,7,2882.242946
67,8,2535.634182
67,9,2328.529860
67,10,2237.214210
67,11,2200.743991
67,12,2109.631565
67,13,2078.770860
67,14,2046.451892
67,15,2012.849012
67,16,1986.963155
68,7,2882.242946
68,8,2535.634182
68,9,2328.529860
68,10,2237.214210
68,11,2200.743991
68,12,2109.631565
68,13,2078.770860
68,14,2046.451892
68,15,2012.849012
68,16,1986.963155
69,7,2882.242946
69,8,2509.860059
69,9,2328.529860
69,10,2237.214210
69,11,2187.432157
69,12,2109.631565
69,13,2078.770860
69,14,2040.559321
69,15,2012.849012
69,16,1986.963155
70,7,2882.242946
70,8,2509.860059
70,9,2328.529860
70,10,2219.673593
70,11,2187.432157
70,12,2109.631565
70,13,2038.043021
70,15,2012.849012
70,16,1986.963155
71,7,2882.242946
71,8,2509.860059
71,9,2328.529860
71,10,2219.673593
71,11,2187.432157
71,12,2109.631565
71,13,2038.043021
71,15,2012.849012
71,16,1986.963155
72,7,2882.242946
72,8,2509.860059
72,9,2328.529860
72,10,2219.673593
72,11,2167.692664
72,12,2109.631565
72,13,2038.043021
72,15,2012.849012
72,16,1986.963155
73,7,2882.242946
73,8,2509.860059
73,9,2328.529860
73,10,2219.673593
73,11,2167.692664
73,12,2109.631565
73,13,2038.043021
73,14,2035.581382
73,15,2012.849012
73,16,1986.963155
74,7,2820.052799
74,8,2509.860059
74,9,2304.032226
74,10,2219.673593
74,11,2163.063747
74,12,2109.631565
74,13,2038.043021
74,14,2030.785150
74,15,2008.728287
74,16,1986.963155
75,7,2820.052799
75,8,2509.860059
75,9,2304.032226
75,10,2219.673593
75,11,2163.063747
75,12,2109.631565
75,13,2038.043021
75,14,2030.785150
75,15,2008.728287
75,16,1986.963155
76,7,2820.052799
76,8,2509.860059
76,9,2304.032226
76,10,2219.673593
76,11,2163.063747
76,12,2109.631565
76,13,2038.043021
76,14,2030.785150
76,15,1997.528758
76,16,1986.963155
77,7,2820.052799
77,8,2490.561549
77,9,2304.032226
77,10,2202.814364
77,11,2163.063747
77,12,2098.735872
77,13,2038.043021
77,14,2030.785150
77,15,1997.528758
77,16,1986.963155
78,7,2820.052799
78,8,2467.196641
78,9,2304.032226
78,10,2187.022688
78,11,2163.063747
78,12,2098.735872
78,13,2038.043021
78,14,2030.785150
78,15,1997.528758
78,16,1986.963155
79,7,2820.052799
79,8,2467.196641
79,9,2276.390107
79,10,2162.132017
79,12,2098.735872
79,13,2038.043021
79,14,2030.785150
79,15,1997.528758
79,16,1986.963155
80,7,2820.052799
80,8,2467.196641
80,9,2276.390107
80,10,2162.132017
80,12,2098.735872
80,13,2038.043021
80,14,2030.785150
80,15,1997.528758
80,16,1986.963155
81,7,2812.015187
81,8,2467.196641
81,9,2276.390107
81,10,2162.132017
81,12,2098.735872
81,13,2038.043021
81,14,2030.785150
81,15,1997.528758
81,16,1986.963155
82,7,2812.015187
82,8,2467.196641
82,9,2276.390107
82,10,2162.132017
82,12,2098.735872
82,13,2038.043021
82,14,2030.785150
82,15,1997.528758
82,16,1986.963155
82,17,1984.958770
83,7,2812.015187
83,8,2467.196641
83,9,2276.390107
83,10,2162.132017
83,12,2098.735872
83,13,2038.043021
83,14,2030.785150
83,15,1997.528758
83,16,1986.963155
83,17,1984.958770
84,7,2812.015187
84,8,2467.196641
84,9,2276.390107
84,10,2162.132017
84,11,2139.103616
84,12,2098.735872
84,13,2038.043021
84,14,2014.633509
84,15,1997.528758
84,16,1986.963155
84,17,1984.160762
85,7,2812.015187
85,8,2467.196641
85,9,2276.390107
85,10,2162.132017
85,11,2139.103616
85,12,2098.735872
85,13,2038.043021
85,14,2014.633509
85,15,1997.528758
85,16,1986.963155
85,17,1984.160762
86,7,2802.813687
86,8,2467.196641
86,9,2276.390107
86,10,2162.132017
86,11,2139.103616
86,12,2098.703481
86,13,2038.043021
86,14,2014.633509
86,15,1997.528758
86,16,1986.963155
86,17,1984.160762
87,7,2802.813687
87,8,2399.521254
87,9,2276.390107
87,10,2162.132017
87,11,2139.103616
87,12,2098.703481
87,13,2038.043021
87,14,2014.633509
87,15,1997.528758
87,16,1986.963155
87,17,1984.160762
88,7,2802.813687
88,8,2399.521254
88,9,2276.390107
88,10,2162.132017
88,11,2139.103616
88,12,2098.703481
88,13,2038.043021
88,14,2014.633509
88,15,1997.528758
88,16,1986.963155
88,17,1984.160762
89,7,2795.340404
89,8,2399.521254
89,9,2276.390107
89,10,2126.094656
89,12,2097.283019
89,13,2038.043021
89,14,2014.432260
89,15,1997.528758
89,16,1986.963155
89,17,1984.160762
90,7,2795.340404
90,8,2399.521254
90,9,2276.390107
90,10,2126.094656
90,12,2097.283019
90,13,2038.043021
90,14,2014.432260
90,15,1997.528758
90,16,1986.963155
90,17,1984.160762
91,7,2782.743657
91,8,2399.521254
91,9,2276.390107
91,10,2126.094656
91,12,2097.283019
91,13,2032.134790
91,14,2014.432260
91,15,1997.528758
91,16,1986.963155
91,17,1984.160762
92,7,2782.743657
92,8,2399.521254
92,9,2246.748637
92,10,2126.094656
92,12,2097.283019
92,13,2032.134790
92,14,2014.432260
92,15,1997.528758
92,16,1986.963155
92,17,1978.518775
93,7,2730.106055
93,8,2399.521254
93,9,2246.748637
93,10,2126.094656
93,12,2097.283019
93,13,2032.134790
93,14,2014.432260
93,15,1997.528758
93,16,1986.963155
93,17,1978.518775
94,7,2730.106055
94,8,2399.521254
94,9,2246.748637
94,10,2125.465568
94,12,2097.283019
94,13,2032.134790
94,14,2007.083370
94,15,1997.528758
94,16,1980.992214
94,17,1974.274655
95,7,2730.106055
95,8,2399.521254
95,9,2246.748637
95,10,2125.465568
95,12,2097.283019
95,13,2032.134790
95,14,2007.083370
95,15,1997.528758
95,16,1980.992214
95,17,1974.274655
96,7,2730.106055
96,8,2399.521254
96,9,2246.748637
96,10,2125.465568
96,12,2097.283019
96,13,2032.134790
96,14,2007.083370
96,15,1997.528758
96,16,1972.720608
97,7,2730.106055
97,8,2399.521254
97,9,2246.748637
97,10,2125.465568
97,12,2097.283019
97,13,2032.134790
97,14,2007.083370
97,15,1988.266569
97,16,1972.720608
98,7,2730.106055
98,8,2399.521254
98,9,2246.748637
98,10,2125.465568
98,12,2097.283019
98,13,2032.134790
98,14,2007.083370
98,15,1988.266569
98,16,1972.720608
99,7,2684.106870
99,8,2399.521254
99,9,2246.748637
99,10,2125.465568
99,12,2097.283019
99,13,2032.134790
99,14,2003.447206
99,15,1988.266569
99,16,1972.720608
100,7,2684.106870
100,8,2399.521254
100,9,2246.748637
100,10,2125.465568
100,12,2097.283019
100,13,2032.134790
100,14,2003.447206
100,15,1988.266569
100,16,1972.720608
101,7,2684.106870
101,8,2399.521254
101,9,2246.748637
101,10,2125.465568
101,12,2097.283019
101,13,2032.134790
101,14,2003.447206
101,15,1988.266569
101,16,1972.720608
102,7,2671.435872
102,8,2399.521254
102,9,2246.748637
102,10,2125.465568
102,12,2097.283019
102,13,2032.134790
102,14,2003.447206
102,15,1988.266569
102,16,1972.720608
103,7,2671.435872
103,8,2399.521254
103,9,2246.748637
103,10,2125.465568
103,12,2097.283019
103,13,2032.134790
103,14,2003.447206
103,15,1988.266569
103,16,1972.720608
104,7,2671.435872
104,8,2399.521254
104,9,2246.748637
104,10,2125.465568
104,12,2097.283019
104,13,2032.134790
104,14,2001.760700
104,15,1988.266569
104,16,1971.865891
105,7,2671.435872
105,8,2399.521254
105,9,2246.748637
105,10,2125.465568
105,11,2098.601104
105,12,2097.283019
105,13,2032.134790
105,14,2001.760700
105,15,1988.266569
105,16,1971.865891
106,7,2671.435872
106,8,2399.521254
106,9,2246.748637
106,10,2125.465568
106,11,2098.601104
106,12,2097.283019
106,13,2032.134790
106,14,2001.760700
106,15,1988.266569
106,16,1956.076670
107,7,2671.435872
107,8,2399.521254
107,9,2246.748637
107,10,2125.465568
107,11,2098.601104
107,12,2097.283019
107,13,2032.134790
107,14,2001.760700
107,15,1988.266569
107,16,1956.076670
108,7,2671.435872
108,8,2399.521254
108,9,2246.748637
108,10,2125.465568
108,11,2098.601104
108,12,2083.355736
108,13,2032.134790
108,14,2001.760700
108,15,1988.266569
108,16,1956.076670
109,7,2671.435872
109,8,2399.521254
109,9,2246.748637
109,10,2125.465568
109,11,2098.601104
109,12,2059.144142
109,13,2029.572445
109,14,2001.760700
109,15,1988.266569
109,16,1956.076670
110,7,2598.572066
110,8,2399.521254
110,9,2241.777311
110,10,2125.465568
110,11,2098.601104
110,12,2059.144142
110,13,2029.572445
110,14,2001.760700
110,15,1988.266569
110,16,1956.076670
111,7,2598.572066
111,8,2399.521254
111,9,2241.777311
111,10,2125.465568
111,11,2098.601104
111,12,2059.144142
111,13,2029.572445
111,14,2001.760700
111,15,1988.266569
111,16,1956.076670
112,7,2598.572066
112,8,2399.521254
112,9,2241.777311
112,10,2125.465568
112,11,2098.601104
112,12,2059.144142
112,13,2029.572445
112,14,2001.760700
112,15,1988.266569
112,16,1954.345550
113,7,2598.572066
113,8,2399.521254
113,9,2241.777311
113,10,2125.465568
113,11,2098.601104
113,12,2059.144142
113,13,2029.572445
113,14,2001.760700
113,15,1988.266569
113,16,1954.345550
113,17,1954.064742
114,7,2598.572066
114,8,2399.521254
114,9,2220.297123
114,10,2125.465568
114,11,2098.601104
114,12,2059.144142
114,13,2012.466005
114,14,2001.760700
114,15,1983.339934
114,16,1954.345550
114,17,1954.064742
115,7,2598.572066
115,8,2399.521254
115,9,2220.297123
115,10,2125.465568
115,11,2098.601104
115,12,2059.144142
115,13,2012.466005
115,14,2001.760700
115,15,1983.339934
115,16,1954.345550
115,17,1954.064742
116,7,2598.572066
116,8,2399.521254
116,9,2220.297123
116,10,2125.465568
116,11,2098.601104
116,12,2059.144142
116,13,2012.466005
116,14,2001.760700
116,15,1983.339934
116,16,1954.345550
116,17,1954.064742
117,7,2598.572066
117,8,2399.521254
117,9,2220.297123
117,10,2125.465568
117,11,2098.601104
117,12,2059.144142
117,13,2012.466005
117,14,2000.969999
117,15,1981.188239
117,16,1954.345550
117,17,1954.064742
118,7,2598.572066
118,8,2399.521254
118,9,2220.297123
118,10,2125.465568
118,11,2098.601104
118,12,2059.144142
118,13,2012.466005
118,14,2000.969999
118,15,1981.188239
118,16,1954.345550
118,17,1954.064742
119,7,2598.572066
119,8,2399.521254
119,9,2220.297123
119,10,2125.465568
119,11,2098.601104
119,12,2059.144142
119,13,2012.466005
119,14,1994.398695
119,15,1981.000867
119,16,1954.345550
119,17,1954.064742
120,7,2598.572066
120,8,2399.521254
120,9,2220.297123
120,10,2125.465568
120,11,2098.601104
120,12,2059.144142
120,13,2012.466005
120,14,1985.198049
120,15,1981.000867
120,16,1953.951579
121,7,2598.572066
121,8,2399.521254
121,9,2220.297123
121,10,2125.465568
121,11,2098.601104
121,12,2059.144142
121,13,2012.466005
121,14,1985.198049
121,15,1981.000867
121,16,1953.951579
122,7,2598.033389
122,8,2399.521254
122,9,2220.297123
122,10,2125.465568
122,11,2098.601104
122,12,2059.144142
122,13,2012.466005
122,14,1985.198049
122,15,1981.000867
122,16,1953.951579
123,7,2531.622921
123,8,2399.521254
123,9,2220.297123
123,10,2125.465568
123,11,2098.601104
123,12,2059.144142
123,13,2012.466005
123,14,1985.198049
123,15,1981.000867
123,16,1953.951579
124,7,2531.622921
124,8,2399.521254
124,9,2220.297123
124,10,2125.465568
124,11,2098.601104
124,12,2059.144142
124,13,2012.466005
124,14,1985.198049
124,15,1974.049928
124,16,1953.951579
125,7,2531.622921
125,8,2399.521254
125,9,2220.297123
125,10,2125.465568
125,11,2077.795044
125,12,2059.144142
125,13,2012.466005
125,14,1985.169983
125,15,1974.049928
125,16,1953.951579
126,7,2531.622921
126,8,2399.521254
126,9,2220.297123
126,10,2125.465568
126,11,2058.346254
126,13,2012.466005
126,14,1985.169983
126,15,1974.049928
126,16,1953.951579
127,7,2531.622921
127,8,2399.521254
127,9,2220.297123
127,10,2125.465568
127,11,2058.346254
127,13,2012.466005
127,14,1985.169983
127,15,1974.049928
127,16,1953.951579
128,7,2531.622921
128,8,2399.521254
128,9,2220.297123
128,10,2125.465568
128,11,2054.796310
128,13,2012.466005
128,14,1985.169983
128,15,1974.049928
128,16,1953.951579
129,7,2531.622921
129,8,2399.521254
129,9,2220.297123
129,10,2125.465568
129,11,2054.796310
129,13,2011.789181
129,14,1982.941330
129,15,1974.049928
129,16,1953.844157
130,7,2531.622921
130,8,2399.521254
130,9,2220.297123
130,10,2125.465568
130,11,2054.796310
130,13,2011.789181
130,14,1982.941330
130,15,1974.049928
130,16,1953.844157
131,7,2531.622921
131,8,2399.521254
131,9,2220.297123
131,10,2125.465568
131,11,2054.796310
131,13,2011.789181
131,14,1982.941330
131,15,1972.740569
131,16,1953.844157
132,7,2531.622921
132,8,2399.521254
132,9,2220.297123
132,10,2125.465568
132,11,2054.796310
132,13,2011.789181
132,14,1971.969156
132,16,1953.844157
133,7,2531.622921
133,8,2399.521254
133,9,2220.297123
133,10,2125.465568
133,11,2054.796310
133,13,2011.789181
133,14,1971.969156
133,16,1953.844157
134,7,2531.622921
134,8,2353.384698
134,9,2220.297123
134,10,2125.465568
134,11,2049.141843
134,13,2011.789181
134,14,1967.259237
134,16,1953.844157
135,7,2531.622921
135,8,2353.384698
135,9,2220.297123
135,10,2125.465568
135,11,2049.141843
135,13,2011.789181
135,14,1967.259237
135,16,1953.844157
136,7,2531.622921
136,8,2353.384698
136,9,2220.297123
136,10,2125.465568
136,11,2049.141843
136,12,2047.746375
136,13,2011.789181
136,14,1967.259237
136,16,1953.844157
137,7,2531.622921
137,8,2353.384698
137,9,2220.297123
137,10,2125.465568
137,11,2049.141843
137,12,2047.746375
137,13,2008.563166
137,14,1967.259237
137,16,1953.844157
138,7,2531.622921
138,8,2353.384698
138,9,2220.297123
138,10,2125.465568
138,11,2031.164230
138,13,2008.563166
138,14,1967.259237
138,16,1953.844157
139,7,2531.622921
139,8,2353.384698
139,9,2220.297123
139,10,2125.465568
139,11,2031.164230
139,13,2008.563166
139,14,1967.259237
139,15,1952.614504
140,7,2531.622921
140,8,2353.384698
140,9,2220.297123
140,10,2125.465568
140,11,2026.838553
140,13,2008.563166
140,14,1967.259237
140,15,1952.614504
141,7,2531.622921
141,8,2353.384698
141,9,2220.297123
141,10,2125.465568
141,11,2026.838553
141,13,2008.563166
141,14,1967.259237
141,15,1952.614504
142,7,2531.622921
142,8,2353.384698
142,9,2220.297123
142,10,2125.465568
142,11,2026.838553
142,13,2008.563166
142,14,1967.259237
142,15,1952.614504
143,7,2531.622921
143,8,2353.384698
143,9,2216.290337
143,10,2125.465568
143,11,2026.838553
143,13,2008.563166
143,14,1967.259237
143,15,1952.614504
144,7,2531.622921
144,8,2353.384698
144,9,2216.290337
144,10,2125.465568
144,11,2023.872358
144,13,2008.563166
144,14,1967.259237
144,15,1952.116796
145,7,2531.622921
145,8,2353.384698
145,9,2216.290337
145,10,2125.465568
145,11,2023.872358
145,13,2008.563166
145,14,1967.259237
145,15,1952.116796
146,7,2531.622921
146,8,2337.611139
146,9,2216.290337
146,10,2125.465568
146,11,2023.872358
146,13,2008.563166
146,14,1967.259237
146,15,1952.116796
147,7,2531.622921
147,8,2337.611139
147,9,2216.290337
147,10,2125.465568
147,11,2023.872358
147,13,2008.563166
147,14,1967.259237
147,15,1952.116796
148,7,2531.622921
148,8,2337.611139
148,9,2216.290337
148,10,2125.465568
148,11,2023.872358
148,13,2005.003665
148,14,1967.259237
148,15,1952.116796
149,7,2531.622921
149,8,2337.611139
149,9,2216.290337
149,10,2125.465568
149,11,2023.872358
149,12,2018.574940
149,13,2005.003665
149,14,1967.259237
149,15,1952.116796
149,16,1951.986110
150,7,2531.622921
150,8,2337.611139
150,9,2216.290337
150,10,2125.465568
150,11,2023.872358
150,12,2018.574940
150,13,2005.003665
150,14,1967.259237
150,15,1952.116796
150,16,1951.986110
151,7,2531.622921
151,8,2337.611139
151,9,2216.290337
151,10,2125.465568
151,11,2023.872358
151,12,1999.385072
151,14,1967.259237
151,15,1952.116796
151,16,1951.986110
152,7,2531.622921
152,8,2337.611139
152,9,2216.290337
152,10,2125.465568
152,11,2023.872358
152,12,1999.385072
152,14,1967.259237
152,15,1952.116796
152,16,1951.986110
153,7,2531.622921
153,8,2337.611139
153,9,2216.290337
153,10,2125.465568
153,11,2023.872358
153,12,1999.385072
153,13,1984.623702
153,14,1961.489458
153,15,1952.116796
153,16,1951.986110
154,7,2531.622921
154,8,2337.611139
154,9,2216.290337
154,10,2125.465568
154,11,2023.872358
154,12,1999.315184
154,13,1984.623702
154,14,1961.489458
154,15,1950.169122
155,7,2531.622921
155,8,2337.611139
155,9,2216.290337
155,10,2125.465568
155,11,2023.872358
155,12,1999.315184
155,13,1984.623702
155,14,1961.489458
155,15,1950.169122
156,7,2531.622921
156,8,2337.611139
156,9,2216.290337
156,10,2125.465568
156,11,2023.872358
156,12,1999.315184
156,13,1984.623702
156,14,1961.489458
156,15,1950.169122
157,7,2531.622921
157,8,2337.611139
157,9,2216.290337
157,10,2125.465568
157,11,2023.872358
157,12,1999.315184
157,13,1984.623702
157,14,1961.489458
157,15,1950.169122
158,7,2531.622921
158,8,2337.611139
158,9,2216.290337
158,10,2125.465568
158,11,2023.872358
158,12,1999.315184
158,13,1984.623702
158,14,1961.489458
158,15,1950.169122
159,7,2531.622921
159,8,2337.611139
159,9,2216.290337
159,10,2123.166857
159,11,2023.872358
159,12,1999.315184
159,13,1984.623702
159,14,1961.489458
159,15,1950.169122
160,7,2531.622921
160,8,2337.611139
160,9,2216.290337
160,10,2123.166857
160,11,2023.872358
160,12,1999.315184
160,13,1984.623702
160,14,1961.489458
160,15,1950.169122
161,7,2531.622921
161,8,2337.611139
161,9,2205.291003
161,10,2123.166857
161,11,2023.872358
161,12,1999.315184
161,13,1984.623702
161,14,1961.489458
161,15,1950.169122
162,7,2531.622921
162,8,2337.611139
162,9,2205.291003
162,10,2122.944443
162,11,2023.872358
162,12,1999.315184
162,13,1984.623702
162,14,1961.489458
162,15,1950.169122
163,7,2531.622921
163,8,2337.611139
163,9,2205.291003
163,10,2121.586841
163,11,2005.232755
163,12,1999.315184
163,13,1984.623702
163,14,1961.489458
163,15,1950.169122
164,7,2531.622921
164,8,2337.611139
164,9,2205.291003
164,10,2121.586841
164,11,2005.232755
164,12,1999.315184
164,13,1984.623702
164,14,1961.489458
164,15,1950.169122
165,7,2531.622921
165,8,2337.611139
165,9,2205.291003
165,10,2121.586841
165,11,2005.232755
165,12,1999.315184
165,13,1984.623702
165,14,1961.489458
165,15,1950.169122
166,7,2531.622921
166,8,2337.611139
166,9,2205.291003
166,10,2121.586841
166,11,2005.232755
166,12,1999.315184
166,13,1984.623702
166,14,1961.489458
166,15,1950.169122
166,16,1949.563334
167,7,2531.622921
167,8,2337.611139
167,9,2205.291003
167,10,2121.586841
167,11,2005.232755
167,12,1999.315184
167,13,1984.623702
167,14,1961.489458
167,15,1950.169122
167,16,1949.563334
168,7,2531.622921
168,8,2327.694804
168,9,2205.291003
168,10,2121.586841
168,11,2005.232755
168,12,1991.105485
168,13,1984.623702
168,14,1961.489458
168,15,1950.169122
168,16,1949.563334
169,7,2531.622921
169,8,2327.694804
169,9,2205.291003
169,10,2121.586841
169,11,2005.232755
169,12,1991.105485
169,13,1984.623702
169,14,1961.489458
169,15,1950.169122
169,16,1949.563334
170,7,2531.622921
170,8,2327.694804
170,9,2205.291003
170,10,2121.586841
170,11,2005.232755
170,12,1991.105485
170,13,1984.623702
170,14,1961.489458
170,15,1947.896842
171,7,2531.622921
171,8,2327.694804
171,9,2205.291003
171,10,2121.586841
171,11,2005.232755
171,12,1991.105485
171,13,1984.623702
171,14,1961.489458
171,15,1947.896842
172,7,2531.622921
172,8,2327.694804
172,9,2205.291003
172,10,2121.586841
172,11,2005.232755
172,12,1991.105485
172,13,1984.623702
172,14,1961.489458
172,15,1947.896842
173,7,2531.622921
173,8,2327.694804
173,9,2205.291003
173,10,2121.586841
173,11,2005.232755
173,12,1991.105485
173,13,1984.623702
173,14,1961.489458
173,15,1947.896842
174,7,2531.622921
174,8,2327.694804
174,9,2205.291003
174,10,2121.586841
174,11,2005.232755
174,12,1991.105485
174,13,1984.623702
174,14,1959.154773
174,15,1947.896842
175,7,2531.622921
175,8,2327.694804
175,9,2205.291003
175,10,2121.586841
175,11,2005.232755
175,12,1991.105485
175,13,1984.623702
175,14,1959.154773
175,15,1947.896842
176,7,2531.622921
176,8,2327.694804
176,9,2205.291003
176,10,2121.586841
176,11,2005.232755
176,12,1991.105485
176,13,1984.623702
176,14,1948.882182
176,15,1947.896842
177,7,2531.622921
177,8,2327.694804
177,9,2205.291003
177,10,2121.586841
177,11,2005.232755
177,12,1991.105485
177,13,1984.623702
177,14,1948.882182
177,15,1947.896842
178,7,2531.622921
178,8,2327.694804
178,9,2205.291003
178,10,2115.359965
178,11,2005.232755
178,12,1991.105485
178,13,1984.623702
178,14,1948.882182
178,15,1947.896842
179,7,2527.773143
179,8,2327.694804
179,9,2192.488680
179,10,2115.359965
179,11,2005.232755
179,12,1991.105485
179,13,1984.623702
179,14,1948.882182
179,15,1945.047494
180,7,2527.773143
180,8,2327.694804
180,9,2192.488680
180,10,2115.359965
180,11,2005.232755
180,12,1991.105485
180,13,1984.623702
180,14,1948.882182
180,15,1945.047494
181,7,2527.773143
181,8,2327.694804
181,9,2192.488680
181,10,2115.359965
181,11,2005.232755
181,12,1991.105485
181,13,1984.623702
181,14,1948.882182
181,15,1945.047494
182,7,2527.773143
182,8,2327.694804
182,9,2192.488680
182,10,2115.359965
182,11,2005.232755
182,12,1991.105485
182,13,1984.623702
182,14,1948.882182
182,15,1945.047494
183,7,2527.773143
183,8,2327.694804
183,9,2192.488680
183,10,2115.359965
183,11,2005.232755
183,12,1991.105485
183,13,1984.623702
183,14,1948.882182
183,15,1945.047494
183,16,1942.297885
184,7,2527.773143
184,8,2327.694804
184,9,2192.488680
184,10,2115.359965
184,11,2005.232755
184,12,1990.891048
184,13,1984.623702
184,14,1948.882182
184,15,1945.047494
184,16,1942.297885
185,7,2527.773143
185,8,2327.694804
185,9,2192.488680
185,10,2115.359965
185,11,2005.232755
185,12,1990.891048
185,13,1984.623702
185,14,1948.882182
185,15,1945.047494
185,16,1942.297885
186,7,2527.773143
186,8,2327.694804
186,9,2192.488680
186,10,2115.359965
186,11,2005.232755
186,12,1990.891048
186,13,1984.623702
186,14,1948.882182
186,15,1945.047494
186,16,1942.297885
187,7,2527.773143
187,8,2327.694804
187,9,2192.488680
187,10,2115.359965
187,11,2005.232755
187,12,1990.891048
187,13,1984.623702
187,14,1948.882182
187,15,1945.047494
187,16,1942.297885
188,7,2527.773143
188,8,2327.694804
188,9,2192.488680
188,10,2115.359965
188,11,2005.232755
188,12,1990.891048
188,13,1984.623702
188,14,1948.882182
188,15,1945.047494
188,16,1942.297885
189,7,2527.773143
189,8,2327.694804
189,9,2192.488680
189,10,2115.359965
189,11,2005.232755
189,12,1990.891048
189,13,1984.623702
189,14,1948.882182
189,15,1942.912057
189,16,1942.297885
190,7,2527.773143
190,8,2327.694804
190,9,2192.488680
190,10,2115.359965
190,11,2005.232755
190,12,1990.891048
190,13,1984.623702
190,14,1948.882182
190,15,1942.912057
190,16,1942.297885
191,7,2527.773143
191,8,2327.694804
191,9,2178.304819
191,10,2115.359965
191,11,2005.232755
191,12,1990.891048
191,13,1984.623702
191,14,1948.882182
191,15,1942.912057
191,16,1942.297885
192,7,2527.773143
192,8,2327.694804
192,9,2178.304819
192,10,2115.359965
192,11,2002.015847
192,12,1990.891048
192,13,1984.623702
192,14,1948.882182
192,15,1942.912057
192,16,1942.297885
193,7,2527.773143
193,8,2327.694804
193,9,2178.304819
193,10,2115.359965
193,11,2002.015847
193,12,1990.891048
193,13,1984.623702
193,14,1948.882182
193,15,1942.912057
193,16,1942.297885
194,7,2527.773143
194,8,2327.694804
194,9,2178.304819
194,10,2115.359965
194,11,2002.015847
194,12,1990.891048
194,13,1984.623702
194,14,1948.882182
194,15,1942.912057
194,16,1942.297885
195,7,2527.773143
195,8,2327.694804
195,9,2178.304819
195,10,2115.359965
195,11,2002.015847
195,12,1984.156969
195,14,1948.882182
195,15,1942.912057
195,16,1942.297885
196,7,2527.773143
196,8,2327.694804
196,9,2178.304819
196,10,2115.359965
196,11,2002.015847
196,12,1984.156969
196,14,1948.882182
196,15,1942.912057
196,16,1942.297885
197,7,2527.773143
197,8,2327.694804
197,9,2178.304819
197,10,2115.359965
197,11,2002.015847
197,12,1984.156969
197,14,1948.882182
197,15,1942.912057
197,16,1942.297885
198,7,2527.773143
198,8,2327.694804
198,9,2178.304819
198,10,2115.359965
198,11,2002.015847
198,12,1984.156969
198,13,1976.368750
198,14,1948.882182
198,15,1942.912057
198,16,1942.297885
199,7,2527.773143
199,8,2327.694804
199,9,2178.304819
199,10,2115.359965
199,11,2002.015847
199,12,1984.156969
199,13,1976.368750
199,14,1948.882182
199,15,1942.912057
199,16,1942.297885
200,7,2527.773143
200,8,2327.694804
200,9,2178.304819
200,10,2115.359965
200,11,2002.015847
200,12,1984.156969
200,13,1976.368750
200,14,1948.882182
200,15,1942.912057
200,16,1942.297885
201,7,2527.773143
201,8,2327.694804
201,9,2178.304819
201,10,2115.359965
201,11,2002.015847
201,12,1984.156969
201,13,1976.368750
201,14,1948.882182
201,15,1942.912057
201,16,1942.297885
202,7,2527.773143
202,8,2327.694804
202,9,2178.304819
202,10,2115.359965
202,11,2002.015847
202,12,1984.156969
202,13,1976.368750
202,14,1948.882182
202,15,1942.912057
202,16,1942.297885
203,7,2527.773143
203,8,2327.694804
203,9,2178.304819
203,10,2115.359965
203,11,2002.015847
203,12,1984.156969
203,13,1976.368750
203,14,1948.882182
203,15,1942.912057
203,16,1942.297885
204,7,2525.464191
204,8,2327.694804
204,9,2178.304819
204,10,2115.359965
204,11,2002.015847
204,12,1984.156969
204,13,1976.368750
204,14,1948.882182
204,15,1942.912057
204,16,1942.297885
205,7,2525.464191
205,8,2327.694804
205,9,2178.304819
205,10,2115.359965
205,11,2002.015847
205,12,1984.156969
205,13,1976.368750
205,14,1948.882182
205,15,1942.912057
205,16,1942.297885
206,7,2525.464191
206,8,2327.694804
206,9,2178.304819
206,10,2115.359965
206,11,2002.015847
206,12,1984.156969
206,13,1975.382740
206,14,1948.882182
206,15,1942.912057
206,16,1942.297885
207,7,2525.464191
207,8,2327.694804
207,9,2175.216206
207,10,2115.359965
207,11,2002.015847
207,12,1984.156969
207,13,1971.519635
207,14,1948.882182
207,15,1942.912057
207,16,1942.297885
208,7,2525.464191
208,8,2327.694804
208,9,2175.216206
208,10,2115.359965
208,11,2002.015847
208,12,1984.156969
208,13,1971.519635
208,14,1948.882182
208,15,1942.912057
208,16,1942.297885
209,7,2525.464191
209,8,2327.694804
209,9,2175.216206
209,10,2115.359965
209,11,2002.015847
209,12,1978.762152
209,13,1971.519635
209,14,1948.882182
209,15,1942.912057
209,16,1942.297885
210,7,2525.464191
210,8,2327.694804
210,9,2175.216206
210,10,2115.359965
210,11,2002.015847
210,12,1978.762152
210,13,1971.519635
210,14,1948.882182
210,15,1942.912057
210,16,1942.297885
211,7,2525.464191
211,8,2327.694804
211,9,2175.216206
211,10,2115.359965
211,11,2002.015847
211,12,1978.762152
211,13,1971.519635
211,14,1948.882182
211,15,1942.912057
211,16,1942.297885
212,7,2525.464191
212,8,2327.694804
212,9,2175.216206
212,10,2115.359965
212,11,2002.015847
212,12,1978.762152
212,13,1971.519635
212,14,1948.882182
212,15,1942.912057
212,16,1942.297885
213,7,2520.780105
213,8,2327.694804
213,9,2175.216206
213,10,2115.359965
213,11,2002.015847
213,12,1978.762152
213,13,1971.519635
213,14,1948.882182
213,15,1942.912057
213,16,1942.297885
214,7,2520.780105
214,8,2327.694804
214,9,2175.216206
214,10,2115.359965
214,11,2002.015847
214,12,1978.762152
214,13,1971.519635
214,14,1948.882182
214,15,1942.912057
214,16,1942.297885
215,7,2519.682840
215,8,2327.694804
215,9,2175.216206
215,10,2115.359965
215,11,2002.015847
215,12,1978.762152
215,13,1971.519635
215,14,1948.882182
215,15,1942.912057
215,16,1942.297885
216,7,2519.682840
216,8,2327.694804
216,9,2175.216206
216,10,2115.359965
216,11,2002.015847
216,12,1978.762152
216,13,1971.519635
216,14,1948.882182
216,15,1942.912057
216,16,1942.297885
217,7,2519.682840
217,8,2327.694804
217,9,2175.216206
217,10,2115.359965
217,11,2002.015847
217,12,1978.762152
217,13,1971.519635
217,14,1948.882182
217,15,1942.912057
217,16,1942.297885
218,7,2519.682840
218,8,2327.694804
218,9,2175.216206
218,10,2115.359965
218,11,2002.015847
218,12,1978.762152
218,13,1971.519635
218,14,1948.882182
218,15,1942.912057
218,16,1942.297885
219,7,2519.682840
219,8,2327.694804
219,9,2175.216206
219,10,2115.359965
219,11,2002.015847
219,12,1978.626533
219,13,1971.519635
219,14,1948.882182
219,15,1942.912057
219,16,1942.297885
220,7,2519.682840
220,8,2327.694804
220,9,2175.216206
220,10,2115.359965
220,11,2002.015847
220,12,1978.626533
220,13,1971.519635
220,14,1948.882182
220,15,1942.912057
220,16,1942.297885
221,7,2519.682840
221,8,2327.694804
221,9,2175.216206
221,10,2115.359965
221,11,2002.015847
221,12,1978.626533
221,13,1971.519635
221,14,1948.882182
221,15,1942.912057
221,16,1942.297885
222,7,2519.682840
222,8,2327.694804
222,9,2175.216206
222,10,2115.359965
222,11,2002.015847
222,12,1978.626533
222,13,1971.519635
222,14,1948.882182
222,15,1942.912057
222,16,1942.297885
223,7,2519.682840
223,8,2316.480586
223,9,2175.216206
223,10,2115.359965
223,11,2002.015847
223,12,1978.626533
223,13,1971.519635
223,14,1948.882182
223,15,1942.912057
223,16,1942.297885
224,7,2519.682840
224,8,2316.480586
224,9,2175.216206
224,10,2115.359965
224,11,2002.015847
224,12,1978.482025
224,13,1971.519635
224,14,1948.882182
224,15,1942.912057
224,16,1942.165902
225,7,2519.682840
225,8,2316.480586
225,9,2175.216206
225,10,2115.359965
225,11,2002.015847
225,12,1978.482025
225,13,1971.519635
225,14,1948.882182
225,15,1942.912057
225,16,1942.165902
226,7,2519.682840
226,8,2316.480586
226,9,2171.360959
226,10,2115.359965
226,11,2002.015847
226,12,1978.482025
226,13,1971.519635
226,14,1948.882182
226,15,1942.912057
226,16,1942.165902
227,7,2519.682840
227,8,2316.480586
227,9,2171.360959
227,10,2115.359965
227,11,2002.015847
227,12,1978.482025
227,13,1971.519635
227,14,1948.668905
227,15,1942.912057
227,16,1942.165902
228,7,2519.682840
228,8,2316.480586
228,9,2171.360959
228,10,2115.359965
228,11,2002.015847
228,12,1978.482025
228,13,1971.519635
228,14,1948.668905
228,15,1942.912057
228,16,1942.165902
229,7,2519.682840
229,8,2316.480586
229,9,2171.360959
229,10,2115.359965
229,11,2002.015847
229,12,1978.482025
229,13,1971.519635
229,14,1948.668905
229,15,1942.912057
229,16,1941.890109
230,7,2519.682840
230,8,2316.480586
230,9,2171.360959
230,10,2115.359965
230,11,2002.015847
230,12,1978.482025
230,13,1971.519635
230,14,1948.668905
230,15,1942.912057
230,16,1941.890109
231,7,2519.682840
231,8,2316.480586
231,9,2171.360959
231,10,2115.359965
231,11,2002.015847
231,12,1978.482025
231,13,1971.519635
231,14,1948.668905
231,15,1942.912057
231,16,1941.890109
232,7,2519.682840
232,8,2316.480586
232,9,2171.360959
232,10,2115.017024
232,11,2002.015847
232,12,1978.482025
232,13,1971.519635
232,14,1948.668905
232,15,1942.912057
232,16,1941.890109
233,7,2519.682840
233,8,2316.480586
233,9,2171.360959
233,10,2115.017024
233,11,2002.015847
233,12,1978.482025
233,13,1971.519635
233,14,1948.668905
233,15,1942.912057
233,16,1941.890109
234,7,2519.682840
234,8,2316.480586
234,9,2171.360959
234,10,2115.017024
234,11,2002.015847
234,12,1978.482025
234,13,1971.519635
234,14,1948.668905
234,15,1938.985351
235,7,2519.682840
235,8,2316.480586
235,9,2171.360959
235,10,2115.017024
235,11,2002.015847
235,12,1978.482025
235,13,1971.519635
235,14,1948.668905
235,15,1938.985351
236,7,2519.682840
236,8,2316.480586
236,9,2163.959444
236,10,2115.017024
236,11,2002.015847
236,12,1978.482025
236,13,1971.519635
236,14,1948.668905
236,15,1938.985351
237,7,2519.682840
237,8,2316.480586
237,9,2163.959444
237,10,2115.017024
237,11,2002.015847
237,12,1978.482025
237,13,1971.519635
237,14,1948.668905
237,15,1938.985351
238,7,2519.682840
238,8,2316.480586
238,9,2163.959444
238,10,2115.017024
238,11,2002.015847
238,12,1978.482025
238,13,1971.519635
238,14,1948.668905
238,15,1938.985351
239,7,2519.682840
239,8,2316.480586
239,9,2163.959444
239,10,2115.017024
239,11,2002.015847
239,12,1978.482025
239,13,1971.519635
239,14,1948.668905
239,15,1936.001407
240,7,2519.682840
240,8,2316.480586
240,9,2163.959444
240,10,2115.017024
240,11,2002.015847
240,12,1978.482025
240,13,1971.519635
240,14,1948.668905
240,15,1936.001407
241,7,2519.682840
241,8,2316.480586
241,9,2163.959444
241,10,2115.017024
241,11,2002.015847
241,12,1978.482025
241,13,1971.519635
241,14,1948.668905
241,15,1936.001407
242,7,2519.682840
242,8,2316.480586
242,9,2163.959444
242,10,2115.017024
242,11,2002.015847
242,12,1978.482025
242,13,1971.519635
242,14,1948.668905
242,15,1936.001407
243,7,2519.682840
243,8,2316.480586
243,9,2163.959444
243,10,2115.017024
243,11,2002.015847
243,12,1978.482025
243,13,1971.519635
243,14,1948.668905
243,15,1936.001407
244,7,2519.682840
244,8,2316.480586
244,9,2163.959444
244,10,2115.017024
244,11,2002.015847
244,12,1978.482025
244,13,1971.519635
244,14,1948.668905
244,15,1936.001407
245,7,2519.682840
245,8,2316.480586
245,9,2163.959444
245,10,2109.259512
245,11,2002.015847
245,12,1978.482025
245,13,1971.519635
245,14,1948.319596
245,15,1936.001407
246,7,2519.682840
246,8,2316.480586
246,9,2163.959444
246,10,2109.259512
246,11,2002.015847
246,12,1978.482025
246,13,1971.519635
246,14,1948.319596
246,15,1936.001407
247,7,2519.682840
247,8,2316.480586
247,9,2163.959444
247,10,2109.259512
247,11,2002.015847
247,12,1978.482025
247,13,1971.519635
247,14,1948.319596
247,15,1936.001407
248,7,2519.682840
248,8,2316.480586
248,9,2163.959444
248,10,2109.259512
248,11,2002.015847
248,12,1978.482025
248,13,1971.519635
248,14,1948.319596
248,15,1936.001407
249,7,2519.682840
249,8,2316.480586
249,9,2163.959444
249,10,2109.259512
249,11,2002.015847
249,12,1977.315087
249,13,1971.519635
249,14,1948.319596
249,15,1936.001407
250,7,2519.682840
250,8,2316.480586
250,9,2163.959444
250,10,2101.855181
250,11,2002.015847
250,12,1977.315087
250,13,1971.519635
250,14,1948.319596
250,15,1936.001407
251,7,2519.682840
251,8,2316.480586
251,9,2163.959444
251,10,2101.855181
251,11,2002.015847
251,12,1977.315087
251,13,1971.519635
251,14,1948.319596
251,15,1936.001407
252,7,2519.682840
252,8,2316.480586
252,9,2163.959444
252,10,2101.855181
252,11,2002.015847
252,12,1977.315087
252,13,1971.519635
252,14,1948.319596
252,15,1936.001407
253,7,2519.682840
253,8,2316.480586
253,9,2163.959444
253,10,2101.855181
253,11,2002.015847
253,12,1977.315087
253,13,1971.519635
253,14,1948.319596
253,15,1936.001407
254,7,2519.682840
254,8,2316.480586
254,9,2158.608145
254,10,2101.855181
254,11,2002.015847
254,12,1974.455209
254,13,1971.519635
254,14,1948.319596
254,15,1936.001407
255,7,2519.682840
255,8,2316.480586
255,9,2158.608145
255,10,2101.855181
255,11,2002.015847
255,12,1974.455209
255,13,1971.519635
255,14,1948.319596
255,15,1936.001407
256,7,2519.682840
256,8,2316.480586
256,9,2158.608145
256,10,2101.855181
256,11,2000.711231
256,12,1974.455209
256,13,1971.519635
256,14,1948.319596
256,15,1936.001407
257,7,2519.682840
257,8,2316.480586
257,9,2158.608145
257,10,2101.855181
257,11,2000.711231
257,12,1974.455209
257,13,1971.519635
257,14,1948.319596
257,15,1936.001407
258,7,2519.682840
258,8,2316.480586
258,9,2158.608145
258,10,2101.855181
258,11,2000.711231
258,12,1974.455209
258,13,1971.519635
258,14,1948.319596
258,15,1936.001407
259,7,2519.682840
259,8,2316.480586
259,9,2158.608145
259,10,2101.855181
259,11,2000.711231
259,12,1974.455209
259,13,1971.265789
259,14,1948.319596
259,15,1936.001407
260,7,2519.682840
260,8,2316.480586
260,9,2158.608145
260,10,2101.855181
260,11,2000.711231
260,12,1974.455209
260,13,1971.265789
260,14,1948.319596
260,15,1936.001407
261,7,2519.682840
261,8,2316.480586
261,9,2158.608145
261,10,2101.855181
261,11,2000.711231
261,12,1974.455209
261,13,1971.265789
261,14,1948.319596
261,15,1936.001407
262,7,2519.682840
262,8,2316.480586
262,9,2158.608145
262,10,2101.855181
262,11,2000.711231
262,12,1974.455209
262,13,1971.265789
262,14,1948.319596
262,15,1936.001407
263,7,2519.682840
263,8,2316.480586
263,9,2158.608145
263,10,2101.855181
263,11,2000.711231
263,12,1974.455209
263,13,1971.265789
263,14,1948.319596
263,15,1936.001407
264,7,2519.682840
264,8,2316.480586
264,9,2158.608145
264,10,2095.836882
264,11,2000.711231
264,12,1974.455209
264,13,1971.265789
264,14,1948.319596
264,15,1935.930519
265,7,2519.682840
265,8,2316.480586
265,9,2158.608145
265,10,2095.836882
265,11,2000.711231
265,12,1974.455209
265,13,1971.265789
265,14,1948.319596
265,15,1935.930519
266,7,2519.682840
266,8,2316.480586
266,9,2158.608145
266,10,2095.836882
266,11,2000.711231
266,12,1974.455209
266,13,1971.265789
266,14,1948.319596
266,15,1935.930519
267,7,2519.682840
267,8,2316.480586
267,9,2158.608145
267,10,2095.836882
267,11,2000.711231
267,12,1974.455209
267,13,1971.265789
267,14,1948.319596
267,15,1935.930519
268,7,2519.682840
268,8,2316.480586
268,9,2158.608145
268,10,2095.836882
268,11,2000.711231
268,12,1974.455209
268,13,1971.265789
268,14,1948.319596
268,15,1935.930519
269,7,2519.682840
269,8,2316.480586
269,9,2158.608145
269,10,2095.836882
269,11,2000.711231
269,12,1974.455209
269,13,1971.265789
269,14,1948.319596
269,15,1935.930519
270,7,2519.682840
270,8,2316.480586
270,9,2158.608145
270,10,2083.913097
270,11,2000.711231
270,12,1974.455209
270,13,1971.265789
270,14,1948.319596
270,15,1935.930519
271,7,2519.682840
271,8,2316.480586
271,9,2158.608145
271,10,2083.913097
271,11,2000.711231
271,12,1974.455209
271,13,1971.265789
271,14,1948.319596
271,15,1935.930519
272,7,2519.682840
272,8,2316.480586
272,9,2158.608145
272,10,2083.913097
272,11,2000.711231
272,12,1974.455209
272,13,1971.265789
272,14,1948.319596
272,15,1935.930519
273,7,2519.682840
273,8,2316.480586
273,9,2158.608145
273,10,2083.913097
273,11,2000.711231
273,12,1974.455209
273,13,1971.265789
273,14,1948.319596
273,15,1935.930519
274,7,2499.029634
274,8,2316.480586
274,9,2158.608145
274,10,2083.913097
274,11,2000.711231
274,12,1974.455209
274,13,1971.265789
274,14,1948.319596
274,15,1935.930519
275,7,2499.029634
275,8,2316.480586
275,9,2158.608145
275,10,2083.913097
275,11,2000.711231
275,12,1974.455209
275,13,1971.265789
275,14,1948.319596
275,15,1935.930519
276,7,2499.029634
276,8,2316.480586
276,9,2158.608145
276,10,2083.913097
276,11,2000.711231
276,12,1974.455209
276,13,1971.265789
276,14,1948.319596
276,15,1935.930519
277,7,2499.029634
277,8,2316.480586
277,9,2158.608145
277,10,2083.913097
277,11,2000.711231
277,12,1974.455209
277,13,1971.265789
277,14,1948.319596
277,15,1935.930519
278,7,2499.029634
278,8,2316.480586
278,9,2158.608145
278,10,2083.913097
278,11,2000.711231
278,12,1974.455209
278,13,1971.265789
278,14,1948.319596
278,15,1935.930519
279,7,2499.029634
279,8,2316.480586
279,9,2158.608145
279,10,2083.913097
279,11,2000.711231
279,12,1974.455209
279,13,1971.265789
279,14,1948.319596
279,15,1935.930519
280,7,2499.029634
280,8,2316.480586
280,9,2158.608145
280,10,2083.913097
280,11,2000.711231
280,12,1974.455209
280,13,1971.265789
280,14,1948.319596
280,15,1935.930519
281,7,2499.029634
281,8,2316.480586
281,9,2158.608145
281,10,2083.913097
281,11,2000.711231
281,12,1974.455209
281,13,1971.265789
281,14,1948.319596
281,15,1935.930519
282,7,2499.029634
282,8,2316.480586
282,9,2158.608145
282,10,2083.913097
282,11,2000.711231
282,12,1974.455209
282,13,1971.265789
282,14,1948.319596
282,15,1935.930519
283,7,2499.029634
283,8,2316.480586
283,9,2158.608145
283,10,2083.913097
283,11,2000.711231
283,12,1974.455209
283,13,1971.265789
283,14,1948.319596
283,15,1935.930519
284,7,2499.029634
284,8,2316.480586
284,9,2158.350851
284,10,2083.913097
284,11,2000.711231
284,12,1974.455209
284,13,1971.265789
284,14,1948.319596
284,15,1935.930519
285,7,2499.029634
285,8,2316.480586
285,9,2158.350851
285,10,2083.913097
285,11,2000.711231
285,12,1974.455209
285,13,1971.265789
285,14,1948.319596
285,15,1935.930519
286,7,2499.029634
286,8,2316.480586
286,9,2158.350851
286,10,2083.913097
286,11,2000.711231
286,12,1974.455209
286,13,1971.265789
286,14,1948.319596
286,15,1935.930519
287,7,2499.029634
287,8,2316.480586
287,9,2158.350851
287,10,2083.913097
287,11,2000.711231
287,12,1974.455209
287,13,1971.265789
287,14,1948.319596
287,15,1935.930519
288,7,2499.029634
288,8,2316.480586
288,9,2158.350851
288,10,2083.913097
288,11,2000.711231
288,12,1974.455209
288,13,1971.265789
288,14,1948.319596
288,15,1935.930519
289,7,2499.029634
289,8,2316.480586
289,9,2158.350851
289,10,2078.366270
289,11,2000.711231
289,12,1969.532316
289,14,1948.319596
289,15,1935.930519
290,7,2499.029634
290,8,2316.480586
290,9,2158.350851
290,10,2078.366270
290,11,2000.711231
290,12,1969.532316
290,14,1948.319596
290,15,1935.930519
291,7,2499.029634
291,8,2316.480586
291,9,2158.350851
291,10,2078.366270
291,11,2000.711231
291,12,1969.532316
291,14,1948.319596
291,15,1935.930519
292,7,2499.029634
292,8,2316.480586
292,9,2158.350851
292,10,2078.366270
292,11,2000.711231
292,12,1969.532316
292,14,1948.319596
292,15,1935.930519
293,7,2499.029634
293,8,2316.480586
293,9,2158.350851
293,10,2078.366270
293,11,2000.711231
293,12,1969.532316
293,14,1948.319596
293,15,1935.930519
294,7,2499.029634
294,8,2316.480586
294,9,2158.350851
294,10,2078.366270
294,11,2000.711231
294,12,1969.532316
294,14,1948.319596
294,15,1935.930519
295,7,2499.029634
295,8,2316.480586
295,9,2158.350851
295,10,2078.366270
295,11,2000.711231
295,12,1969.532316
295,14,1948.319596
295,15,1935.930519
296,7,2499.029634
296,8,2315.846375
296,9,2158.350851
296,10,2078.366270
296,11,2000.711231
296,12,1969.532316
296,14,1948.319596
296,15,1935.930519
297,7,2499.029634
297,8,2315.846375
297,9,2158.350851
297,10,2078.366270
297,11,2000.711231
297,12,1969.532316
297,13,1964.152766
297,14,1948.319596
297,15,1935.930519
298,7,2499.029634
298,8,2315.846375
298,9,2158.350851
298,10,2078.366270
298,11,2000.711231
298,12,1969.532316
298,13,1964.152766
298,14,1948.319596
298,15,1935.930519
299,7,2499.029634
299,8,2315.846375
299,9,2158.350851
299,10,2076.983333
299,11,2000.711231
299,12,1969.532316
299,13,1964.152766
299,14,1948.319596
299,15,1935.930519
300,7,2499.029634
300,8,2315.846375
300,9,2158.350851
300,10,2076.983333
300,11,2000.711231
300,12,1969.532316
300,13,1964.152766
300,14,1948.319596
300,15,1935.930519
301,7,2499.029634
301,8,2315.846375
301,9,2158.350851
301,10,2076.581798
301,11,2000.711231
301,12,1969.532316
301,13,1964.152766
301,14,1948.319596
301,15,1935.930519
302,7,2499.029634
302,8,2315.846375
302,9,2158.350851
302,10,2076.581798
302,11,2000.711231
302,12,1969.532316
302,13,1964.152766
302,14,1948.319596
302,15,1935.930519
303,7,2499.029634
303,8,2315.846375
303,9,2158.350851
303,10,2076.581798
303,11,2000.711231
303,12,1969.532316
303,13,1964.152766
303,14,1948.319596
303,15,1935.930519
304,7,2499.029634
304,8,2315.846375
304,9,2158.350851
304,10,2076.581798
304,11,2000.711231
304,12,1969.093327
304,13,1964.152766
304,14,1948.319596
304,15,1935.930519
305,7,2499.029634
305,8,2315.846375
305,9,2158.350851
305,10,2076.581798
305,11,2000.711231
305,12,1969.093327
305,13,1964.152766
305,14,1948.319596
305,15,1935.930519
306,7,2499.029634
306,8,2315.846375
306,9,2158.350851
306,10,2076.581798
306,11,2000.711231
306,12,1969.093327
306,13,1964.152766
306,14,1948.319596
306,15,1935.930519
307,7,2499.029634
307,8,2315.846375
307,9,2158.350851
307,10,2076.581798
307,11,2000.711231
307,12,1969.093327
307,13,1964.152766
307,14,1948.319596
307,15,1935.930519
308,7,2499.029634
308,8,2315.846375
308,9,2158.350851
308,10,2076.581798
308,11,2000.711231
308,12,1969.093327
308,13,1964.152766
308,14,1948.319596
308,15,1935.930519
309,7,2499.029634
309,8,2315.846375
309,9,2158.350851
309,10,2076.581798
309,11,2000.711231
309,12,1969.093327
309,13,1961.775239
309,14,1948.319596
309,15,1935.930519
310,7,2499.029634
310,8,2315.846375
310,9,2158.350851
310,10,2076.581798
310,11,2000.711231
310,12,1969.093327
310,13,1961.775239
310,14,1948.319596
310,15,1935.930519
311,7,2499.029634
311,8,2315.846375
311,9,2158.350851
311,10,2076.581798
311,11,2000.711231
311,12,1969.093327
311,13,1961.775239
311,14,1948.319596
311,15,1935.930519
312,7,2499.029634
312,8,2315.846375
312,9,2158.350851
312,10,2076.581798
312,11,2000.711231
312,12,1969.093327
312,13,1961.775239
312,14,1948.319596
312,15,1935.930519
313,7,2499.029634
313,8,2315.846375
313,9,2158.350851
313,10,2076.581798
313,11,2000.711231
313,12,1969.093327
313,13,1961.775239
313,14,1948.319596
313,15,1935.930519
314,7,2499.029634
314,8,2315.846375
314,9,2158.350851
314,10,2073.959051
314,11,2000.711231
314,12,1969.093327
314,13,1961.775239
314,14,1948.319596
314,15,1935.930519
315,7,2499.029634
315,8,2315.846375
315,9,2158.350851
315,10,2073.959051
315,11,2000.711231
315,12,1969.093327
315,13,1961.775239
315,14,1948.319596
315,15,1935.930519
316,7,2499.029634
316,8,2315.846375
316,9,2158.350851
316,10,2073.959051
316,11,2000.711231
316,12,1969.093327
316,13,1961.775239
316,14,1948.319596
316,15,1935.930519
317,7,2499.029634
317,8,2315.846375
317,9,2158.350851
317,10,2073.959051
317,11,2000.711231
317,12,1969.093327
317,13,1961.775239
317,14,1948.319596
317,15,1935.930519
318,7,2499.029634
318,8,2315.846375
318,9,2158.350851
318,10,2073.959051
318,11,2000.711231
318,12,1969.093327
318,13,1961.775239
318,14,1948.319596
318,15,1935.930519
319,7,2499.029634
319,8,2315.846375
319,9,2158.350851
319,10,2073.959051
319,11,2000.711231
319,12,1969.093327
319,13,1961.775239
319,14,1948.319596
319,15,1935.930519
320,7,2499.029634
320,8,2315.846375
320,9,2156.524855
320,10,2073.959051
320,11,2000.711231
320,12,1969.093327
320,13,1961.775239
320,14,1948.319596
320,15,1935.930519
321,7,2499.029634
321,8,2315.846375
321,9,2156.524855
321,10,2071.126462
321,11,2000.711231
321,12,1969.093327
321,13,1961.775239
321,14,1948.319596
321,15,1935.930519
322,7,2499.029634
322,8,2315.846375
322,9,2156.524855
322,10,2071.126462
322,11,2000.711231
322,12,1969.093327
322,13,1961.775239
322,14,1948.319596
322,15,1935.930519
323,7,2499.029634
323,8,2315.846375
323,9,2156.524855
323,10,2071.126462
323,11,2000.711231
323,12,1969.093327
323,13,1961.775239
323,14,1948.319596
323,15,1935.930519
324,7,2499.029634
324,8,2315.846375
324,9,2156.524855
324,10,2071.126462
324,11,2000.711231
324,12,1969.093327
324,13,1961.775239
324,14,1948.319596
324,15,1935.930519
325,7,2499.029634
325,8,2315.846375
325,9,2156.524855
325,10,2071.126462
325,11,2000.711231
325,12,1969.093327
325,13,1961.775239
325,14,1948.319596
325,15,1935.930519
326,7,2499.029634
326,8,2315.846375
326,9,2156.524855
326,10,2070.145127
326,11,2000.711231
326,12,1969.093327
326,13,1961.775239
326,14,1948.319596
326,15,1935.930519
327,7,2499.029634
327,8,2315.846375
327,9,2156.524855
327,10,2070.145127
327,11,2000.711231
327,12,1969.093327
327,13,1961.775239
327,14,1948.319596
327,15,1935.930519
328,7,2499.029634
328,8,2315.846375
328,9,2156.524855
328,10,2068.834326
328,11,2000.711231
328,12,1969.093327
328,13,1961.775239
328,14,1948.319596
328,15,1935.930519
