Generation,NV,TOC
1,11,3442.170508
1,12,2576.351207
1,13,2512.876937
1,15,2340.335491
1,16,2176.041094
1,18,2137.810172
1,19,2117.874693
2,11,3442.170508
2,12,2510.477050
2,15,2340.335491
2,16,2172.900778
2,18,2136.747248
2,19,2113.119620
2,20,2087.554452
3,11,3442.170508
3,12,2510.477050
3,13,2468.289865
3,15,2257.264696
3,16,2172.900778
3,17,2110.591659
3,20,2087.554452
4,11,3390.400023
4,12,2483.496170
4,13,2468.289865
4,14,2447.156271
4,15,2257.264696
4,16,2172.900778
4,17,2110.591659
4,18,2104.521969
4,19,2094.168827
4,20,2078.945994
5,11,3341.183089
5,12,2435.192498
5,13,2392.227949
5,14,2205.641230
5,16,2141.409783
5,17,2060.968133
5,19,2047.205989
6,10,3012.191135
6,11,2624.796862
6,12,2435.192498
6,13,2256.869589
6,14,2063.710604
6,15,2058.552979
6,19,2047.205989
7,9,3187.465604
7,10,3012.191135
7,11,2624.796862
7,12,2435.192498
7,13,2211.548012
7,14,2062.705668
7,15,2058.552979
7,19,2047.205989
8,9,3070.315637
8,10,2788.940981
8,11,2624.796862
8,12,2406.437391
8,13,2190.605072
8,14,2062.705668
8,15,2058.552979
8,19,2047.205989
9,9,3070.315637
9,10,2594.733526
9,12,2260.842195
9,13,2091.777319
9,14,2034.628168
10,9,2955.004573
10,10,2581.494535
10,12,2212.491388
10,13,2032.893718
11,9,2955.004573
11,10,2581.494535
11,11,2547.558431
11,12,2212.491388
11,13,2032.893718
11,17,2030.544739
12,9,2955.004573
12,10,2581.494535
12,11,2448.892279
12,12,2132.636492
12,13,2032.893718
12,17,2030.544739
13,9,2734.732860
13,10,2581.494535
13,11,2112.424871
13,13,2032.893718
13,17,2030.544739
14,9,2734.732860
14,10,2581.494535
14,11,2112.424871
14,13,2032.893718
14,17,2030.544739
15,9,2715.189375
15,10,2519.197605
15,11,2073.776399
15,12,2069.696253
15,13,2032.893718
15,16,2015.185099
16,8,2956.906226
16,9,2715.189375
16,10,2519.197605
16,11,2073.776399
16,12,2036.252886
16,13,2029.657666
16,16,2015.185099
17,8,2931.608482
17,9,2715.189375
17,10,2114.641593
17,11,2073.776399
17,12,2002.541488
18,8,2905.832798
18,9,2715.189375
18,10,2114.641593
18,11,2073.776399
18,12,2000.210330
18,14,1986.193587
19,8,2735.137114
19,9,2515.593838
19,10,2112.503758
19,11,2049.471054
19,12,2000.210330
19,14,1986.193587
20,8,2735.137114
20,9,2323.613985
20,10,2079.458419
20,11,1981.681293
21,8,2657.368587
21,9,2323.613985
21,10,2071.712032
21,11,1965.653836
22,8,2657.368587
22,9,2261.046942
22,10,2071.712032
22,11,1965.653836
23,8,2657.368587
23,9,2248.058427
23,10,2071.712032
23,11,1965.653836
23,13,1953.857549
24,8,2471.703728
24,9,2248.058427
24,10,2046.569701
24,11,1965.653836
24,13,1953.857549
25,8,2356.354286
25,9,2248.058427
25,10,2018.667301
25,11,1950.500963
26,8,2356.354286
26,9,2063.460455
26,10,2018.446285
26,11,1950.500963
27,8,2356.354286
27,9,2058.968142
27,10,2018.446285
27,11,1950.500963
28,8,2356.354286
28,9,2058.968142
28,10,2018.446285
28,11,1950.500963
29,8,2356.354286
29,9,2058.968142
29,10,2018.446285
29,11,1950.500963
30,8,2356.354286
30,9,2056.121134
30,10,2010.812905
30,11,1950.500963
30,13,1949.760140
30,14,1941.394038
31,8,2356.354286
31,9,2056.121134
31,10,2010.812905
31,11,1950.500963
31,12,1949.298118
31,14,1941.394038
32,8,2189.692150
32,9,2056.121134
32,10,1986.763975
32,11,1950.500963
32,12,1949.298118
32,14,1941.394038
32,15,1937.528212
33,8,2189.692150
33,9,2056.121134
33,10,1986.763975
33,11,1938.801037
33,15,1937.528212
34,8,2189.692150
34,9,2056.121134
34,10,1986.763975
34,11,1938.801037
34,12,1938.240275
34,14,1937.996451
34,15,1937.528212
35,7,2721.630671
35,8,2189.692150
35,9,2056.121134
35,10,1976.520825
35,11,1938.801037
35,12,1938.240275
35,14,1937.996451
35,15,1937.528212
36,7,2663.648267
36,8,2189.692150
36,9,2027.656231
36,10,1976.520825
36,11,1936.726475
37,7,2584.968906
37,8,2189.692150
37,9,2027.656231
37,10,1976.520825
37,11,1936.726475
37,13,1931.648656
38,7,2584.968906
38,8,2170.653979
38,9,2027.656231
38,10,1959.702837
38,11,1936.726475
38,13,1931.648656
39,7,2584.968906
39,8,2170.653979
39,9,2027.656231
39,10,1959.702837
39,11,1928.517651
40,7,2557.372824
40,8,2158.952110
40,9,2027.656231
40,10,1959.702837
40,11,1914.375668
41,7,2462.671883
41,8,2158.952110
41,9,2027.656231
41,10,1959.702837
41,11,1914.375668
41,12,1911.762687
42,7,2462.671883
42,8,2158.952110
42,9,2027.656231
42,10,1959.702837
42,11,1914.375668
42,12,1911.762687
43,7,2311.651571
43,8,2144.133076
43,9,2027.656231
43,10,1959.702837
43,11,1914.375668
43,12,1911.762687
44,7,2311.651571
44,8,2144.133076
44,9,2027.656231
44,10,1959.702837
44,11,1914.375668
44,12,1911.762687
44,13,1911.478769
45,7,2311.651571
45,8,2081.065714
45,9,2004.799532
45,10,1949.414864
45,11,1911.789628
45,12,1909.986396
46,6,2789.562162
46,7,2311.651571
46,8,2081.065714
46,9,2004.799532
46,10,1949.414864
46,11,1911.789628
46,12,1909.986396
47,6,2789.562162
47,7,2216.584522
47,8,2081.065714
47,9,2004.799532
47,10,1949.414864
47,11,1911.789628
47,12,1909.986396
48,6,2600.838731
48,7,2216.584522
48,8,2081.065714
48,9,2004.799532
48,10,1940.324279
48,11,1911.789628
48,12,1909.986396
49,6,2600.838731
49,7,2216.584522
49,8,2081.065714
49,9,2004.799532
49,10,1940.324279
49,11,1911.789628
49,12,1909.986396
50,6,2600.838731
50,7,2216.584522
50,8,2081.065714
50,9,1994.860579
50,10,1940.324279
50,11,1900.942945
51,6,2600.838731
51,7,2216.584522
51,8,2081.065714
51,9,1994.579405
51,10,1940.324279
51,11,1900.942945
52,6,2600.838731
52,7,2216.584522
52,8,2081.065714
52,9,1982.788857
52,10,1940.324279
52,11,1900.942945
53,6,2600.838731
53,7,2216.584522
53,8,2081.065714
53,9,1982.788857
53,10,1932.457315
53,11,1900.942945
54,6,2600.838731
54,7,2216.584522
54,8,2081.065714
54,9,1982.788857
54,10,1928.955307
54,11,1900.942945
55,6,2491.355537
55,7,2216.584522
55,8,2081.065714
55,9,1955.215341
55,10,1925.705254
55,11,1895.038374
56,6,2491.355537
56,7,2216.584522
56,8,2081.065714
56,9,1955.215341
56,10,1925.705254
56,11,1895.038374
57,6,2491.355537
57,7,2216.584522
57,8,2081.065714
57,9,1955.215341
57,10,1925.705254
57,11,1895.038374
58,6,2491.355537
58,7,2216.584522
58,8,2081.065714
58,9,1948.331597
58,10,1925.705254
58,11,1895.038374
59,6,2491.355537
59,7,2216.584522
59,8,2081.065714
59,9,1948.331597
59,10,1925.705254
59,11,1895.038374
60,6,2491.355537
60,7,2199.755591
60,8,2041.842017
60,9,1924.450909
60,10,1917.570489
60,11,1893.825145
61,6,2491.355537
61,7,2199.755591
61,8,2041.842017
61,9,1924.396363
61,10,1917.570489
61,11,1893.825145
62,6,2491.355537
62,7,2199.755591
62,8,2041.842017
62,9,1924.396363
62,10,1917.570489
62,11,1893.825145
63,6,2491.355537
63,7,2199.404284
63,8,2041.842017
63,9,1924.396363
63,10,1917.570489
63,11,1893.825145
64,6,2491.355537
64,7,2199.404284
64,8,2041.842017
64,9,1924.396363
64,10,1917.570489
64,11,1893.825145
65,6,2491.355537
65,7,2168.978960
65,8,2041.842017
65,9,1920.376410
65,10,1917.570489
65,11,1893.825145
66,6,2491.355537
66,7,2168.978960
66,8,2041.842017
66,9,1920.376410
66,10,1917.570489
66,11,1893.825145
67,6,2491.355537
67,7,2168.978960
67,8,2041.842017
67,9,1913.708270
67,11,1893.825145
68,6,2491.355537
68,7,2168.978960
68,8,2041.842017
68,9,1913.708270
68,11,1893.825145
69,6,2491.355537
69,7,2168.978960
69,8,2041.842017
69,9,1913.708270
69,11,1893.825145
70,6,2491.355537
70,7,2168.978960
70,8,2041.842017
70,9,1910.203670
70,11,1892.850930
71,6,2491.355537
71,7,2168.978960
71,8,2041.842017
71,9,1910.203670
71,11,1892.850930
72,6,2491.355537
72,7,2168.978960
72,8,2041.842017
72,9,1910.203670
72,11,1892.850930
73,6,2491.355537
73,7,2168.978960
73,8,2041.842017
73,9,1910.203670
73,11,1892.850930
74,6,2491.355537
74,7,2168.978960
74,8,2041.842017
74,9,1910.203670
74,11,1892.850930
75,6,2491.355537
75,7,2148.476212
75,8,2041.842017
75,9,1907.068452
75,11,1892.850930
76,6,2491.355537
76,7,2148.476212
76,8,2041.842017
76,9,1907.068452
76,11,1892.850930
77,6,2491.355537
77,7,2148.476212
77,8,2041.842017
77,9,1907.068452
77,11,1892.850930
78,6,2491.355537
78,7,2148.476212
78,8,2041.842017
78,9,1907.068452
78,11,1892.850930
79,6,2491.355537
79,7,2148.476212
79,8,2041.842017
79,9,1907.068452
79,11,1892.850930
80,6,2491.355537
80,7,2148.476212
80,8,2041.842017
80,9,1906.383102
80,11,1888.019878
81,6,2491.355537
81,7,2148.476212
81,8,2041.842017
81,9,1906.383102
81,11,1888.019878
82,6,2491.355537
82,7,2148.476212
82,8,2041.842017
82,9,1906.383102
82,11,1888.019878
83,6,2491.355537
83,7,2148.476212
83,8,2041.842017
83,9,1906.383102
83,11,1888.019878
84,6,2491.355537
84,7,2148.476212
84,8,2029.587305
84,9,1906.383102
84,11,1888.019878
85,6,2491.355537
85,7,2148.476212
85,8,2025.765122
85,9,1906.383102
85,11,1885.613135
86,6,2491.355537
86,7,2148.476212
86,8,2025.765122
86,9,1906.383102
86,11,1885.613135
87,6,2491.355537
87,7,2148.476212
87,8,2025.765122
87,9,1906.383102
87,11,1885.613135
88,6,2491.355537
88,7,2148.476212
88,8,2025.765122
88,9,1906.383102
88,11,1885.613135
89,6,2491.355537
89,7,2148.476212
89,8,2025.765122
89,9,1905.517903
89,11,1885.613135
90,6,2491.355537
90,7,2148.476212
90,8,2024.956615
90,9,1904.718768
90,11,1885.613135
91,6,2491.355537
91,7,2148.476212
91,8,2024.956615
91,9,1904.718768
91,11,1885.613135
92,6,2491.355537
92,7,2148.476212
92,8,2024.956615
92,9,1904.718768
92,11,1885.613135
93,6,2491.355537
93,7,2148.476212
93,8,2024.956615
93,9,1904.718768
93,11,1885.613135
94,6,2491.355537
94,7,2148.476212
94,8,2024.956615
94,9,1904.718768
94,11,1885.613135
95,6,2479.554673
95,7,2133.925611
95,8,2013.028280
95,9,1903.813508
95,11,1885.613135
96,6,2479.554673
96,7,2133.925611
96,8,2013.028280
96,9,1903.813508
96,11,1885.613135
97,6,2479.554673
97,7,2133.925611
97,8,2013.028280
97,9,1903.813508
97,11,1885.613135
98,6,2479.554673
98,7,2133.925611
98,8,2013.028280
98,9,1903.813508
98,11,1885.613135
99,6,2479.554673
99,7,2133.925611
99,8,2013.028280
99,9,1903.813508
99,11,1885.613135
100,6,2479.554673
100,7,2133.925611
100,8,2000.720485
100,9,1903.772971
100,11,1883.268109
101,6,2479.554673
101,7,2133.925611
101,8,2000.720485
101,9,1903.772971
101,11,1883.268109
102,6,2479.554673
102,7,2133.925611
102,8,2000.720485
102,9,1903.772971
102,10,1899.195727
102,11,1883.268109
103,6,2479.554673
103,7,2133.925611
103,8,2000.720485
103,9,1903.772971
103,10,1898.011850
103,11,1883.268109
104,6,2479.554673
104,7,2133.925611
104,8,2000.720485
104,9,1903.772971
104,10,1898.011850
104,11,1883.268109
105,6,2479.554673
105,7,2133.925611
105,8,2000.720485
105,9,1903.772971
105,10,1898.011850
105,11,1882.225379
106,6,2479.554673
106,7,2133.925611
106,8,2000.720485
106,9,1903.772971
106,10,1894.775665
106,11,1882.225379
107,6,2479.554673
107,7,2133.925611
107,8,2000.720485
107,9,1903.772971
107,10,1894.775665
107,11,1882.225379
108,6,2461.377431
108,7,2133.925611
108,8,2000.720485
108,9,1903.772971
108,10,1894.775665
108,11,1882.225379
109,6,2461.377431
109,7,2133.925611
109,8,2000.720485
109,9,1903.772971
109,10,1894.775665
109,11,1882.225379
110,6,2446.912680
110,7,2133.925611
110,8,1996.440458
110,9,1899.687371
110,10,1883.681231
110,11,1880.844081
111,6,2446.912680
111,7,2133.925611
111,8,1996.440458
111,9,1899.687371
111,10,1883.681231
111,11,1880.844081
112,6,2446.912680
112,7,2133.925611
112,8,1996.440458
112,9,1899.687371
112,10,1883.681231
112,11,1880.844081
113,6,2446.912680
113,7,2133.925611
113,8,1996.440458
113,9,1899.687371
113,10,1883.681231
113,11,1880.844081
114,6,2446.912680
114,7,2133.925611
114,8,1996.440458
114,9,1899.687371
114,10,1883.681231
114,11,1880.844081
115,6,2446.912680
115,7,2133.925611
115,8,1996.440458
115,9,1897.172991
115,10,1883.394763
115,11,1880.844081
116,6,2446.912680
116,7,2133.925611
116,8,1996.440458
116,9,1897.172991
116,10,1883.394763
116,11,1880.844081
117,6,2446.912680
117,7,2133.925611
117,8,1996.440458
117,9,1897.172991
117,10,1883.394763
117,11,1880.844081
118,6,2446.912680
118,7,2133.925611
118,8,1996.440458
118,9,1897.172991
118,10,1883.394763
118,11,1880.844081
119,6,2446.912680
119,7,2133.925611
119,8,1996.440458
119,9,1897.172991
119,10,1883.394763
119,11,1880.844081
120,6,2446.912680
120,7,2133.925611
120,8,1996.440458
120,9,1897.172991
120,10,1882.986374
120,11,1880.844081
121,6,2446.912680
121,7,2133.925611
121,8,1996.440458
121,9,1897.172991
121,10,1882.986374
121,11,1880.844081
122,6,2446.912680
122,7,2133.925611
122,8,1996.440458
122,9,1897.172991
122,10,1882.986374
122,11,1880.844081
123,6,2446.912680
123,7,2133.925611
123,8,1996.440458
123,9,1897.172991
123,10,1882.986374
123,11,1880.844081
124,6,2436.879544
124,7,2133.925611
124,8,1996.440458
124,9,1897.172991
124,10,1882.986374
124,11,1880.844081
125,6,2436.879544
125,7,2133.925611
125,8,1984.717713
125,9,1882.992553
125,10,1882.904346
125,11,1880.844081
126,6,2436.879544
126,7,2133.925611
126,8,1975.765340
126,9,1882.992553
126,10,1873.259143
127,6,2436.879544
127,7,2133.925611
127,8,1975.765340
127,9,1882.992553
127,10,1873.259143
128,6,2436.879544
128,7,2133.925611
128,8,1975.765340
128,9,1882.992553
128,10,1873.259143
129,6,2425.770298
129,7,2133.925611
129,8,1975.765340
129,9,1882.992553
129,10,1873.259143
130,6,2425.770298
130,7,2133.925611
130,8,1971.918062
130,9,1882.992553
130,10,1871.644065
131,6,2425.770298
131,7,2133.925611
131,8,1971.918062
131,9,1882.992553
131,10,1871.644065
132,6,2425.770298
132,7,2133.925611
132,8,1971.918062
132,9,1882.992553
132,10,1871.644065
133,6,2425.770298
133,7,2133.925611
133,8,1971.918062
133,9,1882.992553
133,10,1871.644065
134,6,2425.770298
134,7,2133.925611
134,8,1971.918062
134,9,1882.992553
134,10,1871.644065
135,6,2425.770298
135,7,2133.925611
135,8,1971.918062
135,9,1882.037741
135,10,1871.644065
136,6,2425.770298
136,7,2133.925611
136,8,1971.918062
136,9,1882.037741
136,10,1871.644065
137,6,2425.770298
137,7,2133.925611
137,8,1971.918062
137,9,1882.037741
137,10,1871.644065
138,6,2425.770298
138,7,2133.925611
138,8,1971.918062
138,9,1882.037741
138,10,1871.644065
139,6,2425.770298
139,7,2133.925611
139,8,1971.918062
139,9,1882.037741
139,10,1871.644065
140,6,2425.770298
140,7,2104.958296
140,8,1958.217337
140,9,1882.037741
140,10,1871.644065
141,6,2425.770298
141,7,2104.958296
141,8,1958.217337
141,9,1882.037741
141,10,1871.644065
142,6,2425.770298
142,7,2104.958296
142,8,1958.217337
142,9,1882.037741
142,10,1871.644065
143,6,2403.355415
143,7,2104.958296
143,8,1956.406348
143,9,1882.037741
143,10,1871.644065
144,6,2403.355415
144,7,2104.958296
144,8,1951.459231
144,9,1882.037741
144,10,1871.644065
145,6,2403.355415
145,7,2104.958296
145,8,1945.165757
145,9,1882.037741
145,10,1871.644065
146,6,2403.355415
146,7,2104.958296
146,8,1945.165757
146,9,1882.037741
146,10,1871.644065
147,6,2403.355415
147,7,2104.958296
147,8,1945.165757
147,9,1882.037741
147,10,1871.644065
148,6,2403.355415
148,7,2104.958296
148,8,1945.165757
148,9,1882.037741
148,10,1871.644065
149,6,2403.355415
149,7,2104.958296
149,8,1945.165757
149,9,1882.037741
149,10,1871.644065
150,6,2403.355415
150,7,2092.150988
150,8,1945.145986
150,9,1882.037741
150,10,1867.164938
151,6,2403.355415
151,7,2092.150988
151,8,1945.145986
151,9,1882.037741
151,10,1867.164938
152,6,2403.355415
152,7,2092.150988
152,8,1945.145986
152,9,1882.037741
152,10,1867.164938
153,6,2403.355415
153,7,2092.150988
153,8,1945.145986
153,9,1882.037741
153,10,1867.164938
154,6,2403.355415
154,7,2092.150988
154,8,1945.145986
154,9,1882.037741
154,10,1867.164938
155,6,2403.355415
155,7,2092.150988
155,8,1941.413047
155,9,1882.037741
155,10,1867.164938
156,6,2403.355415
156,7,2092.150988
156,8,1941.413047
156,9,1882.037741
156,10,1867.164938
157,6,2403.355415
157,7,2092.150988
157,8,1941.413047
157,9,1882.037741
157,10,1867.164938
158,6,2403.355415
158,7,2092.150988
158,8,1941.413047
158,9,1882.037741
158,10,1867.164938
159,6,2379.314855
159,7,2092.150988
159,8,1941.413047
159,9,1882.037741
159,10,1867.164938
160,6,2379.314855
160,7,2092.150988
160,8,1941.413047
160,9,1882.037741
160,10,1866.878470
161,6,2379.314855
161,7,2092.150988
161,8,1941.413047
161,9,1882.037741
161,10,1866.878470
162,6,2379.314855
162,7,2092.150988
162,8,1941.413047
162,9,1882.037741
162,10,1866.878470
163,6,2379.314855
163,7,2092.150988
163,8,1941.413047
163,9,1882.037741
163,10,1866.878470
164,6,2379.314855
164,7,2082.619073
164,8,1941.413047
164,9,1882.037741
164,10,1866.878470
165,6,2356.899973
165,7,2082.619073
165,8,1941.413047
165,9,1882.037741
165,10,1866.878470
166,6,2356.899973
166,7,2082.619073
166,8,1941.413047
166,9,1882.037741
166,10,1866.878470
167,6,2356.899973
167,7,2082.619073
167,8,1941.413047
167,9,1882.037741
167,10,1866.878470
168,6,2356.899973
168,7,2082.619073
168,8,1941.413047
168,9,1882.037741
168,10,1866.878470
169,6,2356.899973
169,7,2082.619073
169,8,1941.413047
169,9,1882.037741
169,10,1866.878470
170,6,2356.899973
170,7,2082.619073
170,8,1938.589961
170,9,1882.037741
170,10,1866.878470
171,6,2356.899973
171,7,2082.619073
171,8,1938.589961
171,9,1882.037741
171,10,1866.878470
172,6,2356.899973
172,7,2082.619073
172,8,1938.589961
172,9,1882.037741
172,10,1866.878470
173,6,2356.899973
173,7,2082.619073
173,8,1938.589961
173,9,1882.037741
173,10,1866.878470
174,6,2356.899973
174,7,2082.619073
174,8,1938.589961
174,9,1882.037741
174,10,1866.878470
175,6,2356.899973
175,7,2078.346217
175,8,1935.502802
175,9,1882.037741
175,10,1866.878470
176,6,2350.545634
176,7,2078.346217
176,8,1935.502802
176,9,1882.037741
176,10,1866.878470
177,6,2343.040662
177,7,2078.346217
177,8,1935.502802
177,9,1882.037741
177,10,1866.878470
178,6,2343.040662
178,7,2078.346217
178,8,1935.502802
178,9,1882.037741
178,10,1866.878470
179,6,2343.040662
179,7,2078.346217
179,8,1935.502802
179,9,1882.037741
179,10,1866.878470
180,6,2343.040662
180,7,2078.346217
180,8,1935.502802
180,9,1881.294110
180,10,1866.470081
181,6,2343.040662
181,7,2078.346217
181,8,1935.502802
181,9,1881.294110
181,10,1866.470081
182,6,2343.040662
182,7,2078.346217
182,8,1931.575885
182,9,1881.294110
182,10,1866.470081
183,6,2343.040662
183,7,2078.346217
183,8,1930.897915
183,9,1881.294110
183,10,1866.470081
184,6,2343.040662
184,7,2078.346217
184,8,1930.897915
184,9,1881.294110
184,10,1866.470081
185,6,2343.040662
185,7,2078.346217
185,8,1928.539476
185,9,1881.294110
185,10,1866.470081
186,6,2343.040662
186,7,2078.346217
186,8,1928.539476
186,9,1881.294110
186,10,1864.949082
187,6,2327.380389
187,7,2078.346217
187,8,1928.539476
187,9,1881.294110
187,10,1864.949082
188,6,2327.380389
188,7,2078.346217
188,8,1928.539476
188,9,1881.294110
188,10,1864.949082
189,6,2327.380389
189,7,2078.346217
189,8,1928.539476
189,9,1881.294110
189,10,1864.949082
190,6,2310.316981
190,7,2064.084458
190,8,1928.539476
190,9,1881.294110
190,10,1859.474188
191,6,2310.316981
191,7,2064.084458
191,8,1928.539476
191,9,1881.294110
191,10,1859.474188
192,6,2310.316981
192,7,2064.084458
192,8,1928.539476
192,9,1881.294110
192,10,1859.474188
193,6,2310.316981
193,7,2064.084458
193,8,1928.539476
193,9,1881.294110
193,10,1859.474188
194,6,2310.316981
194,7,2064.084458
194,8,1926.224278
194,9,1881.294110
194,10,1859.474188
195,6,2310.316981
195,7,2064.084458
195,8,1924.583873
195,9,1881.294110
195,10,1859.474188
196,6,2310.316981
196,7,2064.084458
196,8,1924.583873
196,9,1881.294110
196,10,1859.474188
197,6,2310.316981
197,7,2064.084458
197,8,1924.583873
197,9,1881.294110
197,10,1859.474188
198,6,2310.316981
198,7,2064.084458
198,8,1924.583873
198,9,1881.294110
198,10,1859.474188
199,6,2310.316981
199,7,2064.084458
199,8,1924.583873
199,9,1881.294110
199,10,1859.474188
200,6,2310.316981
200,7,2064.084458
200,8,1924.583873
200,9,1881.294110
200,10,1859.474188
201,6,2310.316981
201,7,2064.084458
201,8,1924.583873
201,9,1881.294110
201,10,1859.474188
202,6,2310.316981
202,7,2064.084458
202,8,1924.583873
202,9,1881.294110
202,10,1859.474188
203,6,2310.316981
203,7,2064.084458
203,8,1924.583873
203,9,1881.294110
203,10,1859.474188
204,6,2310.316981
204,7,2064.084458
204,8,1924.583873
204,9,1881.294110
204,10,1859.474188
205,6,2310.316981
205,7,2056.005719
205,8,1924.583873
205,9,1881.294110
205,10,1859.474188
206,6,2310.316981
206,7,2056.005719
206,8,1924.583873
206,9,1881.294110
206,10,1859.474188
207,6,2310.316981
207,7,2056.005719
207,8,1924.583873
207,9,1881.294110
207,10,1859.474188
208,6,2310.316981
208,7,2056.005719
208,8,1924.583873
208,9,1881.294110
208,10,1859.474188
209,6,2310.316981
209,7,2056.005719
209,8,1924.583873
209,9,1881.294110
209,10,1859.474188
210,6,2310.316981
210,7,2056.005719
210,8,1924.583873
210,9,1881.294110
210,10,1859.474188
211,6,2310.316981
211,7,2056.005719
211,8,1924.583873
211,9,1881.294110
211,10,1859.474188
212,6,2310.316981
212,7,2056.005719
212,8,1924.583873
212,9,1881.294110
212,10,1859.474188
213,6,2310.316981
213,7,2056.005719
213,8,1924.583873
213,9,1881.294110
213,10,1859.474188
214,6,2310.316981
214,7,2056.005719
214,8,1924.583873
214,9,1881.294110
214,10,1859.474188
215,6,2310.316981
215,7,2056.005719
215,8,1921.693185
215,9,1881.294110
215,10,1859.474188
216,6,2310.316981
216,7,2056.005719
216,8,1921.693185
216,9,1881.294110
216,10,1859.474188
217,6,2310.316981
217,7,2056.005719
217,8,1921.693185
217,9,1881.294110
217,10,1859.474188
218,6,2310.316981
218,7,2056.005719
218,8,1921.693185
218,9,1881.294110
218,10,1859.474188
219,6,2310.316981
219,7,2056.005719
219,8,1921.693185
219,9,1881.294110
219,10,1859.474188
220,6,2310.316981
220,7,2056.005719
220,8,1921.693185
220,9,1881.294110
220,10,1856.456679
221,6,2310.316981
221,7,2056.005719
221,8,1921.693185
221,9,1881.294110
221,10,1856.456679
222,6,2310.316981
222,7,2056.005719
222,8,1921.693185
222,9,1881.294110
222,10,1855.527996
223,6,2310.316981
223,7,2056.005719
223,8,1921.361899
223,9,1881.294110
223,10,1855.527996
224,6,2310.316981
224,7,2056.005719
224,8,1921.361899
224,9,1881.294110
224,10,1855.527996
225,6,2275.193931
225,7,2056.005719
225,8,1921.361899
225,9,1881.294110
225,10,1853.024918
226,6,2275.193931
226,7,2056.005719
226,8,1921.361899
226,9,1881.294110
226,10,1853.024918
227,6,2275.193931
227,7,2056.005719
227,8,1921.361899
227,9,1881.294110
227,10,1853.024918
228,6,2275.193931
228,7,2056.005719
228,8,1921.361899
228,9,1881.294110
228,10,1853.024918
229,6,2275.193931
229,7,2056.005719
229,8,1921.361899
229,9,1881.294110
229,10,1853.024918
230,6,2275.193931
230,7,2056.005719
230,8,1918.410056
230,9,1881.294110
230,10,1852.799475
231,6,2275.193931
231,7,2056.005719
231,8,1918.410056
231,9,1881.294110
231,10,1852.799475
232,6,2275.193931
232,7,2056.005719
232,8,1918.410056
232,9,1879.510235
232,10,1852.799475
233,6,2275.193931
233,7,2056.005719
233,8,1918.410056
233,9,1879.510235
233,10,1852.799475
234,6,2275.193931
234,7,2056.005719
234,8,1918.410056
234,9,1879.510235
234,10,1852.799475
235,6,2275.193931
235,7,2056.005719
235,8,1918.410056
235,9,1879.510235
235,10,1852.799475
236,6,2275.193931
236,7,2056.005719
236,8,1918.410056
236,9,1879.510235
236,10,1852.799475
237,6,2275.193931
237,7,2056.005719
237,8,1918.410056
237,9,1879.510235
237,10,1852.799475
238,6,2275.193931
238,7,2056.005719
238,8,1918.410056
238,9,1879.510235
238,10,1852.799475
239,6,2275.193931
239,7,2056.005719
239,8,1918.410056
239,9,1879.510235
239,10,1852.799475
240,6,2275.193931
240,7,2056.005719
240,8,1918.410056
240,9,1879.510235
240,10,1852.799475
241,6,2275.193931
241,7,2056.005719
241,8,1918.410056
241,9,1879.510235
241,10,1852.799475
242,6,2275.193931
242,7,2056.005719
242,8,1918.410056
242,9,1879.510235
242,10,1852.799475
242,11,1849.715410
243,6,2275.193931
243,7,2056.005719
243,8,1918.410056
243,9,1879.510235
243,10,1849.116041
244,6,2275.193931
244,7,2056.005719
244,8,1918.410056
244,9,1879.510235
244,10,1849.116041
245,6,2275.193931
245,7,2056.005719
245,8,1918.410056
245,9,1879.510235
245,10,1849.116041
246,6,2275.193931
246,7,2056.005719
246,8,1918.410056
246,9,1879.510235
246,10,1849.116041
247,6,2275.193931
247,7,2056.005719
247,8,1918.410056
247,9,1879.510235
247,10,1849.116041
248,6,2275.193931
248,7,2056.005719
248,8,1918.410056
248,9,1879.510235
248,10,1849.116041
249,6,2275.193931
249,7,2056.005719
249,8,1918.410056
249,9,1879.510235
249,10,1849.116041
250,6,2275.193931
250,7,2056.005719
250,8,1918.410056
250,9,1879.510235
250,10,1849.116041
251,6,2275.193931
251,7,2056.005719
251,8,1918.410056
251,9,1879.510235
251,10,1849.116041
252,6,2275.193931
252,7,2056.005719
252,8,1918.410056
252,9,1879.510235
252,10,1849.116041
253,6,2275.193931
253,7,2056.005719
253,8,1918.410056
253,9,1879.510235
253,10,1849.116041
254,6,2275.193931
254,7,2055.507264
254,8,1918.410056
254,9,1879.510235
254,10,1849.116041
255,6,2275.193931
255,7,2055.507264
255,8,1918.410056
255,9,1879.510235
255,10,1847.188292
256,6,2256.865487
256,7,2055.507264
256,8,1918.410056
256,9,1879.510235
256,10,1847.188292
257,6,2256.865487
257,7,2055.507264
257,8,1918.410056
257,9,1879.510235
257,10,1847.188292
258,6,2256.865487
258,7,2045.002894
258,8,1918.410056
258,9,1879.510235
258,10,1847.188292
259,6,2256.865487
259,7,2045.002894
259,8,1918.410056
259,9,1877.643477
259,10,1847.188292
260,6,2256.865487
260,7,2045.002894
260,8,1918.410056
260,9,1877.643477
260,10,1847.188292
261,6,2256.865487
261,7,2045.002894
261,8,1918.410056
261,9,1877.643477
261,10,1847.188292
262,6,2256.865487
262,7,2045.002894
262,8,1918.410056
262,9,1877.643477
262,10,1847.188292
263,6,2256.865487
263,7,2045.002894
263,8,1918.410056
263,9,1877.643477
263,10,1847.188292
264,6,2256.865487
264,7,2045.002894
264,8,1918.410056
264,9,1877.643477
264,10,1847.188292
265,6,2245.993237
265,7,2045.002894
265,8,1918.410056
265,9,1877.643477
265,10,1847.188292
266,6,2245.993237
266,7,2045.002894
266,8,1918.410056
266,9,1877.643477
266,10,1847.188292
267,6,2245.993237
267,7,2045.002894
267,8,1918.410056
267,9,1877.643477
267,10,1847.188292
268,6,2245.993237
268,7,2045.002894
268,8,1918.410056
268,9,1877.643477
268,10,1847.188292
269,6,2245.993237
269,7,2045.002894
269,8,1918.410056
269,9,1877.643477
269,10,1847.188292
270,6,2245.993237
270,7,2045.002894
270,8,1918.012502
270,9,1877.643477
270,10,1847.188292
271,6,2245.993237
271,7,2045.002894
271,8,1918.012502
271,9,1877.643477
271,10,1847.188292
272,6,2245.993237
272,7,2045.002894
272,8,1918.012502
272,9,1877.643477
272,10,1847.188292
273,6,2245.993237
273,7,2045.002894
273,8,1918.012502
273,9,1877.643477
273,10,1847.188292
274,6,2245.993237
274,7,2045.002894
274,8,1918.012502
274,9,1877.643477
274,10,1847.188292
275,6,2228.916795
275,7,2045.002894
275,8,1918.012502
275,9,1877.402680
275,10,1847.188292
276,6,2228.916795
276,7,2045.002894
276,8,1918.012502
276,9,1877.402680
276,10,1847.188292
277,6,2228.916795
277,7,2045.002894
277,8,1918.012502
277,9,1877.402680
277,10,1847.188292
278,6,2228.916795
278,7,2045.002894
278,8,1918.012502
278,9,1877.402680
278,10,1847.188292
279,6,2228.916795
279,7,2045.002894
279,8,1918.012502
279,9,1877.402680
279,10,1847.188292
280,6,2228.916795
280,7,2045.002894
280,8,1916.477383
280,9,1877.402680
280,10,1847.188292
280,11,1846.778573
281,6,2228.916795
281,7,2045.002894
281,8,1916.477383
281,9,1877.295910
281,10,1847.188292
281,11,1846.778573
282,6,2228.916795
282,7,2045.002894
282,8,1916.477383
282,9,1877.295910
282,10,1847.188292
282,11,1846.778573
283,6,2228.916795
283,7,2045.002894
283,8,1916.477383
283,9,1877.295910
283,10,1847.188292
283,11,1846.778573
284,6,2228.916795
284,7,2045.002894
284,8,1916.477383
284,9,1877.295910
284,10,1847.188292
284,11,1846.778573
285,6,2228.916795
285,7,2039.241279
285,8,1916.477383
285,9,1877.295910
285,10,1847.188292
285,11,1846.778573
286,6,2228.916795
286,7,2039.241279
286,8,1916.477383
286,9,1877.295910
286,10,1847.188292
286,11,1846.778573
287,6,2228.916795
287,7,2039.241279
287,8,1916.477383
287,9,1877.295910
287,10,1847.188292
287,11,1846.778573
288,6,2228.916795
288,7,2039.241279
288,8,1916.477383
288,9,1877.295910
288,10,1847.188292
288,11,1846.778573
289,6,2228.916795
289,7,2039.241279
289,8,1914.907952
289,9,1877.295910
289,10,1847.188292
289,11,1846.778573
290,6,2228.916795
290,7,2039.241279
290,8,1914.907952
290,9,1877.295910
290,10,1847.188292
290,11,1846.778573
291,6,2228.916795
291,7,2039.241279
291,8,1914.907952
291,9,1877.295910
291,10,1847.188292
291,11,1846.778573
292,6,2228.916795
292,7,2036.322378
292,8,1914.907952
292,9,1877.295910
292,10,1847.188292
292,11,1846.778573
293,6,2228.916795
293,7,2036.322378
293,8,1914.907952
293,9,1877.295910
293,10,1847.188292
293,11,1846.778573
294,6,2228.916795
294,7,2036.322378
294,8,1914.907952
294,9,1877.295910
294,10,1847.188292
294,11,1846.778573
295,6,2228.916795
295,7,2036.322378
295,8,1914.907952
295,9,1877.295910
295,10,1847.188292
295,11,1846.778573
296,6,2228.916795
296,7,2036.322378
296,8,1914.907952
296,9,1877.295910
296,10,1847.188292
296,11,1846.778573
297,6,2228.916795
297,7,2036.322378
297,8,1914.907952
297,9,1869.766458
297,10,1847.188292
297,11,1846.778573
298,6,2228.916795
298,7,2034.312953
298,8,1914.907952
298,9,1869.766458
298,10,1847.188292
298,11,1846.778573
299,6,2228.916795
299,7,2034.312953
299,8,1914.907952
299,9,1869.766458
299,10,1847.188292
299,11,1846.778573
300,6,2228.916795
300,7,2034.312953
300,8,1914.907952
300,9,1858.380378
300,10,1847.188292
300,11,1846.778573
301,6,2228.916795
301,7,2034.312953
301,8,1914.907952
301,9,1858.177093
301,10,1847.188292
301,11,1846.778573
302,6,2228.916795
302,7,2034.312953
302,8,1914.907952
302,9,1858.177093
302,10,1847.188292
302,11,1846.778573
303,6,2228.916795
303,7,2032.202985
303,8,1914.907952
303,9,1858.177093
303,10,1847.188292
303,11,1846.778573
304,6,2228.916795
304,7,2032.202985
304,8,1914.907952
304,9,1858.177093
304,10,1847.188292
304,11,1846.778573
305,6,2228.916795
305,7,2032.202985
305,8,1914.907952
305,9,1858.177093
305,10,1847.098266
305,11,1846.688547
306,6,2228.916795
306,7,2025.242112
306,8,1914.907952
306,9,1858.177093
306,10,1847.098266
306,11,1846.688547
307,6,2228.916795
307,7,2025.242112
307,8,1914.907952
307,9,1858.177093
307,10,1847.098266
307,11,1846.688547
308,6,2228.916795
308,7,2022.186842
308,8,1914.907952
308,9,1858.177093
308,10,1847.098266
308,11,1846.688547
309,6,2228.916795
309,7,2020.728211
309,8,1914.907952
309,9,1858.177093
309,10,1847.098266
309,11,1846.688547
310,6,2228.916795
310,7,2010.791158
310,8,1914.907952
310,9,1858.177093
310,10,1847.098266
310,11,1846.688547
311,6,2228.916795
311,7,2010.791158
311,8,1914.907952
311,9,1858.177093
311,10,1847.098266
311,11,1846.688547
312,6,2228.916795
312,7,2010.791158
312,8,1914.907952
312,9,1858.177093
312,10,1847.098266
312,11,1846.688547
313,6,2228.916795
313,7,2010.791158
313,8,1914.907952
313,9,1858.177093
313,10,1847.098266
313,11,1846.688547
314,6,2228.916795
314,7,2010.791158
314,8,1914.907952
314,9,1858.177093
314,10,1847.098266
314,11,1846.688547
315,6,2228.916795
315,7,2010.791158
315,8,1914.907952
315,9,1858.177093
315,10,1847.098266
315,11,1846.688547
316,6,2228.916795
316,7,2010.791158
316,8,1914.907952
316,9,1858.177093
316,10,1847.098266
316,11,1846.688547
317,6,2225.203854
317,7,2010.791158
317,8,1914.907952
317,9,1858.177093
317,10,1847.098266
317,11,1846.688547
318,6,2225.203854
318,7,2010.791158
318,8,1914.907952
318,9,1858.177093
318,10,1847.098266
318,11,1846.688547
319,6,2225.203854
319,7,2010.791158
319,8,1914.899314
319,9,1858.177093
319,10,1847.098266
319,11,1846.688547
320,6,2225.203854
320,7,2010.791158
320,8,1914.899314
320,9,1858.177093
320,10,1847.098266
320,11,1846.688547
321,6,2225.203854
321,7,2010.791158
321,8,1914.899314
321,9,1858.177093
321,10,1847.098266
321,11,1846.688547
322,6,2225.203854
322,7,2010.791158
322,8,1914.899314
322,9,1858.177093
322,10,1847.098266
322,11,1846.688547
323,6,2225.203854
323,7,2010.791158
323,8,1914.899314
323,9,1858.177093
323,10,1846.176229
324,6,2225.203854
324,7,2010.791158
324,8,1914.899314
324,9,1858.177093
324,10,1846.176229
324,11,1846.124447
325,6,2225.203854
325,7,2010.791158
325,8,1913.728533
325,9,1858.177093
325,10,1846.176229
325,11,1846.124447
326,6,2225.203854
326,7,2010.791158
326,8,1913.728533
326,9,1858.177093
326,10,1846.176229
326,11,1846.124447
327,6,2225.203854
327,7,2010.791158
327,8,1913.728533
327,9,1858.177093
327,10,1846.176229
327,11,1846.124447
328,6,2225.203854
328,7,2010.791158
328,8,1913.728533
328,9,1858.177093
328,10,1846.176229
328,11,1846.124447
329,6,2225.203854
329,7,2010.791158
329,8,1913.728533
329,9,1858.177093
329,10,1846.176229
329,11,1846.124447
