Generation,NV,TOC
1,13,3142.863895
1,15,2773.259635
1,16,2621.844259
1,18,2581.365995
1,20,2575.687193
1,21,2533.926000
1,22,2493.210763
2,12,3492.939822
2,13,3012.477626
2,14,2650.209486
2,15,2638.074982
2,16,2621.844259
2,18,2581.365995
2,19,2371.685528
3,12,2867.114225
3,14,2650.209486
3,15,2630.770276
3,16,2621.844259
3,17,2507.108153
3,19,2371.685528
4,12,2539.388476
4,16,2396.459149
4,18,2366.093121
4,20,2359.836100
5,11,3204.862502
5,12,2539.388476
5,15,2496.028211
5,16,2396.459149
5,18,2366.093121
5,20,2359.836100
6,11,3204.862502
6,12,2530.231943
6,15,2384.442305
6,18,2343.499420
6,20,2313.134496
7,11,2535.014908
7,12,2485.736695
7,14,2446.994776
7,15,2384.442305
7,17,2349.484964
7,18,2324.416869
7,20,2313.134496
8,10,3797.135154
8,11,2535.014908
8,12,2485.736695
8,14,2427.253257
8,15,2362.951935
8,16,2350.940046
8,17,2349.484964
8,18,2313.169116
8,19,2282.963120
8,20,2270.726005
9,10,3797.135154
9,11,2535.014908
9,12,2485.736695
9,14,2427.253257
9,15,2356.202126
9,16,2295.059310
9,17,2270.843172
9,20,2270.726005
10,10,2605.410011
10,11,2535.014908
10,12,2485.736695
10,14,2427.253257
10,15,2356.202126
10,16,2283.465160
10,17,2270.843172
10,19,2252.981521
11,10,2605.410011
11,11,2535.014908
11,12,2485.736695
11,14,2310.452576
11,16,2262.432760
11,19,2252.981521
12,10,2605.410011
12,11,2477.958479
12,12,2254.527587
12,19,2252.981521
13,10,2502.274460
13,11,2477.958479
13,12,2254.527587
13,13,2235.240402
14,10,2491.721895
14,11,2477.958479
14,12,2242.297245
14,13,2209.381312
14,18,2179.635366
15,10,2448.597065
15,12,2242.297245
15,13,2209.381312
15,18,2179.635366
16,10,2390.882083
16,11,2238.802158
16,13,2209.381312
16,18,2179.635366
17,9,2440.902869
17,10,2390.882083
17,11,2221.888092
17,13,2209.381312
17,15,2199.215899
17,18,2179.635366
18,9,2440.902869
18,10,2390.882083
18,11,2221.888092
18,12,2148.415843
19,9,2393.665830
19,10,2335.474685
19,11,2164.156862
19,12,2148.415843
20,9,2393.665830
20,10,2200.921263
20,11,2164.156862
20,12,2148.415843
20,13,2146.055552
20,14,2145.686375
21,9,2393.665830
21,10,2200.921263
21,11,2164.156862
21,12,2148.415843
21,13,2123.350545
22,9,2393.665830
22,10,2200.921263
22,11,2164.156862
22,12,2148.415843
22,13,2123.350545
23,8,2737.325042
23,9,2393.665830
23,10,2200.921263
23,11,2164.156862
23,12,2148.415843
23,13,2121.883383
24,8,2737.325042
24,9,2351.476664
24,10,2192.589420
24,11,2120.082716
24,14,2113.089845
25,8,2737.325042
25,9,2351.476664
25,10,2192.589420
25,11,2120.082716
25,14,2113.089845
26,8,2737.325042
26,9,2302.899369
26,10,2151.325666
26,11,2120.082716
26,14,2113.089845
27,8,2662.065984
27,9,2302.899369
27,10,2151.325666
27,11,2120.082716
27,14,2113.089845
28,8,2580.502805
28,9,2302.899369
28,10,2151.325666
28,11,2120.082716
28,14,2113.089845
29,8,2560.124270
29,9,2285.769938
29,10,2137.185279
29,11,2111.587109
29,13,2097.083692
30,8,2560.124270
30,9,2285.769938
30,10,2137.185279
30,11,2111.587109
30,12,2102.112097
30,13,2097.083692
31,8,2560.124270
31,9,2274.194401
31,10,2137.185279
31,11,2111.587109
31,12,2089.650265
32,8,2435.057323
32,9,2269.834302
32,10,2137.185279
32,11,2111.587109
32,12,2089.650265
33,8,2435.057323
33,9,2230.211130
33,10,2137.185279
33,11,2111.587109
33,12,2089.650265
34,8,2435.057323
34,9,2230.211130
34,10,2129.683323
34,11,2077.693683
35,8,2435.057323
35,9,2230.211130
35,10,2107.246470
35,11,2077.693683
36,8,2435.057323
36,9,2226.903770
36,10,2107.246470
36,11,2077.693683
36,12,2076.918698
37,8,2435.057323
37,9,2226.903770
37,10,2107.246470
37,11,2077.693683
37,12,2076.918698
38,8,2415.899863
38,9,2118.870817
38,10,2107.246470
38,11,2077.693683
38,12,2076.918698
38,13,2063.800671
39,8,2415.899863
39,9,2118.870817
39,10,2107.246470
39,11,2053.746638
40,8,2415.899863
40,9,2118.870817
40,10,2107.246470
40,11,2053.746638
41,8,2415.899863
41,9,2118.870817
41,10,2101.440893
41,11,2053.746638
42,8,2405.638316
42,9,2118.870817
42,10,2101.440893
42,11,2053.746638
43,8,2321.872724
43,9,2118.870817
43,10,2101.440893
43,11,2047.998069
44,8,2296.010730
44,9,2113.660614
44,10,2101.440893
44,11,2047.998069
45,7,2909.822210
45,8,2296.010730
45,9,2113.660614
45,10,2101.440893
45,11,2047.998069
45,12,2044.376913
46,7,2909.822210
46,8,2296.010730
46,9,2113.660614
46,10,2101.440893
46,11,2047.998069
46,12,2044.376913
47,7,2909.822210
47,8,2296.010730
47,9,2113.660614
47,10,2101.440893
47,11,2047.998069
47,12,2044.376913
48,7,2909.822210
48,8,2296.010730
48,9,2113.660614
48,10,2101.440893
48,11,2047.998069
48,12,2044.376913
49,7,2909.822210
49,8,2296.010730
49,9,2110.629026
49,10,2101.440893
49,11,2039.432116
50,7,2909.822210
50,8,2296.010730
50,9,2098.328960
50,11,2039.432116
51,7,2909.822210
51,8,2296.010730
51,9,2098.328960
51,10,2070.287919
51,11,2039.432116
52,7,2909.822210
52,8,2296.010730
52,9,2098.328960
52,10,2070.287919
52,11,2039.432116
53,7,2909.822210
53,8,2296.010730
53,9,2098.328960
53,10,2070.287919
53,11,2039.432116
54,7,2909.822210
54,8,2296.010730
54,9,2098.328960
54,10,2070.287919
54,11,2039.432116
55,7,2909.822210
55,8,2296.010730
55,9,2098.328960
55,10,2070.287919
55,11,2039.432116
55,13,2037.577411
56,7,2909.822210
56,8,2296.010730
56,9,2096.587819
56,10,2070.287919
56,11,2039.403689
56,13,2032.209925
57,7,2909.822210
57,8,2296.010730
57,9,2091.651648
57,10,2070.287919
57,11,2039.403689
57,13,2032.209925
58,7,2909.822210
58,8,2296.010730
58,9,2085.432660
58,10,2070.287919
58,11,2026.070182
59,7,2909.822210
59,8,2296.010730
59,9,2080.222456
59,10,2070.287919
59,11,2026.070182
60,7,2754.156586
60,8,2296.010730
60,9,2080.222456
60,10,2066.862969
60,11,2026.070182
61,7,2754.156586
61,8,2296.010730
61,9,2077.645312
61,10,2066.862969
61,11,2026.070182
62,7,2754.156586
62,8,2296.010730
62,9,2077.645312
62,10,2066.862969
62,11,2026.070182
63,7,2731.343128
63,8,2244.613770
63,9,2077.645312
63,10,2066.862969
63,11,2015.559430
64,7,2663.092768
64,8,2172.722833
64,9,2070.683534
64,10,2066.862969
64,11,2015.559430
65,7,2663.092768
65,8,2172.722833
65,9,2070.683534
65,10,2066.862969
65,11,2015.559430
66,7,2663.092768
66,8,2172.722833
66,9,2070.683534
66,10,2066.862969
66,11,2015.559430
67,7,2663.092768
67,8,2172.722833
67,9,2070.683534
67,10,2066.862969
67,11,2015.559430
68,7,2663.092768
68,8,2172.722833
68,9,2070.683534
68,10,2066.862969
68,11,2015.559430
69,7,2663.092768
69,8,2168.580079
69,9,2070.683534
69,10,2066.862969
69,11,2015.559430
70,7,2531.102383
70,8,2149.510583
70,9,2070.683534
70,10,2053.981418
70,11,2015.559430
71,7,2531.102383
71,8,2092.465666
71,9,2070.683534
71,10,2053.981418
71,11,2015.559430
72,7,2531.102383
72,8,2092.465666
72,9,2070.683534
72,10,2045.674860
72,11,2015.559430
73,7,2531.102383
73,8,2092.465666
73,9,2070.683534
73,10,2031.563532
73,11,2015.559430
74,7,2529.431137
74,8,2092.465666
74,9,2061.495409
74,10,2031.563532
74,11,2015.559430
75,7,2529.431137
75,8,2092.465666
75,9,2061.495409
75,10,2031.563532
75,11,2014.145904
76,7,2529.431137
76,8,2092.465666
76,9,2061.495409
76,10,2031.563532
76,11,2014.145904
77,7,2529.431137
77,8,2092.465666
77,9,2061.495409
77,10,2025.992064
77,11,2014.145904
78,7,2519.602485
78,8,2092.465666
78,9,2060.185559
78,10,2025.992064
78,11,2014.145904
79,7,2510.452475
79,8,2092.465666
79,9,2060.185559
79,10,2025.992064
79,11,2001.830905
80,7,2482.753875
80,8,2092.465666
80,9,2060.185559
80,10,2025.992064
80,11,2001.830905
81,7,2482.753875
81,8,2092.465666
81,9,2060.185559
81,10,2025.992064
81,11,2001.830905
82,7,2482.753875
82,8,2092.465666
82,9,2060.185559
82,10,2025.992064
82,11,2001.830905
83,7,2482.753875
83,8,2088.626970
83,9,2060.185559
83,10,2025.992064
83,11,2001.830905
84,7,2455.252699
84,8,2088.626970
84,9,2060.185559
84,10,2025.992064
84,11,2001.830905
85,7,2455.252699
85,8,2088.626970
85,9,2060.185559
85,10,2025.992064
85,11,2001.830905
86,7,2455.252699
86,8,2088.626970
86,9,2060.185559
86,10,2025.992064
86,11,2001.830905
87,7,2454.129107
87,8,2088.626970
87,9,2060.185559
87,10,2025.992064
87,11,2001.830905
88,7,2449.541737
88,8,2088.626970
88,9,2060.185559
88,10,2016.645461
88,11,2001.830905
89,7,2426.291810
89,8,2088.626970
89,9,2060.185559
89,10,2016.645461
89,11,2001.830905
90,7,2383.389250
90,8,2050.794186
90,10,2016.645461
90,11,2001.830905
91,7,2326.554050
91,8,2050.794186
91,10,2002.315038
91,11,2001.830905
92,7,2326.554050
92,8,2050.794186
92,10,2002.315038
92,11,2001.830905
93,7,2326.554050
93,8,2050.794186
93,10,2002.315038
93,11,2001.830905
94,7,2326.554050
94,8,2050.794186
94,10,2001.473092
95,7,2326.554050
95,8,2050.794186
95,10,2001.473092
96,7,2274.239228
96,8,2050.794186
96,10,2001.473092
97,7,2274.239228
97,8,2043.117953
97,10,2001.473092
98,7,2274.239228
98,8,2043.117953
98,10,2001.473092
99,7,2269.273785
99,8,2039.824923
99,10,2001.473092
100,7,2269.273785
100,8,2039.824923
100,10,2001.473092
101,7,2269.273785
101,8,2039.824923
101,10,2001.473092
102,7,2269.273785
102,8,2039.824923
102,10,2001.473092
103,7,2269.273785
103,8,2039.824923
103,10,2001.473092
104,7,2269.273785
104,8,2039.824923
104,10,2001.473092
105,7,2269.273785
105,8,2039.824923
105,10,2000.018176
106,7,2269.273785
106,8,2039.824923
106,10,2000.018176
107,7,2269.273785
107,8,2039.824923
107,10,2000.018176
108,7,2255.583320
108,8,2039.824923
108,10,2000.018176
109,7,2240.160222
109,8,2039.824923
109,9,2023.706777
109,10,1996.703656
109,11,1993.017974
109,12,1992.077185
110,7,2240.127123
110,8,2039.824923
110,9,2023.706777
110,10,1994.548612
110,11,1993.017974
110,12,1992.077185
111,7,2240.127123
111,8,2039.824923
111,9,2023.706777
111,10,1994.548612
111,11,1993.017974
111,12,1992.077185
112,7,2240.127123
112,8,2039.372718
112,9,2023.706777
112,10,1994.548612
112,11,1992.248136
112,12,1992.077185
113,7,2240.127123
113,8,2039.372718
113,9,2023.706777
113,10,1994.548612
113,11,1992.248136
113,12,1992.077185
114,7,2240.127123
114,8,2034.319549
114,9,2023.706777
114,10,1994.548612
114,11,1992.248136
114,12,1992.077185
115,7,2240.127123
115,8,2034.319549
115,9,2023.706777
115,10,1994.548612
115,11,1992.248136
115,12,1992.077185
116,7,2240.127123
116,8,2034.319549
116,9,2023.706777
116,10,1994.548612
116,11,1989.214468
117,7,2240.127123
117,8,2034.319549
117,9,2023.706777
117,10,1994.548612
117,11,1989.214468
118,7,2240.127123
118,8,2034.319549
118,9,2023.706777
118,10,1988.875623
119,7,2237.609720
119,8,2034.319549
119,9,2023.706777
119,10,1978.999012
120,7,2199.190134
120,8,2034.319549
120,9,2023.706777
120,10,1978.999012
121,7,2199.190134
121,8,2034.319549
121,9,2023.706777
121,10,1978.999012
122,7,2199.190134
122,8,2032.182197
122,9,2023.706777
122,10,1978.999012
123,7,2137.818503
123,8,2032.182197
123,9,2023.706777
123,10,1978.999012
124,7,2137.818503
124,8,2032.182197
124,9,2021.752443
124,10,1978.999012
125,7,2137.818503
125,8,2032.182197
125,9,2021.752443
125,10,1978.999012
126,7,2137.818503
126,8,2032.182197
126,9,2001.708427
126,10,1978.999012
127,7,2137.818503
127,8,2032.182197
127,9,2001.708427
127,10,1978.999012
128,7,2137.818503
128,8,2032.182197
128,9,2001.708427
128,10,1978.999012
129,7,2137.818503
129,8,2028.087404
129,9,2001.708427
129,10,1978.999012
130,7,2136.271470
130,8,2028.087404
130,9,2001.708427
130,10,1978.999012
131,7,2136.271470
131,8,2028.087404
131,9,2001.708427
131,10,1978.999012
132,7,2136.271470
132,8,2028.087404
132,9,2001.708427
132,10,1978.999012
133,7,2136.271470
133,8,2028.087404
133,9,2001.708427
133,10,1978.999012
134,7,2136.271470
134,8,2028.087404
134,9,2001.708427
134,10,1978.999012
135,7,2136.271470
135,8,2028.087404
135,9,2001.708427
135,10,1978.999012
136,7,2136.271470
136,8,2028.087404
136,9,2001.708427
136,10,1978.999012
137,7,2136.271470
137,8,2028.087404
137,9,2001.708427
137,10,1978.999012
138,7,2136.271470
138,8,2028.087404
138,9,2001.708427
138,10,1978.999012
139,7,2136.271470
139,8,2008.140292
139,9,2001.708427
139,10,1978.999012
140,7,2136.271470
140,8,2008.140292
140,9,2001.708427
140,10,1978.999012
141,7,2136.271470
141,8,2008.140292
141,9,2001.708427
141,10,1978.999012
142,7,2136.271470
142,8,2008.140292
142,9,2001.708427
142,10,1978.999012
143,7,2136.271470
143,8,2008.140292
143,9,2001.708427
143,10,1978.999012
144,7,2136.271470
144,8,2008.140292
144,9,1986.213006
144,10,1978.999012
145,7,2136.271470
145,8,2008.140292
145,9,1986.213006
145,10,1978.999012
146,7,2126.568576
146,8,2008.140292
146,9,1986.213006
146,10,1978.999012
147,7,2126.568576
147,8,2008.140292
147,9,1986.213006
147,10,1978.999012
148,7,2126.568576
148,8,2008.140292
148,9,1986.213006
148,10,1978.999012
149,7,2125.617316
149,8,2008.140292
149,9,1986.213006
149,10,1978.999012
150,7,2125.617316
150,8,2008.140292
150,9,1986.213006
150,10,1978.999012
151,7,2125.617316
151,8,2008.140292
151,9,1986.213006
151,10,1978.999012
152,7,2125.617316
152,8,2008.140292
152,9,1986.213006
152,10,1978.999012
153,7,2125.617316
153,8,2008.140292
153,9,1986.213006
153,10,1978.999012
154,7,2125.617316
154,8,2008.140292
154,9,1986.213006
154,10,1978.999012
155,7,2125.617316
155,8,2008.140292
155,9,1986.213006
155,10,1978.999012
156,7,2125.617316
156,8,2008.140292
156,9,1986.213006
156,10,1978.999012
157,7,2125.617316
157,8,2008.140292
157,9,1986.213006
157,10,1978.999012
158,7,2125.617316
158,8,2008.140292
158,9,1986.213006
158,10,1978.999012
159,7,2125.617316
159,8,2008.140292
159,9,1986.213006
159,10,1978.999012
160,7,2125.617316
160,8,2008.140292
160,9,1986.213006
160,10,1978.999012
161,7,2120.180371
161,8,2008.140292
161,9,1986.213006
161,10,1978.999012
162,7,2120.180371
162,8,2008.140292
162,9,1986.213006
162,10,1978.999012
163,7,2120.180371
163,8,2008.140292
163,9,1986.213006
163,10,1978.999012
164,7,2120.180371
164,8,2008.140292
164,9,1986.213006
164,10,1978.999012
165,7,2120.180371
165,8,2008.140292
165,9,1986.213006
165,10,1978.999012
166,7,2120.180371
166,8,2008.140292
166,9,1986.213006
166,10,1978.999012
167,7,2120.180371
167,8,2008.140292
167,9,1986.213006
167,10,1978.999012
168,7,2120.180371
168,8,2008.140292
168,9,1986.213006
168,10,1978.999012
169,7,2120.180371
169,8,2008.140292
169,9,1986.213006
169,10,1978.999012
170,7,2120.180371
170,8,2008.140292
170,9,1986.213006
170,10,1978.999012
171,7,2120.180371
171,8,2008.140292
171,9,1986.213006
171,10,1978.999012
172,7,2120.180371
172,8,2008.140292
172,9,1986.213006
172,10,1978.999012
173,7,2120.180371
173,8,2008.140292
173,9,1986.213006
173,10,1978.999012
174,7,2120.180371
174,8,2008.140292
174,9,1986.213006
174,10,1978.999012
175,7,2120.180371
175,8,2008.140292
175,9,1986.213006
175,10,1978.999012
176,7,2120.180371
176,8,2008.140292
176,9,1986.213006
176,10,1978.999012
177,7,2120.180371
177,8,2008.140292
177,9,1986.213006
177,10,1978.999012
177,11,1976.203313
178,7,2120.180371
178,8,2008.140292
178,9,1986.213006
178,10,1978.999012
178,11,1976.203313
179,7,2120.180371
179,8,2008.140292
179,9,1986.213006
179,10,1978.999012
179,11,1976.203313
180,7,2120.180371
180,8,2008.140292
180,9,1986.213006
180,10,1978.999012
180,11,1976.203313
181,7,2120.180371
181,8,2008.140292
181,9,1986.213006
181,10,1978.999012
181,11,1976.203313
182,7,2120.180371
182,8,2008.140292
182,9,1986.213006
182,10,1978.999012
182,11,1976.203313
183,7,2120.180371
183,8,2008.140292
183,9,1986.213006
183,10,1978.999012
183,11,1976.203313
184,7,2120.180371
184,8,2008.140292
184,9,1986.213006
184,10,1978.999012
184,11,1976.203313
185,7,2120.180371
185,8,2008.140292
185,9,1985.543541
185,10,1978.999012
185,11,1976.203313
186,7,2120.180371
186,8,2008.140292
186,9,1985.543541
186,10,1978.999012
186,11,1976.203313
187,7,2120.180371
187,8,2008.140292
187,9,1985.543541
187,10,1978.999012
187,11,1976.203313
188,7,2120.180371
188,8,2008.140292
188,9,1985.543541
188,10,1978.999012
188,11,1976.203313
189,7,2096.988551
189,8,2008.140292
189,9,1985.543541
189,10,1978.999012
189,11,1976.203313
190,7,2096.988551
190,8,2008.140292
190,9,1984.462044
190,10,1978.999012
190,11,1976.203313
191,7,2096.988551
191,8,2008.140292
191,9,1984.462044
191,10,1978.999012
191,11,1976.203313
192,7,2096.988551
192,8,2008.140292
192,9,1984.462044
192,10,1978.999012
192,11,1976.203313
193,7,2094.075772
193,8,2008.140292
193,9,1984.462044
193,10,1978.999012
193,11,1976.203313
194,7,2094.075772
194,8,2008.140292
194,9,1984.462044
194,10,1978.999012
194,11,1976.203313
195,7,2094.075772
195,8,2008.140292
195,9,1984.462044
195,10,1978.999012
195,11,1976.203313
196,7,2094.075772
196,8,2008.140292
196,9,1984.462044
196,10,1978.999012
196,11,1976.203313
197,7,2094.075772
197,8,2007.578903
197,9,1984.462044
197,10,1978.999012
197,11,1976.203313
198,7,2094.075772
198,8,2007.578903
198,9,1984.462044
198,10,1978.999012
198,11,1976.203313
199,7,2094.075772
199,8,2007.578903
199,9,1984.462044
199,10,1978.999012
199,11,1976.203313
200,7,2094.075772
200,8,2007.578903
200,9,1984.462044
200,10,1978.999012
200,11,1976.203313
201,7,2094.075772
201,8,2007.578903
201,9,1984.462044
201,10,1978.999012
201,11,1976.203313
202,7,2094.075772
202,8,2007.578903
202,9,1984.462044
202,10,1978.999012
202,11,1976.203313
203,7,2094.075772
203,8,2007.578903
203,9,1984.462044
203,10,1978.999012
203,11,1976.203313
204,7,2094.075772
204,8,2006.188485
204,9,1984.462044
204,10,1978.526352
204,11,1976.203313
205,7,2094.075772
205,8,2006.188485
205,9,1984.462044
205,10,1978.526352
205,11,1976.203313
206,7,2094.075772
206,8,2006.188485
206,9,1984.462044
206,10,1978.526352
206,11,1976.203313
207,7,2085.386423
207,8,2006.188485
207,9,1984.462044
207,10,1978.526352
207,11,1976.203313
208,7,2085.386423
208,8,2006.188485
208,9,1984.462044
208,10,1978.526352
208,11,1976.203313
209,7,2085.386423
209,8,2006.188485
209,9,1984.462044
209,10,1978.526352
209,11,1976.203313
210,7,2085.386423
210,8,2006.188485
210,9,1984.462044
210,10,1978.526352
210,11,1976.203313
211,7,2085.386423
211,8,2006.188485
211,9,1984.462044
211,10,1978.526352
211,11,1976.203313
212,7,2085.386423
212,8,2006.188485
212,9,1984.462044
212,10,1978.526352
212,11,1976.203313
213,7,2085.386423
213,8,2006.188485
213,9,1984.462044
213,10,1978.526352
213,11,1976.203313
214,7,2084.690424
214,8,2006.188485
214,9,1984.462044
214,10,1978.526352
214,11,1976.203313
215,7,2084.690424
215,8,2006.188485
215,9,1984.462044
215,10,1978.526352
215,11,1976.203313
216,7,2084.690424
216,8,2006.188485
216,9,1984.462044
216,10,1978.526352
216,11,1971.430019
217,7,2084.690424
217,8,2006.188485
217,9,1984.462044
217,10,1978.526352
217,11,1971.430019
218,7,2084.690424
218,8,2006.188485
218,9,1984.462044
218,10,1978.526352
218,11,1971.430019
219,7,2084.690424
219,8,2006.188485
219,9,1984.462044
219,10,1974.555232
219,11,1971.430019
220,7,2084.690424
220,8,2006.188485
220,9,1984.462044
220,10,1974.555232
220,11,1971.430019
221,7,2081.993518
221,8,2006.188485
221,9,1984.462044
221,10,1974.555232
221,11,1971.430019
222,7,2081.993518
222,8,2006.188485
222,9,1984.462044
222,10,1974.555232
222,11,1971.430019
223,7,2081.993518
223,8,2006.188485
223,9,1984.462044
223,10,1974.555232
223,11,1971.430019
224,7,2081.993518
224,8,2006.188485
224,9,1984.462044
224,10,1974.555232
224,11,1971.430019
225,7,2081.993518
225,8,2006.188485
225,9,1984.462044
225,10,1974.555232
225,11,1971.430019
226,7,2081.993518
226,8,2006.188485
226,9,1984.462044
226,10,1974.555232
226,11,1971.430019
227,7,2081.993518
227,8,2006.188485
227,9,1984.462044
227,10,1974.555232
227,11,1971.430019
228,7,2081.993518
228,8,2006.188485
228,9,1984.462044
228,10,1974.555232
228,11,1971.430019
229,7,2081.993518
229,8,2006.188485
229,9,1984.462044
229,10,1974.555232
229,11,1971.430019
230,7,2081.993518
230,8,2006.188485
230,9,1984.462044
230,10,1974.555232
230,11,1971.430019
231,7,2081.993518
231,8,2005.799513
231,9,1984.462044
231,10,1974.555232
231,11,1971.430019
232,7,2081.993518
232,8,2005.799513
232,9,1984.346980
232,10,1974.555232
232,11,1971.430019
233,7,2081.993518
233,8,2005.799513
233,9,1977.804279
233,10,1974.555232
233,11,1971.430019
234,7,2081.993518
234,8,2005.799513
234,9,1977.804279
234,10,1974.555232
234,11,1971.430019
235,7,2081.993518
235,8,2005.799513
235,9,1977.804279
235,10,1974.555232
235,11,1971.430019
236,7,2081.993518
236,8,2005.799513
236,9,1977.804279
236,10,1974.555232
236,11,1971.430019
237,7,2081.993518
237,8,2005.799513
237,9,1977.804279
237,10,1974.555232
237,11,1971.430019
238,7,2081.993518
238,8,2005.799513
238,9,1977.804279
238,10,1974.555232
238,11,1971.430019
239,7,2081.993518
239,8,2005.799513
239,9,1977.804279
239,10,1974.555232
239,11,1971.430019
240,7,2081.993518
240,8,2005.799513
240,9,1977.804279
240,10,1974.555232
240,11,1971.430019
241,7,2081.993518
241,8,2005.799513
241,9,1977.804279
241,10,1974.555232
241,11,1971.430019
242,7,2081.993518
242,8,2005.799513
242,9,1977.804279
242,10,1974.555232
242,11,1971.430019
243,7,2081.993518
243,8,2005.799513
243,9,1977.804279
243,10,1974.555232
243,11,1971.430019
244,7,2081.993518
244,8,2005.799513
244,9,1977.804279
244,10,1974.555232
244,11,1971.430019
245,7,2081.993518
245,8,2005.799513
245,9,1977.804279
245,10,1974.555232
245,11,1971.430019
246,7,2081.993518
246,8,2005.799513
246,9,1977.804279
246,10,1974.555232
246,11,1971.430019
247,7,2081.993518
247,8,2005.799513
247,9,1974.737368
247,10,1974.555232
247,11,1971.430019
248,7,2081.993518
248,8,2005.799513
248,9,1974.737368
248,10,1974.555232
248,11,1971.430019
249,7,2081.993518
249,8,2005.799513
249,9,1974.737368
249,10,1974.555232
249,11,1971.430019
250,7,2081.993518
250,8,2005.799513
250,9,1974.737368
250,10,1974.555232
250,11,1971.430019
251,7,2081.993518
251,8,2005.799513
251,9,1974.737368
251,10,1974.555232
251,11,1971.430019
252,7,2081.993518
252,8,2005.799513
252,9,1974.219805
252,11,1971.430019
253,7,2081.993518
253,8,2005.799513
253,9,1974.219805
253,11,1971.430019
254,7,2081.993518
254,8,2005.799513
254,9,1974.219805
254,11,1971.430019
255,7,2081.993518
255,8,2005.799513
255,9,1974.219805
255,11,1971.430019
256,7,2081.993518
256,8,2005.799513
256,9,1974.219805
256,10,1974.178217
256,11,1971.430019
257,7,2081.993518
257,8,2005.731360
257,9,1974.219805
257,10,1974.178217
257,11,1971.430019
258,7,2071.086079
258,8,2005.731360
258,9,1974.219805
258,10,1974.178217
258,11,1971.430019
259,7,2071.086079
259,8,2005.731360
259,9,1974.219805
259,10,1974.178217
259,11,1971.430019
260,7,2071.086079
260,8,2005.731360
260,9,1974.219805
260,10,1973.280367
260,11,1971.430019
261,7,2071.086079
261,8,2005.731360
261,9,1963.131741
262,7,2071.086079
262,8,2005.731360
262,9,1963.131741
263,7,2052.416025
263,8,2005.731360
263,9,1963.131741
264,7,2052.416025
264,8,2005.731360
264,9,1963.131741
265,7,2052.416025
265,8,2005.731360
265,9,1963.131741
266,7,2052.416025
266,8,2005.731360
266,9,1963.131741
267,7,2052.416025
267,8,2005.731360
267,9,1963.131741
268,7,2052.416025
268,8,2005.731360
268,9,1963.131741
269,7,2052.416025
269,8,2005.731360
269,9,1963.131741
270,7,2052.416025
270,8,2005.731360
270,9,1963.131741
271,7,2052.416025
271,8,2005.731360
271,9,1963.131741
272,7,2052.416025
272,8,2005.731360
272,9,1963.131741
273,7,2052.416025
273,8,2005.731360
273,9,1963.131741
274,7,2052.416025
274,8,2005.731360
274,9,1963.131741
275,7,2052.416025
275,8,2005.731360
275,9,1963.131741
276,7,2052.416025
276,8,2005.731360
276,9,1963.131741
277,7,2052.416025
277,8,2005.731360
277,9,1963.131741
278,7,2052.416025
278,8,2005.731360
278,9,1963.131741
279,7,2052.416025
279,8,2005.731360
279,9,1963.131741
280,7,2052.416025
280,8,2005.731360
280,9,1963.131741
281,7,2051.267488
281,8,2005.731360
281,9,1963.131741
282,7,2051.267488
282,8,2005.731360
282,9,1963.131741
283,7,2051.267488
283,8,2005.731360
283,9,1963.131741
284,7,2051.267488
284,8,2005.731360
284,9,1963.131741
285,7,2051.267488
285,8,2005.731360
285,9,1963.131741
286,7,2051.267488
286,8,2005.731360
286,9,1963.131741
287,7,2051.267488
287,8,2005.731360
287,9,1963.131741
288,7,2051.267488
288,8,2005.731360
288,9,1963.131741
289,7,2051.267488
289,8,2005.731360
289,9,1963.131741
290,7,2051.267488
290,8,2005.731360
290,9,1963.131741
291,7,2051.267488
291,8,2005.731360
291,9,1963.131741
292,7,2051.267488
292,8,2005.731360
292,9,1960.904353
293,7,2051.267488
293,8,2005.731360
293,9,1960.904353
294,7,2051.267488
294,8,2005.731360
294,9,1960.904353
295,7,2049.280304
295,8,2005.731360
295,9,1960.904353
296,7,2049.280304
296,8,2005.731360
296,9,1960.904353
297,7,2049.280304
297,8,2005.731360
297,9,1960.904353
298,7,2049.280304
298,8,2005.731360
298,9,1960.904353
299,7,2049.280304
299,8,2005.731360
299,9,1960.904353
300,7,2049.280304
300,8,2005.731360
300,9,1960.904353
301,7,2049.280304
301,8,2005.731360
301,9,1960.904353
302,7,2049.280304
302,8,2005.731360
302,9,1960.904353
303,7,2049.280304
303,8,2005.731360
303,9,1960.904353
304,7,2049.280304
304,8,2005.731360
304,9,1960.904353
305,7,2049.280304
305,8,2005.731360
305,9,1960.904353
306,7,2049.280304
306,8,2005.731360
306,9,1960.904353
307,7,2049.280304
307,8,2005.731360
307,9,1960.904353
308,7,2049.280304
308,8,2005.731360
308,9,1960.904353
309,7,2049.280304
309,8,2005.731360
309,9,1960.904353
310,7,2049.280304
310,8,2005.731360
310,9,1960.904353
311,7,2049.280304
311,8,2005.731360
311,9,1960.904353
312,7,2049.280304
312,8,2005.731360
312,9,1960.904353
313,7,2049.280304
313,8,2005.731360
313,9,1960.904353
314,7,2049.280304
314,8,2005.731360
314,9,1960.904353
315,7,2049.280304
315,8,2005.731360
315,9,1960.904353
316,7,2049.280304
316,8,2005.731360
316,9,1960.904353
317,7,2049.280304
317,8,2005.731360
317,9,1960.904353
318,7,2049.280304
318,8,2005.731360
318,9,1960.904353
319,7,2049.280304
319,8,2005.731360
319,9,1960.904353
320,7,2049.280304
320,8,2005.731360
320,9,1960.904353
321,7,2049.280304
321,8,2005.731360
321,9,1960.904353
322,7,2049.280304
322,8,2005.731360
322,9,1960.904353
323,7,2049.280304
323,8,2005.731360
323,9,1960.904353
324,7,2049.280304
324,8,2005.731360
324,9,1960.904353
325,7,2049.280304
325,8,2005.731360
325,9,1960.904353
326,7,2049.280304
326,8,2005.731360
326,9,1960.904353
327,7,2049.280304
327,8,2005.731360
327,9,1960.904353
328,7,2049.280304
328,8,2005.731360
328,9,1960.904353
329,7,2049.280304
329,8,2005.731360
329,9,1960.904353
330,7,2049.280304
330,8,2005.731360
330,9,1960.904353
