Generation,NV,TOC
1,20,6021.295072
1,21,5576.252581
1,22,5523.835467
1,23,5306.898412
1,24,5112.290993
1,25,4855.552397
1,26,4633.524689
1,39,4534.351313
1,42,4526.027982
2,20,5405.565707
2,21,5109.937896
2,25,4855.552397
2,26,4515.053935
2,38,4501.778898
2,39,4398.494604
3,20,4830.481618
3,24,4741.854400
3,25,4634.746030
3,26,4503.850926
3,28,4500.219473
3,37,4335.750975
4,19,5637.230027
4,20,4830.481618
4,23,4769.453636
4,24,4741.854400
4,25,4582.240436
4,26,4503.850926
4,28,4455.881563
4,31,4369.254640
4,33,4360.626947
4,34,4348.864641
4,37,4333.073217
5,18,5121.701168
5,20,4830.481618
5,22,4702.803301
5,25,4430.589213
5,26,4415.879852
5,31,4197.679790
5,36,4147.406369
6,18,5121.701168
6,19,4986.881366
6,20,4830.481618
6,21,4681.131743
6,22,4677.819550
6,25,4430.589213
6,26,4415.879852
6,27,4392.514925
6,28,4384.978051
6,29,4383.517919
6,30,4350.561128
6,31,4197.679790
6,36,4147.406369
6,37,4141.083777
7,18,5121.701168
7,19,4770.823007
7,20,4626.429874
7,21,4536.184267
7,24,4411.755734
7,27,4350.925715
7,28,4244.262623
7,30,4195.471759
7,32,4121.693511
7,36,4119.162636
7,38,4099.702210
8,17,5337.035751
8,18,5068.165952
8,19,4527.327025
8,21,4454.426991
8,24,4411.755734
8,27,4350.925715
8,28,4244.262623
8,30,4195.471759
8,32,4121.693511
8,35,4108.473758
8,38,4099.702210
9,17,5030.933218
9,19,4527.327025
9,21,4414.016530
9,24,4362.180418
9,26,4352.735947
9,27,4178.582686
9,29,4162.877505
9,30,4067.106298
10,17,4616.959207
10,18,4481.493023
10,21,4410.253907
10,22,4377.860042
10,23,4353.814838
10,25,4247.404368
10,26,4172.870747
10,28,4119.816322
10,30,4067.106298
10,36,4057.242565
11,16,5570.861860
11,17,4616.959207
11,18,4481.493023
11,21,4392.514586
11,22,4356.653784
11,23,4353.814838
11,24,4294.800486
11,25,4238.053600
11,26,4113.864399
11,29,4090.104568
11,30,4067.106298
11,36,4057.242565
12,16,5570.861860
12,17,4611.055083
12,18,4481.493023
12,20,4367.212247
12,21,4283.141732
12,23,4228.087514
12,26,4113.864399
12,28,4076.426789
12,30,4067.106298
12,36,4057.242565
13,16,5570.861860
13,17,4611.055083
13,18,4481.493023
13,20,4367.212247
13,21,4283.141732
13,23,4228.087514
13,25,4191.858240
13,26,4113.864399
13,27,4104.031762
13,28,4076.426789
13,30,4067.106298
13,32,4039.408155
13,33,4035.053115
13,34,4028.498873
14,16,4748.173861
14,17,4609.977427
14,18,4306.926776
14,21,4242.927466
14,23,4228.087514
14,24,4184.458853
14,25,4131.357561
14,26,4113.864399
14,27,4104.031762
14,28,4074.483224
14,30,3984.891660
15,15,5957.436540
15,16,4506.046005
15,17,4386.570827
15,18,4306.926776
15,21,4242.927466
15,22,4115.456667
15,23,4071.248905
15,29,4028.473594
15,30,3984.891660
16,15,4959.491153
16,16,4496.705426
16,17,4372.738348
16,18,4267.022073
16,21,4076.521073
16,23,4047.088516
16,29,3979.451456
17,15,4959.491153
17,16,4496.705426
17,17,4246.691200
17,21,4076.521073
17,23,4047.088516
17,26,4043.593409
17,28,4024.174863
17,29,3979.451456
18,15,4951.334140
18,16,4492.980942
18,17,4222.534268
18,18,4157.472572
18,20,4064.293643
18,23,4018.277363
18,27,3964.132399
18,28,3959.984261
19,15,4573.269259
19,16,4492.980942
19,17,4222.534268
19,18,4153.451270
19,20,4064.293643
19,22,4008.302893
19,27,3964.132399
19,28,3959.984261
20,15,4452.422471
20,17,4196.847282
20,18,4133.884417
20,20,4026.111514
20,22,3998.057045
20,23,3997.985311
20,25,3969.873964
20,26,3945.721635
20,28,3943.413621
21,15,4452.422471
21,16,4203.977364
21,17,4196.847282
21,18,4133.884417
21,20,4026.111514
21,22,3998.057045
21,23,3997.985311
21,25,3969.873964
21,26,3945.721635
21,28,3943.413621
22,15,4452.422471
22,16,4202.871181
22,17,4189.012392
22,18,4132.492343
22,20,4023.268903
22,22,3998.057045
22,23,3988.828058
22,25,3969.873964
22,26,3945.721635
22,28,3943.413621
22,32,3923.711096
23,14,4435.166106
23,16,4202.871181
23,17,4189.012392
23,18,4129.500110
23,20,4023.268903
23,22,3998.057045
23,23,3988.828058
23,25,3969.873964
23,26,3945.721635
23,27,3943.493708
23,28,3934.220669
23,32,3923.711096
24,14,4314.424306
24,16,4202.871181
24,17,4145.777967
24,18,4116.727441
24,19,4006.891909
24,22,3993.681291
24,23,3924.891309
24,26,3897.636378
25,14,4314.424306
25,16,4198.684152
25,17,4130.664938
25,18,4116.727441
25,19,4006.891909
25,22,3993.681291
25,23,3924.891309
25,26,3897.636378
26,14,4272.946748
26,16,4190.450636
26,17,4116.416538
26,18,4088.447702
26,19,4006.891909
26,22,3991.511078
26,23,3914.645461
26,25,3874.087759
27,14,4272.946748
27,16,4190.450636
27,17,4116.416538
27,18,4088.447702
27,19,4006.891909
27,22,3991.511078
27,23,3914.645461
27,25,3874.087759
28,13,4655.043362
28,14,4272.946748
28,15,4163.350963
28,16,4068.642029
28,18,3994.577195
28,22,3991.124911
28,23,3914.313115
28,25,3874.087759
29,13,4464.691501
29,14,4272.946748
29,15,4163.350963
29,16,4068.642029
29,18,3994.577195
29,22,3991.124911
29,23,3914.313115
29,25,3863.073986
30,13,4461.182177
30,14,4234.552813
30,15,4163.350963
30,16,4022.537549
30,18,3989.252239
30,22,3979.544310
30,23,3907.336277
30,25,3863.073986
31,13,4424.604850
31,14,4234.552813
31,15,4163.350963
31,16,3988.007856
31,22,3979.544310
31,23,3907.336277
31,24,3879.433096
31,25,3863.073986
32,13,4424.566773
32,14,4234.552813
32,15,4144.722842
32,16,3922.978972
32,22,3860.079329
32,25,3859.822546
33,13,4424.566773
33,14,4234.552813
33,15,4144.722842
33,16,3922.978972
33,22,3860.079329
33,25,3859.822546
34,13,4424.566773
34,14,3982.719901
34,16,3871.227016
34,22,3855.726441
34,25,3838.698101
35,13,4408.840732
35,14,3982.719901
35,16,3871.227016
35,17,3845.656405
35,25,3838.698101
36,13,4408.840732
36,14,3982.719901
36,16,3871.227016
36,17,3845.656405
36,25,3838.698101
37,13,4380.254943
37,14,3974.189001
37,16,3870.677836
37,17,3845.656405
37,24,3821.799376
38,13,4349.254061
38,14,3974.189001
38,16,3870.677836
38,17,3845.656405
38,24,3821.799376
39,13,4233.203470
39,14,3974.189001
39,15,3966.789098
39,16,3866.132467
39,17,3844.364724
39,24,3808.692048
40,13,4233.203470
40,14,3974.189001
40,15,3954.183534
40,16,3813.310504
40,24,3808.692048
41,13,4010.311896
41,14,3974.189001
41,15,3924.203342
41,16,3813.310504
41,23,3805.318666
42,13,4010.311896
42,14,3974.189001
42,15,3924.203342
42,16,3813.310504
42,20,3801.835204
43,13,3945.641312
43,15,3917.579374
43,16,3812.693940
43,20,3801.706043
44,13,3945.641312
44,15,3917.579374
44,16,3812.693940
44,20,3801.706043
44,22,3798.717491
45,12,4337.265078
45,13,3945.641312
45,15,3908.754019
45,16,3810.042070
45,20,3799.025222
45,22,3798.342735
45,23,3780.161359
46,12,4337.265078
46,13,3945.641312
46,15,3908.754019
46,16,3799.232153
46,20,3799.025222
46,22,3798.342735
46,23,3780.161359
47,12,4044.372162
47,13,3844.701277
47,16,3799.232153
47,20,3788.844246
47,23,3780.161359
48,12,4044.372162
48,13,3844.701277
48,14,3822.335986
48,16,3799.232153
48,18,3784.620615
48,21,3770.748354
48,22,3757.803947
49,12,4039.977176
49,13,3837.432933
49,14,3822.335986
49,16,3799.232153
49,18,3770.243002
49,19,3754.254798
50,12,4039.977176
50,13,3837.432933
50,14,3810.687144
50,16,3799.232153
50,18,3770.243002
50,19,3736.600415
51,12,3958.122769
51,13,3833.221795
51,14,3810.687144
51,15,3779.795028
51,18,3770.243002
51,19,3719.798947
52,12,3912.766307
52,13,3833.221795
52,14,3804.514464
52,15,3779.795028
52,18,3770.243002
52,19,3719.798947
53,12,3910.030081
53,13,3824.365749
53,14,3801.131710
53,15,3770.861775
53,18,3760.482909
53,19,3710.709742
54,12,3874.869774
54,13,3778.816983
54,15,3770.861775
54,18,3759.403467
54,19,3710.709742
55,12,3873.845742
55,13,3778.816983
55,15,3770.861775
55,17,3769.066108
55,18,3759.403467
55,19,3710.709742
56,12,3873.845742
56,13,3778.816983
56,15,3767.404503
56,18,3759.403467
56,19,3710.709742
57,12,3873.845742
57,13,3763.206005
57,15,3749.976456
57,19,3710.709742
58,12,3873.845742
58,13,3763.206005
58,14,3745.156462
58,19,3710.709742
59,12,3873.845742
59,13,3759.666445
59,14,3745.156462
59,18,3744.145513
59,19,3710.466796
60,12,3873.845742
60,13,3759.666445
60,14,3710.943979
60,19,3710.466796
61,12,3783.225141
61,13,3749.788760
61,14,3710.943979
61,19,3710.358820
61,24,3674.850392
61,25,3658.122144
62,11,3979.408437
62,12,3783.225141
62,13,3749.788760
62,14,3710.943979
62,19,3710.358820
62,24,3674.850392
62,25,3658.122144
63,11,3890.803722
63,12,3783.225141
63,13,3742.892578
63,14,3710.919931
63,19,3693.961383
63,23,3641.005217
64,11,3890.803722
64,12,3783.225141
64,13,3742.892578
64,14,3710.919931
64,19,3693.961383
64,23,3641.005217
65,11,3890.803722
65,12,3783.225141
65,13,3724.865831
65,14,3705.391600
65,19,3672.950092
65,23,3641.005217
66,11,3890.803722
66,12,3783.225141
66,13,3724.865831
66,14,3705.391600
66,19,3672.950092
66,23,3641.005217
67,11,3890.803722
67,12,3783.225141
67,13,3724.865831
67,14,3698.306991
67,19,3672.950092
67,22,3635.746332
68,11,3890.803722
68,12,3783.225141
68,13,3721.837753
68,14,3691.639172
68,19,3672.950092
68,22,3635.746332
69,11,3890.248448
69,12,3783.225141
69,13,3721.837753
69,14,3691.639172
69,16,3690.767234
69,19,3672.950092
69,22,3635.746332
70,11,3887.291372
70,12,3783.225141
70,13,3712.396614
70,14,3677.465008
70,19,3672.950092
70,22,3635.746332
71,11,3830.558986
71,12,3783.225141
71,13,3673.415356
71,15,3639.114218
71,22,3635.239364
72,11,3830.558986
72,12,3783.225141
72,13,3665.730762
72,15,3639.114218
72,22,3635.239364
73,11,3824.208335
73,12,3777.187900
73,13,3665.178721
73,15,3639.114218
73,22,3635.239364
74,11,3824.208335
74,12,3777.187900
74,13,3665.178721
74,14,3660.801133
74,15,3639.114218
74,22,3635.239364
75,11,3765.566095
75,13,3665.178721
75,14,3654.202746
75,15,3625.698274
76,11,3765.566095
76,13,3665.178721
76,14,3654.202746
76,15,3625.698274
76,22,3624.570365
77,11,3764.495529
77,13,3646.845173
77,15,3614.719609
78,11,3764.495529
78,13,3646.845173
78,14,3644.615534
78,15,3614.719609
79,11,3760.385968
79,13,3634.870910
79,15,3607.819561
80,11,3760.385968
80,13,3634.870910
80,15,3607.819561
81,11,3715.441974
81,13,3634.870910
81,15,3607.819561
82,11,3715.441974
82,13,3634.357979
82,15,3607.819561
82,16,3601.905604
83,11,3715.441974
83,13,3628.110601
83,15,3607.819561
83,16,3601.905604
84,11,3715.441974
84,13,3628.110601
84,15,3589.768618
85,11,3689.846393
85,13,3628.110601
85,14,3617.157720
85,15,3589.768618
86,11,3689.846393
86,12,3681.927982
86,13,3626.269096
86,14,3617.157720
86,15,3589.768618
87,11,3684.659856
87,12,3675.509690
87,13,3626.269096
87,14,3617.157720
87,15,3589.768618
88,11,3684.659856
88,12,3672.570267
88,13,3619.327435
88,14,3617.157720
88,15,3589.768618
89,11,3664.232292
89,13,3619.327435
89,14,3617.157720
89,15,3588.013328
90,11,3664.232292
90,13,3619.327435
90,14,3617.157720
90,15,3588.013328
91,11,3664.232292
91,13,3619.327435
91,14,3617.157720
91,15,3587.862795
92,11,3664.232292
92,13,3619.327435
92,14,3617.157720
92,15,3587.862795
93,11,3659.857490
93,13,3619.327435
93,14,3617.157720
93,15,3587.862795
93,17,3585.222247
94,11,3659.857490
94,12,3643.066504
94,13,3618.962403
94,14,3610.816264
94,15,3587.862795
94,17,3585.222247
95,11,3651.674804
95,12,3643.066504
95,13,3618.962403
95,14,3610.816264
95,15,3587.862795
95,17,3585.222247
96,11,3651.674804
96,12,3638.654935
96,13,3618.962403
96,14,3610.816264
96,15,3587.862795
96,17,3585.222247
97,11,3641.808219
97,12,3620.955014
97,13,3617.727131
97,14,3610.816264
97,15,3587.862795
97,17,3585.222247
98,11,3641.808219
98,12,3620.955014
98,13,3606.056475
98,14,3598.000443
98,15,3587.862795
98,17,3585.222247
99,10,3723.791195
99,11,3630.120675
99,12,3614.157211
99,13,3606.056475
99,14,3598.000443
99,15,3587.862795
99,17,3582.890043
100,10,3723.791195
100,11,3630.120675
100,12,3614.157211
100,13,3606.056475
100,14,3598.000443
100,15,3587.862795
100,17,3582.890043
101,10,3723.571956
101,11,3621.980690
101,12,3614.157211
101,13,3606.056475
101,14,3598.000443
101,15,3587.862795
101,17,3576.404128
102,10,3723.571956
102,11,3621.980690
102,12,3614.157211
102,13,3606.056475
102,14,3598.000443
102,15,3586.977185
102,17,3576.404128
102,19,3561.619770
103,10,3721.013353
103,11,3621.980690
103,12,3611.529872
103,13,3602.838612
103,14,3598.000443
103,15,3586.977185
103,17,3576.404128
103,19,3554.838651
104,10,3686.860177
104,11,3621.980690
104,12,3611.529872
104,13,3602.838612
104,14,3598.000443
104,15,3580.415539
104,17,3576.404128
104,19,3554.838651
105,10,3686.346273
105,11,3621.980690
105,12,3611.529872
105,13,3602.838612
105,14,3598.000443
105,15,3580.415539
105,17,3576.404128
105,19,3554.838651
106,10,3686.346273
106,11,3621.980690
106,12,3611.529872
106,13,3602.838612
106,14,3598.000443
106,15,3580.415539
106,17,3576.404128
106,19,3554.838651
107,10,3686.346273
107,11,3621.980690
107,12,3607.756770
107,13,3602.838612
107,14,3596.896959
107,15,3580.409804
107,17,3570.361164
107,19,3554.819165
108,10,3656.102643
108,11,3621.980690
108,12,3607.756770
108,13,3602.838612
108,14,3593.677591
108,15,3580.409804
108,17,3561.571167
108,19,3554.819165
109,10,3653.867281
109,11,3599.173460
109,13,3591.247121
109,15,3580.409804
109,17,3561.571167
109,19,3532.750783
110,10,3645.644420
110,11,3599.173460
110,13,3591.247121
110,15,3580.409804
110,17,3561.571167
110,19,3532.750783
111,10,3630.451561
111,11,3599.173460
111,13,3591.247121
111,15,3579.109032
111,17,3561.571167
111,19,3532.750783
112,10,3630.451561
112,11,3599.173460
112,13,3591.247121
112,15,3579.109032
112,17,3561.571167
112,19,3532.750783
113,10,3630.451561
113,11,3595.208494
113,13,3591.247121
113,15,3579.043718
113,17,3559.679248
113,19,3532.750783
114,10,3630.451561
114,11,3595.208494
114,13,3579.561772
114,15,3579.043718
114,17,3559.679248
114,19,3532.750783
115,10,3615.120022
115,11,3595.208494
115,12,3583.768490
115,13,3578.311631
115,15,3564.145841
115,17,3559.679248
115,19,3532.750783
116,10,3615.120022
116,11,3591.625936
116,12,3583.768490
116,13,3578.311631
116,14,3578.191580
116,15,3564.145841
116,17,3559.679248
116,19,3532.750783
117,10,3615.120022
117,11,3591.625936
117,12,3573.858011
117,14,3558.420350
117,17,3555.282163
117,19,3532.750783
118,10,3615.120022
118,11,3591.625936
118,12,3573.858011
118,14,3558.420350
118,17,3555.282163
118,18,3541.144815
118,19,3532.750783
119,10,3615.010365
119,11,3591.342215
119,12,3573.858011
119,14,3558.420350
119,17,3555.282163
119,18,3540.120159
119,19,3532.750783
120,10,3606.839869
120,11,3591.342215
120,12,3573.858011
120,14,3558.420350
120,17,3555.282163
120,18,3540.120159
120,19,3532.750783
121,10,3606.818646
121,11,3584.435348
121,12,3573.858011
121,13,3573.111221
121,14,3557.311879
121,16,3549.106786
121,18,3540.120159
121,19,3532.750783
122,10,3606.346065
122,11,3584.435348
122,12,3573.858011
122,13,3573.111221
122,14,3557.311879
122,16,3542.727189
122,18,3540.120159
122,19,3532.750783
123,10,3593.060500
123,11,3584.435348
123,12,3573.858011
123,13,3573.111221
123,14,3557.311879
123,16,3542.727189
123,18,3540.120159
123,19,3532.747970
124,10,3585.331516
124,11,3582.289508
124,12,3573.858011
124,13,3573.111221
124,14,3557.311879
124,16,3542.727189
124,18,3540.120159
124,19,3532.747970
125,10,3585.331516
125,11,3581.879736
125,12,3573.858011
125,13,3572.351074
125,14,3557.311879
125,16,3542.727189
125,18,3540.120159
125,19,3532.747970
126,10,3585.331516
126,11,3575.648866
126,12,3573.858011
126,13,3561.131707
126,14,3557.311879
126,16,3542.727189
126,18,3540.120159
126,19,3532.747970
127,10,3576.303241
127,11,3575.648866
127,12,3569.322167
127,13,3561.131707
127,14,3557.311879
127,15,3554.240725
127,16,3536.338107
127,19,3532.747970
128,10,3576.303241
128,11,3575.648866
128,12,3569.322167
128,13,3561.131707
128,14,3557.311879
128,15,3554.240725
128,16,3536.338107
128,19,3532.747970
129,10,3576.025479
129,11,3575.648866
129,12,3569.322167
129,13,3561.131707
129,14,3544.743996
129,16,3536.338107
129,17,3527.053218
130,10,3576.025479
130,11,3575.648866
130,12,3566.786541
130,13,3561.131707
130,14,3544.743996
130,16,3536.215355
130,17,3527.053218
131,10,3576.025479
131,11,3575.648866
131,12,3566.786541
131,13,3561.131707
131,14,3544.743996
131,16,3536.215355
131,17,3527.053218
132,10,3556.550357
132,14,3544.743996
132,16,3536.215355
132,17,3527.053218
133,10,3556.550357
133,14,3544.743996
133,16,3536.215355
133,17,3527.053218
134,10,3556.550357
134,14,3544.743996
134,15,3539.666121
134,16,3536.215355
134,17,3527.053218
135,10,3534.606960
135,17,3527.053218
136,10,3534.606960
136,17,3527.053218
137,10,3534.606960
137,17,3527.053218
138,10,3532.942258
138,11,3530.012719
138,17,3527.053218
139,10,3530.351982
139,11,3530.012719
139,17,3527.053218
140,10,3530.351982
140,11,3530.012719
140,17,3527.053218
141,10,3530.351982
141,11,3530.012719
141,14,3529.055095
141,17,3526.947798
142,10,3530.351982
142,11,3530.012719
142,14,3529.055095
142,17,3526.947798
143,10,3529.984541
143,12,3521.113457
144,10,3529.984541
144,11,3528.803042
144,12,3521.113457
145,10,3529.984541
145,11,3525.428147
145,12,3521.113457
146,10,3517.085084
147,10,3517.085084
148,10,3517.085084
149,10,3517.085084
150,10,3515.677223
151,10,3512.550195
152,10,3508.342148
153,10,3508.342148
154,10,3508.342148
155,10,3508.237168
156,10,3508.237168
157,10,3508.237168
158,10,3508.237168
158,12,3505.250270
159,10,3507.867571
159,12,3505.250270
160,10,3507.867571
160,12,3505.250270
161,10,3507.867571
161,12,3505.250270
161,14,3499.889491
162,10,3507.867571
162,11,3497.070781
163,10,3507.867571
163,11,3497.070781
164,10,3507.867571
164,11,3497.070781
165,10,3507.867571
165,11,3497.070781
166,10,3507.867571
166,11,3497.070781
167,10,3507.867571
167,11,3497.070781
167,12,3491.843386
168,10,3507.840224
168,11,3496.195327
168,12,3491.843386
169,10,3507.840224
169,11,3496.195327
169,12,3491.843386
170,10,3505.974722
170,11,3496.195327
170,12,3491.843386
171,10,3503.963442
171,11,3496.195327
171,12,3491.843386
172,10,3503.963442
172,11,3496.195327
172,12,3491.843386
173,10,3503.963442
173,11,3496.195327
173,12,3491.427863
174,10,3503.963442
174,11,3496.195327
174,12,3491.427863
175,10,3503.963442
175,11,3494.394588
175,12,3491.185421
176,10,3503.963442
176,11,3494.394588
176,12,3491.185421
177,10,3503.963442
177,11,3494.394588
177,12,3491.185421
178,10,3503.963442
178,11,3494.394588
178,12,3491.185421
179,10,3502.116224
179,11,3494.394588
179,12,3481.349495
180,10,3502.116224
180,11,3494.394588
180,12,3481.349495
181,10,3502.116224
181,11,3494.394588
181,12,3481.349495
182,10,3502.116224
182,11,3494.394588
182,12,3481.349495
183,10,3502.116224
183,11,3494.394588
183,12,3481.349495
184,10,3502.116224
184,11,3494.394588
184,12,3481.349495
185,10,3502.116224
185,11,3494.394588
185,12,3481.349495
186,10,3502.116224
186,11,3494.394588
186,12,3481.349495
186,13,3478.772652
187,10,3502.116224
187,11,3494.394588
187,12,3481.349495
187,13,3478.772652
188,10,3502.116224
188,11,3494.394588
188,12,3481.349495
188,13,3478.772652
189,10,3502.116224
189,11,3494.394588
189,12,3481.349495
189,13,3478.772652
190,10,3502.116224
190,11,3494.394588
190,12,3481.349495
190,13,3478.772652
191,10,3502.116224
191,11,3494.394588
191,12,3481.349495
191,13,3478.772652
192,10,3502.116224
192,11,3494.394588
192,12,3481.349495
192,13,3478.772652
193,10,3502.116224
193,11,3494.394588
193,12,3481.349495
193,13,3478.772652
194,10,3502.116224
194,11,3494.394588
194,12,3481.349495
194,13,3478.772652
195,10,3502.116224
195,11,3494.394588
195,12,3481.349495
195,13,3478.772652
196,10,3502.116224
196,11,3494.394588
196,12,3481.349495
196,13,3478.772652
197,10,3502.080620
197,11,3494.394588
197,12,3481.349495
197,13,3478.772652
198,10,3502.080620
198,11,3494.394588
198,12,3481.349495
198,13,3478.772652
199,10,3502.080620
199,11,3491.331853
199,12,3481.349495
199,13,3478.772652
200,10,3502.080620
200,11,3491.331853
200,12,3481.349495
200,13,3478.772652
201,10,3502.080620
201,11,3491.331853
201,12,3481.349495
201,13,3478.772652
202,10,3502.080620
202,11,3491.331853
202,12,3481.349495
202,13,3478.772652
203,10,3502.080620
203,11,3491.331853
203,12,3481.349495
203,13,3478.772652
204,10,3502.031186
204,11,3491.331853
204,12,3481.349495
204,13,3478.772652
205,10,3502.031186
205,11,3491.331853
205,12,3481.349495
205,13,3478.772652
206,10,3502.031186
206,11,3491.331853
206,12,3481.311224
206,13,3478.772652
207,10,3502.031186
207,11,3491.331853
207,12,3481.311224
207,13,3478.772652
208,10,3502.031186
208,11,3489.240696
208,12,3481.311224
208,13,3478.772652
209,10,3502.031186
209,11,3489.240696
209,12,3481.311224
209,13,3478.772652
210,10,3502.031186
210,11,3489.240696
210,12,3481.311224
210,13,3478.772652
211,10,3502.031186
211,11,3489.240696
211,12,3481.311224
211,13,3478.772652
212,10,3499.536327
212,11,3489.240696
212,12,3481.311224
212,13,3478.772652
213,10,3499.536327
213,11,3489.240696
213,12,3481.311224
213,13,3478.734382
214,10,3499.536327
214,11,3489.240696
214,12,3481.311224
214,13,3478.734382
215,10,3499.536327
215,11,3489.240696
215,12,3481.311224
215,13,3478.734382
216,10,3499.536327
216,11,3489.240696
216,12,3481.311224
216,13,3478.734382
217,10,3497.020772
217,11,3489.240696
217,12,3481.311224
217,13,3478.734382
218,10,3497.020772
218,11,3489.240696
218,12,3481.311224
218,13,3478.734382
219,10,3497.020772
219,11,3488.087292
219,12,3481.311224
219,13,3469.987839
220,10,3497.020772
220,11,3488.087292
220,12,3481.311224
220,13,3469.987839
221,10,3497.020772
221,11,3488.087292
221,12,3481.311224
221,13,3469.987839
222,10,3497.020772
222,11,3488.087292
222,12,3481.311224
222,13,3469.987839
223,10,3494.923223
223,11,3488.087292
223,12,3481.311224
223,13,3469.987839
224,10,3494.923223
224,11,3488.087292
224,12,3481.311224
224,13,3469.987839
225,10,3494.923223
225,11,3488.087292
225,12,3481.311224
225,13,3469.987839
226,10,3494.923223
226,11,3488.087292
226,12,3481.311224
226,13,3469.987839
227,10,3494.923223
227,11,3488.087292
227,12,3481.311224
227,13,3469.987839
228,10,3494.923223
228,11,3488.087292
228,12,3481.311224
228,13,3469.987839
229,10,3493.867348
229,11,3488.087292
229,12,3481.311224
229,13,3469.287959
230,10,3493.867348
230,11,3488.087292
230,12,3481.311224
230,13,3469.287959
231,10,3493.867348
231,11,3488.087292
231,12,3481.311224
231,13,3469.287959
232,10,3493.391531
232,11,3488.087292
232,12,3481.311224
232,13,3463.730566
233,10,3493.391531
233,11,3488.087292
233,12,3481.311224
233,13,3463.730566
234,10,3493.391531
234,11,3488.087292
234,12,3481.311224
234,13,3463.730566
235,10,3493.391531
235,11,3486.076572
235,12,3481.311224
235,13,3463.730566
236,10,3493.391531
236,11,3486.076572
236,12,3476.071181
236,13,3463.730566
237,10,3493.391531
237,11,3485.770067
237,12,3476.071181
237,13,3463.730566
238,10,3493.391531
238,11,3485.770067
238,12,3476.071181
238,13,3463.730566
239,10,3493.391531
239,11,3485.770067
239,12,3476.071181
239,13,3463.730566
240,10,3493.391531
240,11,3485.770067
240,12,3476.071181
240,13,3463.730566
241,10,3486.818422
241,11,3485.770067
241,12,3476.071181
241,13,3463.730566
242,10,3486.818422
242,11,3485.770067
242,12,3476.071181
242,13,3463.730566
243,10,3486.818422
243,11,3485.770067
243,12,3476.071181
243,13,3463.730566
244,10,3486.818422
244,11,3485.770067
244,12,3476.071181
244,13,3463.730566
245,10,3486.818422
245,11,3485.770067
245,12,3476.071181
245,13,3463.730566
246,10,3486.818422
246,11,3476.916488
246,12,3476.071181
246,13,3463.730566
247,10,3486.818422
247,11,3476.450843
247,12,3476.071181
247,13,3463.730566
248,10,3486.818422
248,11,3476.450843
248,12,3467.570400
248,13,3463.730566
249,10,3486.818422
249,11,3476.450843
249,12,3467.570400
249,13,3463.730566
250,10,3486.818422
250,11,3476.450843
250,12,3467.570400
250,13,3463.730566
251,10,3475.043290
251,12,3467.570400
251,13,3463.730566
252,10,3475.043290
252,12,3467.570400
252,13,3463.730566
253,10,3473.789444
253,12,3467.570400
253,13,3463.730566
254,10,3473.789444
254,12,3467.570400
254,13,3463.730566
255,10,3473.789444
255,12,3467.570400
255,13,3463.730566
256,10,3473.789444
256,12,3467.570400
256,13,3463.730566
257,10,3473.789444
257,12,3467.570400
257,13,3463.730566
258,10,3473.789444
258,12,3467.570400
258,13,3463.730566
259,10,3473.789444
259,11,3471.171533
259,12,3467.570400
259,13,3463.730566
260,10,3473.789444
260,11,3471.171533
260,12,3466.670797
260,13,3463.730566
261,10,3473.789444
261,11,3471.171533
261,12,3466.670797
261,13,3463.730566
262,10,3473.789444
262,11,3471.171533
262,12,3466.670797
262,13,3463.730566
263,10,3473.789444
263,11,3471.171533
263,12,3463.121047
264,10,3473.302447
264,11,3471.171533
264,12,3463.121047
265,10,3473.302447
265,11,3471.171533
265,12,3463.121047
266,10,3473.302447
266,11,3471.171533
266,12,3463.121047
267,10,3472.105803
267,11,3469.396258
267,12,3463.121047
268,10,3472.105803
268,11,3469.396258
268,12,3463.121047
269,10,3472.105803
269,11,3469.396258
269,12,3463.121047
270,10,3472.105803
270,11,3465.050416
270,12,3463.121047
271,10,3472.105803
271,11,3465.050416
271,12,3463.121047
272,10,3472.105803
272,11,3465.050416
272,12,3463.121047
272,13,3446.971180
273,10,3472.105803
273,11,3465.050416
273,12,3461.469291
273,13,3446.971180
274,10,3472.105803
274,11,3465.050416
274,12,3461.469291
274,13,3446.971180
275,9,3670.036138
275,10,3472.101778
275,11,3465.050416
275,12,3461.469291
275,13,3446.971180
276,9,3651.944879
276,10,3472.101778
276,11,3465.050416
276,12,3460.916832
276,13,3446.799805
277,9,3651.944879
277,10,3472.101778
277,11,3465.050416
277,12,3460.916832
277,13,3446.799805
278,9,3586.869776
278,10,3472.101778
278,11,3464.392282
278,12,3460.916832
278,13,3446.799805
279,9,3585.235373
279,10,3472.101778
279,11,3464.392282
279,12,3460.916832
279,13,3446.799805
280,9,3585.235373
280,10,3472.101778
280,11,3464.392282
280,12,3451.623450
280,13,3446.799805
281,9,3585.235373
281,10,3472.101778
281,11,3464.392282
281,12,3451.623450
281,13,3446.799805
282,9,3585.235373
282,10,3472.101778
282,11,3464.392282
282,12,3451.623450
282,13,3446.799805
283,9,3585.235373
283,10,3472.101778
283,11,3464.392282
283,12,3451.623450
283,13,3446.799805
284,9,3585.235373
284,10,3472.101778
284,11,3464.230185
284,12,3451.623450
284,13,3446.799805
285,9,3554.157917
285,10,3472.101778
285,11,3464.230185
285,12,3451.623450
285,13,3446.799805
286,9,3554.157917
286,10,3472.101778
286,11,3464.230185
286,12,3451.623450
286,13,3446.799805
287,9,3554.157917
287,10,3472.101778
287,11,3464.230185
287,12,3451.623450
287,13,3446.799805
288,9,3554.157917
288,10,3472.101778
288,11,3464.230185
288,12,3451.623450
288,13,3446.799805
289,9,3510.175477
289,10,3472.101778
289,11,3464.230185
289,12,3451.623450
289,13,3446.799805
290,9,3510.175477
290,10,3472.101778
290,11,3464.230185
290,12,3451.623450
290,13,3446.799805
291,9,3501.224979
291,10,3472.101778
291,11,3464.230185
291,12,3451.623450
291,13,3446.799805
292,9,3501.224979
292,10,3472.101778
292,11,3456.707106
292,12,3451.623450
292,13,3446.789709
293,9,3492.720118
293,10,3472.101778
293,11,3456.707106
293,12,3451.623450
293,13,3446.789709
294,9,3492.720118
294,10,3472.101778
294,11,3450.748792
294,13,3446.789709
295,9,3492.720118
295,10,3471.844990
295,11,3450.748792
295,13,3446.789709
296,9,3490.236919
296,10,3471.844990
296,11,3450.748792
296,13,3446.789709
297,9,3490.236919
297,10,3471.844990
297,11,3450.748792
297,13,3446.789709
298,9,3490.236919
298,10,3471.844990
298,11,3450.748792
298,13,3446.789709
299,9,3490.236919
299,10,3471.588471
299,11,3450.748792
299,13,3446.789709
300,9,3490.236919
300,10,3471.588471
300,11,3450.748792
300,13,3446.789709
301,9,3490.236919
301,10,3471.588471
301,11,3450.748792
301,13,3446.789709
302,9,3490.236919
302,10,3471.588471
302,11,3450.748792
302,13,3446.789709
303,9,3490.236919
303,10,3471.588471
303,11,3450.748792
303,13,3446.789709
304,9,3490.236919
304,10,3471.588471
304,11,3449.606003
304,13,3446.789709
305,9,3490.236919
305,10,3471.588471
305,11,3449.606003
305,13,3446.789709
306,9,3490.236919
306,10,3471.588471
306,11,3449.606003
306,13,3446.789709
307,9,3490.236919
307,10,3471.588471
307,11,3449.606003
307,13,3446.789709
308,9,3490.236919
308,10,3466.315804
308,11,3449.606003
308,13,3446.789709
309,9,3490.236919
309,10,3466.315804
309,11,3449.606003
309,13,3446.789709
310,9,3490.236919
310,10,3466.315804
310,11,3444.222246
311,9,3490.236919
311,10,3466.315804
311,11,3444.222246
312,9,3490.236919
312,10,3466.315804
312,11,3444.222246
313,9,3490.236919
313,10,3466.315804
313,11,3444.222246
314,9,3490.236919
314,10,3466.315804
314,11,3444.222246
315,9,3487.890844
315,10,3466.315804
315,11,3444.222246
316,9,3485.396251
316,10,3466.175659
316,11,3444.222246
317,9,3485.396251
317,10,3463.930470
317,11,3444.222246
318,9,3485.270059
318,10,3463.930470
318,11,3444.222246
319,9,3483.962271
319,10,3463.930470
319,11,3441.252697
320,9,3483.962271
320,10,3463.930470
320,11,3441.252697
321,9,3483.962271
321,10,3463.930470
321,11,3441.252697
322,9,3483.962271
322,10,3463.930470
322,11,3441.252697
323,9,3483.816415
323,10,3463.930470
323,11,3441.252697
324,9,3483.816415
324,10,3463.930470
324,11,3441.252697
325,9,3483.816415
325,10,3461.186886
325,11,3440.590451
326,9,3483.816415
326,10,3461.186886
326,11,3440.590451
327,9,3483.816415
327,10,3461.186886
327,11,3440.590451
