Iteration,NV,TOC
1,7,10909.107807
1,8,6075.614061
1,9,4457.893499
1,11,4069.737606
1,12,3236.106833
1,15,3025.059684
1,20,2948.045886
2,7,8890.915667
2,8,6075.614061
2,9,4457.893499
2,11,4069.737606
2,12,3236.106833
2,15,3025.059684
2,20,2948.045886
2,21,2916.909798
3,6,13476.730200
3,7,8633.484491
3,8,5415.855555
3,9,4457.893499
3,11,4069.737606
3,12,3236.106833
3,13,2752.168110
4,6,11051.132251
4,7,8336.828167
4,8,5415.855555
4,9,4457.893499
4,11,4069.737606
4,12,3145.360979
4,13,2752.168110
5,6,11051.132251
5,7,8336.828167
5,8,5415.855555
5,9,4457.893499
5,11,3552.909546
5,12,3145.360979
5,13,2752.168110
6,6,11051.132251
6,7,8336.828167
6,8,5415.855555
6,9,4457.893499
6,10,4392.348589
6,11,3399.436804
6,12,3145.360979
6,13,2752.168110
6,18,2694.460525
7,6,11051.132251
7,7,8202.021395
7,8,5415.855555
7,9,4457.893499
7,10,4392.348589
7,11,3399.436804
7,12,3145.360979
7,13,2752.168110
7,18,2694.460525
8,6,11051.132251
8,7,8202.021395
8,8,5415.855555
8,9,4457.893499
8,10,4392.348589
8,11,3399.436804
8,12,3145.360979
8,13,2752.168110
8,18,2694.460525
9,6,10553.389532
9,7,8202.021395
9,8,5415.855555
9,9,4457.893499
9,10,4269.735205
9,11,3399.436804
9,12,3145.360979
9,13,2752.168110
9,18,2694.460525
10,6,10553.389532
10,7,6752.841371
10,8,5263.294776
10,9,3938.668888
10,10,3793.133842
10,11,3399.436804
10,12,3145.360979
10,13,2752.168110
10,17,2737.628024
10,18,2694.460525
11,6,10553.389532
11,7,6752.841371
11,8,5263.294776
11,9,3938.668888
11,10,3793.133842
11,11,3399.436804
11,12,3145.360979
11,13,2752.168110
11,17,2737.628024
11,18,2694.460525
12,5,15792.848649
12,6,10553.389532
12,7,6752.841371
12,8,5263.294776
12,9,3938.668888
12,10,3730.685731
12,11,3399.436804
12,12,3145.360979
12,13,2752.168110
12,17,2737.628024
12,18,2694.460525
13,5,15792.848649
13,6,10553.389532
13,7,6752.841371
13,8,5263.294776
13,9,3938.668888
13,10,3730.685731
13,11,3399.436804
13,12,3145.360979
13,13,2752.168110
13,17,2737.628024
13,18,2694.460525
14,5,15792.848649
14,6,8781.236929
14,7,6752.841371
14,8,5263.294776
14,9,3938.668888
14,10,3730.685731
14,11,3399.436804
14,12,3145.360979
14,13,2752.168110
14,17,2737.628024
14,18,2681.939224
15,5,15792.848649
15,6,8781.236929
15,7,6752.841371
15,8,5263.294776
15,9,3938.668888
15,10,3572.556283
15,11,3399.436804
15,12,3145.360979
15,13,2752.168110
15,17,2688.257027
15,18,2681.939224
16,5,15792.848649
16,6,8781.236929
16,7,6752.841371
16,8,5263.294776
16,9,3938.668888
16,10,3572.556283
16,11,3399.436804
16,12,3145.360979
16,13,2752.168110
16,17,2596.466174
17,5,15792.848649
17,6,8781.236929
17,7,6752.841371
17,8,5263.294776
17,9,3938.668888
17,10,3572.556283
17,11,3281.922953
17,12,3145.360979
17,13,2752.168110
17,17,2596.466174
18,5,15792.848649
18,6,8781.236929
18,7,6752.841371
18,8,5263.294776
18,9,3938.668888
18,10,3572.556283
18,11,3196.816107
18,12,2976.620497
18,13,2752.168110
18,17,2596.466174
19,5,15792.848649
19,6,8781.236929
19,7,6752.841371
19,8,5263.294776
19,9,3938.668888
19,10,3572.556283
19,11,3196.816107
19,12,2976.620497
19,13,2752.168110
19,15,2721.325852
19,17,2596.466174
20,5,15792.848649
20,6,8781.236929
20,7,6752.841371
20,8,4859.795149
20,9,3938.668888
20,10,3572.556283
20,11,3196.816107
20,12,2976.620497
20,13,2752.168110
20,15,2721.325852
20,17,2596.466174
21,5,15792.848649
21,6,8781.236929
21,7,6752.841371
21,8,4859.795149
21,9,3938.668888
21,10,3267.093630
21,11,3196.816107
21,12,2976.620497
21,13,2752.168110
21,15,2721.325852
21,17,2596.466174
22,5,15792.848649
22,6,8781.236929
22,7,6374.767698
22,8,4859.795149
22,9,3938.668888
22,10,3267.093630
22,11,3196.816107
22,12,2976.620497
22,13,2752.168110
22,15,2721.325852
22,17,2596.466174
23,5,15792.848649
23,6,8781.236929
23,7,6374.767698
23,8,4859.795149
23,9,3938.668888
23,10,3267.093630
23,11,3196.816107
23,12,2976.620497
23,13,2752.168110
23,15,2721.325852
23,17,2596.466174
24,5,15792.848649
24,6,8512.285936
24,7,6374.767698
24,8,4859.795149
24,9,3938.668888
24,10,3267.093630
24,11,3196.816107
24,12,2976.620497
24,13,2752.168110
24,14,2681.040673
24,17,2596.466174
25,5,15792.848649
25,6,8512.285936
25,7,6374.767698
25,8,4859.795149
25,9,3938.668888
25,10,3267.093630
25,11,3196.816107
25,12,2976.620497
25,13,2752.168110
25,14,2681.040673
25,17,2596.466174
25,19,2543.448750
26,5,15792.848649
26,6,7701.107654
26,7,6374.767698
26,8,4859.795149
26,9,3938.668888
26,10,3267.093630
26,11,3196.816107
26,12,2976.620497
26,13,2752.168110
26,14,2681.040673
26,16,2629.321584
26,17,2596.466174
26,19,2543.448750
27,5,15792.848649
27,6,7701.107654
27,7,6374.767698
27,8,4859.795149
27,9,3938.668888
27,10,3267.093630
27,11,3196.816107
27,12,2976.620497
27,13,2752.168110
27,14,2681.040673
27,16,2629.321584
27,17,2596.466174
27,19,2543.448750
28,5,15792.848649
28,6,7701.107654
28,7,6311.279378
28,8,4859.795149
28,9,3938.668888
28,10,3267.093630
28,11,3196.816107
28,12,2976.620497
28,13,2752.168110
28,14,2681.040673
28,15,2626.231087
28,16,2556.479442
28,19,2543.448750
29,5,15792.848649
29,6,7701.107654
29,7,6311.279378
29,8,4718.072467
29,9,3938.668888
29,10,3267.093630
29,11,3196.816107
29,12,2976.620497
29,13,2752.168110
29,14,2681.040673
29,15,2626.231087
29,16,2556.479442
29,19,2543.448750
30,5,12560.162248
30,6,7701.107654
30,7,6311.279378
30,8,4718.072467
30,9,3938.668888
30,10,3267.093630
30,11,3196.816107
30,12,2968.989531
30,13,2752.168110
30,14,2681.040673
30,15,2567.811761
30,16,2556.479442
30,19,2543.448750
31,5,12560.162248
31,6,7701.107654
31,7,6023.101557
31,8,4718.072467
31,9,3938.668888
31,10,3267.093630
31,11,3196.816107
31,12,2968.989531
31,13,2752.168110
31,14,2681.040673
31,15,2567.811761
31,16,2556.479442
31,19,2543.448750
32,5,12560.162248
32,6,7701.107654
32,7,6023.101557
32,8,4718.072467
32,9,3909.222262
32,10,3267.093630
32,11,3196.816107
32,12,2968.989531
32,13,2752.168110
32,14,2681.040673
32,15,2566.259202
32,16,2556.479442
32,19,2543.448750
33,5,12560.162248
33,6,7701.107654
33,7,6023.101557
33,8,4718.072467
33,9,3611.302610
33,10,3267.093630
33,11,3196.816107
33,12,2968.989531
33,13,2752.168110
33,14,2681.040673
33,15,2566.259202
33,16,2556.479442
33,19,2543.448750
34,5,12560.162248
34,6,7701.107654
34,7,5212.311969
34,8,4718.072467
34,9,3611.302610
34,10,3267.093630
34,11,3196.816107
34,12,2867.263793
34,13,2752.168110
34,14,2681.040673
34,15,2566.259202
34,16,2556.479442
34,19,2543.448750
35,5,12560.162248
35,6,7701.107654
35,7,5212.311969
35,8,4718.072467
35,9,3611.302610
35,10,3267.093630
35,11,3181.372394
35,12,2867.263793
35,13,2752.168110
35,14,2681.040673
35,15,2566.259202
35,16,2556.479442
35,19,2543.448750
36,5,12560.162248
36,6,7701.107654
36,7,5212.311969
36,8,4718.072467
36,9,3611.302610
36,10,3267.093630
36,11,3181.372394
36,12,2867.263793
36,13,2752.168110
36,14,2681.040673
36,15,2566.259202
36,16,2556.479442
36,19,2543.448750
37,5,12560.162248
37,6,7701.107654
37,7,5212.311969
37,8,4718.072467
37,9,3611.302610
37,10,3267.093630
37,11,3181.372394
37,12,2867.263793
37,13,2650.989284
37,15,2566.259202
37,16,2556.479442
37,19,2543.448750
38,5,12560.162248
38,6,7701.107654
38,7,5212.311969
38,8,4718.072467
38,9,3611.302610
38,10,3267.093630
38,11,3149.938734
38,12,2867.263793
38,13,2650.989284
38,14,2523.579146
39,5,12560.162248
39,6,7701.107654
39,7,5212.311969
39,8,4639.722011
39,9,3611.302610
39,10,3267.093630
39,11,3149.938734
39,12,2867.263793
39,13,2650.989284
39,14,2523.579146
40,5,12560.162248
40,6,7701.107654
40,7,5212.311969
40,8,4639.722011
40,9,3611.302610
40,10,3267.093630
40,11,3032.239096
40,12,2867.263793
40,13,2650.989284
40,14,2523.579146
41,5,12560.162248
41,6,7701.107654
41,7,5212.311969
41,8,4639.722011
41,9,3611.302610
41,10,3267.093630
41,11,3032.239096
41,12,2867.263793
41,13,2650.989284
41,14,2523.579146
42,5,12560.162248
42,6,7701.107654
42,7,5212.311969
42,8,4639.722011
42,9,3515.323498
42,10,3267.093630
42,11,3032.239096
42,12,2867.263793
42,13,2650.989284
42,14,2523.579146
42,15,2500.597485
43,5,12560.162248
43,6,7701.107654
43,7,5212.311969
43,8,4639.722011
43,9,3515.323498
43,10,3267.093630
43,11,3032.239096
43,12,2867.263793
43,13,2650.989284
43,14,2523.579146
43,15,2500.597485
44,5,11344.477764
44,6,7701.107654
44,7,5212.311969
44,8,4639.722011
44,9,3515.323498
44,10,3267.093630
44,11,3032.239096
44,12,2867.263793
44,13,2650.989284
44,14,2523.579146
44,15,2500.597485
45,5,11344.477764
45,6,7701.107654
45,7,5212.311969
45,8,4639.722011
45,9,3515.323498
45,10,3267.093630
45,11,3032.239096
45,12,2867.263793
45,13,2650.989284
45,14,2523.579146
45,15,2500.597485
45,22,2474.134065
46,5,11344.477764
46,6,7701.107654
46,7,5212.311969
46,8,4639.722011
46,9,3515.323498
46,10,3267.093630
46,11,3032.239096
46,12,2867.263793
46,13,2650.989284
46,14,2523.579146
46,15,2500.597485
46,17,2455.618106
47,5,11344.477764
47,6,7701.107654
47,7,5212.311969
47,8,4639.722011
47,9,3515.323498
47,10,3267.093630
47,11,3032.239096
47,12,2867.263793
47,13,2650.989284
47,14,2523.579146
47,15,2500.597485
47,17,2455.618106
48,5,11344.477764
48,6,7701.107654
48,7,5212.311969
48,8,4639.722011
48,9,3515.323498
48,10,3267.093630
48,11,3032.239096
48,12,2867.263793
48,13,2650.989284
48,14,2523.579146
48,15,2500.597485
48,17,2455.618106
49,5,11344.477764
49,6,7701.107654
49,7,5212.311969
49,8,4639.722011
49,9,3515.323498
49,10,3267.093630
49,11,3032.239096
49,12,2867.263793
49,13,2650.989284
49,14,2523.579146
49,15,2500.597485
49,17,2455.618106
50,5,11344.477764
50,6,7701.107654
50,7,5212.311969
50,8,4639.722011
50,9,3515.323498
50,10,3209.994792
50,11,3032.239096
50,12,2867.263793
50,13,2650.989284
50,14,2523.579146
50,15,2500.597485
50,17,2455.618106
51,5,11344.477764
51,6,7701.107654
51,7,5212.311969
51,8,4639.722011
51,9,3515.323498
51,10,3209.994792
51,11,3032.239096
51,12,2867.263793
51,13,2650.989284
51,14,2523.579146
51,15,2500.597485
51,17,2455.618106
52,5,11344.477764
52,6,7701.107654
52,7,5212.311969
52,8,4493.037489
52,9,3515.323498
52,10,3209.994792
52,11,2862.025062
52,13,2650.989284
52,14,2523.579146
52,15,2500.597485
52,17,2455.618106
53,5,11344.477764
53,6,7701.107654
53,7,5212.311969
53,8,4205.559892
53,9,3515.323498
53,10,3209.994792
53,11,2862.025062
53,13,2620.539161
53,14,2523.579146
53,15,2500.597485
53,17,2455.618106
54,5,11344.477764
54,6,7701.107654
54,7,5212.311969
54,8,4121.987107
54,9,3515.323498
54,10,3209.994792
54,11,2862.025062
54,13,2620.539161
54,14,2523.579146
54,15,2500.597485
54,17,2455.618106
55,5,11344.477764
55,6,7457.149436
55,7,5212.311969
55,8,3955.525041
55,9,3515.323498
55,10,3209.994792
55,11,2862.025062
55,12,2822.350451
55,13,2561.380894
55,14,2523.579146
55,15,2500.597485
55,17,2455.618106
56,5,11344.477764
56,6,7095.690584
56,7,5212.311969
56,8,3955.525041
56,9,3515.323498
56,10,3209.994792
56,11,2862.025062
56,12,2822.350451
56,13,2561.380894
56,14,2523.579146
56,15,2500.597485
56,17,2455.618106
57,5,11344.477764
57,6,7095.690584
57,7,5212.311969
57,8,3955.525041
57,9,3515.323498
57,10,3209.994792
57,11,2862.025062
57,12,2822.350451
57,13,2561.380894
57,14,2523.579146
57,15,2500.597485
57,17,2455.618106
58,5,11344.477764
58,6,7095.690584
58,7,5212.311969
58,8,3955.525041
58,9,3515.323498
58,10,3209.994792
58,11,2862.025062
58,12,2822.350451
58,13,2561.380894
58,14,2523.579146
58,15,2500.597485
58,17,2455.618106
59,5,11344.477764
59,6,7095.690584
59,7,5212.311969
59,8,3955.525041
59,9,3515.323498
59,10,3209.994792
59,11,2862.025062
59,12,2822.350451
59,13,2561.380894
59,14,2523.579146
59,15,2500.597485
59,17,2455.618106
60,5,11344.477764
60,6,7095.690584
60,7,5212.311969
60,8,3955.525041
60,9,3515.323498
60,10,3209.994792
60,11,2862.025062
60,12,2822.350451
60,13,2561.380894
60,14,2449.070182
61,5,11344.477764
61,6,7095.690584
61,7,5212.311969
61,8,3955.525041
61,9,3515.323498
61,10,3209.994792
61,11,2862.025062
61,12,2806.877790
61,13,2561.380894
61,14,2449.070182
62,5,11344.477764
62,6,7095.690584
62,7,5212.311969
62,8,3955.525041
62,9,3515.323498
62,10,3209.994792
62,11,2862.025062
62,12,2806.877790
62,13,2561.380894
62,14,2449.070182
63,5,11344.477764
63,6,7095.690584
63,7,5212.311969
63,8,3955.525041
63,9,3515.323498
63,10,3209.994792
63,11,2862.025062
63,12,2806.877790
63,13,2561.380894
63,14,2449.070182
64,5,11344.477764
64,6,7067.190160
64,7,5212.311969
64,8,3955.525041
64,9,3515.323498
64,10,3209.994792
64,11,2862.025062
64,12,2806.877790
64,13,2561.380894
64,14,2449.070182
65,5,11344.477764
65,6,7067.190160
65,7,5212.311969
65,8,3955.525041
65,9,3515.323498
65,10,3209.994792
65,11,2862.025062
65,12,2806.877790
65,13,2561.380894
65,14,2449.070182
66,5,11344.477764
66,6,7067.190160
66,7,5212.311969
66,8,3955.525041
66,9,3515.323498
66,10,3209.994792
66,11,2862.025062
66,12,2806.877790
66,13,2561.380894
66,14,2449.070182
67,5,11344.477764
67,6,7067.190160
67,7,5212.311969
67,8,3955.525041
67,9,3515.323498
67,10,3209.994792
67,11,2862.025062
67,12,2806.877790
67,13,2561.380894
67,14,2449.070182
68,5,11344.477764
68,6,7067.190160
68,7,5212.311969
68,8,3955.525041
68,9,3515.323498
68,10,3209.994792
68,11,2862.025062
68,12,2742.507318
68,13,2561.380894
68,14,2449.070182
69,5,11344.477764
69,6,7067.190160
69,7,5212.311969
69,8,3955.525041
69,9,3515.323498
69,10,3209.994792
69,11,2862.025062
69,12,2742.507318
69,13,2561.380894
69,14,2449.070182
70,5,11344.477764
70,6,7067.190160
70,7,5212.311969
70,8,3955.525041
70,9,3462.420870
70,10,3209.994792
70,11,2862.025062
70,12,2742.507318
70,13,2561.380894
70,14,2449.070182
71,5,11344.477764
71,6,7067.190160
71,7,5212.311969
71,8,3955.525041
71,9,3462.420870
71,10,3209.994792
71,11,2862.025062
71,12,2742.507318
71,13,2561.380894
71,14,2449.070182
72,5,11344.477764
72,6,7067.190160
72,7,5212.311969
72,8,3955.525041
72,9,3462.420870
72,10,3209.994792
72,11,2862.025062
72,12,2742.507318
72,13,2561.380894
72,14,2449.070182
73,5,11344.477764
73,6,7067.190160
73,7,5212.311969
73,8,3955.525041
73,9,3462.420870
73,10,3209.994792
73,11,2862.025062
73,12,2742.507318
73,13,2561.380894
73,14,2449.070182
74,5,11344.477764
74,6,7067.190160
74,7,5212.311969
74,8,3955.525041
74,9,3462.420870
74,10,3209.994792
74,11,2862.025062
74,12,2742.507318
74,13,2561.380894
74,14,2449.070182
75,5,11344.477764
75,6,7067.190160
75,7,5212.311969
75,8,3955.525041
75,9,3462.420870
75,10,3209.994792
75,11,2862.025062
75,12,2742.507318
75,13,2561.380894
75,14,2449.070182
76,5,11344.477764
76,6,7067.190160
76,7,5212.311969
76,8,3955.525041
76,9,3462.420870
76,10,3209.994792
76,11,2862.025062
76,12,2742.507318
76,13,2561.380894
76,14,2449.070182
77,5,11344.477764
77,6,7067.190160
77,7,5212.311969
77,8,3955.525041
77,9,3462.420870
77,10,3209.994792
77,11,2862.025062
77,12,2742.507318
77,13,2561.380894
77,14,2449.070182
78,5,11344.477764
78,6,7067.190160
78,7,5149.611247
78,8,3955.525041
78,9,3462.420870
78,10,3209.994792
78,11,2862.025062
78,12,2742.507318
78,13,2561.380894
78,14,2449.070182
79,5,11344.477764
79,6,7067.190160
79,7,5149.611247
79,8,3955.525041
79,9,3462.420870
79,10,3209.994792
79,11,2862.025062
79,12,2742.507318
79,13,2561.380894
79,14,2449.070182
80,5,11344.477764
80,6,7067.190160
80,7,5149.611247
80,8,3955.525041
80,9,3409.765741
80,10,3209.994792
80,11,2862.025062
80,12,2742.507318
80,13,2536.580383
80,14,2449.070182
81,5,11344.477764
81,6,7067.190160
81,7,5149.611247
81,8,3955.525041
81,9,3409.765741
81,10,3209.994792
81,11,2862.025062
81,12,2742.507318
81,13,2536.580383
81,14,2449.070182
82,5,11344.477764
82,6,7067.190160
82,7,5149.611247
82,8,3955.525041
82,9,3409.765741
82,10,3209.994792
82,11,2862.025062
82,12,2742.507318
82,13,2536.580383
82,14,2449.070182
83,5,11344.477764
83,6,7067.190160
83,7,5149.611247
83,8,3955.525041
83,9,3409.765741
83,10,3209.994792
83,11,2862.025062
83,12,2742.507318
83,13,2536.580383
83,14,2449.070182
84,5,11344.477764
84,6,6940.280962
84,7,5149.611247
84,8,3955.525041
84,9,3409.765741
84,10,3209.994792
84,11,2862.025062
84,12,2742.507318
84,13,2536.580383
84,14,2449.070182
85,5,11344.477764
85,6,6935.732957
85,7,5149.611247
85,8,3955.525041
85,9,3409.765741
85,10,3209.994792
85,11,2724.768951
85,13,2536.580383
85,14,2449.070182
86,5,11344.477764
86,6,6935.732957
86,7,5149.611247
86,8,3955.525041
86,9,3409.765741
86,10,3209.994792
86,11,2724.768951
86,12,2626.577126
86,13,2536.580383
86,14,2449.070182
87,5,11344.477764
87,6,6935.732957
87,7,5149.611247
87,8,3955.525041
87,9,3409.765741
87,10,3209.994792
87,11,2724.768951
87,12,2626.577126
87,13,2536.580383
87,14,2449.070182
88,5,11344.477764
88,6,6935.732957
88,7,5149.611247
88,8,3955.525041
88,9,3409.765741
88,10,3209.994792
88,11,2724.768951
88,12,2626.577126
88,13,2536.580383
88,14,2449.070182
89,5,11344.477764
89,6,6935.732957
89,7,5149.611247
89,8,3955.525041
89,9,3409.765741
89,10,3209.994792
89,11,2724.768951
89,12,2626.577126
89,13,2536.580383
89,14,2449.070182
90,5,11344.477764
90,6,6513.646794
90,7,5149.611247
90,8,3955.525041
90,9,3409.765741
90,10,3209.994792
90,11,2724.768951
90,12,2626.577126
90,13,2536.580383
90,14,2449.070182
91,5,11344.477764
91,6,6513.646794
91,7,5149.611247
91,8,3955.525041
91,9,3409.765741
91,10,3209.994792
91,11,2724.768951
91,12,2626.577126
91,13,2536.580383
91,14,2449.070182
92,5,11344.477764
92,6,6513.646794
92,7,5149.611247
92,8,3955.525041
92,9,3409.765741
92,10,3209.994792
92,11,2724.768951
92,12,2626.577126
92,13,2536.580383
92,14,2449.070182
93,5,11344.477764
93,6,6513.646794
93,7,5149.611247
93,8,3955.525041
93,9,3409.765741
93,10,3209.994792
93,11,2724.768951
93,12,2626.577126
93,13,2536.580383
93,14,2449.070182
94,5,11344.477764
94,6,6513.646794
94,7,5149.611247
94,8,3955.525041
94,9,3409.765741
94,10,3209.994792
94,11,2724.768951
94,12,2626.577126
94,13,2536.580383
94,14,2449.070182
95,5,11344.477764
95,6,6513.646794
95,7,5149.611247
95,8,3955.525041
95,9,3409.765741
95,10,3209.994792
95,11,2724.768951
95,12,2626.577126
95,13,2536.580383
95,14,2449.070182
96,5,11344.477764
96,6,6513.646794
96,7,5149.611247
96,8,3955.525041
96,9,3409.765741
96,10,3209.994792
96,11,2724.768951
96,12,2626.577126
96,13,2536.580383
96,14,2449.070182
97,5,11344.477764
97,6,6513.646794
97,7,5149.611247
97,8,3955.525041
97,9,3409.765741
97,10,3209.994792
97,11,2724.768951
97,12,2626.577126
97,13,2536.580383
97,14,2449.070182
98,5,11344.477764
98,6,6513.646794
98,7,5149.611247
98,8,3955.525041
98,9,3409.765741
98,10,3209.994792
98,11,2724.768951
98,12,2626.577126
98,13,2536.580383
98,14,2449.070182
99,5,11344.477764
99,6,6513.646794
99,7,5149.611247
99,8,3955.525041
99,9,3409.765741
99,10,3209.994792
99,11,2724.768951
99,12,2626.577126
99,13,2536.580383
99,14,2449.070182
100,5,11344.477764
100,6,6513.646794
100,7,5076.221848
100,8,3955.525041
100,9,3409.765741
100,10,3209.994792
100,11,2724.768951
100,12,2626.577126
100,13,2536.580383
100,14,2449.070182
101,5,11344.477764
101,6,6513.646794
101,7,4814.429230
101,8,3955.525041
101,9,3409.765741
101,10,3011.868269
101,11,2724.768951
101,12,2626.577126
101,13,2536.580383
101,14,2449.070182
102,5,11344.477764
102,6,6513.646794
102,7,4814.429230
102,8,3955.525041
102,9,3409.765741
102,10,3011.868269
102,11,2724.768951
102,12,2626.577126
102,13,2536.580383
102,14,2449.070182
103,5,11344.477764
103,6,6513.646794
103,7,4814.429230
103,8,3955.525041
103,9,3409.765741
103,10,3011.868269
103,11,2724.768951
103,12,2626.577126
103,13,2536.580383
103,14,2449.070182
104,5,11344.477764
104,6,6513.646794
104,7,4814.429230
104,8,3955.525041
104,9,3409.765741
104,10,3011.868269
104,11,2724.768951
104,12,2626.577126
104,13,2536.580383
104,14,2449.070182
105,5,11344.477764
105,6,6513.646794
105,7,4814.429230
105,8,3955.525041
105,9,3409.765741
105,10,3011.868269
105,11,2724.768951
105,12,2626.577126
105,13,2536.580383
105,14,2449.070182
106,5,11344.477764
106,6,6513.646794
106,7,4814.429230
106,8,3955.525041
106,9,3409.765741
106,10,3011.868269
106,11,2724.768951
106,12,2626.577126
106,13,2536.580383
106,14,2449.070182
107,5,11344.477764
107,6,6402.717920
107,7,4814.429230
107,8,3955.525041
107,9,3409.765741
107,10,3011.868269
107,11,2724.768951
107,12,2626.577126
107,13,2536.580383
107,14,2449.070182
108,5,10553.667799
108,6,6402.717920
108,7,4814.429230
108,8,3955.525041
108,9,3409.765741
108,10,3011.868269
108,11,2724.768951
108,12,2626.577126
108,13,2536.580383
108,14,2449.070182
109,5,10553.667799
109,6,6402.717920
109,7,4814.429230
109,8,3955.525041
109,9,3409.765741
109,10,3011.868269
109,11,2724.768951
109,12,2626.577126
109,13,2536.580383
109,14,2449.070182
110,5,10553.667799
110,6,6402.717920
110,7,4814.429230
110,8,3955.525041
110,9,3378.341226
110,10,3011.868269
110,11,2724.768951
110,12,2474.191021
110,14,2449.070182
111,5,10553.667799
111,6,6402.717920
111,7,4814.429230
111,8,3955.525041
111,9,3378.341226
111,10,3011.868269
111,11,2724.768951
111,12,2474.191021
111,14,2449.070182
112,5,10553.667799
112,6,6402.717920
112,7,4814.429230
112,8,3955.525041
112,9,3378.341226
112,10,3011.868269
112,11,2724.768951
112,12,2474.191021
112,14,2449.070182
113,5,10553.667799
113,6,6402.717920
113,7,4814.429230
113,8,3955.525041
113,9,3378.341226
113,10,3011.868269
113,11,2724.768951
113,12,2474.191021
113,14,2449.070182
114,5,10553.667799
114,6,6402.717920
114,7,4814.429230
114,8,3955.525041
114,9,3378.341226
114,10,3011.868269
114,11,2724.768951
114,12,2474.191021
114,14,2449.070182
115,5,10553.667799
115,6,6402.717920
115,7,4814.429230
115,8,3955.525041
115,9,3378.341226
115,10,3011.868269
115,11,2628.142625
115,12,2474.191021
115,14,2449.070182
116,5,10553.667799
116,6,6402.717920
116,7,4814.429230
116,8,3794.164163
116,9,3378.341226
116,10,3011.868269
116,11,2596.163357
116,12,2474.191021
116,14,2449.070182
117,5,10553.667799
117,6,6402.717920
117,7,4814.429230
117,8,3794.164163
117,9,3378.341226
117,10,3011.868269
117,11,2596.163357
117,12,2474.191021
117,14,2449.070182
117,17,2440.606168
118,5,10553.667799
118,6,6402.717920
118,7,4814.429230
118,8,3794.164163
118,9,3212.297187
118,10,3011.868269
118,11,2596.163357
118,12,2474.191021
118,14,2449.070182
118,17,2440.606168
119,5,10553.667799
119,6,6402.717920
119,7,4814.429230
119,8,3794.164163
119,9,3212.297187
119,10,3011.868269
119,11,2596.163357
119,12,2474.191021
119,14,2449.070182
119,17,2440.606168
119,18,2381.283297
120,5,10553.667799
120,6,6402.717920
120,7,4814.429230
120,8,3794.164163
120,9,3212.297187
120,10,3011.868269
120,11,2596.163357
120,12,2474.191021
120,14,2449.070182
120,17,2440.606168
120,18,2381.283297
121,5,10553.667799
121,6,6258.377461
121,7,4814.429230
121,8,3794.164163
121,9,3212.297187
121,10,3011.868269
121,11,2596.163357
121,12,2474.191021
121,13,2462.184651
121,14,2449.070182
121,17,2431.496797
121,18,2381.283297
122,5,10553.667799
122,6,6258.377461
122,7,4814.429230
122,8,3794.164163
122,9,3212.297187
122,10,3011.868269
122,11,2596.163357
122,12,2474.191021
122,13,2462.184651
122,14,2449.070182
122,17,2431.496797
122,18,2381.283297
123,5,10553.667799
123,6,6258.377461
123,7,4386.686202
123,8,3794.164163
123,9,3212.297187
123,10,3011.868269
123,11,2596.163357
123,12,2474.191021
123,13,2462.184651
123,14,2449.070182
123,16,2423.431411
123,18,2381.283297
124,5,10553.667799
124,6,6258.377461
124,7,4386.686202
124,8,3794.164163
124,9,3212.297187
124,10,3011.868269
124,11,2596.163357
124,12,2474.191021
124,13,2462.184651
124,14,2449.070182
124,16,2423.431411
124,18,2381.283297
125,5,10553.667799
125,6,6258.377461
125,7,4386.686202
125,8,3794.164163
125,9,3212.297187
125,10,3011.868269
125,11,2596.163357
125,12,2474.191021
125,13,2462.184651
125,14,2449.070182
125,16,2423.431411
125,18,2381.283297
126,5,10553.667799
126,6,5961.228104
126,7,4386.686202
126,8,3794.164163
126,9,3212.297187
126,10,3011.868269
126,11,2596.163357
126,12,2474.191021
126,13,2462.184651
126,14,2449.070182
126,15,2428.235270
126,16,2423.431411
126,18,2381.283297
127,5,10553.667799
127,6,5961.228104
127,7,4386.686202
127,8,3794.164163
127,9,3212.297187
127,10,3011.868269
127,11,2596.163357
127,12,2474.191021
127,13,2462.184651
127,14,2417.793698
127,18,2381.283297
128,5,10553.667799
128,6,5961.228104
128,7,4386.686202
128,8,3794.164163
128,9,3192.651009
128,10,3011.868269
128,11,2596.163357
128,12,2474.191021
128,13,2462.184651
128,14,2417.793698
128,16,2302.337056
129,5,10553.667799
129,6,5961.228104
129,7,4386.686202
129,8,3794.164163
129,9,3192.651009
129,10,3011.868269
129,11,2596.163357
129,12,2474.191021
129,13,2462.184651
129,14,2417.793698
129,16,2302.337056
130,5,10553.667799
130,6,5961.228104
130,7,4386.686202
130,8,3794.164163
130,9,3192.651009
130,10,3009.221625
130,11,2596.163357
130,12,2474.191021
130,13,2462.184651
130,14,2375.716529
130,16,2302.337056
130,18,2281.940214
131,5,10553.667799
131,6,5961.228104
131,7,4386.686202
131,8,3794.164163
131,9,3192.651009
131,10,3009.221625
131,11,2596.163357
131,12,2474.191021
131,13,2462.184651
131,14,2375.716529
131,16,2302.337056
131,18,2281.940214
132,5,10553.667799
132,6,5961.228104
132,7,4386.686202
132,8,3786.033960
132,9,3192.651009
132,10,3009.221625
132,11,2596.163357
132,12,2474.191021
132,13,2462.184651
132,14,2375.716529
132,15,2373.935382
132,16,2302.337056
132,18,2281.940214
133,5,10553.667799
133,6,5961.228104
133,7,4386.686202
133,8,3786.033960
133,9,3192.651009
133,10,3009.221625
133,11,2596.163357
133,12,2474.191021
133,13,2462.184651
133,14,2375.716529
133,15,2363.897026
133,16,2302.337056
133,18,2281.940214
134,5,10553.667799
134,6,5961.228104
134,7,4386.686202
134,8,3786.033960
134,9,3192.651009
134,10,3009.221625
134,11,2596.163357
134,12,2474.191021
134,13,2462.184651
134,14,2375.716529
134,15,2363.897026
134,16,2302.337056
134,18,2281.940214
135,5,10553.667799
135,6,5961.228104
135,7,4386.686202
135,8,3786.033960
135,9,3192.651009
135,10,2997.678615
135,11,2596.163357
135,12,2402.348321
135,14,2375.716529
135,15,2363.897026
135,16,2302.337056
135,18,2281.940214
136,5,10553.667799
136,6,5961.228104
136,7,4386.686202
136,8,3786.033960
136,9,3192.651009
136,10,2997.678615
136,11,2596.163357
136,12,2402.348321
136,14,2375.716529
136,15,2363.897026
136,16,2302.337056
136,18,2281.940214
137,5,10553.667799
137,6,5961.228104
137,7,4386.686202
137,8,3786.033960
137,9,3192.651009
137,10,2997.678615
137,11,2596.163357
137,12,2402.348321
137,14,2375.716529
137,15,2363.897026
137,16,2302.337056
137,18,2281.940214
138,5,10553.667799
138,6,5961.228104
138,7,4386.686202
138,8,3786.033960
138,9,3192.651009
138,10,2997.678615
138,11,2596.163357
138,12,2402.348321
138,14,2375.716529
138,15,2363.897026
138,16,2302.337056
138,18,2281.940214
139,5,10553.667799
139,6,5961.228104
139,7,4386.686202
139,8,3786.033960
139,9,3192.651009
139,10,2997.678615
139,11,2596.163357
139,12,2402.348321
139,14,2375.716529
139,15,2337.925207
139,16,2302.337056
139,18,2281.940214
140,5,10553.667799
140,6,5961.228104
140,7,4386.686202
140,8,3786.033960
140,9,3027.408846
140,10,2997.678615
140,11,2512.604422
140,12,2402.348321
140,14,2375.716529
140,15,2337.925207
140,16,2231.226970
141,5,10553.667799
141,6,5961.228104
141,7,4386.686202
141,8,3786.033960
141,9,3027.408846
141,10,2997.678615
141,11,2512.604422
141,12,2402.348321
141,14,2375.716529
141,15,2337.925207
141,16,2231.226970
142,5,10553.667799
142,6,5961.228104
142,7,4386.686202
142,8,3786.033960
142,9,3027.408846
142,10,2997.678615
142,11,2512.604422
142,12,2402.348321
142,14,2361.562494
142,15,2337.925207
142,16,2231.226970
143,5,10553.667799
143,6,5961.228104
143,7,4386.686202
143,8,3786.033960
143,9,3027.408846
143,10,2997.678615
143,11,2512.604422
143,12,2402.348321
143,13,2393.008415
143,14,2361.562494
143,15,2337.925207
143,16,2231.226970
144,5,10553.667799
144,6,5961.228104
144,7,4386.686202
144,8,3786.033960
144,9,3027.408846
144,10,2997.678615
144,11,2512.604422
144,12,2402.348321
144,13,2393.008415
144,14,2361.562494
144,15,2315.788690
144,16,2231.226970
145,5,10553.667799
145,6,5961.228104
145,7,4386.686202
145,8,3732.043015
145,9,3027.408846
145,10,2997.678615
145,11,2512.604422
145,12,2402.348321
145,13,2393.008415
145,14,2361.562494
145,15,2315.788690
145,16,2231.226970
146,5,10553.667799
146,6,5961.228104
146,7,4386.686202
146,8,3732.043015
146,9,3027.408846
146,10,2997.678615
146,11,2512.604422
146,12,2402.348321
146,13,2393.008415
146,14,2361.562494
146,15,2315.788690
146,16,2231.226970
147,5,10553.667799
147,6,5961.228104
147,7,4386.686202
147,8,3732.043015
147,9,3027.408846
147,10,2997.678615
147,11,2512.604422
147,12,2402.348321
147,13,2393.008415
147,14,2361.562494
147,15,2315.788690
147,16,2231.226970
148,5,9294.622506
148,6,5961.228104
148,7,4386.686202
148,8,3732.043015
148,9,3027.408846
148,10,2997.678615
148,11,2512.604422
148,12,2402.348321
148,13,2393.008415
148,14,2361.562494
148,15,2315.788690
148,16,2231.226970
149,5,9259.645270
149,6,5961.228104
149,7,4386.686202
149,8,3732.043015
149,9,3027.408846
149,10,2997.678615
149,11,2512.604422
149,12,2402.348321
149,13,2393.008415
149,14,2361.562494
149,15,2315.788690
149,16,2231.226970
150,5,9259.645270
150,6,5961.228104
150,7,4386.686202
150,8,3732.043015
150,9,2894.292596
150,11,2512.604422
150,12,2402.348321
150,13,2393.008415
150,14,2361.562494
150,15,2315.788690
150,16,2231.226970
151,5,9259.645270
151,6,5961.228104
151,7,4386.686202
151,8,3732.043015
151,9,2894.292596
151,11,2512.604422
151,12,2402.348321
151,13,2393.008415
151,14,2361.562494
151,15,2315.788690
151,16,2231.226970
152,5,9259.645270
152,6,5961.228104
152,7,4386.686202
152,8,3732.043015
152,9,2894.292596
152,11,2512.604422
152,12,2402.348321
152,13,2393.008415
152,14,2361.562494
152,15,2300.209941
152,16,2231.226970
153,5,9259.645270
153,6,5961.228104
153,7,4386.686202
153,8,3732.043015
153,9,2894.292596
153,11,2512.604422
153,12,2402.348321
153,13,2393.008415
153,14,2361.562494
153,15,2300.209941
153,16,2231.226970
154,5,9259.645270
154,6,5961.228104
154,7,4386.686202
154,8,3732.043015
154,9,2894.292596
154,11,2512.604422
154,12,2402.348321
154,13,2393.008415
154,14,2361.562494
154,15,2300.209941
154,16,2231.226970
155,5,9259.645270
155,6,5961.228104
155,7,4386.686202
155,8,3732.043015
155,9,2894.292596
155,11,2487.267584
155,12,2402.348321
155,13,2393.008415
155,14,2361.562494
155,15,2300.209941
155,16,2231.226970
156,5,9259.645270
156,6,5961.228104
156,7,4386.686202
156,8,3732.043015
156,9,2894.292596
156,10,2827.280087
156,11,2487.267584
156,12,2402.348321
156,13,2393.008415
156,14,2361.562494
156,15,2300.209941
156,16,2231.226970
157,5,9259.645270
157,6,5961.228104
157,7,4386.686202
157,8,3732.043015
157,9,2894.292596
157,10,2827.280087
157,11,2487.267584
157,12,2402.348321
157,13,2393.008415
157,14,2361.562494
157,15,2300.209941
157,16,2231.226970
158,5,9259.645270
158,6,5961.228104
158,7,4386.686202
158,8,3677.436944
158,9,2894.292596
158,10,2827.280087
158,11,2487.267584
158,12,2402.348321
158,13,2393.008415
158,14,2361.562494
158,15,2300.209941
158,16,2231.226970
159,5,9259.645270
159,6,5961.228104
159,7,4386.686202
159,8,3677.436944
159,9,2894.292596
159,10,2827.280087
159,11,2487.267584
159,12,2402.348321
159,13,2393.008415
159,14,2361.562494
159,15,2300.209941
159,16,2231.226970
160,5,9259.645270
160,6,5961.228104
160,7,4386.686202
160,8,3677.436944
160,9,2894.292596
160,10,2827.280087
160,11,2487.267584
160,12,2377.015975
160,14,2361.562494
160,15,2300.209941
160,16,2231.226970
161,5,9259.645270
161,6,5836.750468
161,7,4386.686202
161,8,3677.436944
161,9,2894.292596
161,10,2827.280087
161,11,2487.267584
161,12,2377.015975
161,14,2361.562494
161,15,2300.209941
161,16,2231.226970
162,5,9259.645270
162,6,5836.750468
162,7,4242.616301
162,8,3677.436944
162,9,2894.292596
162,10,2827.280087
162,11,2462.982524
162,12,2377.015975
162,14,2361.562494
162,15,2300.209941
162,16,2231.226970
163,5,9259.645270
163,6,5795.001192
163,7,4242.616301
163,8,3677.436944
163,9,2894.292596
163,10,2827.280087
163,11,2462.982524
163,12,2377.015975
163,14,2361.562494
163,15,2300.209941
163,16,2231.226970
164,5,9259.645270
164,6,5795.001192
164,7,4242.616301
164,8,3677.436944
164,9,2894.292596
164,10,2641.673028
164,11,2462.982524
164,12,2377.015975
164,14,2361.562494
164,15,2300.209941
164,16,2231.226970
165,5,9259.645270
165,6,5795.001192
165,7,4242.616301
165,8,3677.436944
165,9,2894.292596
165,10,2641.673028
165,11,2462.982524
165,12,2377.015975
165,14,2361.562494
165,15,2300.209941
165,16,2231.226970
166,5,9259.645270
166,6,5795.001192
166,7,4242.616301
166,8,3677.436944
166,9,2894.292596
166,10,2641.673028
166,11,2462.982524
166,12,2377.015975
166,14,2361.562494
166,15,2300.209941
166,16,2231.226970
167,5,9259.645270
167,6,5795.001192
167,7,4242.616301
167,8,3677.436944
167,9,2894.292596
167,10,2641.673028
167,11,2462.982524
167,12,2377.015975
167,14,2361.562494
167,15,2300.209941
167,16,2231.226970
168,5,9259.645270
168,6,5795.001192
168,7,4242.616301
168,8,3677.436944
168,9,2894.292596
168,10,2641.673028
168,11,2462.982524
168,12,2377.015975
168,14,2361.562494
168,15,2300.209941
168,16,2231.226970
169,5,9259.645270
169,6,5795.001192
169,7,4242.616301
169,8,3677.436944
169,9,2894.292596
169,10,2641.673028
169,11,2462.982524
169,12,2377.015975
169,14,2361.562494
169,15,2300.209941
169,16,2231.226970
170,5,9259.645270
170,6,5795.001192
170,7,4242.616301
170,8,3677.436944
170,9,2894.292596
170,10,2641.673028
170,11,2462.982524
170,12,2377.015975
170,14,2361.562494
170,15,2300.209941
170,16,2231.226970
171,5,9259.645270
171,6,5795.001192
171,7,4242.616301
171,8,3677.436944
171,9,2894.292596
171,10,2641.673028
171,11,2462.982524
171,12,2377.015975
171,14,2312.203430
171,15,2271.281527
171,16,2231.226970
172,5,9234.615548
172,6,5795.001192
172,7,4242.616301
172,8,3601.570334
172,9,2894.292596
172,10,2641.673028
172,11,2462.982524
172,12,2377.015975
172,14,2312.203430
172,15,2271.281527
172,16,2231.226970
173,5,9234.615548
173,6,5795.001192
173,7,4242.616301
173,8,3601.570334
173,9,2894.292596
173,10,2641.673028
173,11,2462.982524
173,12,2377.015975
173,14,2312.203430
173,15,2271.281527
173,16,2231.226970
174,5,9234.615548
174,6,5795.001192
174,7,4242.616301
174,8,3601.570334
174,9,2894.292596
174,10,2641.673028
174,11,2462.982524
174,12,2377.015975
174,14,2312.203430
174,15,2271.281527
174,16,2231.226970
175,5,9234.615548
175,6,5795.001192
175,7,3876.108561
175,8,3601.570334
175,9,2894.292596
175,10,2641.673028
175,11,2462.982524
175,12,2377.015975
175,14,2312.203430
175,15,2271.281527
175,16,2231.226970
176,5,9234.615548
176,6,5795.001192
176,7,3876.108561
176,8,3601.570334
176,9,2894.292596
176,10,2641.673028
176,11,2462.982524
176,12,2377.015975
176,14,2312.203430
176,15,2271.281527
176,16,2231.226970
177,5,9234.615548
177,6,5795.001192
177,7,3876.108561
177,8,3601.570334
177,9,2894.292596
177,10,2641.673028
177,11,2462.982524
177,12,2377.015975
177,14,2312.203430
177,15,2264.234765
177,16,2231.226970
178,5,9234.615548
178,6,5795.001192
178,7,3876.108561
178,8,3586.632124
178,9,2894.292596
178,10,2641.673028
178,11,2462.982524
178,12,2377.015975
178,14,2312.203430
178,15,2264.234765
178,16,2231.226970
179,5,9234.615548
179,6,5795.001192
179,7,3876.108561
179,8,3586.632124
179,9,2894.292596
179,10,2641.673028
179,11,2462.982524
179,12,2377.015975
179,13,2373.053108
179,14,2312.203430
179,15,2264.234765
179,16,2231.226970
180,5,9234.615548
180,6,5795.001192
180,7,3876.108561
180,8,3586.632124
180,9,2894.292596
180,10,2641.673028
180,11,2462.982524
180,12,2377.015975
180,13,2373.053108
180,14,2312.203430
180,15,2264.234765
180,16,2231.226970
181,5,9005.107624
181,6,5795.001192
181,7,3876.108561
181,8,3586.632124
181,9,2894.292596
181,10,2641.673028
181,11,2462.982524
181,12,2377.015975
181,13,2373.053108
181,14,2312.203430
181,15,2264.234765
181,16,2231.226970
182,5,9005.107624
182,6,5795.001192
182,7,3876.108561
182,8,3586.632124
182,9,2894.292596
182,10,2641.673028
182,11,2462.982524
182,12,2377.015975
182,13,2370.126973
182,14,2312.203430
182,15,2264.234765
182,16,2231.226970
183,5,9005.107624
183,6,5795.001192
183,7,3876.108561
183,8,3586.632124
183,9,2894.292596
183,10,2641.673028
183,11,2462.982524
183,12,2377.015975
183,13,2363.227446
183,14,2312.203430
183,15,2264.234765
183,16,2231.226970
184,5,9005.107624
184,6,5795.001192
184,7,3876.108561
184,8,3552.206923
184,9,2894.292596
184,10,2641.673028
184,11,2462.982524
184,12,2377.015975
184,13,2363.227446
184,14,2312.203430
184,15,2264.234765
184,16,2231.226970
185,5,9005.107624
185,6,5795.001192
185,7,3876.108561
185,8,3552.206923
185,9,2894.292596
185,10,2641.673028
185,11,2462.982524
185,12,2377.015975
185,13,2363.227446
185,14,2312.203430
185,15,2264.234765
185,16,2231.226970
186,5,9005.107624
186,6,5795.001192
186,7,3876.108561
186,8,3552.206923
186,9,2894.292596
186,10,2641.673028
186,11,2462.982524
186,12,2377.015975
186,13,2363.227446
186,14,2312.203430
186,15,2264.234765
186,16,2231.226970
187,5,9005.107624
187,6,5795.001192
187,7,3876.108561
187,8,3552.206923
187,9,2894.292596
187,10,2641.673028
187,11,2462.982524
187,12,2377.015975
187,13,2363.227446
187,14,2312.203430
187,15,2264.234765
187,16,2231.226970
188,5,9005.107624
188,6,5795.001192
188,7,3876.108561
188,8,3552.206923
188,9,2894.292596
188,10,2641.673028
188,11,2462.982524
188,12,2377.015975
188,13,2363.227446
188,14,2312.203430
188,15,2264.234765
188,16,2231.226970
189,5,8588.304577
189,6,5795.001192
189,7,3876.108561
189,8,3552.206923
189,9,2894.292596
189,10,2641.673028
189,11,2462.982524
189,12,2377.015975
189,13,2363.227446
189,14,2312.203430
189,15,2264.234765
189,16,2231.226970
190,5,8588.304577
190,6,5795.001192
190,7,3876.108561
190,8,3552.206923
190,9,2894.292596
190,10,2641.673028
190,11,2462.982524
190,12,2377.015975
190,13,2363.227446
190,14,2312.203430
190,15,2264.234765
190,16,2231.226970
191,5,8588.304577
191,6,5533.796775
191,7,3876.108561
191,8,3552.206923
191,9,2894.292596
191,10,2641.673028
191,11,2462.982524
191,12,2377.015975
191,13,2356.578110
191,14,2312.203430
191,15,2264.234765
191,16,2231.226970
192,5,8588.304577
192,6,5533.796775
192,7,3876.108561
192,8,3552.206923
192,9,2894.292596
192,10,2641.673028
192,11,2462.982524
192,12,2377.015975
192,13,2356.578110
192,14,2312.203430
192,15,2264.234765
192,16,2231.226970
193,5,8588.304577
193,6,5533.796775
193,7,3876.108561
193,8,3552.206923
193,9,2894.292596
193,10,2641.673028
193,11,2462.982524
193,12,2377.015975
193,13,2356.578110
193,14,2312.203430
193,15,2264.234765
193,16,2231.226970
194,5,8588.304577
194,6,5533.796775
194,7,3876.108561
194,8,3552.206923
194,9,2894.292596
194,10,2641.673028
194,11,2462.982524
194,12,2377.015975
194,13,2356.578110
194,14,2312.203430
194,15,2264.234765
194,16,2231.226970
195,5,8486.163285
195,6,5533.796775
195,7,3629.154916
195,8,3552.206923
195,9,2784.952775
195,10,2641.673028
195,11,2462.982524
195,12,2377.015975
195,13,2356.578110
195,14,2312.203430
195,15,2264.234765
195,16,2231.226970
196,5,8486.163285
196,6,5533.796775
196,7,3629.154916
196,8,3552.206923
196,9,2784.952775
196,10,2641.673028
196,11,2462.982524
196,12,2377.015975
196,13,2356.578110
196,14,2312.203430
196,15,2264.234765
196,16,2231.226970
197,5,8486.163285
197,6,5533.796775
197,7,3629.154916
197,8,3552.206923
197,9,2784.952775
197,10,2641.673028
197,11,2462.982524
197,12,2377.015975
197,13,2356.578110
197,14,2312.203430
197,15,2264.234765
197,16,2231.226970
198,5,8486.163285
198,6,5533.796775
198,7,3629.154916
198,8,3552.206923
198,9,2784.952775
198,10,2641.673028
198,11,2462.982524
198,12,2377.015975
198,13,2356.578110
198,14,2312.203430
198,15,2264.234765
198,16,2231.226970
199,5,8486.163285
199,6,5533.796775
199,7,3629.154916
199,8,3552.206923
199,9,2784.952775
199,10,2641.673028
199,11,2462.982524
199,12,2377.015975
199,13,2356.578110
199,14,2297.626732
199,15,2264.234765
199,16,2228.931408
200,5,8486.163285
200,6,5533.796775
200,7,3629.154916
200,8,3552.206923
200,9,2784.952775
200,10,2641.673028
200,11,2462.982524
200,12,2377.015975
200,13,2356.578110
200,14,2297.626732
200,15,2264.234765
200,16,2228.931408
201,5,8486.163285
201,6,5533.796775
201,7,3629.154916
201,8,3552.206923
201,9,2784.952775
201,10,2641.673028
201,11,2462.982524
201,12,2377.015975
201,13,2356.578110
201,14,2297.626732
201,15,2264.234765
201,16,2228.931408
202,5,8486.163285
202,6,5533.796775
202,7,3629.154916
202,8,3552.206923
202,9,2784.952775
202,10,2641.673028
202,11,2462.982524
202,12,2377.015975
202,13,2356.578110
202,14,2297.626732
202,15,2264.234765
202,16,2228.931408
203,5,8486.163285
203,6,5533.796775
203,7,3629.154916
203,8,3552.206923
203,9,2784.952775
203,10,2641.673028
203,11,2462.982524
203,12,2377.015975
203,13,2356.578110
203,14,2297.626732
203,15,2264.234765
203,16,2228.931408
204,5,8486.163285
204,6,5533.796775
204,7,3629.154916
204,8,3552.206923
204,9,2784.952775
204,10,2641.673028
204,11,2462.982524
204,12,2377.015975
204,13,2356.578110
204,14,2297.626732
204,15,2264.234765
204,16,2228.931408
205,5,8486.163285
205,6,5533.796775
205,7,3629.154916
205,8,3552.206923
205,9,2784.952775
205,10,2641.673028
205,11,2462.982524
205,12,2377.015975
205,13,2356.578110
205,14,2297.626732
205,15,2264.234765
205,16,2228.931408
206,5,8486.163285
206,6,5533.796775
206,7,3629.154916
206,8,3552.206923
206,9,2784.952775
206,10,2641.673028
206,11,2462.982524
206,12,2377.015975
206,13,2356.578110
206,14,2297.626732
206,15,2264.234765
206,16,2228.931408
207,5,8486.163285
207,6,5533.796775
207,7,3629.154916
207,8,3552.206923
207,9,2784.952775
207,10,2641.673028
207,11,2462.982524
207,12,2377.015975
207,13,2356.578110
207,14,2297.626732
207,15,2264.234765
207,16,2228.931408
208,5,8486.163285
208,6,5533.796775
208,7,3629.154916
208,8,3552.206923
208,9,2784.952775
208,10,2641.673028
208,11,2462.982524
208,12,2377.015975
208,13,2356.578110
208,14,2297.626732
208,15,2264.234765
208,16,2228.931408
209,5,8302.343290
209,6,5533.796775
209,7,3629.154916
209,8,3552.206923
209,9,2662.523957
209,10,2641.673028
209,11,2462.982524
209,12,2377.015975
209,13,2356.578110
209,14,2297.626732
209,15,2264.234765
209,16,2228.931408
210,5,8302.343290
210,6,5533.796775
210,7,3629.154916
210,8,3552.206923
210,9,2662.523957
210,10,2641.673028
210,11,2462.982524
210,12,2377.015975
210,13,2356.578110
210,14,2297.626732
210,15,2264.234765
210,16,2228.931408
211,5,8302.343290
211,6,5533.796775
211,7,3629.154916
211,8,3552.206923
211,9,2662.523957
211,10,2641.673028
211,11,2462.982524
211,12,2377.015975
211,13,2347.179118
211,14,2297.626732
211,15,2236.115282
211,16,2228.931408
212,5,8302.343290
212,6,5533.796775
212,7,3629.154916
212,8,3552.206923
212,9,2662.523957
212,10,2641.673028
212,11,2462.982524
212,12,2377.015975
212,13,2327.167177
212,14,2297.626732
212,15,2236.115282
212,16,2228.931408
213,5,8302.343290
213,6,5533.796775
213,7,3629.154916
213,8,3552.206923
213,9,2662.523957
213,10,2641.673028
213,11,2462.982524
213,12,2377.015975
213,13,2327.167177
213,14,2297.626732
213,15,2236.115282
213,16,2228.931408
214,5,8302.343290
214,6,5533.796775
214,7,3629.154916
214,8,3552.206923
214,9,2662.523957
214,10,2641.673028
214,11,2462.982524
214,12,2377.015975
214,13,2327.167177
214,14,2297.626732
214,15,2236.115282
214,16,2228.931408
215,5,8223.001865
215,6,5533.796775
215,7,3629.154916
215,8,3552.206923
215,9,2662.523957
215,10,2641.673028
215,11,2462.982524
215,12,2377.015975
215,13,2327.167177
215,14,2229.443697
215,16,2228.931408
216,5,8223.001865
216,6,5533.796775
216,7,3629.154916
216,8,3552.206923
216,9,2662.523957
216,10,2641.673028
216,11,2462.982524
216,12,2377.015975
216,13,2327.167177
216,14,2229.443697
216,16,2228.931408
217,5,8223.001865
217,6,5533.796775
217,7,3629.154916
217,8,3552.206923
217,9,2662.523957
217,10,2641.673028
217,11,2462.982524
217,12,2377.015975
217,13,2327.167177
217,14,2229.443697
217,16,2228.931408
218,5,8223.001865
218,6,5533.796775
218,7,3629.154916
218,8,3552.206923
218,9,2662.523957
218,10,2641.673028
218,11,2462.982524
218,12,2377.015975
218,13,2327.167177
218,14,2229.443697
218,16,2228.931408
219,5,8223.001865
219,6,5533.796775
219,7,3629.154916
219,8,3552.206923
219,9,2662.523957
219,10,2641.673028
219,11,2462.982524
219,12,2377.015975
219,13,2327.167177
219,14,2229.443697
219,16,2228.931408
220,5,8223.001865
220,6,5496.524467
220,7,3629.154916
220,8,3552.206923
220,9,2662.523957
220,10,2641.673028
220,11,2462.982524
220,12,2377.015975
220,13,2274.508932
220,14,2229.443697
220,16,2173.060227
221,5,8223.001865
221,6,5496.524467
221,7,3629.154916
221,8,3552.206923
221,9,2662.523957
221,10,2641.673028
221,11,2462.982524
221,12,2377.015975
221,13,2274.508932
221,14,2229.443697
221,16,2173.060227
222,5,8223.001865
222,6,5496.524467
222,7,3629.154916
222,8,3552.206923
222,9,2662.523957
222,10,2641.673028
222,11,2462.982524
222,12,2377.015975
222,13,2274.508932
222,14,2229.443697
222,16,2173.060227
223,5,8223.001865
223,6,5496.524467
223,7,3629.154916
223,8,3552.206923
223,9,2662.523957
223,10,2641.673028
223,11,2462.982524
223,12,2317.069360
223,13,2274.508932
223,14,2229.443697
223,16,2173.060227
224,5,8223.001865
224,6,5496.524467
224,7,3629.154916
224,8,3552.206923
224,9,2662.523957
224,10,2641.673028
224,11,2462.982524
224,12,2317.069360
224,13,2274.508932
224,14,2229.443697
224,16,2173.060227
225,5,8223.001865
225,6,5425.788185
225,7,3629.154916
225,8,3552.206923
225,9,2662.523957
225,10,2641.673028
225,11,2462.982524
225,12,2317.069360
225,13,2274.508932
225,14,2229.443697
225,16,2173.060227
226,5,8223.001865
226,6,5425.788185
226,7,3629.154916
226,8,3552.206923
226,9,2662.523957
226,10,2641.673028
226,11,2462.982524
226,12,2317.069360
226,13,2274.508932
226,14,2229.443697
226,16,2173.060227
227,5,8223.001865
227,6,5425.788185
227,7,3629.154916
227,8,3552.206923
227,9,2662.523957
227,10,2641.673028
227,11,2462.982524
227,12,2317.069360
227,13,2274.508932
227,14,2229.443697
227,16,2173.060227
228,5,8223.001865
228,6,5425.788185
228,7,3629.154916
228,8,3552.206923
228,9,2662.523957
228,10,2641.673028
228,11,2462.982524
228,12,2317.069360
228,13,2274.508932
228,14,2229.443697
228,16,2173.060227
229,5,8223.001865
229,6,5425.788185
229,7,3629.154916
229,8,3552.206923
229,9,2662.523957
229,10,2641.673028
229,11,2462.982524
229,12,2317.069360
229,13,2274.508932
229,14,2229.443697
229,16,2173.060227
230,5,8223.001865
230,6,5425.788185
230,7,3629.154916
230,8,3552.206923
230,9,2662.523957
230,10,2641.673028
230,11,2462.982524
230,12,2317.069360
230,13,2274.508932
230,14,2229.443697
230,16,2173.060227
231,5,8223.001865
231,6,5425.788185
231,7,3629.154916
231,8,3245.779772
231,9,2662.523957
231,10,2572.899710
231,11,2462.982524
231,12,2305.021360
231,13,2274.508932
231,14,2229.443697
231,16,2173.060227
232,5,8223.001865
232,6,5425.788185
232,7,3629.154916
232,8,3245.779772
232,9,2662.523957
232,10,2572.899710
232,11,2462.982524
232,12,2305.021360
232,13,2274.508932
232,14,2229.443697
232,16,2173.060227
233,5,8223.001865
233,6,5425.788185
233,7,3629.154916
233,8,3245.779772
233,9,2662.523957
233,10,2572.899710
233,11,2462.982524
233,12,2305.021360
233,13,2274.508932
233,14,2229.443697
233,16,2173.060227
234,5,8223.001865
234,6,5425.788185
234,7,3629.154916
234,8,3245.779772
234,9,2646.545830
234,10,2572.899710
234,11,2462.982524
234,12,2305.021360
234,13,2274.508932
234,14,2229.443697
234,16,2173.060227
235,5,8223.001865
235,6,5425.788185
235,7,3629.154916
235,8,3245.779772
235,9,2646.545830
235,10,2572.899710
235,11,2462.982524
235,12,2305.021360
235,13,2274.508932
235,14,2229.443697
235,16,2173.060227
236,5,8223.001865
236,6,5425.788185
236,7,3629.154916
236,8,3245.779772
236,9,2646.545830
236,10,2572.899710
236,11,2413.205856
236,12,2305.021360
236,13,2274.508932
236,14,2229.443697
236,16,2173.060227
237,5,8223.001865
237,6,5425.788185
237,7,3629.154916
237,8,3245.779772
237,9,2646.545830
237,10,2572.899710
237,11,2413.205856
237,12,2305.021360
237,13,2274.508932
237,14,2229.443697
237,16,2173.060227
238,5,8223.001865
238,6,5425.788185
238,7,3629.154916
238,8,3245.779772
238,9,2646.545830
238,10,2572.899710
238,11,2361.506614
238,12,2305.021360
238,13,2274.508932
238,14,2229.443697
238,16,2173.060227
239,5,8223.001865
239,6,5425.788185
239,7,3629.154916
239,8,3245.779772
239,9,2646.545830
239,10,2572.899710
239,11,2361.506614
239,12,2305.021360
239,13,2274.508932
239,14,2229.443697
239,16,2173.060227
240,5,8223.001865
240,6,5425.788185
240,7,3629.154916
240,8,3245.779772
240,9,2646.545830
240,10,2572.899710
240,11,2316.054726
240,12,2305.021360
240,13,2274.508932
240,14,2229.443697
240,16,2173.060227
241,5,8223.001865
241,6,5425.788185
241,7,3629.154916
241,8,3245.779772
241,9,2646.545830
241,10,2572.899710
241,11,2316.054726
241,12,2305.021360
241,13,2274.508932
241,14,2229.443697
241,16,2173.060227
242,5,8223.001865
242,6,5425.788185
242,7,3629.154916
242,8,3245.779772
242,9,2646.545830
242,10,2572.899710
242,11,2316.054726
242,12,2305.021360
242,13,2274.508932
242,14,2229.443697
242,16,2173.060227
243,5,8223.001865
243,6,5425.788185
243,7,3629.154916
243,8,3245.779772
243,9,2646.545830
243,10,2572.899710
243,11,2316.054726
243,12,2250.540090
243,14,2229.443697
243,16,2173.060227
244,5,8223.001865
244,6,5370.219456
244,7,3629.154916
244,8,3245.779772
244,9,2646.545830
244,10,2572.899710
244,11,2316.054726
244,12,2250.540090
244,14,2229.443697
244,16,2173.060227
245,5,7790.540341
245,6,5370.219456
245,7,3629.154916
245,8,3245.779772
245,9,2646.545830
245,10,2572.899710
245,11,2316.054726
245,12,2250.540090
245,14,2229.443697
245,16,2173.060227
246,5,7790.540341
246,6,5155.228805
246,7,3629.154916
246,8,3245.779772
246,9,2646.545830
246,10,2572.899710
246,11,2316.054726
246,12,2250.540090
246,14,2229.443697
246,16,2173.060227
247,5,7790.540341
247,6,5155.228805
247,7,3629.154916
247,8,3245.779772
247,9,2646.545830
247,10,2572.899710
247,11,2316.054726
247,12,2250.540090
247,13,2173.117417
247,16,2173.060227
248,5,7790.540341
248,6,5155.228805
248,7,3629.154916
248,8,3245.779772
248,9,2646.545830
248,10,2572.899710
248,11,2316.054726
248,12,2250.540090
248,13,2173.117417
248,16,2173.060227
249,5,7790.540341
249,6,5155.228805
249,7,3629.154916
249,8,3245.779772
249,9,2646.545830
249,10,2572.899710
249,11,2316.054726
249,12,2250.540090
249,13,2173.117417
249,16,2173.060227
250,5,7621.382231
250,6,5155.228805
250,7,3629.154916
250,8,3245.779772
250,9,2646.545830
250,10,2572.899710
250,11,2316.054726
250,12,2250.540090
250,13,2173.117417
250,16,2173.060227
251,5,7621.382231
251,6,5155.228805
251,7,3629.154916
251,8,3245.779772
251,9,2646.545830
251,10,2572.899710
251,11,2316.054726
251,12,2250.540090
251,13,2173.117417
251,16,2173.060227
252,5,7621.382231
252,6,5155.228805
252,7,3629.154916
252,8,3245.779772
252,9,2646.545830
252,10,2572.899710
252,11,2316.054726
252,12,2250.540090
252,13,2173.117417
252,16,2173.060227
253,5,7621.382231
253,6,5155.228805
253,7,3629.154916
253,8,3245.779772
253,9,2646.545830
253,10,2552.025170
253,11,2316.054726
253,12,2250.540090
253,13,2173.117417
253,16,2173.060227
254,5,7621.382231
254,6,5155.228805
254,7,3629.154916
254,8,3245.779772
254,9,2646.545830
254,10,2552.025170
254,11,2316.054726
254,12,2250.540090
254,13,2173.117417
254,16,2173.060227
255,5,7621.382231
255,6,5155.228805
255,7,3629.154916
255,8,3245.779772
255,9,2646.545830
255,10,2552.025170
255,11,2304.147077
255,12,2245.232050
255,13,2173.117417
255,15,2170.654218
256,5,7621.382231
256,6,5155.228805
256,7,3629.154916
256,8,3245.779772
256,9,2646.545830
256,10,2552.025170
256,11,2304.147077
256,12,2245.232050
256,13,2173.117417
256,15,2170.654218
257,5,7621.382231
257,6,5155.228805
257,7,3629.154916
257,8,3245.779772
257,9,2646.545830
257,10,2552.025170
257,11,2304.147077
257,12,2245.232050
257,13,2173.117417
257,15,2170.654218
258,5,7621.382231
258,6,5155.228805
258,7,3629.154916
258,8,3245.779772
258,9,2646.545830
258,10,2552.025170
258,11,2304.147077
258,12,2245.232050
258,13,2173.117417
258,15,2170.654218
259,5,7621.382231
259,6,5155.228805
259,7,3629.154916
259,8,3245.779772
259,9,2646.545830
259,10,2552.025170
259,11,2304.147077
259,12,2245.232050
259,13,2173.117417
259,15,2170.654218
260,5,7621.382231
260,6,5155.228805
260,7,3614.454901
260,8,3245.779772
260,9,2646.545830
260,10,2552.025170
260,11,2304.147077
260,12,2222.919045
260,13,2137.268366
261,5,7621.382231
261,6,5155.228805
261,7,3614.454901
261,8,3245.779772
261,9,2646.545830
261,10,2552.025170
261,11,2304.147077
261,12,2202.308607
261,13,2137.268366
262,5,7621.382231
262,6,5155.228805
262,7,3614.454901
262,8,3245.779772
262,9,2646.545830
262,10,2552.025170
262,11,2304.147077
262,12,2202.308607
262,13,2137.268366
263,5,7621.382231
263,6,5155.228805
263,7,3614.454901
263,8,3245.779772
263,9,2646.545830
263,10,2552.025170
263,11,2304.147077
263,12,2202.308607
263,13,2137.268366
264,5,7621.382231
264,6,5155.228805
264,7,3614.454901
264,8,3245.779772
264,9,2646.545830
264,10,2539.261086
264,11,2304.147077
264,12,2202.308607
264,13,2137.268366
265,5,7621.382231
265,6,5155.228805
265,7,3614.454901
265,8,3245.779772
265,9,2646.545830
265,10,2539.261086
265,11,2304.147077
265,12,2202.308607
265,13,2137.268366
266,5,7621.382231
266,6,5155.228805
266,7,3614.454901
266,8,3245.779772
266,9,2646.545830
266,10,2539.261086
266,11,2304.147077
266,12,2202.308607
266,13,2137.268366
267,5,7621.382231
267,6,5155.228805
267,7,3614.454901
267,8,3245.779772
267,9,2646.545830
267,10,2539.261086
267,11,2304.147077
267,12,2202.308607
267,13,2137.268366
268,5,7621.382231
268,6,5155.228805
268,7,3614.454901
268,8,3245.779772
268,9,2646.545830
268,10,2509.064985
268,11,2304.147077
268,12,2202.308607
268,13,2137.268366
269,5,7621.382231
269,6,5155.228805
269,7,3614.454901
269,8,3245.779772
269,9,2646.545830
269,10,2509.064985
269,11,2304.147077
269,12,2202.308607
269,13,2137.268366
270,5,7621.382231
270,6,5155.228805
270,7,3614.454901
270,8,3245.779772
270,9,2599.171256
270,10,2508.151233
270,11,2304.147077
270,12,2202.308607
270,13,2137.268366
271,5,7621.382231
271,6,5155.228805
271,7,3614.454901
271,8,3245.779772
271,9,2599.171256
271,10,2489.850248
271,11,2301.491555
271,12,2202.308607
271,13,2137.268366
272,5,7621.382231
272,6,5155.228805
272,7,3614.454901
272,8,3245.779772
272,9,2599.171256
272,10,2489.850248
272,11,2301.491555
272,12,2202.308607
272,13,2137.268366
273,5,7621.382231
273,6,5155.228805
273,7,3614.454901
273,8,3245.779772
273,9,2599.171256
273,10,2489.850248
273,11,2301.491555
273,12,2202.308607
273,13,2137.268366
274,5,7621.382231
274,6,5155.228805
274,7,3614.454901
274,8,3245.779772
274,9,2599.171256
274,10,2489.850248
274,11,2301.491555
274,12,2202.308607
274,13,2137.268366
275,5,7621.382231
275,6,5155.228805
275,7,3614.454901
275,8,3245.779772
275,9,2599.171256
275,10,2489.850248
275,11,2301.491555
275,12,2202.308607
275,13,2137.268366
276,5,7621.382231
276,6,5155.228805
276,7,3614.454901
276,8,3245.779772
276,9,2599.171256
276,10,2489.850248
276,11,2301.491555
276,12,2202.308607
276,13,2137.268366
277,5,7621.382231
277,6,5155.228805
277,7,3614.454901
277,8,3245.779772
277,9,2599.171256
277,10,2489.850248
277,11,2301.491555
277,12,2202.308607
277,13,2137.268366
278,5,7621.382231
278,6,5155.228805
278,7,3614.454901
278,8,3245.779772
278,9,2599.171256
278,10,2489.850248
278,11,2301.491555
278,12,2202.308607
278,13,2137.268366
279,5,7621.382231
279,6,5155.228805
279,7,3614.454901
279,8,3245.779772
279,9,2599.171256
279,10,2489.850248
279,11,2301.491555
279,12,2202.308607
279,13,2137.268366
280,5,7621.382231
280,6,5155.228805
280,7,3614.454901
280,8,3245.779772
280,9,2599.171256
280,10,2489.850248
280,11,2301.491555
280,12,2202.308607
280,13,2137.268366
281,5,7621.382231
281,6,5155.228805
281,7,3614.454901
281,8,3245.779772
281,9,2599.171256
281,10,2489.850248
281,11,2301.491555
281,12,2202.308607
281,13,2137.268366
282,5,7621.382231
282,6,5155.228805
282,7,3614.454901
282,8,3245.779772
282,9,2599.171256
282,10,2489.850248
282,11,2301.491555
282,12,2202.308607
282,13,2137.268366
283,5,7621.382231
283,6,5155.228805
283,7,3614.454901
283,8,3245.779772
283,9,2599.171256
283,10,2489.850248
283,11,2301.491555
283,12,2202.308607
283,13,2137.268366
284,5,7621.382231
284,6,5155.228805
284,7,3614.454901
284,8,3245.779772
284,9,2599.171256
284,10,2489.850248
284,11,2301.491555
284,12,2202.308607
284,13,2137.268366
285,5,7621.382231
285,6,5155.228805
285,7,3614.454901
285,8,3245.779772
285,9,2599.171256
285,10,2489.850248
285,11,2301.491555
285,12,2202.308607
285,13,2137.268366
286,5,7621.382231
286,6,5155.228805
286,7,3614.454901
286,8,3245.779772
286,9,2599.171256
286,10,2483.355465
286,11,2301.491555
286,12,2202.308607
286,13,2137.268366
287,5,7621.382231
287,6,5155.228805
287,7,3614.454901
287,8,3245.779772
287,9,2599.171256
287,10,2483.355465
287,11,2301.491555
287,12,2202.308607
287,13,2137.268366
288,5,7621.382231
288,6,5155.228805
288,7,3614.454901
288,8,3245.779772
288,9,2599.171256
288,10,2483.355465
288,11,2301.491555
288,12,2202.308607
288,13,2137.268366
289,5,7621.382231
289,6,5155.228805
289,7,3614.454901
289,8,3245.779772
289,9,2599.171256
289,10,2483.355465
289,11,2301.491555
289,12,2202.308607
289,13,2137.268366
290,5,7402.233672
290,6,5155.228805
290,7,3614.454901
290,8,3245.779772
290,9,2599.171256
290,10,2483.355465
290,11,2301.491555
290,12,2202.308607
290,13,2137.268366
291,5,7402.233672
291,6,5155.228805
291,7,3614.454901
291,8,3245.779772
291,9,2599.171256
291,10,2483.355465
291,11,2301.491555
291,12,2202.308607
291,13,2137.268366
292,5,7402.233672
292,6,5155.228805
292,7,3614.454901
292,8,3245.779772
292,9,2599.171256
292,10,2483.355465
292,11,2301.491555
292,12,2202.308607
292,13,2137.268366
293,5,7402.233672
293,6,5155.228805
293,7,3614.454901
293,8,3245.779772
293,9,2599.171256
293,10,2483.355465
293,11,2301.491555
293,12,2202.308607
293,13,2137.268366
294,5,7402.233672
294,6,5155.228805
294,7,3614.454901
294,8,3245.779772
294,9,2599.171256
294,10,2483.355465
294,11,2297.662821
294,12,2202.308607
294,13,2137.268366
295,5,7402.233672
295,6,5155.228805
295,7,3614.454901
295,8,3245.779772
295,9,2599.171256
295,10,2483.355465
295,11,2297.662821
295,12,2202.308607
295,13,2125.321884
296,5,7402.233672
296,6,5155.228805
296,7,3614.454901
296,8,3245.779772
296,9,2599.171256
296,10,2483.355465
296,11,2297.662821
296,12,2202.308607
296,13,2125.321884
297,5,7402.233672
297,6,5155.228805
297,7,3614.454901
297,8,3245.779772
297,9,2599.171256
297,10,2483.355465
297,11,2297.662821
297,12,2202.308607
297,13,2125.321884
298,5,7402.233672
298,6,5155.228805
298,7,3614.454901
298,8,3245.779772
298,9,2599.171256
298,10,2483.355465
298,11,2297.662821
298,12,2202.308607
298,13,2125.321884
299,5,7402.233672
299,6,5155.228805
299,7,3614.454901
299,8,3245.779772
299,9,2599.171256
299,10,2483.355465
299,11,2297.662821
299,12,2202.308607
299,13,2125.321884
300,5,7199.193282
300,6,5155.228805
300,7,3614.454901
300,8,3245.779772
300,9,2599.171256
300,10,2483.355465
300,11,2297.662821
300,12,2202.308607
300,13,2125.321884
301,5,7199.193282
301,6,5155.228805
301,7,3614.454901
301,8,3245.779772
301,9,2599.171256
301,10,2483.355465
301,11,2297.662821
301,12,2202.308607
301,13,2125.321884
302,5,7199.193282
302,6,5155.228805
302,7,3614.454901
302,8,3245.779772
302,9,2599.171256
302,10,2483.355465
302,11,2297.662821
302,12,2202.308607
302,13,2125.321884
303,5,7199.193282
303,6,5155.228805
303,7,3614.454901
303,8,3105.145143
303,9,2599.171256
303,10,2483.355465
303,11,2297.662821
303,12,2202.308607
303,13,2125.321884
304,5,7199.193282
304,6,5155.228805
304,7,3614.454901
304,8,3105.145143
304,9,2599.171256
304,10,2483.355465
304,11,2297.662821
304,12,2202.308607
304,13,2125.321884
305,5,7199.193282
305,6,5044.813791
305,7,3614.454901
305,8,3105.145143
305,9,2599.171256
305,10,2483.355465
305,11,2297.662821
305,12,2202.308607
305,13,2125.321884
306,5,7199.193282
306,6,5044.813791
306,7,3614.454901
306,8,3105.145143
306,9,2599.171256
306,10,2483.355465
306,11,2297.662821
306,12,2202.308607
306,13,2125.321884
307,5,7199.193282
307,6,5044.813791
307,7,3614.454901
307,8,3105.145143
307,9,2599.171256
307,10,2483.355465
307,11,2297.662821
307,12,2202.308607
307,13,2125.321884
308,5,7199.193282
308,6,5044.813791
308,7,3614.454901
308,8,3105.145143
308,9,2599.171256
308,10,2483.355465
308,11,2297.662821
308,12,2202.308607
308,13,2125.321884
309,5,7199.193282
309,6,5044.813791
309,7,3614.454901
309,8,3105.145143
309,9,2599.171256
309,10,2483.355465
309,11,2297.662821
309,12,2202.308607
309,13,2125.321884
310,5,7199.193282
310,6,5042.652673
310,7,3614.454901
310,8,3105.145143
310,9,2599.171256
310,10,2483.355465
310,11,2297.662821
310,12,2202.308607
310,13,2125.321884
311,5,7199.193282
311,6,5042.652673
311,7,3614.454901
311,8,3105.145143
311,9,2599.171256
311,10,2483.355465
311,11,2297.662821
311,12,2202.308607
311,13,2125.321884
312,5,7199.193282
312,6,5042.652673
312,7,3614.454901
312,8,3105.145143
312,9,2599.171256
312,10,2483.355465
312,11,2297.662821
312,12,2202.308607
312,13,2125.321884
313,5,7199.193282
313,6,5042.652673
313,7,3614.454901
313,8,3105.145143
313,9,2599.171256
313,10,2483.355465
313,11,2297.662821
313,12,2202.308607
313,13,2125.321884
314,5,7199.193282
314,6,5042.652673
314,7,3614.454901
314,8,3105.145143
314,9,2599.171256
314,10,2483.355465
314,11,2297.662821
314,12,2202.308607
314,13,2125.321884
315,5,7199.193282
315,6,5042.652673
315,7,3614.454901
315,8,3105.145143
315,9,2599.171256
315,10,2483.355465
315,11,2297.662821
315,12,2202.308607
315,13,2125.321884
316,5,7199.193282
316,6,5042.652673
316,7,3614.454901
316,8,3105.145143
316,9,2599.171256
316,10,2483.355465
316,11,2254.721597
316,12,2202.308607
316,13,2125.321884
317,5,7199.193282
317,6,5042.652673
317,7,3614.454901
317,8,3105.145143
317,9,2599.171256
317,10,2483.355465
317,11,2254.721597
317,12,2202.308607
317,13,2125.321884
318,5,7199.193282
318,6,5042.652673
318,7,3614.454901
318,8,3105.145143
318,9,2599.171256
318,10,2483.355465
318,11,2254.721597
318,12,2202.308607
318,13,2125.321884
319,5,7199.193282
319,6,5042.652673
319,7,3614.454901
319,8,3105.145143
319,9,2599.171256
319,10,2483.355465
319,11,2254.721597
319,12,2202.308607
319,13,2125.321884
320,5,7199.193282
320,6,5042.652673
320,7,3614.454901
320,8,3105.145143
320,9,2599.171256
320,10,2483.355465
320,11,2254.721597
320,12,2202.308607
320,13,2125.321884
321,5,7199.193282
321,6,5042.652673
321,7,3614.454901
321,8,3105.145143
321,9,2599.171256
321,10,2483.355465
321,11,2254.721597
321,12,2202.308607
321,13,2125.321884
322,5,7199.193282
322,6,5042.652673
322,7,3614.454901
322,8,3043.505403
322,9,2599.171256
322,10,2483.355465
322,11,2254.721597
322,12,2202.308607
322,13,2125.321884
323,5,7199.193282
323,6,5042.652673
323,7,3614.454901
323,8,3043.505403
323,9,2599.171256
323,10,2483.355465
323,11,2254.721597
323,12,2202.308607
323,13,2125.321884
324,5,7199.193282
324,6,5042.652673
324,7,3614.454901
324,8,3043.505403
324,9,2599.171256
324,10,2483.355465
324,11,2254.721597
324,12,2202.308607
324,13,2125.321884
325,5,7199.193282
325,6,5042.652673
325,7,3614.454901
325,8,3043.505403
325,9,2599.171256
325,10,2483.355465
325,11,2254.721597
325,12,2202.308607
325,13,2125.321884
326,5,7199.193282
326,6,5042.652673
326,7,3614.454901
326,8,3043.505403
326,9,2599.171256
326,10,2483.355465
326,11,2254.721597
326,12,2202.308607
326,13,2125.321884
327,5,7199.193282
327,6,5042.652673
327,7,3614.454901
327,8,3043.505403
327,9,2599.171256
327,10,2483.355465
327,11,2254.721597
327,12,2202.308607
327,13,2125.321884
