Iteration,NV,TOC
1,7,6881.119060
1,8,6849.190772
1,9,4154.344533
1,10,3431.689220
1,12,3074.051983
1,13,2849.166284
1,15,2253.279778
1,20,2190.985774
2,7,6881.119060
2,8,6849.190772
2,9,4154.344533
2,10,3431.689220
2,12,3074.051983
2,13,2849.166284
2,14,2809.043000
2,15,2253.279778
2,19,2181.494772
3,7,6881.119060
3,8,6849.190772
3,9,4154.344533
3,10,3431.689220
3,12,3074.051983
3,13,2849.166284
3,14,2809.043000
3,15,2253.279778
3,19,2181.494772
4,7,6881.119060
4,8,6849.190772
4,9,4154.344533
4,10,3431.689220
4,12,3074.051983
4,13,2849.166284
4,14,2809.043000
4,15,2253.279778
4,19,2181.494772
5,7,6881.119060
5,8,6849.190772
5,9,4154.344533
5,10,3431.689220
5,12,3074.051983
5,13,2849.166284
5,14,2809.043000
5,15,2253.279778
5,19,2181.494772
6,7,6881.119060
6,8,6837.617122
6,9,4154.344533
6,10,3431.689220
6,12,3074.051983
6,13,2849.166284
6,14,2809.043000
6,15,2253.279778
6,19,2181.494772
6,21,2152.359609
7,7,6881.119060
7,8,6837.617122
7,9,4154.344533
7,10,3431.689220
7,12,3074.051983
7,13,2849.166284
7,14,2809.043000
7,15,2253.279778
7,19,2181.494772
7,21,2152.359609
8,6,15441.121442
8,7,6881.119060
8,8,5731.852591
8,9,4154.344533
8,10,3431.689220
8,12,3074.051983
8,13,2827.007020
8,14,2809.043000
8,15,2253.279778
8,19,2181.494772
8,21,2152.359609
9,6,15441.121442
9,7,6881.119060
9,8,5731.852591
9,9,4154.344533
9,10,3431.689220
9,12,3074.051983
9,13,2827.007020
9,14,2809.043000
9,15,2253.279778
9,19,2181.494772
9,21,2152.359609
10,6,15441.121442
10,7,6881.119060
10,8,5731.852591
10,9,4154.344533
10,10,3431.689220
10,12,3074.051983
10,13,2827.007020
10,14,2809.043000
10,15,2253.279778
10,19,2181.494772
10,21,2152.359609
11,6,15441.121442
11,7,6881.119060
11,8,5731.852591
11,9,4154.344533
11,10,3431.689220
11,12,3074.051983
11,13,2827.007020
11,14,2471.364916
11,15,2253.279778
11,19,2181.494772
11,21,2152.359609
12,6,15441.121442
12,7,6881.119060
12,8,5731.852591
12,9,4154.344533
12,10,3431.689220
12,12,3074.051983
12,13,2827.007020
12,14,2471.364916
12,15,2253.279778
12,19,2181.494772
12,21,2152.359609
13,6,14813.910679
13,7,6881.119060
13,8,5034.506704
13,9,4154.344533
13,10,3431.689220
13,12,3071.061292
13,13,2827.007020
13,14,2471.364916
13,15,2253.279778
13,19,2181.494772
13,21,2152.359609
13,23,2142.359627
14,6,13811.904999
14,7,6881.119060
14,8,5034.506704
14,9,4154.344533
14,10,3431.689220
14,12,3071.061292
14,13,2827.007020
14,14,2471.364916
14,15,2253.279778
14,18,2242.182684
14,19,2181.494772
14,20,2140.574187
15,6,13811.904999
15,7,6881.119060
15,8,5034.506704
15,9,4154.344533
15,10,3431.689220
15,12,3071.061292
15,13,2827.007020
15,14,2471.364916
15,15,2253.279778
15,18,2242.182684
15,19,2181.494772
15,20,2140.574187
16,6,13811.904999
16,7,6881.119060
16,8,5034.506704
16,9,4154.344533
16,10,3431.689220
16,12,3071.061292
16,13,2731.648045
16,14,2471.364916
16,15,2253.279778
16,18,2242.182684
16,19,2181.494772
16,20,2140.574187
17,6,13811.904999
17,7,6881.119060
17,8,5034.506704
17,9,4154.344533
17,10,3431.689220
17,12,3071.061292
17,13,2731.648045
17,14,2471.364916
17,15,2253.279778
17,18,2203.973739
17,19,2181.494772
17,20,2140.574187
18,6,11502.102625
18,7,6881.119060
18,8,5034.506704
18,9,4154.344533
18,10,3358.128750
18,12,3071.061292
18,13,2731.648045
18,14,2471.364916
18,15,2253.279778
18,18,2203.973739
18,19,2181.494772
18,20,2140.574187
18,23,2133.439818
19,6,11502.102625
19,7,6881.119060
19,8,5034.506704
19,9,4154.344533
19,10,3358.128750
19,12,3071.061292
19,13,2731.648045
19,14,2471.364916
19,15,2253.279778
19,18,2203.973739
19,19,2181.494772
19,20,2140.574187
19,23,2133.439818
20,6,11502.102625
20,7,6881.119060
20,8,4823.770618
20,9,4154.344533
20,10,3358.128750
20,12,3071.061292
20,13,2731.648045
20,14,2471.364916
20,15,2253.279778
20,18,2203.973739
20,19,2181.494772
20,20,2140.574187
20,23,2133.439818
21,6,11502.102625
21,7,6881.119060
21,8,4823.770618
21,9,4154.344533
21,10,3358.128750
21,12,3071.061292
21,13,2731.648045
21,14,2471.364916
21,15,2253.279778
21,18,2203.973739
21,19,2181.494772
21,20,2140.574187
21,23,2133.439818
22,6,11502.102625
22,7,6881.119060
22,8,4823.770618
22,9,4154.344533
22,10,3358.128750
22,12,3071.061292
22,13,2731.648045
22,14,2471.364916
22,15,2253.279778
22,18,2203.973739
22,19,2181.494772
22,20,2140.574187
22,23,2133.439818
23,6,11502.102625
23,7,6881.119060
23,8,4823.770618
23,9,4154.344533
23,10,3358.128750
23,12,3071.061292
23,13,2731.648045
23,14,2471.364916
23,15,2253.279778
23,18,2168.825243
23,20,2140.574187
23,23,2133.439818
24,6,11502.102625
24,7,6768.589897
24,8,4823.770618
24,9,4154.344533
24,10,3358.128750
24,11,3173.941147
24,12,2889.957877
24,13,2654.621340
24,14,2354.233699
24,15,2253.279778
24,18,2168.825243
24,20,2132.230611
25,6,11502.102625
25,7,6768.589897
25,8,4823.770618
25,9,4154.344533
25,10,3358.128750
25,11,3173.941147
25,12,2889.957877
25,13,2649.280518
25,14,2354.233699
25,15,2253.279778
25,18,2168.825243
25,20,2132.230611
26,6,11502.102625
26,7,6768.589897
26,8,4823.770618
26,9,4154.344533
26,10,3358.128750
26,11,3173.941147
26,12,2889.957877
26,13,2649.280518
26,14,2354.233699
26,15,2253.279778
26,18,2151.250939
26,20,2132.230611
27,6,11502.102625
27,7,6768.589897
27,8,4823.770618
27,9,4154.344533
27,10,3358.128750
27,11,3173.941147
27,12,2889.957877
27,13,2608.240519
27,14,2354.233699
27,15,2253.279778
27,18,2151.250939
27,20,2132.230611
28,6,11502.102625
28,7,6768.589897
28,8,4823.770618
28,9,4154.344533
28,10,3358.128750
28,11,3063.718292
28,12,2889.957877
28,13,2583.986841
28,14,2354.233699
28,15,2253.279778
28,18,2151.250939
28,20,2132.230611
29,6,10842.741133
29,7,6768.589897
29,8,4823.770618
29,9,3852.622355
29,10,3358.128750
29,11,3063.718292
29,12,2889.957877
29,13,2583.986841
29,14,2354.233699
29,15,2253.279778
29,18,2151.250939
29,20,2132.230611
30,6,10842.741133
30,7,6729.311826
30,8,4823.770618
30,9,3852.622355
30,10,3358.128750
30,11,3063.718292
30,12,2889.957877
30,13,2556.032989
30,14,2354.233699
30,15,2253.279778
30,18,2151.250939
30,20,2132.230611
31,6,10842.741133
31,7,6729.311826
31,8,4823.770618
31,9,3852.622355
31,10,3358.128750
31,11,3063.718292
31,12,2889.957877
31,13,2556.032989
31,14,2354.233699
31,15,2253.279778
31,18,2151.250939
31,20,2132.230611
32,6,9941.707523
32,7,6729.311826
32,8,4823.770618
32,9,3852.622355
32,10,3358.128750
32,11,3063.718292
32,12,2889.957877
32,13,2556.032989
32,14,2354.233699
32,15,2253.279778
32,18,2151.250939
32,20,2132.230611
33,6,9941.707523
33,7,6729.311826
33,8,4823.770618
33,9,3852.622355
33,10,3192.416659
33,11,3063.718292
33,12,2889.957877
33,13,2556.032989
33,14,2196.945656
33,18,2151.250939
33,20,2132.230611
34,6,9941.707523
34,7,6729.311826
34,8,4823.770618
34,9,3852.622355
34,10,3084.383928
34,11,3063.718292
34,12,2696.609762
34,13,2556.032989
34,14,2196.945656
34,18,2151.250939
34,20,2132.230611
35,6,9941.707523
35,7,6729.311826
35,8,4823.770618
35,9,3852.622355
35,10,3084.383928
35,11,3063.718292
35,12,2696.609762
35,13,2556.032989
35,14,2196.945656
35,18,2151.250939
35,20,2132.230611
36,6,9941.707523
36,7,6729.311826
36,8,4823.770618
36,9,3852.622355
36,10,3084.383928
36,11,3063.718292
36,12,2696.609762
36,13,2556.032989
36,14,2196.945656
36,18,2151.250939
36,20,2132.230611
37,6,9941.707523
37,7,6729.311826
37,8,4823.770618
37,9,3852.622355
37,10,3084.383928
37,11,3063.064688
37,12,2696.609762
37,13,2556.032989
37,14,2196.945656
37,18,2151.250939
37,20,2132.230611
38,6,9941.707523
38,7,6498.108137
38,8,4823.770618
38,9,3852.622355
38,10,3084.383928
38,11,3063.064688
38,12,2696.609762
38,13,2556.032989
38,14,2196.945656
38,18,2151.250939
38,20,2132.230611
39,6,9941.707523
39,7,6498.108137
39,8,4823.770618
39,9,3852.622355
39,10,3084.383928
39,11,3063.064688
39,12,2696.609762
39,13,2556.032989
39,14,2196.945656
39,17,2195.778124
39,18,2151.250939
39,20,2132.230611
40,6,9941.707523
40,7,6498.108137
40,8,4823.770618
40,9,3852.622355
40,10,3084.383928
40,11,3063.064688
40,12,2696.609762
40,13,2556.032989
40,14,2196.945656
40,17,2195.778124
40,18,2151.250939
40,20,2132.230611
41,5,13696.234692
41,6,9941.707523
41,7,6498.108137
41,8,4823.770618
41,9,3852.622355
41,10,3084.383928
41,11,3063.064688
41,12,2696.609762
41,13,2556.032989
41,14,2196.945656
41,17,2195.778124
41,18,2151.250939
41,20,2132.230611
42,5,13696.234692
42,6,9941.707523
42,7,6498.108137
42,8,4468.445614
42,9,3852.622355
42,10,3084.383928
42,11,3063.064688
42,12,2696.609762
42,13,2556.032989
42,14,2196.945656
42,17,2195.778124
42,18,2151.250939
42,19,2145.448779
42,20,2132.230611
43,5,13696.234692
43,6,9941.707523
43,7,6498.108137
43,8,4468.445614
43,9,3852.622355
43,10,3084.383928
43,11,2917.274459
43,12,2696.609762
43,13,2556.032989
43,14,2196.945656
43,17,2195.778124
43,18,2151.250939
43,19,2111.504749
44,5,13696.234692
44,6,9941.707523
44,7,6498.108137
44,8,4468.445614
44,9,3852.622355
44,10,3084.383928
44,11,2917.274459
44,12,2696.609762
44,13,2556.032989
44,14,2196.945656
44,17,2195.778124
44,18,2151.250939
44,19,2111.504749
45,5,13696.234692
45,6,9941.707523
45,7,5985.664119
45,8,4468.445614
45,9,3852.622355
45,10,3084.383928
45,11,2917.274459
45,12,2696.609762
45,13,2556.032989
45,14,2196.945656
45,17,2195.778124
45,18,2151.250939
45,19,2111.504749
46,5,13696.234692
46,6,9941.707523
46,7,5985.664119
46,8,4468.445614
46,9,3852.622355
46,10,3084.383928
46,11,2917.274459
46,12,2696.609762
46,13,2556.032989
46,14,2196.945656
46,17,2195.778124
46,18,2138.013723
46,19,2111.504749
47,5,13696.234692
47,6,9941.707523
47,7,5985.664119
47,8,4468.445614
47,9,3852.622355
47,10,3084.383928
47,11,2917.274459
47,12,2696.609762
47,13,2556.032989
47,14,2196.945656
47,17,2195.778124
47,18,2138.013723
47,19,2111.504749
48,5,13696.234692
48,6,9941.707523
48,7,5985.664119
48,8,4468.445614
48,9,3494.726757
48,10,3084.383928
48,11,2917.274459
48,12,2696.609762
48,13,2362.891315
48,14,2196.945656
48,16,2075.954866
49,5,13696.234692
49,6,9941.707523
49,7,5985.664119
49,8,4468.445614
49,9,3494.726757
49,10,3084.383928
49,11,2917.274459
49,12,2696.609762
49,13,2362.891315
49,14,2196.945656
49,16,2075.954866
50,5,13126.862892
50,6,9941.707523
50,7,5985.664119
50,8,4468.445614
50,9,3494.726757
50,10,3084.383928
50,11,2917.274459
50,12,2696.609762
50,13,2362.891315
50,14,2196.945656
50,16,2075.954866
51,5,13126.862892
51,6,9941.707523
51,7,5985.664119
51,8,4468.445614
51,9,3494.726757
51,10,3084.383928
51,11,2917.274459
51,12,2696.609762
51,13,2362.891315
51,14,2196.945656
51,16,2075.954866
52,5,13126.862892
52,6,9941.707523
52,7,5985.664119
52,8,4468.445614
52,9,3494.726757
52,10,3084.383928
52,11,2917.274459
52,12,2696.609762
52,13,2362.891315
52,14,2196.945656
52,16,2075.954866
53,5,13126.862892
53,6,9941.707523
53,7,5985.664119
53,8,4468.445614
53,9,3494.726757
53,10,3084.383928
53,11,2735.121498
53,12,2696.609762
53,13,2362.891315
53,14,2196.945656
53,16,2075.954866
54,5,13126.862892
54,6,9941.707523
54,7,5985.664119
54,8,4246.681375
54,9,3494.726757
54,10,3084.383928
54,11,2735.121498
54,12,2696.609762
54,13,2362.891315
54,14,2196.945656
54,16,2075.954866
55,5,13126.862892
55,6,9941.707523
55,7,5985.664119
55,8,4246.681375
55,9,3494.726757
55,10,3084.383928
55,11,2735.121498
55,12,2608.630194
55,13,2362.891315
55,14,2196.945656
55,16,2075.954866
56,5,13126.862892
56,6,9941.707523
56,7,5985.664119
56,8,4246.681375
56,9,3494.726757
56,10,3084.383928
56,11,2735.121498
56,12,2608.630194
56,13,2362.891315
56,14,2196.945656
56,16,2075.954866
57,5,13126.862892
57,6,9815.043573
57,7,5985.664119
57,8,4246.681375
57,9,3494.726757
57,10,3084.383928
57,11,2735.121498
57,12,2608.630194
57,13,2362.891315
57,14,2196.945656
57,16,2075.954866
58,5,13126.862892
58,6,9815.043573
58,7,5985.664119
58,8,4246.681375
58,9,3494.726757
58,10,3084.383928
58,11,2626.079486
58,12,2608.630194
58,13,2362.891315
58,14,2196.945656
58,16,2075.954866
59,5,13126.862892
59,6,9815.043573
59,7,5985.664119
59,8,4246.681375
59,9,3494.726757
59,10,3084.383928
59,11,2626.079486
59,12,2608.630194
59,13,2362.891315
59,14,2196.945656
59,16,2075.954866
60,5,13126.862892
60,6,9815.043573
60,7,5985.664119
60,8,4246.681375
60,9,3494.726757
60,10,3084.383928
60,11,2626.079486
60,12,2608.630194
60,13,2362.891315
60,14,2196.945656
60,16,2075.954866
61,5,13126.862892
61,6,9815.043573
61,7,5985.664119
61,8,4246.681375
61,9,3494.726757
61,10,3084.383928
61,11,2626.079486
61,12,2608.630194
61,13,2362.891315
61,14,2196.945656
61,16,2075.954866
62,5,13126.862892
62,6,9815.043573
62,7,5939.126216
62,8,4246.681375
62,9,3494.726757
62,10,3084.383928
62,11,2626.079486
62,12,2608.630194
62,13,2362.891315
62,14,2196.945656
62,16,2075.954866
63,5,13126.862892
63,6,9815.043573
63,7,5939.126216
63,8,4246.681375
63,9,3494.726757
63,10,3084.383928
63,11,2626.079486
63,12,2608.630194
63,13,2362.891315
63,14,2196.945656
63,16,2075.954866
64,5,13126.862892
64,6,9815.043573
64,7,5939.126216
64,8,4246.681375
64,9,3494.726757
64,10,3084.383928
64,11,2626.079486
64,12,2608.630194
64,13,2362.891315
64,14,2196.945656
64,16,2075.954866
65,5,13126.862892
65,6,9815.043573
65,7,5939.126216
65,8,4246.681375
65,9,3494.726757
65,10,3084.383928
65,11,2626.079486
65,12,2584.977033
65,13,2362.891315
65,14,2196.945656
65,16,2075.954866
66,5,13126.862892
66,6,9815.043573
66,7,5939.126216
66,8,4246.681375
66,9,3494.726757
66,10,3084.383928
66,11,2626.079486
66,12,2584.977033
66,13,2362.891315
66,14,2196.945656
66,16,2075.954866
67,5,13126.862892
67,6,9815.043573
67,7,5939.126216
67,8,4246.681375
67,9,3494.726757
67,10,3084.383928
67,11,2626.079486
67,12,2584.977033
67,13,2362.891315
67,14,2196.945656
67,16,2075.954866
68,5,13126.862892
68,6,9815.043573
68,7,5939.126216
68,8,4246.681375
68,9,3494.726757
68,10,3084.383928
68,11,2600.963582
68,12,2519.426643
68,13,2295.082770
68,14,2196.945656
68,16,2075.954866
69,5,13126.862892
69,6,9815.043573
69,7,5939.126216
69,8,4246.681375
69,9,3494.726757
69,10,3084.383928
69,11,2600.963582
69,12,2519.426643
69,13,2295.082770
69,14,2196.945656
69,16,2075.954866
70,5,13126.862892
70,6,9815.043573
70,7,5939.126216
70,8,4246.681375
70,9,3494.726757
70,10,3084.383928
70,11,2600.963582
70,12,2519.426643
70,13,2295.082770
70,14,2196.945656
70,16,2075.954866
71,5,13126.862892
71,6,9815.043573
71,7,5939.126216
71,8,4246.681375
71,9,3494.726757
71,10,3084.383928
71,11,2600.963582
71,12,2519.426643
71,13,2295.082770
71,14,2196.945656
71,16,2075.954866
72,5,13126.862892
72,6,9815.043573
72,7,5939.126216
72,8,4246.681375
72,9,3494.726757
72,10,3084.383928
72,11,2600.963582
72,12,2519.426643
72,13,2295.082770
72,14,2196.945656
72,16,2075.954866
73,5,13126.862892
73,6,9815.043573
73,7,5939.126216
73,8,4246.681375
73,9,3494.726757
73,10,3084.383928
73,11,2470.673631
73,13,2295.082770
73,14,2196.945656
73,16,2075.954866
74,5,13126.862892
74,6,9815.043573
74,7,5939.126216
74,8,4246.681375
74,9,3494.726757
74,10,3084.383928
74,11,2470.673631
74,13,2295.082770
74,14,2196.945656
74,16,2075.954866
75,5,13126.862892
75,6,9815.043573
75,7,5939.126216
75,8,4246.681375
75,9,3494.726757
75,10,3084.383928
75,11,2470.673631
75,13,2295.082770
75,14,2196.945656
75,16,2075.954866
76,5,13126.862892
76,6,9815.043573
76,7,5939.126216
76,8,4246.681375
76,9,3494.726757
76,10,3084.383928
76,11,2470.673631
76,13,2295.082770
76,14,2196.945656
76,16,2075.954866
77,5,13126.862892
77,6,9815.043573
77,7,5939.126216
77,8,4246.681375
77,9,3494.726757
77,10,3084.383928
77,11,2470.673631
77,13,2295.082770
77,14,2196.945656
77,16,2075.954866
78,5,13126.862892
78,6,9815.043573
78,7,5939.126216
78,8,4246.681375
78,9,3494.726757
78,10,3084.383928
78,11,2470.673631
78,13,2295.082770
78,14,2147.841307
78,16,2075.954866
79,5,13126.862892
79,6,9815.043573
79,7,5939.126216
79,8,4246.681375
79,9,3494.726757
79,10,3084.383928
79,11,2470.673631
79,13,2295.082770
79,14,2147.841307
79,16,2075.954866
80,5,13126.862892
80,6,9815.043573
80,7,5939.126216
80,8,4246.681375
80,9,3494.726757
80,10,3084.383928
80,11,2470.673631
80,13,2295.082770
80,14,2147.841307
80,16,2075.954866
81,5,13126.862892
81,6,9815.043573
81,7,5939.126216
81,8,4246.681375
81,9,3494.726757
81,10,3084.383928
81,11,2470.673631
81,13,2295.082770
81,14,2147.841307
81,16,2075.954866
82,5,13126.862892
82,6,9815.043573
82,7,5939.126216
82,8,4246.681375
82,9,3494.726757
82,10,3084.383928
82,11,2470.673631
82,13,2295.082770
82,14,2147.841307
82,16,2075.954866
83,5,13126.862892
83,6,9815.043573
83,7,5939.126216
83,8,4246.681375
83,9,3494.726757
83,10,3084.383928
83,11,2470.673631
83,13,2295.082770
83,14,2147.841307
83,16,2075.954866
84,5,13126.862892
84,6,9815.043573
84,7,5939.126216
84,8,4246.681375
84,9,3494.726757
84,10,3084.383928
84,11,2470.673631
84,13,2295.082770
84,14,2147.841307
84,16,2075.954866
85,5,13126.862892
85,6,9815.043573
85,7,5939.126216
85,8,4246.681375
85,9,3494.726757
85,10,3084.383928
85,11,2470.673631
85,13,2295.082770
85,14,2147.841307
85,16,2075.954866
86,5,13126.862892
86,6,9815.043573
86,7,5939.126216
86,8,4246.681375
86,9,3494.726757
86,10,3084.383928
86,11,2470.673631
86,13,2295.082770
86,14,2147.841307
86,16,2075.954866
87,5,13126.862892
87,6,9815.043573
87,7,5939.126216
87,8,4246.681375
87,9,3494.726757
87,10,3084.383928
87,11,2470.673631
87,13,2295.082770
87,14,2147.841307
87,16,2075.954866
88,5,13126.862892
88,6,9807.276171
88,7,5939.126216
88,8,4246.681375
88,9,3494.726757
88,10,2940.378677
88,11,2470.673631
88,13,2295.082770
88,14,2147.841307
88,16,2075.954866
89,5,13126.862892
89,6,9807.276171
89,7,5939.126216
89,8,4246.681375
89,9,3494.726757
89,10,2940.378677
89,11,2470.673631
89,13,2295.082770
89,14,2147.841307
89,16,2075.954866
90,5,13126.862892
90,6,9807.276171
90,7,5939.126216
90,8,3790.962128
90,9,3494.726757
90,10,2940.378677
90,11,2470.673631
90,13,2295.082770
90,14,2147.841307
90,16,2075.954866
91,5,13126.862892
91,6,9807.276171
91,7,5939.126216
91,8,3790.962128
91,9,3494.726757
91,10,2940.378677
91,11,2470.673631
91,13,2295.082770
91,14,2147.841307
91,16,2075.954866
92,5,13126.862892
92,6,9807.276171
92,7,5939.126216
92,8,3790.962128
92,9,3494.726757
92,10,2940.378677
92,11,2470.673631
92,13,2295.082770
92,14,2147.841307
92,16,2075.954866
93,5,13126.862892
93,6,9807.276171
93,7,5939.126216
93,8,3790.962128
93,9,3494.726757
93,10,2940.378677
93,11,2470.673631
93,13,2295.082770
93,14,2147.841307
93,16,2075.954866
94,5,13126.862892
94,6,9807.276171
94,7,5939.126216
94,8,3790.962128
94,9,3494.726757
94,10,2940.378677
94,11,2470.673631
94,13,2295.082770
94,14,2147.841307
94,16,2075.954866
95,5,12971.727076
95,6,9807.276171
95,7,5939.126216
95,8,3790.962128
95,9,3494.726757
95,10,2940.378677
95,11,2470.673631
95,13,2295.082770
95,14,2147.841307
95,16,2075.954866
96,5,12971.727076
96,6,9807.276171
96,7,5939.126216
96,8,3790.962128
96,9,3494.726757
96,10,2940.378677
96,11,2470.673631
96,13,2295.082770
96,14,2147.841307
96,16,2075.954866
97,5,12971.727076
97,6,9807.276171
97,7,5939.126216
97,8,3790.962128
97,9,3494.726757
97,10,2940.378677
97,11,2470.673631
97,13,2295.082770
97,14,2147.841307
97,16,2075.954866
98,5,12971.727076
98,6,9807.276171
98,7,5939.126216
98,8,3790.962128
98,9,3494.726757
98,10,2940.378677
98,11,2470.673631
98,13,2295.082770
98,14,2147.841307
98,15,2061.660046
99,5,12971.727076
99,6,9807.276171
99,7,5939.126216
99,8,3790.962128
99,9,3494.726757
99,10,2940.378677
99,11,2470.673631
99,13,2295.082770
99,14,2147.841307
99,15,2061.660046
100,5,12971.727076
100,6,9652.303703
100,7,5939.126216
100,8,3790.962128
100,9,3494.726757
100,10,2940.378677
100,11,2470.673631
100,13,2295.082770
100,14,2147.841307
100,15,2061.660046
101,5,12971.727076
101,6,9652.303703
101,7,5939.126216
101,8,3790.962128
101,9,3494.726757
101,10,2940.378677
101,11,2470.673631
101,13,2295.082770
101,14,2147.841307
101,15,2061.660046
102,5,12971.727076
102,6,9652.303703
102,7,5939.126216
102,8,3790.962128
102,9,3494.726757
102,10,2940.378677
102,11,2470.673631
102,13,2295.082770
102,14,2147.841307
102,15,2061.660046
103,5,12971.727076
103,6,8957.032651
103,7,5939.126216
103,8,3790.962128
103,9,3494.726757
103,10,2940.378677
103,11,2470.673631
103,13,2295.082770
103,14,2147.841307
103,15,2061.660046
104,5,12971.727076
104,6,8957.032651
104,7,5939.126216
104,8,3790.962128
104,9,3494.726757
104,10,2940.378677
104,11,2470.673631
104,13,2295.082770
104,14,2147.841307
104,15,2061.660046
105,5,12843.578216
105,6,8957.032651
105,7,5939.126216
105,8,3790.962128
105,9,3494.726757
105,10,2940.378677
105,11,2470.673631
105,13,2295.082770
105,14,2147.841307
105,15,2061.660046
106,5,12843.578216
106,6,8957.032651
106,7,5939.126216
106,8,3790.962128
106,9,3494.726757
106,10,2940.378677
106,11,2470.673631
106,13,2295.082770
106,14,2147.841307
106,15,2061.660046
107,5,12843.578216
107,6,8957.032651
107,7,5939.126216
107,8,3790.962128
107,9,3494.726757
107,10,2940.378677
107,11,2470.673631
107,13,2295.082770
107,14,2147.841307
107,15,2061.660046
108,5,12843.578216
108,6,8957.032651
108,7,5939.126216
108,8,3790.962128
108,9,3494.726757
108,10,2940.378677
108,11,2470.673631
108,13,2295.082770
108,14,2147.841307
108,15,2061.660046
109,5,12843.578216
109,6,8957.032651
109,7,5939.126216
109,8,3790.962128
109,9,3494.726757
109,10,2940.378677
109,11,2470.673631
109,13,2295.082770
109,14,2147.841307
109,15,2061.660046
110,5,12843.578216
110,6,8957.032651
110,7,5939.126216
110,8,3790.962128
110,9,3494.726757
110,10,2940.378677
110,11,2470.673631
110,13,2295.082770
110,14,2147.841307
110,15,2061.660046
111,5,12843.578216
111,6,8957.032651
111,7,5939.126216
111,8,3790.962128
111,9,3494.726757
111,10,2940.378677
111,11,2470.673631
111,13,2295.082770
111,14,2147.841307
111,15,2061.660046
112,5,12843.578216
112,6,8957.032651
112,7,5939.126216
112,8,3790.962128
112,9,3494.726757
112,10,2940.378677
112,11,2470.673631
112,13,2295.082770
112,14,2147.841307
112,15,2061.660046
113,5,12843.578216
113,6,8957.032651
113,7,5939.126216
113,8,3790.962128
113,9,3494.726757
113,10,2940.378677
113,11,2470.673631
113,13,2295.082770
113,14,2147.841307
113,15,2061.660046
114,5,12843.578216
114,6,8957.032651
114,7,5939.126216
114,8,3790.962128
114,9,3494.726757
114,10,2940.378677
114,11,2470.673631
114,13,2295.082770
114,14,2147.841307
114,15,2061.660046
115,5,12843.578216
115,6,8957.032651
115,7,5939.126216
115,8,3790.962128
115,9,3494.726757
115,10,2940.378677
115,11,2470.673631
115,13,2295.082770
115,14,2147.841307
115,15,2061.660046
116,5,12843.578216
116,6,8957.032651
116,7,5939.126216
116,8,3790.962128
116,9,3494.726757
116,10,2940.378677
116,11,2470.673631
116,13,2295.082770
116,14,2147.841307
116,15,2061.660046
117,5,12843.578216
117,6,8957.032651
117,7,5939.126216
117,8,3790.962128
117,9,3494.726757
117,10,2940.378677
117,11,2470.673631
117,13,2295.082770
117,14,2147.841307
117,15,2061.660046
118,5,12843.578216
118,6,8957.032651
118,7,5939.126216
118,8,3790.962128
118,9,3494.726757
118,10,2828.869138
118,11,2470.673631
118,13,2295.082770
118,14,2052.364042
119,5,12843.578216
119,6,8957.032651
119,7,5939.126216
119,8,3790.962128
119,9,3494.726757
119,10,2828.869138
119,11,2470.673631
119,13,2295.082770
119,14,2052.364042
120,5,12843.578216
120,6,8957.032651
120,7,5939.126216
120,8,3790.962128
120,9,3494.726757
120,10,2828.869138
120,11,2470.673631
120,13,2295.082770
120,14,2052.364042
121,5,12843.578216
121,6,8957.032651
121,7,5939.126216
121,8,3790.962128
121,9,3494.726757
121,10,2828.869138
121,11,2470.673631
121,13,2295.082770
121,14,2052.364042
122,5,12843.578216
122,6,8957.032651
122,7,5939.126216
122,8,3790.962128
122,9,3487.995375
122,10,2828.869138
122,11,2470.673631
122,13,2295.082770
122,14,2052.364042
123,5,12843.578216
123,6,8957.032651
123,7,5939.126216
123,8,3790.962128
123,9,3487.995375
123,10,2828.869138
123,11,2470.673631
123,13,2295.082770
123,14,2052.364042
124,5,12843.578216
124,6,8957.032651
124,7,5939.126216
124,8,3790.962128
124,9,3487.995375
124,10,2828.869138
124,11,2470.673631
124,13,2295.082770
124,14,2052.364042
125,5,12843.578216
125,6,8957.032651
125,7,5939.126216
125,8,3790.962128
125,9,3487.995375
125,10,2828.869138
125,11,2470.673631
125,13,2295.082770
125,14,2052.364042
126,5,12843.578216
126,6,8957.032651
126,7,4838.335403
126,8,3790.962128
126,9,3487.995375
126,10,2828.869138
126,11,2470.673631
126,13,2295.082770
126,14,2052.364042
127,5,12843.578216
127,6,8957.032651
127,7,4838.335403
127,8,3790.962128
127,9,3487.995375
127,10,2828.869138
127,11,2470.673631
127,13,2295.082770
127,14,2052.364042
128,5,12843.578216
128,6,8957.032651
128,7,4838.335403
128,8,3736.064074
128,9,3487.995375
128,10,2828.869138
128,11,2470.673631
128,13,2295.082770
128,14,2052.364042
129,5,12843.578216
129,6,8957.032651
129,7,4838.335403
129,8,3736.064074
129,9,3487.995375
129,10,2828.869138
129,11,2470.673631
129,13,2295.082770
129,14,2052.364042
130,5,12843.578216
130,6,8957.032651
130,7,4838.335403
130,8,3736.064074
130,9,3487.995375
130,10,2828.869138
130,11,2470.673631
130,13,2295.082770
130,14,2052.364042
131,5,12843.578216
131,6,8957.032651
131,7,4838.335403
131,8,3736.064074
131,9,3487.995375
131,10,2828.869138
131,11,2470.673631
131,13,2295.082770
131,14,2052.364042
132,5,12843.578216
132,6,8857.928530
132,7,4838.335403
132,8,3736.064074
132,9,3487.995375
132,10,2828.869138
132,11,2470.673631
132,13,2295.082770
132,14,2052.364042
133,5,12843.578216
133,6,8857.928530
133,7,4838.335403
133,8,3736.064074
133,9,3487.995375
133,10,2828.869138
133,11,2470.673631
133,13,2295.082770
133,14,2029.990316
134,5,12843.578216
134,6,8857.928530
134,7,4838.335403
134,8,3736.064074
134,9,3487.995375
134,10,2828.869138
134,11,2470.673631
134,13,2295.082770
134,14,2029.990316
135,5,12843.578216
135,6,8857.928530
135,7,4838.335403
135,8,3736.064074
135,9,3487.995375
135,10,2828.869138
135,11,2470.673631
135,13,2295.082770
135,14,2029.990316
136,5,12843.578216
136,6,8857.928530
136,7,4838.335403
136,8,3736.064074
136,9,3487.995375
136,10,2828.869138
136,11,2470.673631
136,13,2295.082770
136,14,2029.990316
137,5,12843.578216
137,6,8857.928530
137,7,4838.335403
137,8,3736.064074
137,9,3487.995375
137,10,2828.869138
137,11,2470.673631
137,13,2295.082770
137,14,2029.990316
138,5,12843.578216
138,6,8857.928530
138,7,4838.335403
138,8,3736.064074
138,9,3487.995375
138,10,2828.869138
138,11,2470.673631
138,13,2281.435714
138,14,2029.990316
139,5,12843.578216
139,6,8857.928530
139,7,4838.335403
139,8,3736.064074
139,9,3487.995375
139,10,2828.869138
139,11,2470.673631
139,13,2281.435714
139,14,2029.990316
140,5,12843.578216
140,6,8857.928530
140,7,4838.335403
140,8,3736.064074
140,9,3487.995375
140,10,2828.869138
140,11,2470.673631
140,13,2281.435714
140,14,2029.990316
141,5,12843.578216
141,6,8857.928530
141,7,4838.335403
141,8,3736.064074
141,9,3487.995375
141,10,2828.869138
141,11,2470.673631
141,13,2281.435714
141,14,2029.990316
142,5,12843.578216
142,6,8857.928530
142,7,4838.335403
142,8,3736.064074
142,9,3487.995375
142,10,2828.869138
142,11,2470.673631
142,13,2281.435714
142,14,2029.990316
143,5,12843.578216
143,6,8843.329694
143,7,4823.206817
143,8,3736.064074
143,9,3139.555938
143,10,2828.869138
143,11,2470.673631
143,13,2281.435714
143,14,2029.990316
144,5,12843.578216
144,6,8843.329694
144,7,4823.206817
144,8,3645.116688
144,9,3139.555938
144,10,2828.869138
144,11,2470.673631
144,13,2281.435714
144,14,2029.990316
145,5,12843.578216
145,6,8819.615988
145,7,4823.206817
145,8,3645.116688
145,9,3139.555938
145,10,2828.869138
145,11,2470.673631
145,12,2413.619736
145,13,2281.435714
145,14,2029.990316
146,5,12843.578216
146,6,8819.615988
146,7,4823.206817
146,8,3645.116688
146,9,3139.555938
146,10,2828.869138
146,11,2433.241997
146,12,2413.619736
146,13,2281.435714
146,14,2029.990316
147,5,12843.578216
147,6,8819.615988
147,7,4823.206817
147,8,3645.116688
147,9,3139.555938
147,10,2828.869138
147,11,2433.241997
147,12,2413.619736
147,13,2281.435714
147,14,2029.990316
148,5,12843.578216
148,6,8819.615988
148,7,4823.206817
148,8,3645.116688
148,9,3139.555938
148,10,2828.869138
148,11,2433.241997
148,12,2413.619736
148,13,2260.118369
148,14,2029.990316
149,5,12778.959487
149,6,8819.615988
149,7,4823.206817
149,8,3645.116688
149,9,3139.555938
149,10,2828.869138
149,11,2433.241997
149,12,2413.619736
149,13,2260.118369
149,14,2029.990316
150,5,12778.959487
150,6,8819.615988
150,7,4823.206817
150,8,3645.116688
150,9,3139.555938
150,10,2828.869138
150,11,2433.241997
150,12,2413.619736
150,13,2260.118369
150,14,2029.990316
151,5,12778.959487
151,6,8819.615988
151,7,4823.206817
151,8,3645.116688
151,9,3139.555938
151,10,2828.869138
151,11,2433.241997
151,12,2413.619736
151,13,2260.118369
151,14,2029.990316
152,5,12778.959487
152,6,8505.028553
152,7,4823.206817
152,8,3645.116688
152,9,3139.555938
152,10,2828.869138
152,11,2433.241997
152,12,2413.619736
152,13,2260.118369
152,14,2029.990316
153,5,12778.959487
153,6,7995.809934
153,7,4823.206817
153,8,3645.116688
153,9,3139.555938
153,10,2828.869138
153,11,2433.241997
153,12,2413.619736
153,13,2260.118369
153,14,2006.494283
154,5,12778.959487
154,6,7995.809934
154,7,4823.206817
154,8,3645.116688
154,9,3139.555938
154,10,2828.869138
154,11,2433.241997
154,12,2413.619736
154,13,2260.118369
154,14,2006.494283
155,5,12778.959487
155,6,7995.809934
155,7,4823.206817
155,8,3645.116688
155,9,3139.555938
155,10,2828.869138
155,11,2433.241997
155,12,2413.619736
155,13,2260.118369
155,14,2006.494283
156,5,12778.959487
156,6,7995.809934
156,7,4823.206817
156,8,3645.116688
156,9,3139.555938
156,10,2828.869138
156,11,2433.241997
156,12,2368.349272
156,13,2260.118369
156,14,2006.494283
157,5,12778.959487
157,6,7995.809934
157,7,4823.206817
157,8,3645.116688
157,9,3139.555938
157,10,2828.869138
157,11,2433.241997
157,12,2368.349272
157,13,2260.118369
157,14,2006.494283
158,5,12778.959487
158,6,7995.809934
158,7,4823.206817
158,8,3645.116688
158,9,3139.555938
158,10,2828.869138
158,11,2433.241997
158,12,2368.349272
158,13,2260.118369
158,14,2006.494283
159,5,12778.959487
159,6,7995.809934
159,7,4823.206817
159,8,3645.116688
159,9,3139.555938
159,10,2828.869138
159,11,2433.241997
159,12,2368.349272
159,13,2260.118369
159,14,2006.494283
160,5,12778.959487
160,6,7995.809934
160,7,4823.206817
160,8,3645.116688
160,9,3139.555938
160,10,2776.118923
160,11,2433.241997
160,12,2368.349272
160,13,2260.118369
160,14,2006.494283
161,5,12778.959487
161,6,7995.809934
161,7,4823.206817
161,8,3645.116688
161,9,3139.555938
161,10,2776.118923
161,11,2433.241997
161,12,2368.349272
161,13,2260.118369
161,14,2006.494283
162,5,12778.959487
162,6,7995.809934
162,7,4823.206817
162,8,3645.116688
162,9,3139.555938
162,10,2714.864648
162,11,2433.241997
162,12,2368.349272
162,13,2260.118369
162,14,2006.494283
163,5,12778.959487
163,6,7995.809934
163,7,4823.206817
163,8,3645.116688
163,9,3139.555938
163,10,2551.848190
163,11,2433.241997
163,12,2368.349272
163,13,2260.118369
163,14,2006.494283
164,5,12778.959487
164,6,7995.809934
164,7,4823.206817
164,8,3645.116688
164,9,3139.555938
164,10,2551.848190
164,11,2433.241997
164,12,2368.349272
164,13,2260.118369
164,14,2006.494283
165,5,12778.959487
165,6,7995.809934
165,7,4823.206817
165,8,3645.116688
165,9,3139.555938
165,10,2551.848190
165,11,2433.241997
165,12,2368.349272
165,13,2260.118369
165,14,2006.494283
166,5,12778.959487
166,6,7995.809934
166,7,4823.206817
166,8,3645.116688
166,9,3139.555938
166,10,2551.848190
166,11,2433.241997
166,12,2368.349272
166,13,2260.118369
166,14,2006.494283
167,5,12778.959487
167,6,7995.809934
167,7,4823.206817
167,8,3645.116688
167,9,3139.555938
167,10,2551.848190
167,11,2433.241997
167,12,2368.349272
167,13,2260.118369
167,14,2006.494283
168,5,12778.959487
168,6,7017.478337
168,7,4823.206817
168,8,3645.116688
168,9,3139.555938
168,10,2551.848190
168,11,2433.241997
168,12,2368.349272
168,13,2260.118369
168,14,2006.494283
169,5,12778.959487
169,6,7017.478337
169,7,4823.206817
169,8,3645.116688
169,9,3139.555938
169,10,2551.848190
169,11,2433.241997
169,12,2368.349272
169,13,2260.118369
169,14,2006.494283
170,5,12778.959487
170,6,7017.478337
170,7,4823.206817
170,8,3645.116688
170,9,3139.555938
170,10,2551.848190
170,11,2433.241997
170,12,2368.349272
170,13,2260.118369
170,14,2006.494283
171,5,12778.959487
171,6,7017.478337
171,7,4823.206817
171,8,3645.116688
171,9,3139.555938
171,10,2551.848190
171,11,2433.241997
171,12,2368.349272
171,13,2260.118369
171,14,2006.494283
172,5,12778.959487
172,6,7017.478337
172,7,4823.206817
172,8,3645.116688
172,9,3139.555938
172,10,2551.848190
172,11,2433.241997
172,12,2368.349272
172,13,2260.118369
172,14,2006.494283
173,5,12623.117041
173,6,7017.478337
173,7,4823.206817
173,8,3645.116688
173,9,3139.555938
173,10,2551.848190
173,11,2433.241997
173,12,2368.349272
173,13,2260.118369
173,14,2006.494283
174,5,12623.117041
174,6,7017.478337
174,7,4823.206817
174,8,3645.116688
174,9,3139.555938
174,10,2551.848190
174,11,2433.241997
174,12,2267.568349
174,13,2260.118369
174,14,2006.494283
175,5,12623.117041
175,6,7017.478337
175,7,4823.206817
175,8,3645.116688
175,9,3139.555938
175,10,2551.848190
175,11,2433.241997
175,12,2267.568349
175,13,2260.118369
175,14,2006.494283
176,5,12623.117041
176,6,7017.478337
176,7,4823.206817
176,8,3645.116688
176,9,3139.555938
176,10,2551.848190
176,11,2433.241997
176,12,2267.568349
176,13,2260.118369
176,14,2006.494283
177,5,12623.117041
177,6,7017.478337
177,7,4823.206817
177,8,3645.116688
177,9,3139.555938
177,10,2551.848190
177,11,2433.241997
177,12,2267.568349
177,13,2260.118369
177,14,2006.494283
178,5,12623.117041
178,6,6887.151850
178,7,4823.206817
178,8,3645.116688
178,9,3139.555938
178,10,2551.848190
178,11,2433.241997
178,12,2182.878437
178,14,2006.494283
179,5,12623.117041
179,6,6887.151850
179,7,4823.206817
179,8,3645.116688
179,9,3139.555938
179,10,2551.848190
179,11,2433.241997
179,12,2182.878437
179,14,2006.494283
180,5,12623.117041
180,6,6887.151850
180,7,4823.206817
180,8,3645.116688
180,9,3139.555938
180,10,2551.848190
180,11,2433.241997
180,12,2182.878437
180,14,2006.494283
181,5,12623.117041
181,6,6887.151850
181,7,4823.206817
181,8,3645.116688
181,9,3139.555938
181,10,2551.848190
181,11,2433.241997
181,12,2182.878437
181,13,2162.824426
181,14,2006.494283
182,5,12623.117041
182,6,6887.151850
182,7,4823.206817
182,8,3645.116688
182,9,3139.555938
182,10,2551.848190
182,11,2433.241997
182,12,2182.878437
182,13,2162.824426
182,14,2006.494283
183,5,12623.117041
183,6,6887.151850
183,7,4823.206817
183,8,3645.116688
183,9,3139.555938
183,10,2551.848190
183,11,2372.288157
183,12,2182.878437
183,13,2162.824426
183,14,2006.494283
184,5,12623.117041
184,6,6887.151850
184,7,4823.206817
184,8,3645.116688
184,9,3139.555938
184,10,2551.848190
184,11,2372.288157
184,12,2182.878437
184,13,2162.824426
184,14,2006.494283
185,5,12623.117041
185,6,6887.151850
185,7,4823.206817
185,8,3645.116688
185,9,3139.555938
185,10,2551.848190
185,11,2372.288157
185,12,2182.878437
185,13,2162.824426
185,14,2006.494283
186,5,12623.117041
186,6,6887.151850
186,7,4823.206817
186,8,3645.116688
186,9,3139.555938
186,10,2551.848190
186,11,2372.288157
186,12,2182.878437
186,13,2162.824426
186,14,2006.494283
187,5,12623.117041
187,6,6887.151850
187,7,4823.206817
187,8,3645.116688
187,9,3139.555938
187,10,2551.848190
187,11,2372.288157
187,12,2182.878437
187,13,2162.824426
187,14,2006.494283
188,5,12623.117041
188,6,6872.208794
188,7,4823.206817
188,8,3645.116688
188,9,3139.555938
188,10,2551.848190
188,11,2372.288157
188,12,2182.878437
188,13,2145.272101
188,14,2006.494283
189,5,12623.117041
189,6,6872.208794
189,7,4823.206817
189,8,3645.116688
189,9,3078.303621
189,10,2551.848190
189,11,2314.133199
189,12,2182.878437
189,13,2145.272101
189,14,2006.494283
190,5,12623.117041
190,6,6872.208794
190,7,4823.206817
190,8,3645.116688
190,9,3078.303621
190,10,2551.848190
190,11,2314.133199
190,12,2182.878437
190,13,2145.272101
190,14,2006.494283
191,5,12623.117041
191,6,6872.208794
191,7,4823.206817
191,8,3645.116688
191,9,3078.303621
191,10,2551.848190
191,11,2314.133199
191,12,2182.878437
191,13,2121.165671
191,14,2006.494283
192,5,12623.117041
192,6,6872.208794
192,7,4823.206817
192,8,3575.273728
192,9,3078.303621
192,10,2551.848190
192,11,2314.133199
192,12,2182.878437
192,13,2121.165671
192,14,2006.494283
193,5,12301.763455
193,6,6872.208794
193,7,4823.206817
193,8,3575.273728
193,9,3078.303621
193,10,2519.224857
193,11,2314.133199
193,12,2182.878437
193,13,2121.165671
193,14,2006.494283
194,5,12301.763455
194,6,6872.208794
194,7,4823.206817
194,8,3575.273728
194,9,3078.303621
194,10,2519.224857
194,11,2314.133199
194,12,2182.878437
194,13,2121.165671
194,14,2006.494283
195,5,12301.763455
195,6,6872.208794
195,7,4823.206817
195,8,3575.273728
195,9,3078.303621
195,10,2519.224857
195,11,2314.133199
195,12,2182.878437
195,13,2121.165671
195,14,2006.494283
196,5,12301.763455
196,6,6872.208794
196,7,4823.206817
196,8,3575.273728
196,9,3078.303621
196,10,2519.224857
196,11,2314.133199
196,12,2182.878437
196,13,2121.165671
196,14,2006.494283
197,5,12301.763455
197,6,6872.208794
197,7,4823.206817
197,8,3575.273728
197,9,3078.303621
197,10,2519.224857
197,11,2314.133199
197,12,2182.878437
197,13,2121.165671
197,14,2006.494283
198,5,12301.763455
198,6,6872.208794
198,7,4823.206817
198,8,3519.197580
198,9,3078.303621
198,10,2519.224857
198,11,2314.133199
198,12,2182.878437
198,13,2121.165671
198,14,2006.494283
199,5,12301.763455
199,6,6872.208794
199,7,4823.206817
199,8,3519.197580
199,9,3078.303621
199,10,2519.224857
199,11,2314.133199
199,12,2182.878437
199,13,2121.165671
199,14,2006.494283
200,5,12301.763455
200,6,6872.208794
200,7,4823.206817
200,8,3519.197580
200,9,3078.303621
200,10,2519.224857
200,11,2314.133199
200,12,2182.878437
200,13,2121.165671
200,14,2006.494283
201,5,12301.763455
201,6,6872.208794
201,7,4823.206817
201,8,3519.197580
201,9,3078.303621
201,10,2519.224857
201,11,2314.133199
201,12,2182.878437
201,13,2121.165671
201,14,2006.494283
202,5,12301.763455
202,6,6872.208794
202,7,4823.206817
202,8,3519.197580
202,9,3078.303621
202,10,2519.224857
202,11,2314.133199
202,12,2182.878437
202,13,2121.165671
202,14,2006.494283
203,5,12301.763455
203,6,6872.208794
203,7,4823.206817
203,8,3519.197580
203,9,3078.303621
203,10,2519.224857
203,11,2314.133199
203,12,2182.878437
203,13,2121.165671
203,14,2006.494283
204,5,12301.763455
204,6,6647.036443
204,7,4823.206817
204,8,3519.197580
204,9,3078.303621
204,10,2519.224857
204,11,2314.133199
204,12,2182.878437
204,13,2121.165671
204,14,2006.494283
205,5,12301.763455
205,6,5156.852828
205,7,4823.206817
205,8,3519.197580
205,9,3078.303621
205,10,2519.224857
205,11,2314.133199
205,12,2182.878437
205,13,2121.165671
205,14,2006.494283
206,5,12301.763455
206,6,5156.852828
206,7,4823.206817
206,8,3519.197580
206,9,3078.303621
206,10,2519.224857
206,11,2314.133199
206,12,2182.878437
206,13,2121.165671
206,14,2006.494283
207,5,12301.763455
207,6,5156.852828
207,7,4823.206817
207,8,3519.197580
207,9,3078.303621
207,10,2519.224857
207,11,2314.133199
207,12,2182.878437
207,13,2121.165671
207,14,2006.494283
208,5,12301.763455
208,6,5156.852828
208,7,4823.206817
208,8,3519.197580
208,9,3078.303621
208,10,2519.224857
208,11,2314.133199
208,12,2173.787189
208,13,2121.165671
208,14,2006.494283
209,5,12301.763455
209,6,5156.852828
209,7,4781.788878
209,8,3519.197580
209,9,3078.303621
209,10,2519.224857
209,11,2314.133199
209,12,2173.787189
209,13,2121.165671
209,14,2006.494283
210,5,12301.763455
210,6,5156.852828
210,7,4781.788878
210,8,3519.197580
210,9,3078.303621
210,10,2519.224857
210,11,2314.133199
210,12,2173.787189
210,13,2121.165671
210,14,2006.494283
211,5,12301.763455
211,6,5156.852828
211,7,4781.788878
211,8,3519.197580
211,9,3078.303621
211,10,2519.224857
211,11,2314.133199
211,12,2173.787189
211,13,2121.165671
211,14,2006.494283
212,5,12301.763455
212,6,5156.852828
212,7,4781.788878
212,8,3519.197580
212,9,3078.303621
212,10,2519.224857
212,11,2314.133199
212,12,2173.787189
212,13,2121.165671
212,14,2006.494283
213,5,12301.763455
213,6,5156.852828
213,7,4781.788878
213,8,3519.197580
213,9,3078.303621
213,10,2519.224857
213,11,2314.133199
213,12,2173.787189
213,13,2101.239126
213,14,2006.494283
214,5,12301.763455
214,6,5156.852828
214,7,4781.788878
214,8,3519.197580
214,9,3078.303621
214,10,2519.224857
214,11,2314.133199
214,12,2173.787189
214,13,2101.239126
214,14,2006.494283
215,5,12301.763455
215,6,5156.852828
215,7,4781.788878
215,8,3519.197580
215,9,3078.303621
215,10,2519.224857
215,11,2314.133199
215,12,2173.787189
215,13,2101.239126
215,14,2006.494283
216,5,12301.763455
216,6,5156.852828
216,7,4781.788878
216,8,3519.197580
216,9,3078.303621
216,10,2519.224857
216,11,2314.133199
216,12,2173.787189
216,13,2101.239126
216,14,2006.494283
217,5,12301.763455
217,6,5156.852828
217,7,4781.788878
217,8,3519.197580
217,9,3078.303621
217,10,2519.224857
217,11,2314.133199
217,12,2173.787189
217,13,2101.239126
217,14,2006.494283
218,5,12301.763455
218,6,5156.852828
218,7,4781.788878
218,8,3392.509177
218,9,3078.303621
218,10,2519.224857
218,11,2314.133199
218,12,2173.787189
218,13,2101.239126
218,14,2006.494283
219,5,12301.763455
219,6,5156.852828
219,7,4781.788878
219,8,3392.509177
219,9,3078.303621
219,10,2519.224857
219,11,2314.133199
219,12,2173.787189
219,13,2101.239126
219,14,2006.494283
220,5,12301.763455
220,6,5156.852828
220,7,4781.788878
220,8,3392.509177
220,9,3078.303621
220,10,2519.224857
220,11,2314.133199
220,12,2173.787189
220,13,2101.239126
220,14,2006.494283
221,5,12301.763455
221,6,5156.852828
221,7,4781.788878
221,8,3392.509177
221,9,3078.303621
221,10,2519.224857
221,11,2314.133199
221,12,2173.787189
221,13,2101.239126
221,14,2006.494283
222,5,12301.763455
222,6,5156.852828
222,7,4781.788878
222,8,3392.509177
222,9,3078.303621
222,10,2519.224857
222,11,2314.133199
222,12,2173.787189
222,13,2101.239126
222,14,2006.494283
223,5,12301.763455
223,6,5156.852828
223,7,4581.655168
223,8,3392.509177
223,9,3078.303621
223,10,2519.224857
223,11,2314.133199
223,12,2173.787189
223,13,2101.239126
223,14,2006.494283
224,5,12301.763455
224,6,5156.852828
224,7,4581.655168
224,8,3392.509177
224,9,3078.303621
224,10,2519.224857
224,11,2314.133199
224,12,2173.787189
224,13,2101.239126
224,14,2006.494283
225,5,12301.763455
225,6,5156.852828
225,7,4581.655168
225,8,3392.509177
225,9,3042.891156
225,10,2519.224857
225,11,2314.133199
225,12,2173.787189
225,13,2101.239126
225,14,2006.494283
226,5,12301.763455
226,6,5156.852828
226,7,4581.655168
226,8,3392.509177
226,9,3042.891156
226,10,2519.224857
226,11,2314.133199
226,12,2173.787189
226,13,2101.239126
226,14,2006.494283
227,5,12301.763455
227,6,5156.852828
227,7,4581.655168
227,8,3392.509177
227,9,3042.891156
227,10,2519.224857
227,11,2314.133199
227,12,2173.787189
227,13,2101.239126
227,14,2006.494283
228,5,12301.763455
228,6,5156.852828
228,7,4168.332923
228,8,3392.509177
228,9,3042.891156
228,10,2519.224857
228,11,2314.133199
228,12,2173.787189
228,13,2101.239126
228,14,2006.494283
229,5,12301.763455
229,6,5156.852828
229,7,4168.332923
229,8,3392.509177
229,9,3042.891156
229,10,2519.224857
229,11,2314.133199
229,12,2173.787189
229,13,2101.239126
229,14,2006.494283
230,5,12301.763455
230,6,5156.852828
230,7,4168.332923
230,8,3392.509177
230,9,3042.891156
230,10,2519.224857
230,11,2314.133199
230,12,2173.787189
230,13,2101.239126
230,14,2006.494283
231,5,12301.763455
231,6,5156.852828
231,7,4168.332923
231,8,3392.509177
231,9,3042.891156
231,10,2519.224857
231,11,2314.133199
231,12,2173.787189
231,13,2101.239126
231,14,2006.494283
232,5,12301.763455
232,6,5156.852828
232,7,4168.332923
232,8,3392.509177
232,9,3042.891156
232,10,2519.224857
232,11,2314.133199
232,12,2173.787189
232,13,2101.239126
232,14,2006.494283
233,5,12301.763455
233,6,5156.852828
233,7,4104.799290
233,8,3392.509177
233,9,2837.938152
233,10,2519.224857
233,11,2314.133199
233,12,2173.787189
233,13,2101.239126
233,14,2006.494283
234,5,12301.763455
234,6,5156.852828
234,7,4104.799290
234,8,3392.509177
234,9,2837.938152
234,10,2519.224857
234,11,2314.133199
234,12,2173.787189
234,13,2101.239126
234,14,2006.494283
235,5,12301.763455
235,6,5156.852828
235,7,4104.799290
235,8,3296.819014
235,9,2837.938152
235,10,2519.224857
235,11,2314.133199
235,12,2173.787189
235,13,2101.239126
235,14,2006.494283
236,5,12301.763455
236,6,5156.852828
236,7,4104.799290
236,8,3296.819014
236,9,2837.938152
236,10,2519.224857
236,11,2314.133199
236,12,2173.787189
236,13,2101.239126
236,14,2006.494283
237,5,12301.763455
237,6,5156.852828
237,7,4104.799290
237,8,3296.819014
237,9,2837.938152
237,10,2519.224857
237,11,2314.133199
237,12,2173.787189
237,13,2101.239126
237,14,2006.494283
238,5,12301.763455
238,6,5156.852828
238,7,4104.799290
238,8,3296.819014
238,9,2837.938152
238,10,2519.224857
238,11,2314.133199
238,12,2173.787189
238,13,2101.239126
238,14,2006.494283
239,5,12301.763455
239,6,5156.852828
239,7,4104.799290
239,8,3296.819014
239,9,2837.938152
239,10,2519.224857
239,11,2314.133199
239,12,2173.787189
239,13,2101.239126
239,14,2006.494283
240,5,12301.763455
240,6,5156.852828
240,7,4104.799290
240,8,3296.819014
240,9,2837.938152
240,10,2519.224857
240,11,2314.133199
240,12,2173.787189
240,13,2101.239126
240,14,2006.494283
241,5,12301.763455
241,6,5156.852828
241,7,4104.799290
241,8,3296.819014
241,9,2837.938152
241,10,2519.224857
241,11,2314.133199
241,12,2173.787189
241,13,2101.239126
241,14,2006.494283
242,5,12301.763455
242,6,5156.852828
242,7,4104.799290
242,8,3296.819014
242,9,2837.938152
242,10,2519.224857
242,11,2314.133199
242,12,2173.787189
242,13,2101.239126
242,14,2006.494283
243,5,12301.763455
243,6,5156.852828
243,7,4104.799290
243,8,3296.819014
243,9,2837.938152
243,10,2519.224857
243,11,2314.133199
243,12,2173.787189
243,13,2101.239126
243,14,2006.494283
244,5,12301.763455
244,6,5156.852828
244,7,4104.799290
244,8,3296.819014
244,9,2833.995173
244,10,2519.224857
244,11,2314.133199
244,12,2173.787189
244,13,2101.239126
244,14,2006.494283
245,5,12301.763455
245,6,5156.852828
245,7,4104.799290
245,8,3296.819014
245,9,2833.995173
245,10,2519.224857
245,11,2314.133199
245,12,2173.787189
245,13,2101.239126
245,14,2006.494283
246,5,12301.763455
246,6,5156.852828
246,7,4104.799290
246,8,3296.819014
246,9,2833.995173
246,10,2519.224857
246,11,2314.133199
246,12,2173.787189
246,13,2101.239126
246,14,2006.494283
247,5,12301.763455
247,6,5156.852828
247,7,4104.799290
247,8,3296.819014
247,9,2833.995173
247,10,2519.224857
247,11,2314.133199
247,12,2173.787189
247,13,2101.239126
247,14,2006.494283
248,5,12301.763455
248,6,5030.939010
248,7,4104.799290
248,8,3162.449935
248,9,2833.995173
248,10,2519.224857
248,11,2314.133199
248,12,2173.787189
248,13,2101.239126
248,14,2006.494283
249,5,12301.763455
249,6,5030.939010
249,7,4104.799290
249,8,3162.449935
249,9,2833.995173
249,10,2519.224857
249,11,2314.133199
249,12,2173.787189
249,13,2101.239126
249,14,2006.494283
250,5,12301.763455
250,6,5030.939010
250,7,4104.799290
250,8,3162.449935
250,9,2833.995173
250,10,2519.224857
250,11,2314.133199
250,12,2173.787189
250,13,2101.239126
250,14,2006.494283
251,5,12164.031010
251,6,5030.939010
251,7,4104.799290
251,8,3162.449935
251,9,2833.995173
251,10,2519.224857
251,11,2314.133199
251,12,2173.787189
251,13,2101.239126
251,14,2006.494283
252,5,12164.031010
252,6,5030.939010
252,7,4104.799290
252,8,3162.449935
252,9,2833.995173
252,10,2519.224857
252,11,2314.133199
252,12,2173.787189
252,13,2101.239126
252,14,2006.494283
253,5,12164.031010
253,6,5030.939010
253,7,4104.799290
253,8,3162.449935
253,9,2833.995173
253,10,2519.224857
253,11,2314.133199
253,12,2173.787189
253,13,2101.239126
253,14,2006.494283
254,5,12164.031010
254,6,5030.939010
254,7,4104.799290
254,8,3162.449935
254,9,2833.995173
254,10,2519.224857
254,11,2314.133199
254,12,2173.787189
254,13,2101.239126
254,14,2006.494283
255,5,12164.031010
255,6,5030.939010
255,7,4104.799290
255,8,3162.449935
255,9,2833.995173
255,10,2519.224857
255,11,2314.133199
255,12,2173.787189
255,13,2101.239126
255,14,2006.494283
256,5,12164.031010
256,6,5030.939010
256,7,4104.799290
256,8,3162.449935
256,9,2833.995173
256,10,2519.224857
256,11,2314.133199
256,12,2173.787189
256,13,2101.239126
256,14,2006.494283
257,5,11775.293701
257,6,5030.939010
257,7,4104.799290
257,8,3162.449935
257,9,2833.995173
257,10,2519.224857
257,11,2314.133199
257,12,2173.787189
257,13,2101.239126
257,14,2006.494283
257,16,1967.843480
258,5,11775.293701
258,6,5030.939010
258,7,4104.799290
258,8,3162.449935
258,9,2833.995173
258,10,2519.224857
258,11,2314.133199
258,12,2173.787189
258,13,2101.239126
258,14,2006.494283
258,16,1967.843480
259,5,11775.293701
259,6,5030.939010
259,7,4104.799290
259,8,3162.449935
259,9,2833.995173
259,10,2519.224857
259,11,2314.133199
259,12,2173.787189
259,13,2101.239126
259,14,2006.494283
259,16,1967.843480
260,5,11775.293701
260,6,5030.939010
260,7,4104.799290
260,8,3162.449935
260,9,2833.995173
260,10,2519.224857
260,11,2314.133199
260,12,2173.787189
260,13,2101.239126
260,14,2006.494283
260,16,1967.843480
261,5,11775.293701
261,6,5030.939010
261,7,4104.799290
261,8,3162.449935
261,9,2833.995173
261,10,2519.224857
261,11,2314.133199
261,12,2173.787189
261,13,2101.239126
261,14,2006.494283
261,16,1967.843480
262,5,9287.697684
262,6,5030.939010
262,7,4104.799290
262,8,3162.449935
262,9,2833.995173
262,10,2519.224857
262,11,2314.133199
262,12,2173.787189
262,13,2101.239126
262,14,2006.494283
262,16,1967.843480
263,5,9287.697684
263,6,5030.939010
263,7,4104.799290
263,8,3162.449935
263,9,2833.995173
263,10,2519.224857
263,11,2314.133199
263,12,2173.787189
263,13,2101.239126
263,14,2006.494283
263,16,1967.843480
264,5,9287.697684
264,6,5030.939010
264,7,4104.799290
264,8,3162.449935
264,9,2833.995173
264,10,2519.224857
264,11,2314.133199
264,12,2173.787189
264,13,2101.239126
264,14,2006.494283
264,16,1967.843480
265,5,9287.697684
265,6,5030.939010
265,7,4104.799290
265,8,3162.449935
265,9,2833.995173
265,10,2519.224857
265,11,2314.133199
265,12,2173.787189
265,13,2101.239126
265,14,2006.494283
265,16,1967.843480
266,5,9287.697684
266,6,5030.939010
266,7,4104.799290
266,8,3162.449935
266,9,2833.995173
266,10,2519.224857
266,11,2314.133199
266,12,2173.787189
266,13,2101.239126
266,14,2006.494283
266,16,1967.843480
267,5,9287.697684
267,6,5030.939010
267,7,4104.799290
267,8,3162.449935
267,9,2833.995173
267,10,2519.224857
267,11,2314.133199
267,12,2173.787189
267,13,2101.239126
267,14,2006.494283
267,16,1967.843480
268,5,9287.697684
268,6,5030.939010
268,7,4020.070695
268,8,3162.449935
268,9,2754.183689
268,10,2519.224857
268,11,2314.133199
268,12,2173.787189
268,13,2101.239126
268,14,2006.494283
268,16,1967.843480
269,5,9287.697684
269,6,5030.939010
269,7,4020.070695
269,8,3162.449935
269,9,2754.183689
269,10,2519.224857
269,11,2314.133199
269,12,2173.787189
269,13,2101.239126
269,14,2006.494283
269,16,1967.843480
270,5,9287.697684
270,6,5030.939010
270,7,4020.070695
270,8,3162.449935
270,9,2754.183689
270,10,2519.224857
270,11,2314.133199
270,12,2173.787189
270,13,2101.239126
270,14,2006.494283
270,16,1967.843480
271,5,9286.707830
271,6,5030.939010
271,7,4020.070695
271,8,3162.449935
271,9,2754.183689
271,10,2519.224857
271,11,2314.133199
271,12,2173.787189
271,13,2101.239126
271,14,2006.494283
271,16,1967.843480
272,5,9286.707830
272,6,5030.939010
272,7,4020.070695
272,8,3162.449935
272,9,2754.183689
272,10,2519.224857
272,11,2314.133199
272,12,2173.787189
272,13,2072.145062
272,14,2006.494283
272,16,1967.843480
273,5,9286.707830
273,6,5030.939010
273,7,4020.070695
273,8,3162.449935
273,9,2754.183689
273,10,2519.224857
273,11,2314.133199
273,12,2173.787189
273,13,2072.145062
273,14,2006.494283
273,16,1967.843480
274,5,9286.707830
274,6,5030.939010
274,7,4020.070695
274,8,3162.449935
274,9,2754.183689
274,10,2519.224857
274,11,2314.133199
274,12,2173.787189
274,13,2072.145062
274,14,2006.494283
274,16,1967.843480
275,5,9286.707830
275,6,5030.939010
275,7,4020.070695
275,8,3162.449935
275,9,2754.183689
275,10,2519.224857
275,11,2314.133199
275,12,2173.787189
275,13,2072.145062
275,14,2006.494283
275,16,1967.843480
276,5,9286.707830
276,6,5030.939010
276,7,4020.070695
276,8,3162.449935
276,9,2754.183689
276,10,2519.224857
276,11,2314.133199
276,12,2130.334574
276,13,2072.145062
276,14,2006.494283
276,16,1967.843480
277,5,9158.642451
277,6,5030.939010
277,7,4020.070695
277,8,3162.449935
277,9,2754.183689
277,10,2452.218342
277,11,2314.133199
277,12,2130.334574
277,13,2072.145062
277,14,2006.494283
277,16,1967.843480
278,5,9158.642451
278,6,5030.939010
278,7,3831.217944
278,8,3162.449935
278,9,2754.183689
278,10,2452.218342
278,11,2314.133199
278,12,2130.334574
278,13,2072.145062
278,14,2006.494283
278,16,1967.843480
279,5,9158.642451
279,6,5030.939010
279,7,3831.217944
279,8,3162.449935
279,9,2754.183689
279,10,2452.218342
279,11,2314.133199
279,12,2130.334574
279,13,2072.145062
279,14,2006.494283
279,16,1967.843480
280,5,9011.665713
280,6,5030.939010
280,7,3831.217944
280,8,3162.449935
280,9,2754.183689
280,10,2452.218342
280,11,2314.133199
280,12,2130.334574
280,13,2072.145062
280,14,2006.494283
280,16,1967.843480
281,5,9011.665713
281,6,5030.939010
281,7,3831.217944
281,8,3162.449935
281,9,2754.183689
281,10,2452.218342
281,11,2314.133199
281,12,2114.109454
281,13,2072.145062
281,14,2006.494283
281,16,1967.843480
282,5,9011.665713
282,6,5030.939010
282,7,3831.217944
282,8,3162.449935
282,9,2754.183689
282,10,2353.220293
282,11,2314.133199
282,12,2114.109454
282,13,2072.145062
282,14,2006.494283
282,16,1967.843480
283,5,9011.665713
283,6,5030.939010
283,7,3831.217944
283,8,3162.449935
283,9,2754.183689
283,10,2353.220293
283,11,2314.133199
283,12,2114.109454
283,13,2072.145062
283,14,2006.494283
283,16,1967.843480
284,5,8804.330741
284,6,5030.939010
284,7,3831.217944
284,8,3162.449935
284,9,2754.183689
284,10,2353.220293
284,11,2314.133199
284,12,2114.109454
284,13,2072.145062
284,14,2006.494283
284,16,1967.843480
285,5,8804.330741
285,6,5030.939010
285,7,3831.217944
285,8,3162.449935
285,9,2754.183689
285,10,2353.220293
285,11,2314.133199
285,12,2114.109454
285,13,2072.145062
285,14,2006.494283
285,16,1967.843480
286,5,8804.330741
286,6,5030.939010
286,7,3831.217944
286,8,3162.449935
286,9,2754.183689
286,10,2353.220293
286,11,2314.133199
286,12,2114.109454
286,13,2072.145062
286,14,2006.494283
286,16,1967.843480
287,5,8804.330741
287,6,5030.939010
287,7,3831.217944
287,8,3162.449935
287,9,2754.183689
287,10,2353.220293
287,11,2314.133199
287,12,2114.109454
287,13,2072.145062
287,14,2006.494283
287,16,1967.843480
288,5,8456.583165
288,6,5030.939010
288,7,3831.217944
288,8,3162.449935
288,9,2754.183689
288,10,2353.220293
288,11,2314.133199
288,12,2114.109454
288,13,2072.145062
288,14,2006.494283
288,16,1967.843480
289,5,8456.583165
289,6,5030.939010
289,7,3831.217944
289,8,3162.449935
289,9,2754.183689
289,10,2353.220293
289,11,2314.133199
289,12,2114.109454
289,13,2072.145062
289,14,2006.494283
289,16,1967.843480
290,5,8456.583165
290,6,5030.939010
290,7,3831.217944
290,8,3162.449935
290,9,2754.183689
290,10,2353.220293
290,11,2314.133199
290,12,2114.109454
290,13,2072.145062
290,14,2006.494283
290,16,1967.843480
291,5,8456.583165
291,6,5030.939010
291,7,3831.217944
291,8,3162.449935
291,9,2754.183689
291,10,2353.220293
291,11,2314.133199
291,12,2114.109454
291,13,2072.145062
291,14,2006.494283
291,16,1967.843480
292,5,8456.583165
292,6,5030.939010
292,7,3831.217944
292,8,3162.449935
292,9,2754.183689
292,10,2353.220293
292,11,2314.133199
292,12,2114.109454
292,13,2072.145062
292,14,2006.494283
292,16,1967.843480
293,5,8456.583165
293,6,5030.939010
293,7,3831.217944
293,8,3162.449935
293,9,2754.183689
293,10,2353.220293
293,11,2314.133199
293,12,2114.109454
293,13,2072.145062
293,14,2006.494283
293,16,1967.843480
294,5,8207.091776
294,6,5030.939010
294,7,3831.217944
294,8,3138.163178
294,9,2754.183689
294,10,2353.220293
294,11,2314.133199
294,12,2114.109454
294,13,2072.145062
294,14,2006.494283
294,16,1967.843480
295,5,8207.091776
295,6,5030.939010
295,7,3831.217944
295,8,3138.163178
295,9,2754.183689
295,10,2353.220293
295,11,2314.133199
295,12,2114.109454
295,13,2072.145062
295,14,2006.494283
295,16,1967.843480
296,5,8207.091776
296,6,5030.939010
296,7,3831.217944
296,8,3138.163178
296,9,2754.183689
296,10,2353.220293
296,11,2314.133199
296,12,2114.109454
296,13,2072.145062
296,14,2006.494283
296,16,1967.843480
297,5,8207.091776
297,6,5030.939010
297,7,3831.217944
297,8,3138.163178
297,9,2754.183689
297,10,2353.220293
297,11,2314.133199
297,12,2114.109454
297,13,2072.145062
297,14,2006.494283
297,16,1967.843480
298,5,8074.748873
298,6,5030.939010
298,7,3831.217944
298,8,3138.163178
298,9,2754.183689
298,10,2353.220293
298,11,2314.133199
298,12,2114.109454
298,13,2072.145062
298,14,2006.494283
298,16,1967.843480
299,5,8074.748873
299,6,5030.939010
299,7,3831.217944
299,8,3138.163178
299,9,2754.183689
299,10,2353.220293
299,11,2314.133199
299,12,2114.109454
299,13,2072.145062
299,14,2006.494283
299,16,1967.843480
300,5,8074.748873
300,6,5030.939010
300,7,3831.217944
300,8,3138.163178
300,9,2754.183689
300,10,2353.220293
300,11,2314.133199
300,12,2114.109454
300,13,2072.145062
300,14,2006.494283
300,16,1967.843480
301,5,7874.375185
301,6,5030.939010
301,7,3831.217944
301,8,3138.163178
301,9,2754.183689
301,10,2353.220293
301,11,2314.133199
301,12,2114.109454
301,13,2072.145062
301,14,2006.494283
301,16,1967.843480
302,5,7874.375185
302,6,5030.939010
302,7,3831.217944
302,8,3138.163178
302,9,2754.183689
302,10,2353.220293
302,11,2314.133199
302,12,2114.109454
302,13,2072.145062
302,14,2006.494283
302,16,1967.843480
303,5,7874.375185
303,6,5030.939010
303,7,3831.217944
303,8,3138.163178
303,9,2754.183689
303,10,2353.220293
303,11,2314.133199
303,12,2114.109454
303,13,2072.145062
303,14,2006.494283
303,16,1967.843480
304,5,7874.375185
304,6,5030.939010
304,7,3831.217944
304,8,3138.163178
304,9,2754.183689
304,10,2353.220293
304,11,2314.133199
304,12,2114.109454
304,13,2072.145062
304,14,2006.494283
304,16,1967.843480
305,5,7874.375185
305,6,5030.939010
305,7,3831.217944
305,8,3138.163178
305,9,2754.183689
305,10,2353.220293
305,11,2311.695799
305,12,2114.109454
305,13,2072.145062
305,14,2006.494283
305,16,1967.843480
306,5,7874.375185
306,6,5030.939010
306,7,3831.217944
306,8,3138.163178
306,9,2754.183689
306,10,2353.220293
306,11,2311.695799
306,12,2114.109454
306,13,2072.145062
306,14,2006.494283
306,16,1967.843480
307,5,7874.375185
307,6,5030.939010
307,7,3831.217944
307,8,3138.163178
307,9,2754.183689
307,10,2353.220293
307,11,2311.695799
307,12,2114.109454
307,13,2072.145062
307,14,2006.494283
307,16,1967.843480
308,5,7467.897480
308,6,5030.939010
308,7,3831.217944
308,8,3006.244342
308,9,2754.183689
308,10,2353.220293
308,11,2305.716158
308,12,2114.109454
308,13,2072.145062
308,14,2006.494283
308,16,1948.705975
309,5,7467.897480
309,6,5030.939010
309,7,3831.217944
309,8,3006.244342
309,9,2727.203691
309,10,2353.220293
309,11,2305.716158
309,12,2114.109454
309,13,2072.145062
309,14,2006.494283
309,16,1948.705975
310,5,7467.897480
310,6,5030.939010
310,7,3831.217944
310,8,3006.244342
310,9,2727.203691
310,10,2297.351950
310,12,2114.109454
310,13,2072.145062
310,14,2006.494283
310,16,1948.705975
311,5,7467.897480
311,6,5030.939010
311,7,3831.217944
311,8,3006.244342
311,9,2727.203691
311,10,2297.351950
311,12,2114.109454
311,13,2072.145062
311,14,2006.494283
311,16,1948.705975
312,5,7467.897480
312,6,5030.939010
312,7,3831.217944
312,8,3006.244342
312,9,2727.203691
312,10,2297.351950
312,12,2114.109454
312,13,2072.145062
312,14,2006.494283
312,16,1948.705975
313,5,7467.897480
313,6,5030.939010
313,7,3831.217944
313,8,3006.244342
313,9,2727.203691
313,10,2297.351950
313,11,2279.356449
313,12,2114.109454
313,13,2072.145062
313,14,2006.494283
313,16,1948.705975
314,5,7467.897480
314,6,5030.939010
314,7,3831.217944
314,8,3006.244342
314,9,2727.203691
314,10,2297.351950
314,11,2279.356449
314,12,2114.109454
314,13,2072.145062
314,14,2006.494283
314,16,1948.705975
315,5,7467.897480
315,6,5030.939010
315,7,3831.217944
315,8,3006.244342
315,9,2727.203691
315,10,2297.351950
315,11,2279.356449
315,12,2114.109454
315,13,2072.145062
315,14,2006.494283
315,16,1948.705975
316,5,7467.897480
316,6,5030.939010
316,7,3831.217944
316,8,3006.244342
316,9,2727.203691
316,10,2297.351950
316,11,2279.356449
316,12,2114.109454
316,13,2072.145062
316,14,2006.494283
316,16,1948.705975
317,5,7467.897480
317,6,5030.939010
317,7,3831.217944
317,8,3006.244342
317,9,2727.203691
317,10,2297.351950
317,11,2279.356449
317,12,2114.109454
317,13,2072.145062
317,14,2006.494283
317,16,1948.705975
318,5,7467.897480
318,6,5030.939010
318,7,3751.844113
318,8,3006.244342
318,9,2659.878328
318,10,2297.351950
318,11,2250.899661
318,12,2114.109454
318,13,2072.145062
318,14,2006.494283
318,16,1948.705975
319,5,7467.897480
319,6,5030.939010
319,7,3751.844113
319,8,3006.244342
319,9,2659.878328
319,10,2297.351950
319,11,2250.899661
319,12,2114.109454
319,13,2072.145062
319,14,2006.494283
319,16,1948.705975
320,5,7467.897480
320,6,5030.939010
320,7,3751.844113
320,8,3006.244342
320,9,2659.878328
320,10,2297.351950
320,11,2250.899661
320,12,2114.109454
320,13,2072.145062
320,14,2006.494283
320,16,1948.705975
321,5,7467.897480
321,6,5030.939010
321,7,3751.844113
321,8,3006.244342
321,9,2659.878328
321,10,2297.351950
321,11,2250.899661
321,12,2114.109454
321,13,2072.145062
321,14,2006.494283
321,16,1948.705975
322,5,7467.897480
322,6,5030.939010
322,7,3751.844113
322,8,3006.244342
322,9,2659.878328
322,10,2297.351950
322,11,2250.899661
322,12,2114.109454
322,13,2072.145062
322,14,2006.494283
322,16,1948.705975
323,5,7467.897480
323,6,5030.939010
323,7,3751.844113
323,8,3006.244342
323,9,2659.878328
323,10,2297.351950
323,11,2250.899661
323,12,2114.109454
323,13,2072.145062
323,14,2006.494283
323,16,1948.705975
324,5,7467.897480
324,6,5030.939010
324,7,3751.844113
324,8,3006.244342
324,9,2659.878328
324,10,2297.351950
324,11,2250.899661
324,12,2114.109454
324,13,2072.145062
324,14,2006.494283
324,16,1948.705975
325,5,7467.897480
325,6,5030.939010
325,7,3751.844113
325,8,3006.244342
325,9,2659.878328
325,10,2297.351950
325,11,2250.899661
325,12,2114.109454
325,13,2072.145062
325,14,2006.494283
325,16,1948.705975
326,5,7467.897480
326,6,5030.939010
326,7,3751.844113
326,8,3006.244342
326,9,2510.429559
326,10,2297.351950
326,11,2250.899661
326,12,2114.109454
326,13,2072.145062
326,14,2006.494283
326,16,1948.705975
327,5,7467.897480
327,6,5030.939010
327,7,3751.844113
327,8,3006.244342
327,9,2510.429559
327,10,2297.351950
327,11,2250.899661
327,12,2114.109454
327,13,2072.145062
327,14,2006.494283
327,16,1948.705975
