Iteration,NV,TOC
1,7,10389.744241
1,8,6832.007988
1,9,5625.201121
1,10,4748.110653
1,11,4421.044483
1,13,4097.941892
1,15,3740.404152
1,19,3453.513129
1,21,3277.498227
1,34,3255.901023
2,7,8220.866755
2,8,6832.007988
2,9,5625.201121
2,10,4748.110653
2,11,4421.044483
2,13,4097.941892
2,15,3740.404152
2,18,3623.025892
2,19,3453.513129
2,21,3277.498227
2,31,3234.014430
3,7,8220.866755
3,8,6570.243919
3,9,5625.201121
3,10,4748.110653
3,11,4421.044483
3,13,4097.941892
3,15,3740.404152
3,18,3623.025892
3,19,3453.513129
3,21,3277.498227
3,31,3234.014430
4,7,8140.896968
4,8,6570.243919
4,9,5625.201121
4,10,4748.110653
4,11,4421.044483
4,13,4097.941892
4,14,4083.390002
4,15,3740.404152
4,16,3734.451813
4,18,3623.025892
4,19,3453.513129
4,21,3277.498227
4,31,3234.014430
5,6,11777.881492
5,7,8140.896968
5,8,6570.243919
5,9,5575.402654
5,10,4260.162328
5,13,4097.941892
5,14,4083.390002
5,15,3489.069435
5,19,3453.513129
5,21,3277.498227
5,27,3200.221537
6,6,11777.881492
6,7,8140.896968
6,8,6570.243919
6,9,5575.402654
6,10,4260.162328
6,13,4097.941892
6,14,4083.390002
6,15,3489.069435
6,19,3453.513129
6,21,3277.498227
6,27,3200.221537
7,6,11777.881492
7,7,8140.896968
7,8,6570.243919
7,9,5575.402654
7,10,4260.162328
7,13,4097.941892
7,14,4083.390002
7,15,3489.069435
7,19,3453.513129
7,21,3277.498227
7,27,3200.221537
8,6,11777.881492
8,7,7779.963982
8,8,6570.243919
8,9,5575.402654
8,10,4260.162328
8,13,3982.878922
8,15,3489.069435
8,18,3308.498140
8,21,3277.498227
8,27,3200.221537
9,6,11777.881492
9,7,7779.963982
9,8,6465.196016
9,9,5575.402654
9,10,4260.162328
9,13,3982.878922
9,15,3489.069435
9,18,3308.498140
9,19,3155.949950
10,6,11777.881492
10,7,7779.963982
10,8,6465.196016
10,9,5575.402654
10,10,4260.162328
10,13,3982.878922
10,15,3489.069435
10,18,3308.498140
10,19,3155.949950
11,6,11777.881492
11,7,7779.963982
11,8,6465.196016
11,9,5575.402654
11,10,4260.162328
11,13,3982.878922
11,15,3489.069435
11,16,3485.870177
11,18,3308.498140
11,19,3155.949950
12,6,11777.881492
12,7,7779.963982
12,8,6465.196016
12,9,5575.402654
12,10,4260.162328
12,13,3982.878922
12,15,3489.069435
12,16,3260.685801
12,19,3086.846083
13,6,11777.881492
13,7,7779.963982
13,8,6465.196016
13,9,5575.402654
13,10,4260.162328
13,13,3982.878922
13,14,3915.483210
13,15,3489.069435
13,16,3260.685801
13,19,3086.846083
14,6,11777.881492
14,7,7705.135170
14,8,6465.196016
14,9,5575.402654
14,10,4260.162328
14,13,3982.878922
14,14,3915.483210
14,15,3489.069435
14,16,3260.685801
14,19,3086.846083
15,6,11777.881492
15,7,7544.984806
15,8,5934.649527
15,9,5575.402654
15,10,4260.162328
15,11,4071.526259
15,13,3982.878922
15,14,3915.483210
15,15,3489.069435
15,16,3260.685801
15,19,3086.846083
16,6,11777.881492
16,7,7491.714035
16,8,5934.649527
16,9,5575.402654
16,10,4260.162328
16,11,4071.526259
16,13,3982.878922
16,14,3915.483210
16,15,3489.069435
16,16,3260.685801
16,19,3086.846083
17,6,11777.881492
17,7,7165.229090
17,8,5934.649527
17,9,5575.402654
17,10,4260.162328
17,11,4071.526259
17,13,3982.878922
17,14,3915.483210
17,15,3489.069435
17,16,3260.685801
17,19,3086.846083
18,6,11777.881492
18,7,7165.229090
18,8,5934.649527
18,9,4622.607322
18,10,4260.162328
18,11,4071.526259
18,13,3939.253798
18,14,3597.894671
18,15,3489.069435
18,16,3260.685801
18,19,3086.846083
19,6,10596.734064
19,7,7165.229090
19,8,5934.649527
19,9,4622.607322
19,10,4260.162328
19,11,4071.526259
19,13,3939.253798
19,14,3597.894671
19,15,3489.069435
19,16,3260.685801
19,19,3086.846083
20,6,10596.734064
20,7,7165.229090
20,8,5934.649527
20,9,4622.607322
20,10,4260.162328
20,11,4071.526259
20,13,3939.253798
20,14,3281.217383
20,16,3260.685801
20,19,3086.846083
21,6,10596.734064
21,7,7165.229090
21,8,5934.649527
21,9,4622.607322
21,10,4260.162328
21,11,4071.526259
21,13,3939.253798
21,14,3281.217383
21,16,3260.685801
21,18,3252.958868
21,19,3086.846083
22,5,14988.080994
22,6,10596.734064
22,7,7165.229090
22,8,5934.649527
22,9,4622.607322
22,10,4260.162328
22,11,4071.526259
22,13,3939.253798
22,14,3281.217383
22,16,3260.685801
22,18,3252.958868
22,19,3086.846083
23,5,14988.080994
23,6,10596.734064
23,7,7114.668278
23,8,5791.063972
23,9,4622.607322
23,10,4260.162328
23,11,4071.526259
23,12,3899.857256
23,14,3281.217383
23,16,3260.685801
23,18,3252.958868
23,19,3086.846083
24,5,14988.080994
24,6,10596.734064
24,7,7114.668278
24,8,5791.063972
24,9,4622.607322
24,10,4260.162328
24,11,4071.526259
24,12,3899.857256
24,14,3281.217383
24,16,3260.685801
24,18,3252.958868
24,19,3086.846083
25,5,14988.080994
25,6,10596.734064
25,7,7114.668278
25,8,5791.063972
25,9,4373.773700
25,10,4260.162328
25,11,4071.526259
25,12,3899.857256
25,14,3281.217383
25,16,3260.685801
25,18,3141.680674
25,19,3086.846083
26,5,14988.080994
26,6,10596.734064
26,7,7114.668278
26,8,5791.063972
26,9,4373.773700
26,10,4260.162328
26,11,4071.526259
26,12,3899.857256
26,14,3281.217383
26,16,3260.685801
26,18,3141.680674
26,19,3086.846083
27,5,14988.080994
27,6,10596.734064
27,7,7114.668278
27,8,5791.063972
27,9,4373.773700
27,10,4260.162328
27,11,4071.526259
27,12,3899.857256
27,14,3281.217383
27,16,3260.685801
27,18,3141.680674
27,19,3086.846083
28,5,14988.080994
28,6,10596.734064
28,7,7114.668278
28,8,5258.183694
28,9,4373.773700
28,10,4260.162328
28,11,4071.526259
28,12,3899.857256
28,14,3281.217383
28,16,3260.685801
28,18,3141.680674
28,19,3086.846083
28,24,3046.658880
29,5,13169.720671
29,6,10596.734064
29,7,6816.759245
29,8,5258.183694
29,9,4373.773700
29,10,4260.162328
29,11,3875.934338
29,13,3493.744863
29,14,3281.217383
29,16,3260.685801
29,17,3218.007246
29,18,3141.680674
29,19,3086.846083
29,24,3046.658880
29,26,3009.634554
30,5,12719.954443
30,6,10596.734064
30,7,6816.759245
30,8,5258.183694
30,9,4180.196164
30,11,3875.934338
30,13,3493.744863
30,14,3281.217383
30,16,3260.685801
30,17,3218.007246
30,18,3141.680674
30,19,3086.846083
30,24,3046.658880
30,26,3009.634554
31,5,12719.954443
31,6,10596.734064
31,7,6638.843983
31,8,5258.183694
31,9,4180.196164
31,11,3875.934338
31,13,3493.744863
31,14,3281.217383
31,16,3260.685801
31,17,3218.007246
31,18,3141.680674
31,19,3086.846083
31,24,3046.658880
31,26,3009.634554
32,5,12719.954443
32,6,10596.734064
32,7,6638.843983
32,8,4861.586492
32,9,4180.196164
32,11,3875.934338
32,12,3786.151263
32,13,3493.744863
32,14,3281.217383
32,16,3260.685801
32,17,3218.007246
32,18,3141.680674
32,19,3086.846083
32,24,3046.658880
32,26,3009.634554
33,5,12719.954443
33,6,10596.734064
33,7,6638.843983
33,8,4861.586492
33,9,4180.196164
33,11,3875.934338
33,12,3786.151263
33,13,3493.744863
33,14,3281.217383
33,16,3260.685801
33,17,3218.007246
33,18,3141.680674
33,19,3086.846083
33,24,3046.658880
33,26,3009.634554
34,5,12719.954443
34,6,10596.734064
34,7,6638.843983
34,8,4861.586492
34,9,4180.196164
34,11,3875.934338
34,12,3786.151263
34,13,3493.744863
34,14,3281.217383
34,16,3260.685801
34,17,3218.007246
34,18,3141.680674
34,19,3086.846083
34,23,3068.224242
34,24,3046.658880
34,26,3009.634554
35,5,12719.954443
35,6,10596.734064
35,7,6638.843983
35,8,4861.586492
35,9,4180.196164
35,11,3875.934338
35,12,3786.151263
35,13,3493.744863
35,14,3281.217383
35,16,3260.685801
35,17,3218.007246
35,18,3141.680674
35,19,3086.846083
35,22,3039.156936
35,26,3009.634554
36,5,12719.954443
36,6,10596.734064
36,7,6638.843983
36,8,4861.586492
36,9,4180.196164
36,11,3875.934338
36,12,3786.151263
36,13,3493.744863
36,14,3281.217383
36,16,3260.685801
36,17,3218.007246
36,18,3141.680674
36,19,3086.846083
36,22,3039.156936
36,24,3035.823073
36,25,2977.032587
37,5,12719.954443
37,6,10596.734064
37,7,6638.843983
37,8,4861.586492
37,9,4180.196164
37,11,3875.934338
37,12,3786.151263
37,13,3493.744863
37,14,3281.217383
37,16,3260.685801
37,17,3218.007246
37,18,3141.680674
37,19,3086.846083
37,22,3039.156936
37,23,3030.967957
37,25,2977.032587
38,5,12719.954443
38,6,10596.734064
38,7,6483.729525
38,8,4861.586492
38,9,4180.196164
38,11,3875.934338
38,12,3786.151263
38,13,3493.744863
38,14,3281.217383
38,16,3260.685801
38,17,3218.007246
38,18,3141.680674
38,19,3086.846083
38,20,3070.556249
38,22,3039.156936
38,23,3030.967957
38,25,2977.032587
39,5,12719.954443
39,6,10596.734064
39,7,6483.729525
39,8,4861.586492
39,9,4180.196164
39,11,3875.934338
39,12,3786.151263
39,13,3493.744863
39,14,3281.217383
39,16,3260.685801
39,17,3124.745294
39,19,3086.846083
39,20,3070.556249
39,22,3039.156936
39,23,3030.967957
39,25,2977.032587
40,5,12719.954443
40,6,10596.734064
40,7,6483.729525
40,8,4861.586492
40,9,4180.196164
40,11,3875.934338
40,12,3732.378196
40,13,3493.744863
40,14,3281.217383
40,16,3260.685801
40,17,3124.745294
40,19,2953.350742
41,5,12719.954443
41,6,10596.734064
41,7,6483.729525
41,8,4861.586492
41,9,4180.196164
41,11,3875.934338
41,12,3732.378196
41,13,3493.744863
41,14,3281.217383
41,16,3260.685801
41,17,3124.745294
41,19,2953.350742
42,5,12719.954443
42,6,10596.734064
42,7,6483.729525
42,8,4861.586492
42,9,4180.196164
42,11,3875.934338
42,12,3732.378196
42,13,3493.744863
42,14,3281.217383
42,16,3260.685801
42,17,3124.745294
42,19,2953.350742
43,5,12719.954443
43,6,10596.734064
43,7,6483.729525
43,8,4861.586492
43,9,4180.196164
43,11,3875.934338
43,12,3732.378196
43,13,3493.744863
43,14,3281.217383
43,16,3260.685801
43,17,3124.745294
43,19,2953.350742
44,5,12719.954443
44,6,10596.734064
44,7,6483.729525
44,8,4861.586492
44,9,4180.196164
44,11,3875.934338
44,12,3732.378196
44,13,3493.744863
44,14,3281.217383
44,16,3260.685801
44,17,3124.745294
44,18,3123.690393
44,19,2953.350742
45,5,12719.954443
45,6,10596.734064
45,7,6483.729525
45,8,4861.586492
45,9,4180.196164
45,11,3875.934338
45,12,3732.378196
45,13,3493.744863
45,14,3281.217383
45,16,3260.685801
45,17,3105.239524
45,19,2953.350742
46,5,12719.954443
46,6,10596.734064
46,7,6483.729525
46,8,4861.586492
46,9,4180.196164
46,11,3875.934338
46,12,3732.378196
46,13,3493.744863
46,14,3281.217383
46,16,3260.685801
46,17,3105.239524
46,19,2953.350742
47,5,12719.954443
47,6,10596.734064
47,7,6483.729525
47,8,4861.586492
47,9,4180.196164
47,11,3875.934338
47,12,3732.378196
47,13,3493.744863
47,14,3281.217383
47,16,3260.685801
47,17,3105.239524
47,19,2953.350742
48,5,12719.954443
48,6,10596.734064
48,7,6483.729525
48,8,4861.586492
48,9,4180.196164
48,11,3875.934338
48,12,3732.378196
48,13,3493.744863
48,14,3281.217383
48,16,3260.685801
48,17,3105.239524
48,19,2953.350742
49,5,12719.954443
49,6,10596.734064
49,7,6483.729525
49,8,4861.586492
49,9,4180.196164
49,11,3875.934338
49,12,3732.378196
49,13,3493.744863
49,14,3281.217383
49,16,3260.685801
49,17,3105.239524
49,19,2953.350742
50,5,12719.954443
50,6,10071.202239
50,7,6483.729525
50,8,4861.586492
50,9,4180.196164
50,11,3875.934338
50,12,3732.378196
50,13,3493.744863
50,14,3281.217383
50,16,3260.685801
50,17,3105.239524
50,19,2953.350742
51,5,12719.954443
51,6,10071.202239
51,7,6483.729525
51,8,4861.586492
51,9,4180.196164
51,11,3875.934338
51,12,3732.378196
51,13,3493.744863
51,14,3281.217383
51,16,3260.685801
51,17,3105.239524
51,19,2953.350742
52,5,12719.954443
52,6,9952.437805
52,7,6483.729525
52,8,4861.586492
52,9,4180.196164
52,11,3875.934338
52,12,3732.378196
52,13,3493.744863
52,14,3281.217383
52,16,3260.685801
52,17,3105.239524
52,19,2953.350742
53,5,12719.954443
53,6,9952.437805
53,7,6483.729525
53,8,4861.586492
53,9,4180.196164
53,11,3875.934338
53,12,3732.378196
53,13,3493.744863
53,14,3281.217383
53,16,3260.685801
53,17,3105.239524
53,19,2953.350742
54,5,12719.954443
54,6,9952.437805
54,7,6329.576962
54,8,4861.586492
54,9,4180.196164
54,11,3875.934338
54,12,3732.378196
54,13,3493.744863
54,14,3281.217383
54,16,3260.685801
54,17,3105.239524
54,19,2953.350742
55,5,10737.912242
55,6,9952.437805
55,7,6329.576962
55,8,4861.586492
55,9,4180.196164
55,11,3875.934338
55,12,3656.266251
55,13,3493.744863
55,14,3281.217383
55,16,3260.685801
55,17,2878.356152
56,5,10737.912242
56,6,6301.315457
56,8,4861.586492
56,9,4180.196164
56,11,3875.934338
56,12,3656.266251
56,13,3493.744863
56,14,3281.217383
56,16,3260.685801
56,17,2878.356152
57,5,10737.912242
57,6,6301.315457
57,8,4861.586492
57,9,4180.196164
57,11,3875.934338
57,12,3656.266251
57,13,3493.744863
57,14,3281.217383
57,16,3260.685801
57,17,2878.356152
58,5,10737.912242
58,6,6301.315457
58,8,4861.586492
58,9,4180.196164
58,11,3875.934338
58,12,3618.627419
58,13,3493.744863
58,14,3281.217383
58,16,3260.685801
58,17,2878.356152
59,5,10737.912242
59,6,6301.315457
59,7,5578.126686
59,8,4861.586492
59,9,4180.196164
59,11,3875.934338
59,12,3618.627419
59,13,3493.744863
59,14,3281.217383
59,16,3260.685801
59,17,2878.356152
60,5,10737.912242
60,6,6301.315457
60,7,5578.126686
60,8,4861.586492
60,9,4180.196164
60,11,3875.934338
60,12,3618.627419
60,13,3493.744863
60,14,3281.217383
60,16,3260.685801
60,17,2878.356152
61,5,10737.912242
61,6,6301.315457
61,7,5578.126686
61,8,4861.586492
61,9,4180.196164
61,10,4087.796210
61,11,3875.934338
61,12,3618.627419
61,13,3493.744863
61,14,3166.157836
61,17,2878.356152
62,5,10737.912242
62,6,6301.315457
62,7,5578.126686
62,8,4861.586492
62,9,4180.196164
62,10,4087.796210
62,11,3875.934338
62,12,3618.627419
62,13,3493.744863
62,14,3166.157836
62,17,2878.356152
63,5,10737.912242
63,6,6301.315457
63,7,5578.126686
63,8,4861.586492
63,9,4180.196164
63,10,4087.796210
63,11,3875.934338
63,12,3618.627419
63,13,3493.744863
63,14,3166.157836
63,17,2878.356152
64,5,10737.912242
64,6,6301.315457
64,7,5578.126686
64,8,4861.586492
64,9,4180.196164
64,10,4087.796210
64,11,3875.934338
64,12,3618.627419
64,13,3493.744863
64,14,3166.157836
64,17,2878.356152
65,5,10737.912242
65,6,6301.315457
65,7,5576.897893
65,8,4858.858543
65,9,4180.196164
65,10,4087.796210
65,11,3875.934338
65,12,3618.627419
65,13,3493.744863
65,14,3166.157836
65,17,2878.356152
66,5,10737.912242
66,6,6301.315457
66,7,5576.897893
66,8,4858.858543
66,9,4180.196164
66,10,4087.796210
66,11,3875.934338
66,12,3618.627419
66,13,3493.744863
66,14,3166.157836
66,17,2878.356152
67,5,10737.912242
67,6,6301.315457
67,7,5576.897893
67,8,4858.858543
67,9,4180.196164
67,10,4087.796210
67,11,3875.934338
67,12,3618.627419
67,13,3493.744863
67,14,3166.157836
67,17,2878.356152
68,5,10737.912242
68,6,6301.315457
68,7,5576.897893
68,8,4770.300379
68,9,4180.196164
68,10,4087.796210
68,11,3875.934338
68,12,3618.627419
68,13,3493.744863
68,14,3166.157836
68,17,2878.356152
69,5,10737.912242
69,6,6301.315457
69,7,5576.897893
69,8,4770.300379
69,9,4180.196164
69,10,4087.796210
69,11,3875.934338
69,12,3618.627419
69,13,3493.744863
69,14,3166.157836
69,17,2878.356152
70,5,10737.912242
70,6,6301.315457
70,7,5576.897893
70,8,4770.300379
70,9,3907.519278
70,11,3875.934338
70,12,3369.990606
70,14,3166.157836
70,17,2878.356152
71,5,10737.912242
71,6,6301.315457
71,7,5576.897893
71,8,4721.050081
71,9,3907.519278
71,11,3875.934338
71,12,3369.990606
71,14,3166.157836
71,17,2878.356152
72,5,10737.912242
72,6,6301.315457
72,7,5576.897893
72,8,4721.050081
72,9,3907.519278
72,11,3875.934338
72,12,3369.990606
72,14,3166.157836
72,17,2878.356152
73,5,10737.912242
73,6,6301.315457
73,7,5576.897893
73,8,4721.050081
73,9,3907.519278
73,11,3875.934338
73,12,3369.990606
73,14,3166.157836
73,17,2878.356152
74,5,10737.912242
74,6,6301.315457
74,7,5576.897893
74,8,4608.822510
74,9,3907.519278
74,10,3809.182242
74,12,3369.990606
74,14,3166.157836
74,17,2878.356152
75,5,10737.912242
75,6,6301.315457
75,7,5576.897893
75,8,4608.822510
75,9,3907.519278
75,10,3809.182242
75,11,3673.990126
75,12,3369.990606
75,14,3056.216359
75,17,2878.356152
76,5,10737.912242
76,6,6301.315457
76,7,5576.897893
76,8,4608.822510
76,9,3907.519278
76,10,3809.182242
76,11,3673.990126
76,12,3369.990606
76,14,3056.216359
76,17,2878.356152
77,5,10737.912242
77,6,6301.315457
77,7,5576.897893
77,8,4608.822510
77,9,3907.519278
77,10,3809.182242
77,11,3673.990126
77,12,3369.990606
77,14,3056.216359
77,17,2878.356152
78,5,10737.912242
78,6,6301.315457
78,7,5576.897893
78,8,4608.822510
78,9,3907.519278
78,10,3809.182242
78,11,3673.990126
78,12,3369.990606
78,14,3056.216359
78,17,2878.356152
79,5,10737.912242
79,6,6301.315457
79,7,5576.897893
79,8,4608.822510
79,9,3907.519278
79,10,3809.182242
79,11,3673.990126
79,12,3369.990606
79,14,3056.216359
79,17,2878.356152
80,5,10737.912242
80,6,6284.598778
80,7,5576.897893
80,8,4608.822510
80,9,3907.519278
80,10,3809.182242
80,11,3673.990126
80,12,3369.990606
80,14,3056.216359
80,17,2878.356152
81,5,10737.912242
81,6,6284.598778
81,7,5576.897893
81,8,4608.822510
81,9,3907.519278
81,10,3809.182242
81,11,3673.990126
81,12,3369.990606
81,14,3056.216359
81,17,2878.356152
82,5,10737.912242
82,6,6284.598778
82,7,5576.897893
82,8,4608.822510
82,9,3907.519278
82,10,3809.182242
82,11,3673.990126
82,12,3369.990606
82,14,3056.216359
82,17,2878.356152
83,5,10737.912242
83,6,6284.598778
83,7,5474.330593
83,8,4608.822510
83,9,3907.519278
83,10,3809.182242
83,11,3673.990126
83,12,3369.990606
83,13,3302.122638
83,14,3056.216359
83,17,2878.356152
84,5,10737.912242
84,6,6284.598778
84,7,5474.330593
84,8,4608.822510
84,9,3907.519278
84,10,3809.182242
84,11,3673.990126
84,12,3369.990606
84,13,3302.122638
84,14,3056.216359
84,17,2878.356152
85,5,10737.912242
85,6,6284.598778
85,7,5474.330593
85,8,4608.822510
85,9,3907.519278
85,10,3809.182242
85,11,3673.990126
85,12,3369.990606
85,13,3302.122638
85,14,3056.216359
85,15,2877.124521
86,5,10737.912242
86,6,6284.598778
86,7,5474.330593
86,8,4608.822510
86,9,3907.519278
86,10,3809.182242
86,11,3673.990126
86,12,3369.990606
86,13,3302.122638
86,14,3056.216359
86,15,2877.124521
87,5,10737.912242
87,6,6284.598778
87,7,5474.330593
87,8,4608.822510
87,9,3907.519278
87,10,3809.182242
87,11,3673.990126
87,12,3369.990606
87,13,3302.122638
87,14,3056.216359
87,15,2877.124521
88,5,10737.912242
88,6,6284.598778
88,7,5474.330593
88,8,4578.591197
88,9,3907.519278
88,10,3809.182242
88,11,3673.990126
88,12,3369.990606
88,13,3302.122638
88,14,3056.216359
88,15,2877.124521
89,5,10737.912242
89,6,6284.598778
89,7,5474.330593
89,8,4578.591197
89,9,3907.519278
89,10,3809.182242
89,11,3673.990126
89,12,3369.990606
89,13,3302.122638
89,14,3056.216359
89,15,2877.124521
90,5,10737.912242
90,6,6284.598778
90,7,5468.189031
90,8,4578.591197
90,9,3907.519278
90,10,3809.182242
90,11,3673.990126
90,12,3369.990606
90,13,3302.122638
90,14,3056.216359
90,15,2877.124521
91,5,10737.912242
91,6,6284.598778
91,7,5468.189031
91,8,4578.591197
91,9,3907.519278
91,10,3809.182242
91,11,3662.020144
91,12,3369.990606
91,13,3302.122638
91,14,3056.216359
91,15,2877.124521
92,5,10737.912242
92,6,6284.598778
92,7,5468.189031
92,8,4565.103467
92,9,3907.519278
92,10,3809.182242
92,11,3662.020144
92,12,3369.990606
92,13,3302.122638
92,14,3056.216359
92,15,2877.124521
93,5,10737.912242
93,6,6284.598778
93,7,5468.189031
93,8,4565.103467
93,9,3907.519278
93,10,3809.182242
93,11,3627.376218
93,12,3369.990606
93,13,3302.122638
93,14,3056.216359
93,15,2877.124521
94,5,10737.912242
94,6,6052.064858
94,7,5468.189031
94,8,4565.103467
94,9,3907.519278
94,10,3809.182242
94,11,3627.376218
94,12,3369.990606
94,13,3302.122638
94,14,3056.216359
94,15,2877.124521
95,5,10737.912242
95,6,5796.456892
95,7,5444.456882
95,8,4565.103467
95,9,3907.519278
95,10,3809.182242
95,11,3627.376218
95,12,3369.990606
95,13,3186.226365
95,14,3056.216359
95,15,2877.124521
96,5,10737.912242
96,6,5796.456892
96,7,5444.456882
96,8,4565.103467
96,9,3907.519278
96,10,3809.182242
96,11,3627.376218
96,12,3369.990606
96,13,3186.226365
96,14,3056.216359
96,15,2877.124521
96,24,2876.189114
97,5,10737.912242
97,6,5796.456892
97,7,5444.456882
97,8,4565.103467
97,9,3907.519278
97,10,3809.182242
97,11,3627.376218
97,12,3369.990606
97,13,3186.226365
97,14,3056.216359
97,15,2877.124521
97,24,2876.189114
98,5,8582.987330
98,6,5796.456892
98,7,5444.456882
98,8,4565.103467
98,9,3907.519278
98,10,3809.182242
98,11,3627.376218
98,12,3369.990606
98,13,3186.226365
98,14,3056.216359
98,15,2877.124521
98,24,2876.189114
99,5,8582.987330
99,6,5796.456892
99,7,5444.456882
99,8,4565.103467
99,9,3907.519278
99,10,3809.182242
99,11,3627.376218
99,12,3369.990606
99,13,3186.226365
99,14,3056.216359
99,15,2877.124521
99,24,2876.189114
99,26,2843.491599
100,5,8582.987330
100,6,5759.857462
100,7,5444.456882
100,8,4419.226493
100,9,3883.533559
100,10,3809.182242
100,11,3627.376218
100,12,3360.881218
100,13,3186.226365
100,14,3056.216359
100,15,2877.124521
100,24,2876.189114
100,26,2843.491599
101,5,8582.987330
101,6,5759.857462
101,7,5444.456882
101,8,4419.226493
101,9,3883.533559
101,10,3809.182242
101,11,3627.376218
101,12,3360.881218
101,13,3186.226365
101,14,3056.216359
101,15,2877.124521
101,24,2876.189114
101,26,2843.491599
102,5,8582.987330
102,6,5759.857462
102,7,5444.456882
102,8,4419.226493
102,9,3883.533559
102,10,3809.182242
102,11,3627.376218
102,12,3360.881218
102,13,3186.226365
102,14,3056.216359
102,15,2877.124521
102,24,2876.189114
102,26,2843.491599
103,5,8582.987330
103,6,5759.857462
103,7,5444.456882
103,8,4419.226493
103,9,3883.533559
103,10,3809.182242
103,11,3627.376218
103,12,3360.881218
103,13,3186.226365
103,14,3056.216359
103,15,2877.124521
103,24,2876.189114
103,26,2843.491599
104,5,8582.987330
104,6,5759.857462
104,7,5444.456882
104,8,4341.028437
104,9,3883.533559
104,10,3809.182242
104,11,3627.376218
104,12,3360.881218
104,13,3186.226365
104,14,3056.216359
104,15,2877.124521
104,20,2875.562928
104,22,2855.045008
104,26,2843.491599
105,5,8582.987330
105,6,5505.278076
105,7,5444.456882
105,8,4341.028437
105,9,3883.533559
105,10,3809.182242
105,11,3627.376218
105,12,3360.881218
105,13,3186.226365
105,14,3056.216359
105,15,2877.124521
105,20,2875.562928
105,22,2855.045008
105,26,2843.491599
106,5,8582.987330
106,6,5505.278076
106,7,5444.456882
106,8,4341.028437
106,9,3883.533559
106,10,3809.182242
106,11,3604.456310
106,12,3360.881218
106,13,3186.226365
106,14,3056.216359
106,15,2877.124521
106,20,2875.562928
106,21,2827.812601
107,5,8582.987330
107,6,5505.278076
107,7,5444.456882
107,8,4341.028437
107,9,3883.533559
107,10,3809.182242
107,11,3604.456310
107,12,3360.881218
107,13,3186.226365
107,14,3056.216359
107,15,2877.124521
107,20,2875.562928
107,21,2827.812601
108,5,8582.987330
108,6,5505.278076
108,7,5444.456882
108,8,4222.339178
108,9,3883.533559
108,10,3809.182242
108,11,3604.456310
108,12,3360.881218
108,13,3186.226365
108,14,3056.216359
108,15,2877.124521
108,20,2875.562928
108,21,2827.812601
109,5,8582.987330
109,6,5505.278076
109,7,5444.456882
109,8,4178.800005
109,9,3883.533559
109,10,3809.182242
109,11,3604.456310
109,12,3360.881218
109,13,3186.226365
109,14,3056.216359
109,15,2877.124521
109,20,2875.562928
109,21,2827.812601
110,5,8582.987330
110,6,5431.038508
110,7,5037.344112
110,8,4178.800005
110,9,3883.533559
110,10,3809.182242
110,11,3604.456310
110,12,3360.881218
110,13,3186.226365
110,14,3056.216359
110,15,2877.124521
110,20,2875.562928
110,21,2827.812601
111,5,8582.987330
111,6,5431.038508
111,7,5037.344112
111,8,4178.800005
111,9,3883.533559
111,10,3787.385885
111,11,3604.456310
111,12,3360.881218
111,13,3186.226365
111,14,3056.216359
111,15,2877.124521
111,19,2803.774635
112,5,8582.987330
112,6,5431.038508
112,7,5037.344112
112,8,4178.800005
112,9,3883.533559
112,10,3787.385885
112,11,3604.456310
112,12,3360.881218
112,13,3186.226365
112,14,3056.216359
112,15,2877.124521
112,19,2803.774635
113,5,8582.987330
113,6,5431.038508
113,7,5037.344112
113,8,4178.800005
113,9,3883.533559
113,10,3787.385885
113,11,3604.456310
113,12,3360.881218
113,13,3172.794695
113,14,3056.216359
113,15,2877.124521
113,19,2803.774635
114,5,8582.987330
114,6,5431.038508
114,7,5037.344112
114,8,4178.800005
114,9,3883.533559
114,10,3787.385885
114,11,3604.456310
114,12,3360.881218
114,13,3172.794695
114,14,3056.216359
114,15,2877.124521
114,19,2803.774635
115,5,8582.987330
115,6,5056.987559
115,7,5037.344112
115,8,4178.800005
115,9,3883.533559
115,10,3787.385885
115,11,3604.456310
115,12,3360.881218
115,13,3172.794695
115,14,3056.216359
115,15,2877.124521
115,19,2803.774635
116,5,8582.987330
116,6,5056.987559
116,7,5037.344112
116,8,4178.800005
116,9,3883.533559
116,10,3787.385885
116,11,3604.456310
116,12,3360.881218
116,13,3172.794695
116,14,3056.216359
116,15,2877.124521
116,19,2803.774635
117,5,8582.987330
117,6,5056.987559
117,7,5037.344112
117,8,4178.800005
117,9,3883.533559
117,10,3787.385885
117,11,3604.456310
117,12,3360.881218
117,13,3172.794695
117,14,3056.216359
117,15,2877.124521
117,19,2803.774635
118,5,8582.987330
118,6,5056.987559
118,7,5037.344112
118,8,4178.800005
118,9,3883.533559
118,10,3787.385885
118,11,3560.335981
118,12,3360.881218
118,13,3172.794695
118,14,3056.216359
118,15,2877.124521
118,19,2803.774635
119,5,8582.987330
119,6,5056.987559
119,7,5037.344112
119,8,4114.198685
119,9,3883.533559
119,10,3787.385885
119,11,3560.335981
119,12,3360.881218
119,13,3172.794695
119,14,3056.216359
119,15,2877.124521
119,19,2803.774635
120,5,8582.987330
120,6,4863.290155
120,8,4114.198685
120,9,3637.938897
120,11,3560.335981
120,12,3360.881218
120,13,3172.794695
120,14,3056.216359
120,15,2877.124521
120,19,2803.774635
121,5,7985.464983
121,6,4863.290155
121,8,4114.198685
121,9,3637.938897
121,11,3560.335981
121,12,3360.881218
121,13,3172.794695
121,14,3056.216359
121,15,2877.124521
121,19,2803.774635
122,5,7985.464983
122,6,4863.290155
122,8,4114.198685
122,9,3637.938897
122,11,3560.335981
122,12,3360.881218
122,13,3172.794695
122,14,3056.216359
122,15,2877.124521
122,19,2803.774635
123,5,7985.464983
123,6,4863.290155
123,8,4114.198685
123,9,3637.938897
123,11,3560.335981
123,12,3360.881218
123,13,3172.794695
123,14,3056.216359
123,15,2877.124521
123,19,2803.774635
124,5,7985.464983
124,6,4863.290155
124,8,4095.810978
124,9,3637.938897
124,11,3560.335981
124,12,3360.881218
124,13,3172.794695
124,14,3056.216359
124,15,2877.124521
124,19,2803.774635
124,22,2796.412198
125,5,7985.464983
125,6,4773.947166
125,8,4095.810978
125,9,3637.938897
125,10,3488.831421
125,12,3360.881218
125,13,3172.794695
125,14,3056.216359
125,15,2877.124521
125,19,2803.774635
125,22,2796.412198
126,5,7985.464983
126,6,4773.947166
126,8,4095.810978
126,9,3637.938897
126,10,3488.831421
126,12,3360.881218
126,13,3172.794695
126,14,3056.216359
126,15,2877.124521
126,19,2803.774635
126,22,2796.412198
127,5,7529.188368
127,6,4773.947166
127,8,4095.810978
127,9,3637.938897
127,10,3488.831421
127,12,3360.881218
127,13,3172.794695
127,14,3056.216359
127,15,2877.124521
127,19,2803.774635
127,22,2796.412198
128,5,7529.188368
128,6,4773.947166
128,8,4095.810978
128,9,3637.938897
128,10,3488.831421
128,11,3394.126876
128,12,3360.881218
128,13,3172.794695
128,14,3056.216359
128,15,2877.124521
128,19,2803.774635
128,22,2796.412198
129,5,7529.188368
129,6,4773.947166
129,8,4095.810978
129,9,3637.938897
129,10,3488.831421
129,11,3394.126876
129,12,3360.881218
129,13,3172.794695
129,14,3056.216359
129,15,2877.124521
129,19,2803.774635
129,22,2796.412198
130,5,7529.188368
130,6,4690.611311
130,8,4031.002585
130,9,3637.938897
130,10,3488.831421
130,11,3394.126876
130,12,3360.881218
130,13,3172.794695
130,14,3056.216359
130,15,2877.124521
130,19,2803.774635
130,22,2740.193758
131,5,7529.188368
131,6,4690.611311
131,8,4031.002585
131,9,3637.938897
131,10,3488.831421
131,11,3394.126876
131,12,3360.881218
131,13,3172.794695
131,14,3056.216359
131,15,2877.124521
131,19,2803.774635
131,22,2740.193758
132,5,7529.188368
132,6,4690.611311
132,8,4031.002585
132,9,3637.938897
132,10,3488.831421
132,11,3394.126876
132,12,3360.881218
132,13,3172.794695
132,14,3056.216359
132,15,2877.124521
132,19,2803.774635
132,22,2740.193758
133,5,7529.188368
133,6,4690.611311
133,8,4031.002585
133,9,3637.938897
133,10,3488.831421
133,11,3394.126876
133,12,3360.881218
133,13,3172.794695
133,14,3056.216359
133,15,2877.124521
133,19,2803.774635
133,22,2740.193758
134,5,7529.188368
134,6,4690.611311
134,8,4031.002585
134,9,3637.938897
134,10,3488.831421
134,11,3394.126876
134,12,3360.881218
134,13,3172.794695
134,14,3056.216359
134,15,2877.124521
134,19,2803.774635
134,22,2740.193758
135,5,7529.188368
135,6,4682.728581
135,8,4031.002585
135,9,3637.938897
135,10,3488.831421
135,11,3394.126876
135,12,3360.881218
135,13,3172.794695
135,14,3056.216359
135,15,2864.448528
135,19,2803.774635
135,22,2740.193758
136,5,7529.188368
136,6,4682.728581
136,8,4031.002585
136,9,3637.938897
136,10,3488.831421
136,11,3394.126876
136,12,3360.881218
136,13,3172.794695
136,14,3056.216359
136,15,2864.448528
136,19,2803.774635
136,22,2740.193758
137,5,7529.188368
137,6,4682.728581
137,8,4031.002585
137,9,3637.938897
137,10,3488.831421
137,11,3394.126876
137,12,3360.881218
137,13,3172.794695
137,14,3056.216359
137,15,2864.448528
137,19,2803.774635
137,22,2740.193758
138,5,7529.188368
138,6,4682.728581
138,8,4031.002585
138,9,3637.938897
138,10,3488.831421
138,11,3394.126876
138,12,3360.881218
138,13,3172.794695
138,14,3056.216359
138,15,2864.448528
138,19,2803.774635
138,22,2740.193758
139,5,7529.188368
139,6,4682.728581
139,8,4031.002585
139,9,3637.938897
139,10,3488.831421
139,11,3394.126876
139,12,3360.881218
139,13,3172.794695
139,14,3056.216359
139,15,2864.448528
139,19,2803.774635
139,22,2740.193758
140,5,7529.188368
140,6,4621.304817
140,8,4031.002585
140,9,3637.938897
140,10,3488.831421
140,11,3394.126876
140,12,3360.881218
140,13,3172.794695
140,14,3056.216359
140,15,2864.448528
140,19,2803.774635
140,22,2740.193758
141,5,7529.188368
141,6,4621.304817
141,8,4031.002585
141,9,3637.938897
141,10,3488.831421
141,11,3394.126876
141,12,3360.881218
141,13,3172.794695
141,14,3056.216359
141,15,2864.448528
141,19,2803.774635
141,22,2740.193758
142,5,7529.188368
142,6,4621.304817
142,8,4031.002585
142,9,3637.938897
142,10,3488.831421
142,11,3394.126876
142,12,3360.881218
142,13,3172.794695
142,14,3056.216359
142,15,2864.448528
142,19,2803.774635
142,22,2740.193758
143,5,7529.188368
143,6,4621.304817
143,8,4031.002585
143,9,3637.938897
143,10,3488.831421
143,11,3394.126876
143,12,3360.881218
143,13,3172.794695
143,14,3056.216359
143,15,2864.448528
143,19,2803.774635
143,22,2740.193758
144,5,7529.188368
144,6,4621.304817
144,8,4031.002585
144,9,3637.938897
144,10,3488.831421
144,11,3394.126876
144,12,3360.881218
144,13,3172.794695
144,14,3056.216359
144,15,2864.448528
144,19,2803.774635
144,22,2740.193758
145,5,7529.188368
145,6,4621.304817
145,8,4031.002585
145,9,3637.938897
145,10,3488.831421
145,11,3394.126876
145,12,3360.881218
145,13,3172.794695
145,14,3056.216359
145,15,2864.448528
145,19,2803.774635
145,22,2740.193758
146,5,7529.188368
146,6,4621.304817
146,8,4031.002585
146,9,3637.938897
146,10,3488.831421
146,11,3394.126876
146,12,3360.881218
146,13,3172.794695
146,14,3056.216359
146,15,2864.448528
146,19,2803.774635
146,22,2740.193758
147,5,7529.188368
147,6,4621.304817
147,8,4031.002585
147,9,3637.938897
147,10,3488.831421
147,11,3394.126876
147,12,3360.881218
147,13,3172.794695
147,14,3056.216359
147,15,2864.448528
147,19,2803.774635
147,22,2740.193758
148,5,7529.188368
148,6,4621.304817
148,8,4031.002585
148,9,3637.938897
148,10,3488.831421
148,11,3394.126876
148,12,3360.881218
148,13,3172.794695
148,14,3056.216359
148,15,2864.448528
148,19,2803.774635
148,22,2740.193758
149,5,7462.106374
149,6,4621.304817
149,8,4031.002585
149,9,3637.938897
149,10,3488.831421
149,11,3394.126876
149,12,3360.881218
149,13,3172.794695
149,14,3056.216359
149,15,2864.448528
149,19,2803.774635
149,22,2740.193758
150,5,7462.106374
150,6,4621.304817
150,8,3883.329886
150,9,3637.938897
150,10,3488.831421
150,11,3370.779671
150,12,3360.881218
150,13,3172.794695
150,14,2999.860855
150,15,2864.448528
150,19,2803.774635
150,22,2740.193758
151,5,7462.106374
151,6,4621.304817
151,8,3883.329886
151,9,3637.938897
151,10,3488.831421
151,11,3370.779671
151,12,3360.881218
151,13,3172.794695
151,14,2999.860855
151,15,2864.448528
151,19,2803.774635
151,22,2740.193758
152,5,7407.359691
152,6,4621.304817
152,8,3883.329886
152,9,3637.938897
152,10,3488.831421
152,11,3370.779671
152,12,3360.881218
152,13,3172.794695
152,14,2999.860855
152,15,2864.448528
152,19,2803.774635
152,22,2740.193758
153,5,7407.359691
153,6,4621.304817
153,8,3883.329886
153,9,3637.938897
153,10,3488.831421
153,11,3370.779671
153,12,3360.881218
153,13,3172.794695
153,14,2999.860855
153,15,2864.448528
153,19,2803.774635
153,22,2740.193758
154,5,7407.359691
154,6,4621.304817
154,8,3883.329886
154,9,3637.938897
154,10,3488.831421
154,11,3370.779671
154,12,3360.881218
154,13,3172.794695
154,14,2999.860855
154,15,2864.448528
154,19,2803.774635
154,22,2740.193758
155,5,7238.008609
155,6,4559.323600
155,8,3883.329886
155,9,3637.938897
155,10,3488.831421
155,11,3370.779671
155,12,3326.116829
155,13,3172.794695
155,14,2999.860855
155,15,2864.448528
155,19,2803.774635
155,22,2740.193758
156,5,7238.008609
156,6,4559.323600
156,8,3883.329886
156,9,3637.938897
156,10,3488.831421
156,11,3370.779671
156,12,3326.116829
156,13,3131.588827
156,14,2999.860855
156,15,2864.448528
156,19,2803.774635
156,22,2740.193758
157,5,7238.008609
157,6,4559.323600
157,8,3883.329886
157,9,3637.938897
157,10,3488.831421
157,11,3370.779671
157,12,3326.116829
157,13,3131.588827
157,14,2999.860855
157,15,2864.448528
157,19,2803.774635
157,22,2740.193758
158,5,7238.008609
158,6,4559.323600
158,8,3883.329886
158,9,3637.938897
158,10,3488.831421
158,11,3370.779671
158,12,3326.116829
158,13,3131.588827
158,14,2999.860855
158,15,2864.448528
158,19,2803.774635
158,22,2740.193758
159,5,7238.008609
159,6,4559.323600
159,8,3883.329886
159,9,3637.938897
159,10,3488.831421
159,11,3370.779671
159,12,3326.116829
159,13,3131.588827
159,14,2999.860855
159,15,2864.448528
159,19,2803.774635
159,22,2740.193758
160,5,7238.008609
160,6,4559.323600
160,8,3883.329886
160,9,3529.411394
160,10,3407.955371
160,11,3370.779671
160,12,3326.116829
160,13,3131.588827
160,14,2999.860855
160,15,2864.448528
160,19,2759.806305
160,22,2740.193758
161,5,7238.008609
161,6,4559.323600
161,8,3883.329886
161,9,3529.411394
161,10,3407.955371
161,11,3370.779671
161,12,3326.116829
161,13,3131.588827
161,14,2999.860855
161,15,2864.448528
161,19,2759.806305
161,22,2740.193758
162,5,7238.008609
162,6,4559.323600
162,8,3883.329886
162,9,3529.411394
162,10,3407.955371
162,11,3370.779671
162,12,3326.116829
162,13,3131.588827
162,14,2999.860855
162,15,2864.448528
162,19,2759.806305
162,22,2740.193758
163,5,7102.790303
163,6,4559.323600
163,8,3883.329886
163,9,3529.411394
163,10,3407.955371
163,11,3370.779671
163,12,3326.116829
163,13,3131.588827
163,14,2999.860855
163,15,2864.448528
163,19,2759.806305
163,20,2729.488245
164,5,7102.790303
164,6,4559.323600
164,8,3883.329886
164,9,3529.411394
164,10,3407.955371
164,11,3370.779671
164,12,3326.116829
164,13,3131.588827
164,14,2999.860855
164,15,2864.448528
164,19,2759.806305
164,20,2729.488245
165,5,6441.228792
165,6,4257.427244
165,8,3883.329886
165,9,3529.411394
165,10,3407.955371
165,11,3370.779671
165,12,3252.862418
165,13,3131.588827
165,14,2855.965209
165,19,2759.806305
165,20,2729.488245
166,5,6441.228792
166,6,4257.427244
166,8,3883.329886
166,9,3529.411394
166,10,3407.955371
166,11,3370.779671
166,12,3252.862418
166,13,3131.588827
166,14,2855.965209
166,19,2759.806305
166,20,2729.488245
167,5,6441.228792
167,6,4257.427244
167,8,3883.329886
167,9,3529.411394
167,10,3407.955371
167,11,3370.779671
167,12,3252.862418
167,13,3131.588827
167,14,2855.965209
167,19,2759.806305
167,20,2729.488245
168,5,6441.228792
168,6,4257.427244
168,8,3883.329886
168,9,3529.411394
168,10,3407.955371
168,11,3370.779671
168,12,3252.862418
168,13,3131.588827
168,14,2855.965209
168,19,2759.806305
168,20,2729.488245
169,5,6441.228792
169,6,4257.427244
169,8,3883.329886
169,9,3529.411394
169,10,3407.955371
169,11,3370.779671
169,12,3252.862418
169,13,3131.588827
169,14,2855.965209
169,19,2759.806305
169,20,2729.488245
170,5,6423.500255
170,6,4257.427244
170,8,3883.329886
170,9,3529.411394
170,10,3204.291018
170,13,3131.588827
170,14,2855.965209
170,19,2759.806305
170,20,2729.488245
171,5,6423.500255
171,6,4257.427244
171,8,3883.329886
171,9,3529.411394
171,10,3204.291018
171,13,3131.588827
171,14,2855.965209
171,19,2759.806305
171,20,2729.488245
172,5,6423.500255
172,6,4257.427244
172,8,3883.329886
172,9,3529.411394
172,10,3204.291018
172,13,3131.588827
172,14,2855.965209
172,19,2759.806305
172,20,2729.488245
173,5,6423.500255
173,6,4257.427244
173,8,3883.329886
173,9,3529.411394
173,10,3204.291018
173,13,3131.588827
173,14,2855.965209
173,19,2759.806305
173,20,2729.488245
174,5,6423.500255
174,6,4257.427244
174,8,3883.329886
174,9,3529.411394
174,10,3204.291018
174,13,3131.588827
174,14,2855.965209
174,19,2759.806305
174,20,2729.488245
175,5,6423.500255
175,6,4192.766258
175,8,3883.329886
175,9,3529.411394
175,10,3204.291018
175,13,3054.651414
175,14,2855.965209
175,19,2759.806305
175,20,2729.488245
176,5,6423.500255
176,6,4192.766258
176,8,3743.334652
176,9,3529.411394
176,10,3204.291018
176,13,3054.651414
176,14,2855.965209
176,19,2759.806305
176,20,2729.488245
177,5,6423.500255
177,6,4192.766258
177,8,3743.334652
177,9,3529.411394
177,10,3204.291018
177,13,3054.651414
177,14,2855.965209
177,19,2759.806305
177,20,2729.488245
178,5,6423.500255
178,6,4192.766258
178,8,3743.334652
178,9,3529.411394
178,10,3204.291018
178,13,3054.651414
178,14,2855.965209
178,19,2759.806305
178,20,2729.488245
179,5,6423.500255
179,6,4192.766258
179,8,3743.334652
179,9,3529.411394
179,10,3204.291018
179,13,3054.651414
179,14,2855.965209
179,18,2760.893474
179,19,2759.806305
179,20,2729.488245
180,5,6423.500255
180,6,4064.595756
180,8,3743.334652
180,9,3529.411394
180,10,3204.291018
180,13,3054.651414
180,14,2855.965209
180,18,2760.893474
180,19,2759.806305
180,20,2729.488245
181,5,6342.736298
181,6,4064.595756
181,8,3743.334652
181,9,3529.411394
181,10,3204.291018
181,13,3054.651414
181,14,2855.965209
181,18,2760.893474
181,19,2759.806305
181,20,2729.488245
182,5,6342.736298
182,6,4064.595756
182,8,3743.334652
182,9,3529.411394
182,10,3204.291018
182,13,3054.651414
182,14,2855.965209
182,18,2760.893474
182,19,2759.806305
182,20,2729.488245
183,5,6342.736298
183,6,4064.595756
183,8,3743.334652
183,9,3529.411394
183,10,3204.291018
183,13,3054.651414
183,14,2855.965209
183,18,2760.893474
183,19,2759.806305
183,20,2729.488245
184,5,6342.736298
184,6,4064.595756
184,8,3743.334652
184,9,3529.411394
184,10,3204.291018
184,13,3054.651414
184,14,2855.965209
184,17,2841.802298
184,18,2760.893474
184,19,2759.806305
184,20,2729.488245
185,5,6342.736298
185,6,4064.595756
185,7,3571.393204
185,9,3529.411394
185,10,3204.291018
185,13,3054.651414
185,14,2855.965209
185,17,2841.802298
185,18,2740.380449
185,20,2729.488245
186,5,6342.736298
186,6,4064.595756
186,7,3571.393204
186,9,3529.411394
186,10,3204.291018
186,13,3054.651414
186,14,2855.965209
186,17,2841.802298
186,18,2740.380449
186,20,2729.488245
187,5,6342.736298
187,6,4064.595756
187,7,3571.393204
187,9,3529.411394
187,10,3204.291018
187,13,3054.651414
187,14,2855.965209
187,15,2844.453600
187,17,2841.802298
187,18,2740.380449
187,20,2729.488245
188,5,6342.736298
188,6,4064.595756
188,7,3571.393204
188,9,3529.411394
188,10,3204.291018
188,13,3054.651414
188,14,2855.965209
188,15,2844.453600
188,17,2841.802298
188,18,2740.380449
188,20,2729.488245
189,5,6342.736298
189,6,4064.595756
189,7,3571.393204
189,9,3529.411394
189,10,3204.291018
189,13,3054.651414
189,14,2855.965209
189,15,2844.453600
189,17,2841.802298
189,18,2740.380449
189,20,2729.488245
190,5,6342.736298
190,6,4064.595756
190,7,3515.107397
190,10,3204.291018
190,13,3054.651414
190,14,2855.965209
190,15,2817.954447
190,18,2740.380449
190,20,2729.488245
191,5,6342.736298
191,6,4064.595756
191,7,3515.107397
191,10,3204.291018
191,13,3054.651414
191,14,2855.965209
191,15,2817.954447
191,18,2740.380449
191,20,2729.488245
192,5,6342.736298
192,6,4064.595756
192,7,3515.107397
192,10,3204.291018
192,13,3028.339782
192,14,2855.965209
192,15,2817.954447
192,18,2740.380449
192,20,2729.488245
193,5,6342.736298
193,6,4064.595756
193,7,3515.107397
193,10,3204.291018
193,13,3028.339782
193,14,2855.965209
193,15,2817.954447
193,18,2740.380449
193,20,2729.488245
194,5,6342.736298
194,6,4064.595756
194,7,3515.107397
194,10,3204.291018
194,13,3028.339782
194,14,2855.965209
194,15,2817.954447
194,18,2740.380449
194,20,2729.488245
195,5,6342.736298
195,6,4064.595756
195,7,3431.358580
195,10,3204.291018
195,13,3028.339782
195,14,2855.965209
195,15,2817.954447
195,16,2713.871421
196,5,6342.736298
196,6,4064.595756
196,7,3431.358580
196,10,3204.291018
196,13,3028.339782
196,14,2855.965209
196,15,2817.954447
196,16,2713.871421
197,5,6342.736298
197,6,4064.595756
197,7,3431.358580
197,10,3204.291018
197,13,3028.339782
197,14,2855.965209
197,15,2817.954447
197,16,2713.871421
198,5,6342.736298
198,6,4064.595756
198,7,3431.358580
198,10,3204.291018
198,13,3028.339782
198,14,2855.965209
198,15,2817.954447
198,16,2713.871421
199,5,6342.736298
199,6,4064.595756
199,7,3431.358580
199,10,3204.291018
199,13,3028.339782
199,14,2855.965209
199,15,2817.954447
199,16,2713.871421
200,5,6342.736298
200,6,4064.595756
200,7,3431.358580
200,10,3174.917581
200,13,3028.339782
200,14,2855.965209
200,15,2817.954447
200,16,2713.871421
201,5,6342.736298
201,6,4064.595756
201,7,3431.358580
201,10,3174.917581
201,13,3028.339782
201,14,2855.965209
201,15,2817.954447
201,16,2713.871421
202,5,6342.736298
202,6,4064.595756
202,7,3431.358580
202,10,3174.917581
202,13,3028.339782
202,14,2855.965209
202,15,2817.954447
202,16,2713.871421
203,5,6342.736298
203,6,4064.595756
203,7,3431.358580
203,10,3174.917581
203,13,3028.339782
203,14,2855.965209
203,15,2817.954447
203,16,2713.871421
204,5,6342.736298
204,6,4064.595756
204,7,3431.358580
204,10,3174.917581
204,13,3028.339782
204,14,2855.965209
204,15,2817.954447
204,16,2713.871421
205,5,6342.736298
205,6,4064.595756
205,7,3431.358580
205,10,3174.917581
205,13,3028.339782
205,14,2855.965209
205,15,2817.954447
205,16,2713.871421
206,5,6342.736298
206,6,4064.595756
206,7,3431.358580
206,10,3174.917581
206,13,3028.339782
206,14,2855.965209
206,15,2817.954447
206,16,2713.871421
207,5,6342.736298
207,6,4064.595756
207,7,3431.358580
207,10,3174.917581
207,13,3028.339782
207,14,2855.965209
207,15,2817.954447
207,16,2713.871421
208,5,6342.736298
208,6,4064.595756
208,7,3431.358580
208,10,3174.917581
208,13,3028.339782
208,14,2855.965209
208,15,2817.954447
208,16,2713.871421
209,5,6342.736298
209,6,4064.595756
209,7,3431.358580
209,10,3174.917581
209,12,3152.242434
209,13,3028.339782
209,14,2853.163831
209,15,2817.954447
209,16,2713.871421
210,5,6342.736298
210,6,4064.595756
210,7,3431.358580
210,10,3174.917581
210,12,3152.242434
210,13,3028.339782
210,14,2853.163831
210,15,2817.954447
210,16,2713.871421
211,5,6342.736298
211,6,4064.595756
211,7,3431.358580
211,10,3174.917581
211,12,3152.242434
211,13,3028.339782
211,14,2853.163831
211,15,2817.954447
211,16,2713.871421
212,5,6342.736298
212,6,4064.595756
212,7,3431.358580
212,10,3174.917581
212,12,3152.242434
212,13,3028.339782
212,14,2853.163831
212,15,2817.954447
212,16,2713.871421
213,5,6342.736298
213,6,4064.595756
213,7,3431.358580
213,9,3393.893921
213,10,3174.917581
213,12,3152.242434
213,13,3028.339782
213,14,2853.163831
213,15,2817.954447
213,16,2713.871421
214,5,6342.736298
214,6,4064.595756
214,7,3431.358580
214,9,3393.893921
214,10,3174.917581
214,12,3152.242434
214,13,3028.339782
214,14,2853.163831
214,15,2817.954447
214,16,2713.871421
215,5,6342.736298
215,6,3909.279517
215,7,3431.358580
215,9,3393.893921
215,10,3174.917581
215,12,3152.242434
215,13,3028.339782
215,14,2853.163831
215,15,2817.954447
215,16,2713.871421
216,5,6342.736298
216,6,3909.279517
216,7,3431.358580
216,9,3393.893921
216,10,3174.917581
216,12,3152.242434
216,13,3028.339782
216,14,2853.163831
216,15,2817.954447
216,16,2713.871421
217,5,6198.933617
217,6,3909.279517
217,7,3431.358580
217,9,3393.893921
217,10,3174.917581
217,12,3152.242434
217,13,3028.339782
217,14,2853.163831
217,15,2817.954447
217,16,2713.871421
218,5,6198.933617
218,6,3909.279517
218,7,3431.358580
218,9,3393.893921
218,10,3174.917581
218,12,3152.242434
218,13,3028.339782
218,14,2853.163831
218,15,2817.954447
218,16,2713.871421
219,5,6198.933617
219,6,3909.279517
219,7,3431.358580
219,9,3393.893921
219,10,3174.917581
219,12,3152.242434
219,13,3028.339782
219,14,2853.163831
219,15,2817.954447
219,16,2713.871421
220,5,6198.933617
220,6,3898.476420
220,7,3431.358580
220,9,3393.893921
220,10,3174.917581
220,12,3152.242434
220,13,3028.339782
220,14,2853.163831
220,15,2817.954447
220,16,2713.871421
221,5,6198.933617
221,6,3898.476420
221,7,3431.358580
221,9,3393.893921
221,10,3174.917581
221,12,3152.242434
221,13,3028.339782
221,14,2853.163831
221,15,2817.954447
221,16,2713.871421
222,5,6198.933617
222,6,3898.476420
222,7,3431.358580
222,9,3393.893921
222,10,3174.917581
222,12,3152.242434
222,13,3028.339782
222,14,2853.163831
222,15,2817.954447
222,16,2713.871421
223,5,6198.933617
223,6,3898.476420
223,7,3431.358580
223,9,3393.893921
223,10,3174.917581
223,12,3100.759153
223,13,3028.339782
223,14,2853.163831
223,15,2817.954447
223,16,2713.871421
224,5,6017.320002
224,6,3898.476420
224,7,3431.358580
224,9,3393.893921
224,10,3174.917581
224,12,3100.759153
224,13,3028.339782
224,14,2853.163831
224,15,2817.954447
224,16,2713.871421
225,5,5752.314905
225,6,3898.476420
225,7,3431.358580
225,9,3393.893921
225,10,3174.917581
225,12,3100.759153
225,13,3028.339782
225,14,2853.163831
225,15,2817.954447
225,16,2713.871421
226,5,5752.314905
226,6,3898.476420
226,7,3431.358580
226,9,3393.893921
226,10,3174.917581
226,12,3100.759153
226,13,3028.339782
226,14,2853.163831
226,15,2817.954447
226,16,2713.871421
227,5,5752.314905
227,6,3898.476420
227,7,3431.358580
227,9,3216.646325
227,10,3174.917581
227,12,3100.759153
227,13,3028.339782
227,14,2853.163831
227,15,2817.954447
227,16,2713.871421
228,5,5752.314905
228,6,3898.476420
228,7,3431.358580
228,9,3216.646325
228,10,3174.917581
228,12,3100.759153
228,13,2962.669411
228,14,2853.163831
228,15,2817.954447
228,16,2713.871421
229,5,5752.314905
229,6,3898.476420
229,7,3431.358580
229,9,3216.646325
229,10,3174.917581
229,12,3100.759153
229,13,2962.669411
229,14,2853.163831
229,15,2817.954447
229,16,2713.871421
230,5,5398.065088
230,6,3897.750054
230,7,3431.358580
230,9,3216.646325
230,10,3174.917581
230,12,3100.759153
230,13,2962.669411
230,14,2853.163831
230,15,2817.954447
230,16,2713.871421
231,5,5398.065088
231,6,3897.750054
231,7,3431.358580
231,9,3216.646325
231,10,3174.917581
231,12,3100.759153
231,13,2962.669411
231,14,2853.163831
231,15,2817.954447
231,16,2713.871421
232,5,5398.065088
232,6,3897.750054
232,7,3431.358580
232,9,3216.646325
232,10,3174.917581
232,12,3100.759153
232,13,2962.669411
232,14,2853.163831
232,15,2817.954447
232,16,2713.871421
233,5,5398.065088
233,6,3897.750054
233,7,3431.358580
233,9,3216.646325
233,10,3174.917581
233,12,3100.759153
233,13,2962.669411
233,14,2853.163831
233,15,2817.954447
233,16,2713.871421
234,5,5398.065088
234,6,3897.750054
234,7,3431.358580
234,9,3216.646325
234,10,3174.917581
234,12,3100.759153
234,13,2962.669411
234,14,2853.163831
234,15,2817.954447
234,16,2713.871421
235,5,5378.544261
235,6,3897.750054
235,7,3431.358580
235,9,3216.646325
235,10,3174.917581
235,12,3100.759153
235,13,2962.669411
235,14,2853.163831
235,15,2817.954447
235,16,2713.871421
236,5,5378.544261
236,6,3897.750054
236,7,3431.358580
236,9,3175.395311
236,10,3174.917581
236,12,3100.759153
236,13,2962.669411
236,14,2853.163831
236,15,2817.954447
236,16,2713.871421
237,5,5378.544261
237,6,3897.750054
237,7,3431.358580
237,9,3175.395311
237,10,3174.917581
237,12,3100.759153
237,13,2962.669411
237,14,2853.163831
237,15,2817.954447
237,16,2713.871421
238,5,5378.544261
238,6,3897.750054
238,7,3431.358580
238,9,3175.395311
238,10,3174.917581
238,12,3100.759153
238,13,2962.669411
238,14,2853.163831
238,15,2817.954447
238,16,2713.871421
239,5,5378.544261
239,6,3897.750054
239,7,3431.358580
239,9,3175.395311
239,10,3174.917581
239,12,3100.759153
239,13,2962.669411
239,14,2853.163831
239,15,2817.954447
239,16,2713.871421
240,5,5378.544261
240,6,3897.750054
240,7,3431.358580
240,9,3175.395311
240,10,3174.917581
240,12,3100.759153
240,13,2962.669411
240,14,2853.163831
240,15,2817.954447
240,16,2713.871421
241,5,5378.544261
241,6,3897.750054
241,7,3431.358580
241,9,3175.395311
241,10,3174.917581
241,12,3100.759153
241,13,2962.669411
241,14,2853.163831
241,15,2817.954447
241,16,2713.871421
242,5,5378.544261
242,6,3897.750054
242,7,3431.358580
242,9,3175.395311
242,10,3174.917581
242,12,3100.759153
242,13,2962.669411
242,14,2853.163831
242,15,2817.954447
242,16,2713.871421
243,5,5378.544261
243,6,3897.750054
243,7,3374.674948
243,9,3175.395311
243,10,3174.917581
243,12,3100.759153
243,13,2962.669411
243,14,2853.163831
243,15,2817.954447
243,16,2713.871421
244,5,5378.544261
244,6,3897.750054
244,7,3374.674948
244,8,3296.780357
244,9,3175.395311
244,10,3174.917581
244,12,3059.653615
244,13,2962.669411
244,14,2853.163831
244,15,2817.954447
244,16,2713.871421
245,5,5201.963835
245,6,3758.223429
245,7,3230.217107
245,9,3175.395311
245,10,3174.917581
245,12,3059.653615
245,13,2962.669411
245,14,2853.163831
245,15,2817.954447
245,16,2713.871421
246,5,5201.963835
246,6,3758.223429
246,7,3230.217107
246,9,3175.395311
246,10,3174.917581
246,11,3071.789732
246,12,3059.653615
246,13,2962.669411
246,14,2853.163831
246,15,2817.954447
246,16,2713.871421
247,5,5201.963835
247,6,3758.223429
247,7,3230.217107
247,9,3175.395311
247,10,3174.917581
247,11,3071.789732
247,12,3059.653615
247,13,2962.669411
247,14,2853.163831
247,15,2817.954447
247,16,2713.871421
248,5,5201.963835
248,6,3758.223429
248,7,3230.217107
248,9,3175.395311
248,10,3174.917581
248,11,3071.789732
248,12,3059.653615
248,13,2962.669411
248,14,2853.163831
248,15,2817.954447
248,16,2713.871421
249,5,5201.963835
249,6,3758.223429
249,7,3230.217107
249,9,3175.395311
249,10,3174.917581
249,11,3071.789732
249,12,3059.653615
249,13,2962.669411
249,14,2853.163831
249,15,2817.954447
249,16,2713.871421
250,5,5201.963835
250,6,3747.066428
250,7,3230.217107
250,9,3175.395311
250,10,3174.917581
250,11,3071.789732
250,12,3059.653615
250,13,2962.669411
250,14,2853.163831
250,15,2817.954447
250,16,2713.871421
251,5,5201.963835
251,6,3747.066428
251,7,3230.217107
251,9,3175.395311
251,10,3174.917581
251,11,3071.789732
251,12,3059.653615
251,13,2962.669411
251,14,2853.163831
251,15,2817.954447
251,16,2713.871421
252,5,5201.963835
252,6,3747.066428
252,7,3230.217107
252,8,3227.508539
252,9,3175.395311
252,10,3174.917581
252,11,3071.789732
252,12,3059.653615
252,13,2962.669411
252,14,2853.163831
252,15,2817.954447
252,16,2713.871421
253,5,5201.963835
253,6,3747.066428
253,7,3230.217107
253,8,3227.508539
253,9,3175.395311
253,10,3174.917581
253,11,3071.789732
253,12,2973.170549
253,13,2962.669411
253,14,2853.163831
253,15,2817.954447
253,16,2713.871421
254,5,5201.963835
254,6,3747.066428
254,7,3230.217107
254,8,3227.508539
254,9,3175.395311
254,10,3174.917581
254,11,3071.789732
254,12,2973.170549
254,13,2962.669411
254,14,2853.163831
254,15,2817.954447
254,16,2713.871421
255,5,5023.369401
255,6,3487.601544
255,7,3187.216262
255,8,3180.956397
255,9,3175.395311
255,10,3174.917581
255,11,3071.789732
255,12,2973.170549
255,13,2962.669411
255,14,2853.163831
255,15,2817.954447
255,16,2713.005188
256,5,5023.369401
256,6,3487.601544
256,7,3187.216262
256,8,3180.956397
256,9,3175.395311
256,10,3174.917581
256,11,3071.789732
256,12,2973.170549
256,13,2962.669411
256,14,2853.163831
256,15,2817.954447
256,16,2713.005188
257,5,5023.369401
257,6,3487.601544
257,7,3187.216262
257,8,3180.956397
257,9,3175.395311
257,10,3174.917581
257,11,3071.789732
257,12,2973.170549
257,13,2962.669411
257,14,2853.163831
257,15,2817.954447
257,16,2713.005188
258,5,5023.369401
258,6,3487.601544
258,7,3187.216262
258,8,3180.956397
258,9,3175.395311
258,10,3174.917581
258,11,3071.789732
258,12,2973.170549
258,13,2962.669411
258,14,2853.163831
258,15,2817.954447
258,16,2713.005188
259,5,5023.369401
259,6,3487.601544
259,7,3187.216262
259,8,3180.956397
259,9,3175.395311
259,10,3174.917581
259,11,3071.789732
259,12,2973.170549
259,13,2962.669411
259,14,2853.163831
259,15,2817.954447
259,16,2713.005188
260,5,4583.616253
260,6,3365.204969
260,7,3187.216262
260,8,3074.690752
260,11,3071.789732
260,12,2973.170549
260,13,2892.473894
260,14,2853.163831
260,15,2817.954447
260,16,2713.005188
261,5,4583.616253
261,6,3365.204969
261,7,3187.216262
261,8,3074.690752
261,11,3071.789732
261,12,2973.170549
261,13,2892.473894
261,14,2853.163831
261,15,2817.954447
261,16,2713.005188
262,5,4583.616253
262,6,3365.204969
262,7,3187.216262
262,8,3074.690752
262,11,3071.789732
262,12,2973.170549
262,13,2892.473894
262,14,2853.163831
262,15,2817.954447
262,16,2713.005188
263,5,4583.616253
263,6,3365.204969
263,7,3187.216262
263,8,3074.690752
263,11,3071.789732
263,12,2973.170549
263,13,2892.473894
263,14,2853.163831
263,15,2817.954447
263,16,2713.005188
264,5,4583.616253
264,6,3365.204969
264,7,3187.216262
264,8,3074.690752
264,11,3071.789732
264,12,2973.170549
264,13,2892.473894
264,14,2853.163831
264,15,2817.954447
264,16,2713.005188
265,5,4567.112230
265,6,3160.674415
265,8,3074.690752
265,11,3071.789732
265,12,2973.170549
265,13,2892.473894
265,14,2853.163831
265,15,2817.954447
265,16,2713.005188
266,5,4567.112230
266,6,3160.674415
266,8,3074.690752
266,11,3071.789732
266,12,2973.170549
266,13,2892.473894
266,14,2853.163831
266,15,2817.954447
266,16,2713.005188
267,5,4567.112230
267,6,3160.674415
267,8,3074.690752
267,11,3071.789732
267,12,2973.170549
267,13,2892.473894
267,14,2853.163831
267,15,2817.954447
267,16,2713.005188
268,5,4567.112230
268,6,3160.674415
268,8,3074.690752
268,11,3071.789732
268,12,2973.170549
268,13,2892.473894
268,14,2853.163831
268,15,2817.954447
268,16,2713.005188
269,5,4567.112230
269,6,3160.674415
269,8,3074.690752
269,11,2982.957552
269,12,2973.170549
269,13,2892.473894
269,14,2853.163831
269,15,2817.954447
269,16,2713.005188
270,5,4567.112230
270,6,3147.009427
270,8,3074.690752
270,11,2982.957552
270,12,2973.170549
270,13,2892.473894
270,14,2853.163831
270,15,2817.954447
270,16,2713.005188
271,5,4567.112230
271,6,3147.009427
271,8,3074.690752
271,11,2982.957552
271,12,2973.170549
271,13,2892.473894
271,14,2853.163831
271,15,2817.954447
271,16,2713.005188
272,5,4567.112230
272,6,3147.009427
272,8,3074.690752
272,11,2982.957552
272,12,2973.170549
272,13,2892.473894
272,14,2853.163831
272,15,2817.954447
272,16,2713.005188
273,5,4567.112230
273,6,3147.009427
273,8,3074.690752
273,11,2982.957552
273,12,2973.170549
273,13,2892.473894
273,14,2853.163831
273,15,2817.954447
273,16,2713.005188
274,5,4567.112230
274,6,3147.009427
274,8,3074.690752
274,11,2982.957552
274,12,2973.170549
274,13,2892.473894
274,14,2853.163831
274,15,2817.954447
274,16,2713.005188
275,5,4551.091868
275,6,3147.009427
275,8,3074.690752
275,11,2982.957552
275,12,2970.944268
275,13,2892.473894
275,14,2853.163831
275,15,2817.954447
275,16,2664.317477
276,5,4551.091868
276,6,3147.009427
276,8,3074.690752
276,11,2982.957552
276,12,2970.944268
276,13,2892.473894
276,14,2853.163831
276,15,2817.954447
276,16,2664.317477
277,5,4551.091868
277,6,3147.009427
277,8,3074.690752
277,11,2982.957552
277,12,2970.944268
277,13,2892.473894
277,14,2853.163831
277,15,2816.582702
277,16,2664.317477
278,5,4551.091868
278,6,3147.009427
278,8,3074.690752
278,11,2982.957552
278,12,2970.944268
278,13,2892.473894
278,14,2853.163831
278,15,2816.582702
278,16,2664.317477
279,5,4551.091868
279,6,3147.009427
279,8,3074.690752
279,11,2982.957552
279,12,2970.944268
279,13,2892.473894
279,14,2853.163831
279,15,2816.582702
279,16,2664.317477
280,5,4354.139685
280,6,3144.718673
280,8,3074.690752
280,11,2975.011896
280,12,2970.944268
280,13,2892.473894
280,14,2853.163831
280,15,2816.582702
280,16,2664.317477
281,5,4354.139685
281,6,3144.718673
281,8,3074.690752
281,11,2975.011896
281,12,2970.944268
281,13,2892.473894
281,14,2853.163831
281,15,2816.582702
281,16,2664.317477
282,5,4354.139685
282,6,3144.718673
282,8,3074.690752
282,11,2975.011896
282,12,2970.944268
282,13,2892.473894
282,14,2853.163831
282,15,2816.582702
282,16,2664.317477
283,5,4354.139685
283,6,3144.718673
283,8,3074.690752
283,11,2975.011896
283,12,2970.944268
283,13,2892.473894
283,14,2853.163831
283,15,2816.582702
283,16,2664.317477
284,5,4354.139685
284,6,3144.718673
284,8,3074.690752
284,11,2975.011896
284,12,2970.944268
284,13,2892.473894
284,14,2853.163831
284,15,2816.582702
284,16,2664.317477
285,5,4317.270975
285,6,3144.718673
285,8,3074.690752
285,11,2975.011896
285,12,2970.944268
285,13,2892.473894
285,14,2853.163831
285,15,2816.582702
285,16,2664.317477
286,5,4317.270975
286,6,3144.718673
286,8,3074.690752
286,11,2975.011896
286,12,2970.944268
286,13,2892.473894
286,14,2853.163831
286,15,2816.582702
286,16,2664.317477
287,5,4317.270975
287,6,3144.718673
287,8,3074.690752
287,11,2975.011896
287,12,2970.944268
287,13,2892.473894
287,14,2853.163831
287,15,2816.582702
287,16,2664.317477
288,5,4317.270975
288,6,3144.718673
288,8,3074.690752
288,11,2975.011896
288,12,2970.944268
288,13,2885.567242
288,14,2853.163831
288,15,2816.582702
288,16,2664.317477
289,5,4317.270975
289,6,3144.718673
289,8,3074.690752
289,11,2975.011896
289,12,2970.944268
289,13,2885.567242
289,14,2853.163831
289,15,2816.582702
289,16,2664.317477
290,5,4288.478793
290,6,3106.514209
290,8,3074.690752
290,11,2975.011896
290,12,2970.944268
290,13,2885.567242
290,14,2853.163831
290,15,2816.582702
290,16,2664.317477
291,5,4288.478793
291,6,3106.514209
291,8,3074.690752
291,11,2975.011896
291,12,2970.944268
291,13,2885.567242
291,14,2853.163831
291,15,2816.582702
291,16,2664.317477
292,5,4288.478793
292,6,3106.514209
292,8,3074.690752
292,11,2975.011896
292,12,2970.944268
292,13,2885.567242
292,14,2853.163831
292,15,2816.582702
292,16,2664.317477
293,5,4288.478793
293,6,3106.514209
293,8,3074.690752
293,11,2975.011896
293,12,2970.944268
293,13,2885.567242
293,14,2853.163831
293,15,2816.582702
293,16,2664.317477
294,5,4288.478793
294,6,3106.514209
294,8,3074.690752
294,11,2975.011896
294,12,2970.944268
294,13,2885.567242
294,14,2853.163831
294,15,2816.582702
294,16,2664.317477
295,5,4241.828788
295,6,3059.910443
295,11,2975.011896
295,12,2970.944268
295,13,2885.567242
295,14,2853.163831
295,15,2816.582702
295,16,2664.317477
296,5,4241.828788
296,6,3059.910443
296,11,2975.011896
296,12,2970.944268
296,13,2885.567242
296,14,2853.163831
296,15,2816.582702
296,16,2664.317477
297,5,4241.828788
297,6,3059.910443
297,11,2975.011896
297,12,2970.944268
297,13,2885.567242
297,14,2853.163831
297,15,2816.582702
297,16,2664.317477
298,5,4241.828788
298,6,3059.910443
298,11,2975.011896
298,12,2970.944268
298,13,2885.567242
298,14,2853.163831
298,15,2816.582702
298,16,2664.317477
299,5,4241.828788
299,6,3059.910443
299,11,2975.011896
299,12,2970.944268
299,13,2885.567242
299,14,2853.163831
299,15,2816.582702
299,16,2664.317477
300,5,4002.459012
300,6,3059.910443
300,11,2975.011896
300,12,2970.944268
300,13,2885.567242
300,14,2853.163831
300,15,2816.582702
300,16,2664.317477
301,5,4002.459012
301,6,3059.910443
301,11,2975.011896
301,12,2970.944268
301,13,2885.567242
301,14,2853.163831
301,15,2816.582702
301,16,2664.317477
302,5,4002.459012
302,6,3059.910443
302,11,2975.011896
302,12,2970.944268
302,13,2885.567242
302,14,2850.475372
302,15,2816.582702
302,16,2664.317477
303,5,4002.459012
303,6,3059.910443
303,11,2975.011896
303,12,2970.944268
303,13,2885.567242
303,14,2850.475372
303,15,2816.582702
303,16,2664.317477
304,5,4002.459012
304,6,3059.910443
304,11,2975.011896
304,12,2970.944268
304,13,2885.567242
304,14,2850.475372
304,15,2816.582702
304,16,2664.317477
305,5,3998.809436
305,6,3059.910443
305,11,2975.011896
305,12,2970.944268
305,13,2885.567242
305,14,2850.475372
305,15,2816.582702
305,16,2664.317477
306,5,3998.809436
306,6,3059.910443
306,11,2975.011896
306,12,2970.944268
306,13,2885.567242
306,14,2850.475372
306,15,2816.582702
306,16,2664.317477
307,5,3998.809436
307,6,3059.910443
307,7,3014.616626
307,11,2975.011896
307,12,2970.944268
307,13,2885.567242
307,14,2850.475372
307,15,2816.582702
307,16,2664.317477
308,5,3998.809436
308,6,3059.910443
308,7,3014.616626
308,11,2975.011896
308,12,2970.944268
308,13,2885.567242
308,14,2850.475372
308,15,2816.582702
308,16,2664.317477
309,5,3998.809436
309,6,3059.910443
309,7,3014.616626
309,11,2975.011896
309,12,2970.944268
309,13,2885.567242
309,14,2850.475372
309,15,2816.582702
309,16,2664.317477
310,5,3992.907531
310,6,3059.910443
310,7,2994.899169
310,11,2975.011896
310,12,2970.944268
310,13,2885.567242
310,14,2850.475372
310,15,2816.582702
310,16,2664.317477
311,5,3992.907531
311,6,3059.910443
311,7,2994.899169
311,11,2975.011896
311,12,2970.944268
311,13,2885.567242
311,14,2850.475372
311,15,2816.582702
311,16,2664.317477
312,5,3992.907531
312,6,3059.910443
312,7,2994.899169
312,11,2975.011896
312,12,2970.944268
312,13,2885.567242
312,14,2850.475372
312,15,2816.582702
312,16,2664.317477
313,5,3992.907531
313,6,3059.910443
313,7,2994.899169
313,11,2975.011896
313,12,2970.944268
313,13,2885.567242
313,14,2850.475372
313,15,2816.582702
313,16,2664.317477
314,5,3992.907531
314,6,3059.910443
314,7,2994.899169
314,11,2975.011896
314,12,2970.944268
314,13,2885.567242
314,14,2850.475372
314,15,2816.582702
314,16,2664.317477
315,5,3867.118693
315,6,3024.104341
315,7,2994.899169
315,11,2965.405997
315,13,2885.567242
315,14,2850.475372
315,15,2816.582702
315,16,2664.317477
316,5,3867.118693
316,6,3024.104341
316,7,2994.899169
316,11,2965.405997
316,13,2885.567242
316,14,2850.475372
316,15,2816.582702
316,16,2664.317477
317,5,3867.118693
317,6,3024.104341
317,7,2994.899169
317,11,2965.405997
317,13,2885.567242
317,14,2850.475372
317,15,2816.582702
317,16,2664.317477
318,5,3867.118693
318,6,3024.104341
318,7,2994.899169
318,11,2965.405997
318,13,2885.567242
318,14,2850.475372
318,15,2816.582702
318,16,2664.317477
319,5,3867.118693
319,6,3024.104341
319,7,2994.899169
319,11,2965.405997
319,13,2885.567242
319,14,2850.475372
319,15,2815.877318
319,16,2664.317477
320,5,3815.635638
320,6,3024.104341
320,7,2909.234263
320,13,2885.567242
320,14,2850.475372
320,15,2815.877318
320,16,2648.271737
321,5,3815.635638
321,6,3024.104341
321,7,2909.234263
321,13,2885.567242
321,14,2850.475372
321,15,2815.877318
321,16,2648.271737
322,5,3815.635638
322,6,3024.104341
322,7,2909.234263
322,13,2885.567242
322,14,2850.475372
322,15,2815.877318
322,16,2648.271737
323,5,3815.635638
323,6,3024.104341
323,7,2909.234263
323,13,2885.567242
323,14,2850.475372
323,15,2815.877318
323,16,2648.271737
324,5,3815.635638
324,6,3024.104341
324,7,2909.234263
324,13,2885.567242
324,14,2850.475372
324,15,2815.877318
324,16,2648.271737
325,5,3614.953200
325,6,3024.104341
325,7,2909.234263
325,13,2885.567242
325,14,2850.475372
325,15,2815.877318
325,16,2648.271737
326,5,3614.953200
326,6,3024.104341
326,7,2909.234263
326,13,2885.567242
326,14,2850.475372
326,15,2815.877318
326,16,2648.271737
327,5,3614.953200
327,6,3024.104341
327,7,2909.234263
327,13,2885.567242
327,14,2850.475372
327,15,2815.877318
327,16,2648.271737
