Iteration,NV,TOC
1,8,7554.889179
1,9,4825.277113
1,11,3540.142408
1,13,3336.262331
1,15,3121.088990
1,16,2924.293237
1,17,2892.955681
1,18,2723.955366
1,22,2636.273515
1,26,2626.434040
2,8,7554.889179
2,9,4825.277113
2,11,3540.142408
2,13,3336.262331
2,15,3121.088990
2,16,2924.293237
2,17,2892.955681
2,18,2723.955366
2,22,2636.273515
2,26,2626.434040
3,8,7554.889179
3,9,4825.277113
3,11,3540.142408
3,13,3336.262331
3,15,3121.088990
3,16,2924.293237
3,17,2892.955681
3,18,2723.955366
3,22,2636.273515
3,26,2626.434040
4,8,7554.889179
4,9,4825.277113
4,10,4582.258480
4,11,3540.142408
4,13,3336.262331
4,15,3121.088990
4,16,2924.293237
4,17,2892.955681
4,18,2723.955366
4,22,2636.273515
4,26,2626.434040
5,8,7554.889179
5,9,4825.277113
5,10,4582.258480
5,11,3540.142408
5,13,3336.262331
5,14,3032.825877
5,16,2924.293237
5,17,2892.955681
5,18,2723.955366
5,22,2636.273515
5,26,2626.434040
6,8,7554.889179
6,9,4825.277113
6,10,4582.258480
6,11,3540.142408
6,12,3534.256944
6,13,3336.262331
6,14,3032.825877
6,16,2924.293237
6,17,2854.067644
6,18,2723.955366
6,22,2636.273515
6,26,2626.434040
7,8,6450.465190
7,9,4825.277113
7,10,4582.258480
7,11,3540.142408
7,12,3534.256944
7,13,3336.262331
7,14,3032.825877
7,16,2924.293237
7,17,2854.067644
7,18,2723.955366
7,22,2636.273515
7,26,2626.434040
7,34,2616.380051
8,8,6450.465190
8,9,4825.277113
8,10,4582.258480
8,11,3540.142408
8,12,3534.256944
8,13,3336.262331
8,14,3032.825877
8,16,2924.293237
8,17,2854.067644
8,18,2723.955366
8,22,2636.273515
8,26,2626.434040
8,34,2616.380051
9,8,6450.465190
9,9,4825.277113
9,10,4582.258480
9,11,3540.142408
9,12,3534.256944
9,13,3336.262331
9,14,3032.825877
9,16,2924.293237
9,17,2854.067644
9,18,2723.955366
9,22,2636.273515
9,26,2626.434040
9,34,2616.380051
9,35,2595.553092
10,8,6249.856736
10,9,4825.277113
10,10,4582.258480
10,11,3540.142408
10,12,3534.256944
10,13,3336.262331
10,14,3032.825877
10,16,2924.293237
10,17,2854.067644
10,18,2723.955366
10,22,2636.273515
10,26,2626.434040
10,30,2554.063138
11,8,6249.856736
11,9,4825.277113
11,10,4582.258480
11,11,3540.142408
11,12,3534.256944
11,13,3336.262331
11,14,3032.825877
11,16,2924.293237
11,17,2854.067644
11,18,2723.955366
11,22,2636.273515
11,26,2626.434040
11,30,2554.063138
12,8,6249.856736
12,9,4825.277113
12,10,4582.258480
12,11,3540.142408
12,12,3534.256944
12,13,3336.262331
12,14,3032.825877
12,16,2924.293237
12,17,2687.688708
12,22,2636.273515
12,26,2626.434040
12,30,2554.063138
13,8,6249.856736
13,9,4825.277113
13,10,4582.258480
13,11,3540.142408
13,12,3534.256944
13,13,3321.626370
13,14,3032.825877
13,16,2924.293237
13,17,2687.688708
13,22,2636.273515
13,26,2626.434040
13,30,2554.063138
14,8,6249.856736
14,9,4825.277113
14,10,4582.258480
14,11,3540.142408
14,12,3534.256944
14,13,3321.626370
14,14,3032.825877
14,16,2924.293237
14,17,2687.688708
14,22,2636.273515
14,25,2610.125273
14,28,2558.319643
14,30,2554.063138
15,8,6249.856736
15,9,4825.277113
15,10,4582.258480
15,11,3540.142408
15,12,3534.256944
15,13,3321.626370
15,14,3032.825877
15,16,2924.293237
15,17,2687.688708
15,22,2636.273515
15,25,2610.125273
15,28,2558.319643
15,30,2554.063138
16,8,6249.856736
16,9,4825.277113
16,10,4441.738264
16,11,3540.142408
16,12,3519.157645
16,13,3321.626370
16,14,3032.825877
16,16,2924.293237
16,17,2687.688708
16,22,2636.273515
16,25,2610.125273
16,27,2563.802526
16,28,2558.319643
16,30,2554.063138
17,8,5697.043872
17,9,4825.277113
17,10,4441.738264
17,11,3540.142408
17,12,3519.157645
17,13,3321.626370
17,14,3032.825877
17,16,2924.293237
17,17,2687.688708
17,22,2636.273515
17,25,2598.661484
17,27,2563.802526
17,28,2558.319643
17,30,2554.063138
18,8,5697.043872
18,9,4825.277113
18,10,4441.738264
18,11,3540.142408
18,12,3478.794632
18,13,3321.626370
18,14,3032.825877
18,16,2924.293237
18,17,2687.688708
18,22,2636.273515
18,25,2598.661484
18,27,2563.802526
18,28,2558.319643
18,30,2554.063138
19,8,5697.043872
19,9,4825.277113
19,10,4363.035667
19,11,3540.142408
19,12,3478.794632
19,13,3321.626370
19,14,3032.825877
19,16,2924.293237
19,17,2687.688708
19,22,2636.273515
19,25,2598.661484
19,27,2563.802526
19,28,2558.319643
19,30,2554.063138
20,8,5697.043872
20,9,4825.277113
20,10,4363.035667
20,11,3540.142408
20,12,3478.794632
20,13,3321.626370
20,14,3032.825877
20,16,2845.323387
20,17,2687.688708
20,22,2636.273515
20,25,2598.661484
20,27,2563.802526
20,28,2558.319643
20,30,2554.063138
21,8,5697.043872
21,9,4825.277113
21,10,4363.035667
21,11,3540.142408
21,12,3478.794632
21,13,3321.626370
21,14,3032.825877
21,15,3028.059853
21,16,2845.323387
21,17,2687.688708
21,22,2636.273515
21,25,2598.661484
21,27,2563.802526
21,28,2558.319643
21,30,2554.063138
22,8,5697.043872
22,9,4825.277113
22,10,4363.035667
22,11,3540.142408
22,12,3478.794632
22,13,3321.626370
22,14,3032.825877
22,15,3028.059853
22,16,2845.323387
22,17,2687.688708
22,22,2636.273515
22,25,2598.661484
22,27,2563.802526
22,28,2558.319643
22,29,2557.692042
22,30,2554.063138
23,8,5697.043872
23,9,4825.277113
23,10,4363.035667
23,11,3540.142408
23,12,3478.794632
23,13,3321.626370
23,14,3032.825877
23,15,3028.059853
23,16,2845.323387
23,17,2687.688708
23,22,2636.273515
23,25,2598.661484
23,26,2570.122143
23,27,2563.802526
23,28,2554.601898
23,30,2554.063138
24,8,5697.043872
24,9,4825.277113
24,10,4155.931016
24,11,3540.142408
24,12,3478.794632
24,13,3321.626370
24,14,3032.825877
24,15,3028.059853
24,16,2845.323387
24,17,2687.688708
24,21,2505.877295
25,8,5697.043872
25,9,4825.277113
25,10,4155.931016
25,11,3540.142408
25,12,3478.794632
25,13,3321.626370
25,14,3032.825877
25,15,3028.059853
25,16,2845.323387
25,17,2687.688708
25,21,2505.877295
26,8,5697.043872
26,9,4825.277113
26,10,4155.931016
26,11,3540.142408
26,12,3478.794632
26,13,3321.626370
26,14,3032.825877
26,15,3028.059853
26,16,2845.323387
26,17,2687.688708
26,21,2505.877295
26,28,2492.107166
27,8,5697.043872
27,9,4825.277113
27,10,4155.931016
27,11,3540.142408
27,12,3478.794632
27,13,3321.626370
27,14,3032.825877
27,15,3028.059853
27,16,2845.323387
27,17,2687.688708
27,21,2505.877295
27,28,2492.107166
28,8,5697.043872
28,9,4825.277113
28,10,4105.766458
28,11,3540.142408
28,12,3376.991171
28,13,3321.626370
28,14,3032.825877
28,15,2961.912185
28,16,2845.323387
28,17,2687.688708
28,21,2505.877295
28,28,2492.107166
29,7,8163.794188
29,8,5697.043872
29,9,4825.277113
29,10,4105.766458
29,11,3540.142408
29,12,3376.991171
29,13,3321.626370
29,14,3032.825877
29,15,2961.912185
29,16,2845.323387
29,17,2687.688708
29,21,2505.877295
29,28,2492.107166
30,7,8163.794188
30,8,5697.043872
30,9,4825.277113
30,10,4105.766458
30,11,3540.142408
30,12,3376.991171
30,13,3321.626370
30,14,3032.825877
30,15,2961.912185
30,16,2845.323387
30,17,2687.688708
30,21,2505.877295
30,28,2492.107166
31,7,8163.794188
31,8,5697.043872
31,9,4825.277113
31,10,4105.766458
31,11,3540.142408
31,12,3376.991171
31,13,3321.626370
31,14,3032.825877
31,15,2961.912185
31,16,2845.323387
31,17,2687.688708
31,21,2505.877295
31,28,2492.107166
32,7,7621.824853
32,8,5697.043872
32,9,4825.277113
32,10,4105.766458
32,11,3540.142408
32,12,3376.991171
32,13,3321.626370
32,14,3032.479183
32,15,2961.912185
32,16,2845.323387
32,17,2687.688708
32,21,2505.877295
32,25,2460.582515
33,7,7621.824853
33,8,5697.043872
33,9,4825.277113
33,10,4105.766458
33,11,3497.502112
33,12,3376.991171
33,13,3266.236916
33,14,3032.479183
33,15,2961.912185
33,16,2845.323387
33,17,2687.688708
33,21,2505.877295
33,25,2460.582515
34,7,7621.824853
34,8,5697.043872
34,9,4825.277113
34,10,4105.766458
34,11,3497.502112
34,12,3376.991171
34,13,3266.236916
34,14,3032.479183
34,15,2961.912185
34,16,2845.323387
34,17,2687.688708
34,20,2678.198139
34,21,2505.877295
34,25,2460.582515
35,7,7621.824853
35,8,5697.043872
35,9,4756.769378
35,10,4105.766458
35,11,3497.502112
35,12,3376.991171
35,13,3266.236916
35,14,3032.479183
35,15,2961.912185
35,16,2845.323387
35,17,2687.688708
35,20,2678.198139
35,21,2505.877295
35,25,2460.582515
36,7,7621.824853
36,8,5278.368180
36,9,4756.769378
36,10,4105.766458
36,11,3497.502112
36,12,3376.991171
36,13,3266.236916
36,14,3032.479183
36,15,2961.912185
36,16,2845.323387
36,17,2687.688708
36,20,2678.198139
36,21,2505.877295
36,25,2460.582515
37,7,7621.824853
37,8,5278.368180
37,9,4496.685935
37,10,4105.766458
37,11,3497.502112
37,12,3376.991171
37,13,3266.236916
37,14,3032.479183
37,15,2932.084174
37,16,2662.786378
37,21,2505.877295
37,25,2460.582515
38,7,7621.824853
38,8,5278.368180
38,9,4496.685935
38,10,4105.766458
38,11,3497.502112
38,12,3376.991171
38,13,3266.236916
38,14,3032.479183
38,15,2932.084174
38,16,2662.786378
38,21,2505.877295
38,25,2460.582515
39,7,7621.824853
39,8,5278.368180
39,9,4496.685935
39,10,4105.766458
39,11,3497.502112
39,12,3376.991171
39,13,3266.236916
39,14,3032.479183
39,15,2932.084174
39,16,2662.786378
39,21,2505.877295
39,25,2460.582515
39,36,2454.036085
40,7,7621.824853
40,8,5278.368180
40,9,4496.685935
40,10,4105.766458
40,11,3497.502112
40,12,3376.991171
40,13,3266.236916
40,14,3032.479183
40,15,2932.084174
40,16,2662.786378
40,21,2505.877295
40,25,2460.582515
40,36,2454.036085
41,7,7621.824853
41,8,5278.368180
41,9,4496.685935
41,10,4105.766458
41,11,3497.502112
41,12,3376.991171
41,13,3266.236916
41,14,3032.479183
41,15,2932.084174
41,16,2662.786378
41,18,2640.664332
41,21,2505.877295
41,25,2460.582515
41,36,2454.036085
42,7,7621.824853
42,8,5278.368180
42,9,4496.685935
42,10,4105.766458
42,11,3497.502112
42,12,3376.991171
42,13,3266.236916
42,14,3032.479183
42,15,2932.084174
42,16,2662.786378
42,18,2640.664332
42,21,2505.877295
42,25,2460.582515
42,36,2454.036085
43,7,7621.824853
43,8,5278.368180
43,9,4496.685935
43,10,4105.766458
43,11,3497.502112
43,12,3376.991171
43,13,3266.236916
43,14,3032.479183
43,15,2932.084174
43,16,2662.786378
43,18,2640.664332
43,19,2637.094532
43,21,2505.877295
43,25,2460.582515
43,36,2454.036085
44,7,7621.824853
44,8,5113.313082
44,9,4496.685935
44,10,4105.766458
44,11,3497.502112
44,12,3208.433580
44,13,3055.981652
44,14,3032.479183
44,15,2932.084174
44,16,2552.292325
44,20,2436.259464
45,7,7621.824853
45,8,5113.313082
45,9,4496.685935
45,10,4105.766458
45,11,3497.502112
45,12,3208.433580
45,13,3055.981652
45,14,3032.479183
45,15,2932.084174
45,16,2552.292325
45,20,2436.259464
46,7,7621.824853
46,8,5113.313082
46,9,4496.685935
46,10,4105.766458
46,11,3497.502112
46,12,3208.433580
46,13,3055.981652
46,14,3032.479183
46,15,2908.176978
46,16,2552.292325
46,20,2436.259464
47,7,7621.824853
47,8,5113.313082
47,9,4496.685935
47,10,4105.766458
47,11,3497.502112
47,12,3179.146754
47,13,3055.981652
47,14,3032.479183
47,15,2908.176978
47,16,2552.292325
47,20,2436.259464
48,7,7621.824853
48,8,5113.313082
48,9,4496.685935
48,10,3983.288741
48,11,3497.502112
48,12,3154.847850
48,13,3055.981652
48,14,3032.479183
48,15,2908.176978
48,16,2552.292325
48,20,2436.259464
49,7,6493.194505
49,8,5113.313082
49,9,4342.276782
49,10,3983.288741
49,11,3347.263133
49,12,3154.847850
49,13,3055.981652
49,14,3032.479183
49,15,2908.176978
49,16,2552.292325
49,20,2436.259464
50,7,6493.194505
50,8,5113.313082
50,9,4342.276782
50,10,3983.288741
50,11,3347.263133
50,12,3154.847850
50,13,3055.981652
50,14,3032.479183
50,15,2908.176978
50,16,2552.292325
50,20,2436.259464
51,7,6493.194505
51,8,5113.313082
51,9,4342.276782
51,10,3983.288741
51,11,3347.263133
51,12,3154.847850
51,13,3055.981652
51,14,3032.479183
51,15,2791.544839
51,16,2552.292325
51,20,2436.259464
52,7,6493.194505
52,8,5113.313082
52,9,4342.276782
52,10,3983.288741
52,11,3347.263133
52,12,3154.847850
52,13,3055.981652
52,14,2952.093135
52,15,2791.544839
52,16,2552.292325
52,20,2436.259464
53,7,6493.194505
53,8,5113.313082
53,9,4342.276782
53,10,3983.288741
53,11,3347.263133
53,12,3154.847850
53,13,3055.981652
53,14,2952.093135
53,15,2791.544839
53,16,2552.292325
53,20,2436.259464
54,7,6493.194505
54,8,5113.313082
54,9,4342.276782
54,10,3983.288741
54,11,3347.263133
54,12,3154.847850
54,13,2867.149827
54,14,2809.362028
54,15,2791.544839
54,16,2552.292325
54,20,2436.259464
55,7,6493.194505
55,8,5113.313082
55,9,4342.276782
55,10,3764.710982
55,11,3347.263133
55,12,3154.847850
55,13,2867.149827
55,14,2809.362028
55,15,2791.544839
55,16,2552.292325
55,20,2436.259464
55,27,2417.349465
56,7,6493.194505
56,8,5113.313082
56,9,4342.276782
56,10,3764.710982
56,11,3347.263133
56,12,3154.847850
56,13,2867.149827
56,14,2809.362028
56,15,2770.843610
56,16,2552.292325
56,20,2436.259464
56,27,2417.349465
57,7,6133.180368
57,8,5113.313082
57,9,4342.276782
57,10,3764.710982
57,11,3347.263133
57,12,3154.847850
57,13,2867.149827
57,14,2809.362028
57,15,2770.843610
57,16,2552.292325
57,20,2436.259464
57,27,2417.349465
58,7,6133.180368
58,8,5113.313082
58,9,4342.276782
58,10,3764.710982
58,11,3347.263133
58,12,3154.847850
58,13,2867.149827
58,14,2809.362028
58,15,2713.529023
58,16,2552.292325
58,20,2436.259464
58,27,2417.349465
59,7,6133.180368
59,8,5113.313082
59,9,4342.276782
59,10,3764.710982
59,11,3347.263133
59,12,3110.734652
59,13,2867.149827
59,14,2809.362028
59,15,2594.439208
59,16,2552.292325
59,20,2436.259464
59,27,2417.349465
60,7,6133.180368
60,8,5113.313082
60,9,4342.276782
60,10,3764.710982
60,11,3347.263133
60,12,3110.734652
60,13,2867.149827
60,14,2809.362028
60,15,2594.439208
60,16,2552.292325
60,20,2436.259464
60,27,2417.349465
61,7,6133.180368
61,8,5113.313082
61,9,4342.276782
61,10,3764.710982
61,11,3347.263133
61,12,3110.734652
61,13,2867.149827
61,14,2809.362028
61,15,2594.439208
61,16,2552.292325
61,20,2436.259464
61,27,2417.349465
62,7,6133.180368
62,8,5113.313082
62,9,4342.276782
62,10,3764.710982
62,11,3347.263133
62,12,3110.734652
62,13,2867.149827
62,14,2809.362028
62,15,2594.439208
62,16,2552.292325
62,20,2436.259464
62,27,2417.349465
63,7,6133.180368
63,8,5113.313082
63,9,4342.276782
63,10,3764.710982
63,11,3347.263133
63,12,3027.336478
63,13,2867.149827
63,14,2809.362028
63,15,2594.439208
63,16,2552.292325
63,20,2436.259464
63,27,2417.349465
64,7,6133.180368
64,8,5113.313082
64,9,4342.276782
64,10,3764.710982
64,11,3347.263133
64,12,3027.336478
64,13,2867.149827
64,14,2809.362028
64,15,2594.439208
64,16,2552.292325
64,20,2436.259464
64,27,2417.349465
65,7,6133.180368
65,8,5113.313082
65,9,4100.410458
65,10,3764.710982
65,11,3347.263133
65,12,3027.336478
65,13,2867.149827
65,14,2809.362028
65,15,2594.439208
65,16,2552.292325
65,20,2436.259464
65,27,2417.349465
66,7,6133.180368
66,8,5113.313082
66,9,4100.410458
66,10,3764.710982
66,11,3347.263133
66,12,3027.336478
66,13,2856.935650
66,14,2809.362028
66,15,2594.439208
66,16,2552.292325
66,20,2436.259464
66,27,2417.349465
67,7,6133.180368
67,8,5113.313082
67,9,4100.410458
67,10,3764.710982
67,11,3347.263133
67,12,3027.336478
67,13,2856.935650
67,14,2809.362028
67,15,2594.439208
67,16,2552.292325
67,20,2436.259464
67,27,2417.349465
68,7,6133.180368
68,8,5113.313082
68,9,4100.410458
68,10,3764.710982
68,11,3347.263133
68,12,3027.336478
68,13,2856.935650
68,14,2809.362028
68,15,2594.439208
68,16,2552.292325
68,20,2436.259464
68,27,2417.349465
69,7,6133.180368
69,8,5113.313082
69,9,4100.410458
69,10,3764.710982
69,11,3347.263133
69,12,3027.336478
69,13,2856.935650
69,14,2809.362028
69,15,2594.439208
69,16,2552.292325
69,20,2436.259464
69,27,2417.349465
70,7,6133.180368
70,8,5113.313082
70,9,4062.795044
70,10,3764.710982
70,11,3347.263133
70,12,3027.336478
70,13,2856.935650
70,14,2809.362028
70,15,2594.439208
70,16,2552.292325
70,20,2436.259464
70,27,2417.349465
71,7,6133.180368
71,8,5113.313082
71,9,4062.795044
71,10,3764.710982
71,11,3347.263133
71,12,3027.336478
71,13,2856.935650
71,14,2789.855373
71,15,2594.439208
71,16,2552.292325
71,20,2436.259464
71,27,2417.349465
72,7,6133.180368
72,8,5113.313082
72,9,4062.795044
72,10,3764.710982
72,11,3347.263133
72,12,3027.336478
72,13,2706.068119
72,15,2594.439208
72,16,2552.292325
72,20,2436.259464
72,27,2417.349465
73,7,6133.180368
73,8,5113.313082
73,9,4062.795044
73,10,3764.710982
73,11,3347.263133
73,12,3027.336478
73,13,2706.068119
73,15,2594.439208
73,16,2552.292325
73,20,2436.259464
73,27,2417.349465
74,7,6133.180368
74,8,5113.313082
74,9,4062.795044
74,10,3764.710982
74,11,3347.263133
74,12,3027.336478
74,13,2706.068119
74,15,2594.439208
74,16,2552.292325
74,20,2436.259464
74,24,2425.355451
74,27,2417.349465
75,7,6133.180368
75,8,5113.313082
75,9,4062.795044
75,10,3764.710982
75,11,3347.263133
75,12,3027.336478
75,13,2706.068119
75,15,2594.439208
75,16,2552.292325
75,19,2525.796111
75,20,2436.259464
75,24,2425.355451
75,25,2394.770113
76,7,6133.180368
76,8,5113.313082
76,9,4062.795044
76,10,3764.710982
76,11,3347.263133
76,12,3027.336478
76,13,2706.068119
76,15,2594.439208
76,16,2552.292325
76,18,2493.857388
76,20,2436.259464
76,24,2425.355451
76,25,2394.770113
77,7,6133.180368
77,8,5113.313082
77,9,4062.795044
77,10,3764.710982
77,11,3347.263133
77,12,3027.336478
77,13,2706.068119
77,14,2679.294082
77,15,2538.000791
77,17,2409.827774
77,25,2376.992954
78,7,6133.180368
78,8,5113.313082
78,9,4062.795044
78,10,3764.710982
78,11,3347.263133
78,12,3027.336478
78,13,2706.068119
78,14,2679.294082
78,15,2538.000791
78,17,2409.827774
78,25,2376.992954
79,7,6133.180368
79,8,5113.313082
79,9,3994.477721
79,10,3341.798455
79,12,3027.336478
79,13,2706.068119
79,14,2679.294082
79,15,2538.000791
79,17,2409.827774
79,25,2376.992954
80,7,6133.180368
80,8,5113.313082
80,9,3994.477721
80,10,3341.798455
80,12,3027.336478
80,13,2706.068119
80,14,2679.294082
80,15,2538.000791
80,16,2496.145348
80,17,2409.827774
80,23,2344.033292
80,29,2340.701423
81,7,6133.180368
81,8,5113.313082
81,9,3994.477721
81,10,3341.798455
81,12,3027.336478
81,13,2706.068119
81,14,2679.294082
81,15,2538.000791
81,16,2496.145348
81,17,2409.827774
81,20,2388.832727
81,23,2344.033292
81,25,2298.051232
82,7,6133.180368
82,8,5113.313082
82,9,3994.477721
82,10,3341.798455
82,12,3027.336478
82,13,2706.068119
82,14,2679.294082
82,15,2538.000791
82,16,2496.145348
82,17,2409.827774
82,20,2388.832727
82,21,2380.221466
82,23,2344.033292
82,25,2298.051232
83,7,6133.180368
83,8,5113.313082
83,9,3994.477721
83,10,3341.798455
83,12,3027.336478
83,13,2706.068119
83,14,2679.294082
83,15,2538.000791
83,16,2496.145348
83,17,2409.827774
83,20,2388.832727
83,21,2380.221466
83,23,2344.033292
83,24,2335.668331
83,25,2298.051232
84,7,6133.180368
84,8,5113.313082
84,9,3994.477721
84,10,3341.798455
84,12,3027.336478
84,13,2706.068119
84,14,2679.294082
84,15,2538.000791
84,16,2496.145348
84,17,2409.827774
84,19,2408.360071
84,20,2388.832727
84,21,2380.221466
84,23,2344.033292
84,24,2335.668331
84,25,2298.051232
85,7,6133.180368
85,8,5113.313082
85,9,3994.477721
85,10,3341.798455
85,11,3313.113287
85,12,3027.336478
85,13,2706.068119
85,14,2679.294082
85,15,2538.000791
85,16,2477.598701
85,17,2409.827774
85,19,2408.360071
85,20,2388.832727
85,21,2344.526125
85,23,2344.033292
85,24,2335.668331
85,25,2298.051232
86,7,6133.180368
86,8,4866.285032
86,9,3994.477721
86,10,3341.798455
86,11,3312.278126
86,12,2958.731412
86,13,2706.068119
86,14,2679.294082
86,15,2538.000791
86,16,2477.598701
86,17,2409.827774
86,19,2408.360071
86,20,2388.832727
86,21,2344.526125
86,23,2344.033292
86,24,2335.668331
86,25,2298.051232
87,7,6133.180368
87,8,4866.285032
87,9,3994.477721
87,10,3341.798455
87,11,3312.278126
87,12,2958.731412
87,13,2706.068119
87,14,2679.294082
87,15,2538.000791
87,16,2477.598701
87,17,2409.827774
87,19,2408.360071
87,20,2388.832727
87,21,2344.526125
87,23,2344.033292
87,24,2335.668331
87,25,2298.051232
88,7,6133.180368
88,8,4863.218302
88,9,3994.477721
88,10,3341.798455
88,11,3312.278126
88,12,2915.925342
88,13,2706.068119
88,14,2679.294082
88,15,2538.000791
88,16,2477.598701
88,17,2409.827774
88,19,2408.360071
88,20,2388.832727
88,21,2344.526125
88,23,2344.033292
88,24,2272.842298
89,7,6133.180368
89,8,4863.218302
89,9,3994.477721
89,10,3341.798455
89,11,3312.278126
89,12,2915.925342
89,13,2706.068119
89,14,2679.294082
89,15,2472.712729
89,17,2409.827774
89,19,2408.360071
89,20,2388.832727
89,21,2344.526125
89,23,2344.033292
89,24,2272.842298
90,7,6133.180368
90,8,4863.218302
90,9,3994.477721
90,10,3341.798455
90,11,3312.278126
90,12,2915.925342
90,13,2706.068119
90,14,2679.294082
90,15,2472.712729
90,17,2409.827774
90,19,2408.360071
90,20,2388.832727
90,21,2344.526125
90,23,2344.033292
90,24,2272.842298
91,7,6133.180368
91,8,4863.218302
91,9,3994.477721
91,10,3341.798455
91,11,3312.278126
91,12,2915.925342
91,13,2706.068119
91,14,2679.294082
91,15,2472.712729
91,17,2409.827774
91,19,2408.360071
91,20,2388.832727
91,21,2344.526125
91,23,2344.033292
91,24,2272.842298
92,7,6133.180368
92,8,4863.218302
92,9,3994.477721
92,10,3341.798455
92,11,3312.278126
92,12,2915.925342
92,13,2706.068119
92,14,2679.294082
92,15,2472.712729
92,17,2409.827774
92,19,2408.360071
92,20,2388.832727
92,21,2344.526125
92,23,2344.033292
92,24,2272.842298
93,7,6133.180368
93,8,4863.218302
93,9,3994.477721
93,10,3341.798455
93,11,3312.278126
93,12,2915.925342
93,13,2706.068119
93,14,2679.294082
93,15,2472.712729
93,17,2409.827774
93,19,2408.360071
93,20,2388.832727
93,21,2344.526125
93,23,2344.033292
93,24,2272.842298
94,7,6133.180368
94,8,4863.218302
94,9,3994.477721
94,10,3341.798455
94,11,3312.278126
94,12,2915.925342
94,13,2706.068119
94,14,2679.294082
94,15,2472.712729
94,17,2409.827774
94,19,2408.360071
94,20,2388.832727
94,21,2344.526125
94,23,2344.033292
94,24,2272.842298
95,7,6133.180368
95,8,4673.231217
95,9,3994.477721
95,10,3341.798455
95,11,3312.278126
95,12,2915.925342
95,13,2706.068119
95,14,2679.294082
95,15,2472.712729
95,17,2409.827774
95,19,2331.207538
95,23,2330.436004
95,24,2272.842298
96,7,6133.180368
96,8,4673.231217
96,9,3994.477721
96,10,3341.798455
96,11,3312.278126
96,12,2915.925342
96,13,2706.068119
96,14,2679.294082
96,15,2472.712729
96,17,2409.827774
96,19,2331.207538
96,23,2330.436004
96,24,2272.842298
97,7,6133.180368
97,8,4673.231217
97,9,3994.477721
97,10,3341.798455
97,11,3312.278126
97,12,2915.925342
97,13,2706.068119
97,14,2679.294082
97,15,2472.712729
97,17,2409.827774
97,19,2331.207538
97,23,2330.436004
97,24,2272.842298
98,7,6133.180368
98,8,4673.231217
98,9,3994.477721
98,10,3341.798455
98,11,3312.278126
98,12,2915.925342
98,13,2706.068119
98,14,2679.294082
98,15,2472.712729
98,17,2409.827774
98,18,2386.141572
98,19,2331.207538
98,23,2312.660487
98,24,2272.842298
99,7,6063.800527
99,8,4673.231217
99,9,3931.891080
99,10,3341.798455
99,11,3312.278126
99,12,2915.925342
99,13,2706.068119
99,14,2679.294082
99,15,2472.712729
99,17,2409.827774
99,18,2386.141572
99,19,2331.207538
99,20,2305.224307
99,24,2272.842298
100,7,6063.800527
100,8,4673.231217
100,9,3931.891080
100,10,3341.798455
100,11,3312.278126
100,12,2915.925342
100,13,2706.068119
100,14,2679.294082
100,15,2472.712729
100,17,2398.103342
100,18,2386.141572
100,19,2331.207538
100,20,2305.224307
100,24,2272.842298
101,7,6063.800527
101,8,4673.231217
101,9,3931.891080
101,10,3341.798455
101,11,3312.278126
101,12,2915.925342
101,13,2706.068119
101,14,2663.741321
101,15,2472.712729
101,17,2398.103342
101,18,2386.141572
101,19,2331.207538
101,20,2305.224307
101,23,2289.869665
101,24,2272.842298
102,7,6063.800527
102,8,4673.231217
102,9,3931.891080
102,10,3341.798455
102,11,3312.278126
102,12,2915.925342
102,13,2706.068119
102,14,2663.741321
102,15,2472.712729
102,17,2398.103342
102,18,2386.141572
102,19,2331.207538
102,20,2305.224307
102,23,2289.869665
102,24,2272.842298
103,7,6063.800527
103,8,4673.231217
103,9,3931.891080
103,10,3341.798455
103,11,3312.278126
103,12,2915.925342
103,13,2706.068119
103,14,2663.741321
103,15,2472.712729
103,17,2398.103342
103,18,2386.141572
103,19,2331.207538
103,20,2305.224307
103,23,2289.869665
103,24,2272.842298
104,7,5658.789696
104,8,4673.231217
104,9,3593.943789
104,10,3341.798455
104,11,3312.278126
104,12,2904.380953
104,13,2706.068119
104,14,2663.741321
104,15,2472.712729
104,17,2398.103342
104,18,2386.141572
104,19,2331.207538
104,20,2273.351520
104,24,2266.500509
105,7,5658.789696
105,8,4673.231217
105,9,3593.943789
105,10,3341.798455
105,11,3312.278126
105,12,2904.380953
105,13,2706.068119
105,14,2663.741321
105,15,2472.712729
105,17,2398.103342
105,18,2386.141572
105,19,2331.207538
105,20,2273.351520
105,24,2266.500509
106,7,5658.789696
106,8,4673.231217
106,9,3593.943789
106,10,3341.798455
106,11,3312.278126
106,12,2900.694440
106,13,2706.068119
106,14,2663.741321
106,15,2472.712729
106,17,2398.103342
106,18,2357.923510
106,19,2331.207538
106,20,2273.351520
106,24,2266.500509
107,7,5658.789696
107,8,4673.231217
107,9,3593.943789
107,10,3341.798455
107,11,3312.278126
107,12,2900.694440
107,13,2706.068119
107,14,2663.741321
107,15,2472.712729
107,17,2398.103342
107,18,2357.923510
107,19,2331.207538
107,20,2273.351520
107,24,2266.500509
108,7,5658.789696
108,8,4673.231217
108,9,3593.943789
108,10,3341.798455
108,11,3312.278126
108,12,2900.694440
108,13,2706.068119
108,14,2648.228356
108,15,2472.712729
108,17,2398.103342
108,18,2357.923510
108,19,2331.207538
108,20,2273.351520
108,24,2266.500509
109,7,5658.789696
109,8,4673.231217
109,9,3593.943789
109,10,3341.798455
109,11,3312.278126
109,12,2900.694440
109,13,2706.068119
109,14,2648.228356
109,15,2472.712729
109,17,2398.103342
109,18,2357.923510
109,19,2331.207538
109,20,2273.351520
109,24,2266.500509
110,7,5658.789696
110,8,4673.231217
110,9,3593.943789
110,10,3341.798455
110,11,3312.278126
110,12,2900.694440
110,13,2706.068119
110,14,2648.228356
110,15,2472.712729
110,16,2472.389281
110,17,2398.103342
110,18,2357.923510
110,19,2331.207538
110,20,2273.351520
110,24,2266.500509
111,7,5658.789696
111,8,4673.231217
111,9,3593.943789
111,10,3341.798455
111,11,3312.278126
111,12,2900.694440
111,13,2706.068119
111,14,2648.228356
111,15,2472.712729
111,16,2472.389281
111,17,2398.103342
111,18,2357.923510
111,19,2331.207538
111,20,2273.351520
111,24,2266.500509
112,7,5658.789696
112,8,4673.231217
112,9,3593.943789
112,10,3341.798455
112,11,3312.278126
112,12,2900.694440
112,13,2706.068119
112,14,2648.228356
112,15,2472.712729
112,16,2472.389281
112,17,2398.103342
112,18,2357.923510
112,19,2331.207538
112,20,2273.351520
112,24,2266.500509
113,7,5658.789696
113,8,4627.837387
113,9,3593.943789
113,10,3341.798455
113,11,3312.278126
113,12,2900.694440
113,13,2706.068119
113,14,2648.228356
113,15,2472.712729
113,16,2451.380710
113,17,2398.103342
113,18,2357.923510
113,19,2331.207538
113,20,2273.351520
113,24,2254.536484
114,7,5658.789696
114,8,4589.686528
114,9,3593.943789
114,10,3341.798455
114,11,3312.278126
114,12,2900.694440
114,13,2706.068119
114,14,2568.641009
114,15,2472.712729
114,16,2451.380710
114,17,2385.456443
114,18,2357.923510
114,19,2331.207538
114,20,2219.250324
115,7,5658.789696
115,8,4589.686528
115,9,3593.943789
115,10,3341.798455
115,11,3312.278126
115,12,2731.805465
115,13,2706.068119
115,14,2568.641009
115,15,2472.712729
115,16,2451.380710
115,17,2385.456443
115,18,2357.923510
115,19,2331.207538
115,20,2219.250324
116,7,5658.789696
116,8,4589.686528
116,9,3593.943789
116,10,3341.798455
116,11,3128.180932
116,12,2731.805465
116,13,2706.068119
116,14,2568.641009
116,15,2472.712729
116,16,2448.338615
116,17,2385.456443
116,18,2357.923510
116,19,2331.207538
116,20,2219.250324
117,7,5658.789696
117,8,4589.686528
117,9,3593.943789
117,10,3341.798455
117,11,3128.180932
117,12,2731.805465
117,13,2706.068119
117,14,2568.641009
117,15,2472.712729
117,16,2448.338615
117,17,2385.456443
117,18,2357.923510
117,19,2331.207538
117,20,2219.250324
118,7,5658.789696
118,8,4589.686528
118,9,3593.943789
118,10,3341.798455
118,11,3128.180932
118,12,2731.805465
118,13,2706.068119
118,14,2568.641009
118,15,2472.712729
118,16,2448.338615
118,17,2385.456443
118,18,2357.923510
118,19,2331.207538
118,20,2219.250324
119,7,5658.789696
119,8,4589.686528
119,9,3527.993798
119,10,3341.798455
119,11,3086.586075
119,12,2731.805465
119,13,2706.068119
119,14,2568.641009
119,15,2452.588742
119,16,2448.338615
119,17,2385.456443
119,18,2357.923510
119,19,2331.207538
119,20,2219.250324
120,7,5658.789696
120,8,4589.686528
120,9,3527.993798
120,10,3341.798455
120,11,3086.586075
120,12,2731.805465
120,13,2706.068119
120,14,2568.641009
120,15,2452.588742
120,16,2448.338615
120,17,2385.456443
120,18,2357.923510
120,19,2331.207538
120,20,2219.250324
121,7,5658.789696
121,8,4589.686528
121,9,3527.993798
121,10,3341.798455
121,11,3086.586075
121,12,2731.805465
121,13,2706.068119
121,14,2568.641009
121,15,2452.588742
121,16,2448.338615
121,17,2385.456443
121,18,2357.923510
121,19,2331.207538
121,20,2219.250324
122,7,5658.789696
122,8,4589.686528
122,9,3527.993798
122,10,3341.798455
122,11,3086.586075
122,12,2731.805465
122,13,2706.068119
122,14,2568.641009
122,15,2452.588742
122,16,2446.294156
122,17,2385.456443
122,18,2357.923510
122,19,2331.207538
122,20,2219.250324
123,7,5658.789696
123,8,4589.686528
123,9,3527.993798
123,10,3341.798455
123,11,3086.586075
123,12,2731.805465
123,13,2706.068119
123,14,2568.641009
123,15,2452.588742
123,16,2446.294156
123,17,2385.456443
123,18,2357.923510
123,19,2330.058233
123,20,2219.250324
124,7,5596.559558
124,8,4589.686528
124,9,3419.017086
124,10,3341.798455
124,11,3086.586075
124,12,2731.805465
124,13,2706.068119
124,14,2568.641009
124,15,2452.588742
124,16,2446.294156
124,17,2288.918625
124,20,2219.250324
125,7,5596.559558
125,8,4589.686528
125,9,3419.017086
125,10,3341.798455
125,11,2886.827342
125,12,2731.805465
125,13,2706.068119
125,14,2568.641009
125,15,2452.588742
125,16,2446.294156
125,17,2288.918625
125,20,2219.250324
126,7,5596.559558
126,8,4589.686528
126,9,3419.017086
126,10,3341.798455
126,11,2886.827342
126,12,2731.805465
126,13,2706.068119
126,14,2568.641009
126,15,2452.588742
126,16,2364.728009
126,17,2288.918625
126,20,2219.250324
127,7,5596.559558
127,8,4589.686528
127,9,3419.017086
127,10,3341.798455
127,11,2886.827342
127,12,2731.805465
127,13,2706.068119
127,14,2568.641009
127,15,2452.588742
127,16,2364.728009
127,17,2288.918625
127,20,2219.250324
128,7,5596.559558
128,8,4589.686528
128,9,3419.017086
128,10,3341.798455
128,11,2886.827342
128,12,2731.805465
128,13,2706.068119
128,14,2568.641009
128,15,2452.588742
128,16,2364.728009
128,17,2288.918625
128,20,2219.250324
129,7,5596.559558
129,8,4589.686528
129,9,3054.588018
129,11,2886.827342
129,12,2731.805465
129,13,2706.068119
129,14,2554.869499
129,15,2452.588742
129,16,2364.728009
129,17,2288.918625
129,20,2219.250324
130,7,5596.559558
130,8,4589.686528
130,9,3054.588018
130,11,2886.827342
130,12,2731.805465
130,13,2675.181766
130,14,2554.869499
130,15,2452.588742
130,16,2364.728009
130,17,2288.918625
130,19,2280.423535
130,20,2219.250324
131,7,5596.559558
131,8,4589.686528
131,9,3054.588018
131,11,2886.827342
131,12,2731.805465
131,13,2675.181766
131,14,2554.869499
131,15,2441.923325
131,16,2364.728009
131,17,2288.918625
131,19,2280.423535
131,20,2219.250324
132,7,5596.559558
132,8,4589.686528
132,9,3054.588018
132,11,2886.827342
132,12,2731.805465
132,13,2675.181766
132,14,2449.717432
132,15,2441.923325
132,16,2364.728009
132,17,2288.918625
132,19,2280.423535
132,20,2219.250324
133,7,5596.559558
133,8,4589.686528
133,9,3054.588018
133,11,2886.827342
133,12,2731.805465
133,13,2675.181766
133,14,2449.717432
133,15,2441.923325
133,16,2364.728009
133,17,2288.918625
133,19,2280.423535
133,20,2219.250324
134,7,5596.559558
134,8,4589.686528
134,9,3054.588018
134,11,2886.827342
134,12,2731.805465
134,13,2675.181766
134,14,2449.717432
134,15,2441.923325
134,16,2364.728009
134,17,2288.918625
134,19,2280.423535
134,20,2219.250324
135,7,5596.559558
135,8,4589.686528
135,9,3054.588018
135,11,2886.827342
135,12,2731.805465
135,13,2675.181766
135,14,2449.717432
135,15,2411.397532
135,16,2364.728009
135,17,2288.918625
135,19,2280.423535
135,20,2219.250324
136,7,5596.559558
136,8,4589.686528
136,9,3054.588018
136,11,2886.827342
136,12,2731.805465
136,13,2675.181766
136,14,2449.717432
136,15,2411.397532
136,16,2364.728009
136,17,2288.918625
136,19,2280.423535
136,20,2219.250324
137,7,5596.559558
137,8,4589.686528
137,9,3054.588018
137,11,2886.827342
137,12,2731.805465
137,13,2675.181766
137,14,2449.717432
137,15,2411.397532
137,16,2364.728009
137,17,2288.918625
137,19,2280.423535
137,20,2219.250324
138,7,5596.559558
138,8,4589.686528
138,9,3054.588018
138,11,2886.827342
138,12,2731.805465
138,13,2675.181766
138,14,2449.717432
138,15,2411.397532
138,16,2364.728009
138,17,2288.918625
138,19,2280.423535
138,20,2219.250324
139,7,5596.559558
139,8,4589.686528
139,9,3054.588018
139,11,2886.827342
139,12,2731.805465
139,13,2675.181766
139,14,2449.717432
139,15,2411.397532
139,16,2364.728009
139,17,2288.918625
139,19,2280.423535
139,20,2219.250324
140,7,5596.559558
140,8,4189.221615
140,9,3054.588018
140,11,2886.827342
140,12,2731.805465
140,13,2675.181766
140,14,2397.106508
140,16,2364.728009
140,17,2288.918625
140,18,2260.882926
140,20,2219.250324
141,7,5596.559558
141,8,4189.221615
141,9,3054.588018
141,11,2886.827342
141,12,2731.805465
141,13,2675.181766
141,14,2397.106508
141,16,2364.728009
141,17,2288.918625
141,18,2260.882926
141,20,2219.250324
142,7,5596.559558
142,8,4189.221615
142,9,3054.588018
142,11,2886.827342
142,12,2731.805465
142,13,2675.181766
142,14,2397.106508
142,15,2369.488549
142,16,2364.397553
142,17,2288.918625
142,18,2260.882926
142,20,2219.250324
143,7,5596.559558
143,8,4189.221615
143,9,3054.588018
143,11,2886.827342
143,12,2479.098808
143,14,2397.106508
143,15,2369.488549
143,16,2364.397553
143,17,2288.918625
143,18,2260.882926
143,20,2219.250324
144,7,5596.559558
144,8,4189.221615
144,9,3054.588018
144,11,2886.827342
144,12,2479.098808
144,14,2397.106508
144,15,2369.488549
144,16,2364.397553
144,17,2288.918625
144,18,2260.882926
144,20,2219.250324
145,7,5596.559558
145,8,4189.221615
145,9,3054.588018
145,11,2886.827342
145,12,2479.098808
145,14,2397.106508
145,15,2369.488549
145,16,2364.397553
145,17,2288.918625
145,18,2260.882926
145,20,2219.250324
146,7,5596.559558
146,8,4189.221615
146,9,3054.588018
146,11,2886.827342
146,12,2479.098808
146,14,2397.106508
146,15,2369.488549
146,16,2364.397553
146,17,2288.918625
146,18,2260.882926
146,20,2219.250324
147,7,5596.559558
147,8,4043.927775
147,9,3054.588018
147,11,2886.827342
147,12,2479.098808
147,14,2397.106508
147,15,2369.488549
147,16,2352.266438
147,17,2288.918625
147,18,2260.882926
147,20,2219.250324
148,7,5596.559558
148,8,4043.927775
148,9,3054.588018
148,11,2886.827342
148,12,2479.098808
148,14,2397.106508
148,15,2369.488549
148,16,2352.266438
148,17,2288.918625
148,18,2260.882926
148,20,2219.250324
149,7,5596.559558
149,8,3644.361492
149,9,3054.588018
149,11,2886.827342
149,12,2479.098808
149,14,2397.106508
149,15,2369.488549
149,16,2352.266438
149,17,2288.918625
149,18,2260.882926
149,20,2177.530968
150,7,5596.559558
150,8,3644.361492
150,9,3054.588018
150,11,2886.827342
150,12,2479.098808
150,14,2397.106508
150,15,2369.488549
150,16,2352.266438
150,17,2288.918625
150,18,2260.882926
150,20,2177.530968
151,7,5596.559558
151,8,3644.361492
151,9,3054.588018
151,11,2886.827342
151,12,2479.098808
151,14,2397.106508
151,15,2369.488549
151,16,2352.266438
151,17,2288.918625
151,18,2260.882926
151,20,2177.530968
152,7,5596.559558
152,8,3644.361492
152,9,3054.588018
152,11,2886.827342
152,12,2479.098808
152,14,2397.106508
152,15,2369.488549
152,16,2352.266438
152,17,2288.918625
152,18,2260.882926
152,20,2177.530968
153,7,5596.559558
153,8,3644.361492
153,9,3011.395449
153,11,2886.827342
153,12,2479.098808
153,14,2397.106508
153,15,2369.488549
153,16,2352.266438
153,17,2288.918625
153,18,2260.882926
153,20,2177.530968
154,7,5596.559558
154,8,3644.361492
154,9,3011.395449
154,11,2373.684713
154,15,2369.488549
154,16,2352.266438
154,17,2267.440792
154,18,2260.882926
154,20,2177.530968
155,7,5596.559558
155,8,3644.361492
155,9,3011.395449
155,11,2373.684713
155,15,2369.488549
155,16,2352.266438
155,17,2267.440792
155,18,2260.882926
155,20,2177.530968
156,7,5596.559558
156,8,3644.361492
156,9,3011.395449
156,11,2373.684713
156,15,2369.488549
156,16,2352.266438
156,17,2267.440792
156,18,2260.882926
156,20,2177.530968
157,7,5596.559558
157,8,3644.361492
157,9,3011.395449
157,10,2935.639709
157,11,2373.684713
157,15,2369.488549
157,16,2352.266438
157,17,2267.440792
157,18,2260.882926
157,20,2177.530968
158,6,11321.870592
158,7,5596.559558
158,8,3644.361492
158,9,3011.395449
158,10,2935.639709
158,11,2373.684713
158,15,2369.488549
158,16,2352.266438
158,17,2267.440792
158,18,2260.882926
158,20,2177.530968
159,6,11088.895096
159,7,5596.559558
159,8,3644.361492
159,9,3011.395449
159,10,2935.639709
159,11,2373.684713
159,15,2369.488549
159,16,2301.124365
159,17,2267.440792
159,18,2260.882926
159,20,2177.530968
160,6,9171.852088
160,7,5596.559558
160,8,3644.361492
160,9,3011.395449
160,10,2774.808421
160,11,2373.684713
160,15,2369.488549
160,16,2301.124365
160,17,2267.440792
160,18,2260.882926
160,20,2177.530968
161,6,9171.852088
161,7,5596.559558
161,8,3644.361492
161,9,3011.395449
161,10,2774.808421
161,11,2373.684713
161,15,2356.348238
161,16,2301.124365
161,17,2267.440792
161,18,2260.882926
161,20,2177.530968
162,6,9171.852088
162,7,5596.559558
162,8,3391.232791
162,9,3011.395449
162,10,2774.808421
162,11,2373.684713
162,15,2356.348238
162,16,2301.124365
162,17,2267.440792
162,18,2260.882926
162,20,2177.530968
163,6,9171.852088
163,7,5596.559558
163,8,3391.232791
163,9,3011.395449
163,10,2774.808421
163,11,2373.684713
163,15,2356.348238
163,16,2301.124365
163,17,2267.440792
163,18,2260.882926
163,20,2177.530968
164,6,9171.852088
164,7,5596.559558
164,8,3391.232791
164,9,2796.083079
164,10,2758.611708
164,11,2323.722064
164,16,2301.124365
164,17,2267.440792
164,18,2260.882926
164,20,2126.402008
165,6,9171.852088
165,7,5596.559558
165,8,3391.232791
165,9,2796.083079
165,10,2758.611708
165,11,2323.722064
165,16,2301.124365
165,17,2267.440792
165,18,2260.882926
165,20,2126.402008
166,6,9171.852088
166,7,5596.559558
166,8,3391.232791
166,9,2796.083079
166,10,2758.611708
166,11,2323.722064
166,16,2301.124365
166,17,2267.440792
166,18,2260.882926
166,20,2126.402008
167,6,9171.852088
167,7,5596.559558
167,8,3391.232791
167,9,2796.083079
167,10,2758.611708
167,11,2323.722064
167,16,2301.124365
167,17,2267.440792
167,18,2260.882926
167,20,2126.402008
168,6,9171.852088
168,7,5303.103012
168,8,3391.232791
168,9,2796.083079
168,10,2758.611708
168,11,2323.722064
168,16,2301.124365
168,17,2267.440792
168,18,2260.882926
168,20,2126.402008
169,6,9152.195841
169,7,5303.103012
169,8,3391.232791
169,9,2796.083079
169,10,2758.611708
169,11,2323.722064
169,16,2301.124365
169,17,2225.884497
169,20,2126.402008
170,6,9152.195841
170,7,5303.103012
170,8,3391.232791
170,9,2796.083079
170,10,2758.611708
170,11,2323.722064
170,14,2291.902212
170,17,2225.884497
170,20,2126.402008
171,6,9152.195841
171,7,5303.103012
171,8,3391.232791
171,9,2796.083079
171,10,2758.611708
171,11,2323.722064
171,14,2291.902212
171,17,2225.884497
171,20,2126.402008
172,6,9152.195841
172,7,5303.103012
172,8,3391.232791
172,9,2796.083079
172,10,2741.505257
172,11,2323.722064
172,14,2291.902212
172,17,2225.884497
172,20,2126.402008
173,6,9152.195841
173,7,5303.103012
173,8,3382.769620
173,9,2796.083079
173,10,2741.505257
173,11,2323.722064
173,14,2291.902212
173,17,2225.884497
173,20,2126.402008
174,6,9152.195841
174,7,5191.489046
174,8,3382.769620
174,9,2796.083079
174,10,2741.505257
174,11,2269.631471
174,17,2225.884497
174,20,2126.402008
175,6,9152.195841
175,7,5191.489046
175,8,3382.769620
175,9,2796.083079
175,10,2741.505257
175,11,2269.631471
175,17,2225.884497
175,20,2126.402008
176,6,9152.195841
176,7,5191.489046
176,8,3382.769620
176,9,2796.083079
176,10,2741.505257
176,11,2269.631471
176,17,2225.884497
176,20,2126.402008
177,6,9152.195841
177,7,5191.489046
177,8,3382.769620
177,9,2796.083079
177,10,2741.505257
177,11,2269.631471
177,16,2268.644826
177,17,2225.884497
177,20,2126.402008
178,6,9152.195841
178,7,4555.085710
178,8,3382.769620
178,9,2796.083079
178,10,2721.347741
178,11,2269.631471
178,16,2268.644826
178,17,2225.884497
178,20,2126.402008
179,6,9152.195841
179,7,4555.085710
179,8,3382.769620
179,9,2796.083079
179,10,2721.347741
179,11,2269.631471
179,16,2268.644826
179,17,2225.884497
179,20,2126.402008
180,6,9152.195841
180,7,4555.085710
180,8,3382.769620
180,9,2796.083079
180,10,2721.347741
180,11,2269.631471
180,16,2268.644826
180,17,2225.884497
180,20,2126.402008
181,6,6957.815560
181,7,4555.085710
181,8,3382.769620
181,9,2796.083079
181,10,2721.347741
181,11,2269.631471
181,16,2268.644826
181,17,2225.884497
181,20,2126.402008
182,6,6957.815560
182,7,4555.085710
182,8,3382.769620
182,9,2796.083079
182,10,2721.347741
182,11,2269.631471
182,16,2268.644826
182,17,2225.884497
182,20,2126.402008
183,6,6957.815560
183,7,4555.085710
183,8,3382.769620
183,9,2796.083079
183,10,2721.347741
183,11,2269.631471
183,16,2268.644826
183,17,2225.884497
183,20,2126.402008
184,6,6957.815560
184,7,4419.348201
184,8,3382.769620
184,9,2796.083079
184,10,2721.347741
184,11,2269.631471
184,16,2231.929114
184,17,2225.884497
184,20,2126.402008
185,6,6957.815560
185,7,4419.348201
185,8,3382.769620
185,9,2796.083079
185,10,2721.347741
185,11,2269.631471
185,16,2231.929114
185,17,2225.884497
185,20,2126.402008
186,6,6957.815560
186,7,4419.348201
186,8,3382.769620
186,9,2796.083079
186,10,2721.347741
186,11,2269.631471
186,16,2231.929114
186,17,2225.884497
186,20,2126.402008
187,6,6957.815560
187,7,4419.348201
187,8,3331.498259
187,9,2796.083079
187,10,2721.347741
187,11,2269.631471
187,16,2231.929114
187,17,2225.884497
187,20,2126.402008
188,6,6957.815560
188,7,4419.348201
188,8,3331.498259
188,9,2796.083079
188,10,2721.347741
188,11,2269.631471
188,16,2231.929114
188,17,2225.884497
188,20,2126.402008
189,6,5980.323963
189,7,4419.348201
189,8,3331.498259
189,9,2637.854433
189,11,2269.631471
189,16,2231.929114
189,17,2225.884497
189,20,2126.402008
190,6,5980.323963
190,7,4419.348201
190,8,3331.498259
190,9,2637.854433
190,11,2269.631471
190,16,2231.929114
190,17,2225.884497
190,20,2126.402008
191,6,5980.323963
191,7,4419.348201
191,8,3331.498259
191,9,2637.854433
191,11,2269.631471
191,16,2231.929114
191,17,2225.884497
191,20,2126.402008
192,6,5980.323963
192,7,4419.348201
192,8,3331.498259
192,9,2637.854433
192,11,2269.631471
192,16,2231.929114
192,17,2225.884497
192,20,2126.402008
193,6,5980.323963
193,7,4419.348201
193,8,3331.498259
193,9,2637.854433
193,11,2269.631471
193,15,2243.102260
193,16,2231.929114
193,17,2225.884497
193,20,2126.402008
194,6,5980.323963
194,7,4419.348201
194,8,3331.498259
194,9,2637.854433
194,11,2269.631471
194,15,2243.102260
194,16,2231.929114
194,17,2225.884497
194,18,2198.750422
194,20,2126.402008
195,6,5980.323963
195,7,4419.348201
195,8,3331.498259
195,9,2637.854433
195,11,2269.631471
195,15,2243.102260
195,16,2231.929114
195,17,2225.884497
195,18,2198.750422
195,20,2126.402008
196,6,5980.323963
196,7,4419.348201
196,8,3331.498259
196,9,2637.854433
196,11,2269.631471
196,15,2243.102260
196,16,2231.929114
196,17,2225.884497
196,18,2171.481598
196,20,2126.402008
197,6,5980.323963
197,7,4419.348201
197,8,3331.498259
197,9,2637.854433
197,11,2269.631471
197,15,2243.102260
197,16,2231.929114
197,17,2225.884497
197,18,2171.481598
197,20,2126.402008
198,6,5980.323963
198,7,4419.348201
198,8,3331.498259
198,9,2637.854433
198,11,2269.631471
198,15,2243.102260
198,16,2163.210128
198,20,2126.402008
199,6,5980.323963
199,7,4419.348201
199,8,3331.498259
199,9,2581.957428
199,11,2269.631471
199,15,2243.102260
199,16,2163.210128
199,19,2110.909013
200,6,5980.323963
200,7,4419.348201
200,8,3331.498259
200,9,2581.957428
200,11,2269.631471
200,15,2243.102260
200,16,2163.210128
200,19,2110.909013
201,6,5980.323963
201,7,4419.348201
201,8,3331.498259
201,9,2581.957428
201,11,2269.631471
201,15,2243.102260
201,16,2163.210128
201,19,2110.909013
202,6,5980.323963
202,7,4419.348201
202,8,3331.498259
202,9,2581.957428
202,11,2269.631471
202,14,2238.870848
202,15,2237.434651
202,16,2163.210128
202,19,2110.909013
203,6,5980.323963
203,7,4419.348201
203,8,3331.498259
203,9,2581.957428
203,11,2269.631471
203,14,2238.870848
203,15,2237.434651
203,16,2163.210128
203,19,2110.909013
204,6,5980.323963
204,7,4419.348201
204,8,3331.498259
204,9,2581.957428
204,11,2248.160057
204,14,2238.870848
204,15,2220.890868
204,16,2163.210128
204,19,2110.909013
205,6,5980.323963
205,7,4419.348201
205,8,3331.498259
205,9,2581.957428
205,11,2248.160057
205,14,2238.870848
205,15,2220.890868
205,16,2163.210128
205,19,2110.909013
206,6,5980.323963
206,7,4419.348201
206,8,3331.498259
206,9,2581.957428
206,11,2248.160057
206,14,2238.870848
206,15,2206.024850
206,16,2163.210128
206,19,2110.909013
207,6,5980.323963
207,7,4419.348201
207,8,3331.498259
207,9,2581.957428
207,11,2248.160057
207,14,2238.870848
207,15,2206.024850
207,16,2163.210128
207,19,2110.909013
208,6,5980.323963
208,7,4419.348201
208,8,3331.498259
208,9,2581.957428
208,11,2248.160057
208,14,2238.870848
208,15,2206.024850
208,16,2163.210128
208,19,2110.909013
209,6,5980.323963
209,7,4419.348201
209,8,3331.498259
209,9,2581.957428
209,11,2248.160057
209,13,2220.632270
209,15,2206.024850
209,16,2163.210128
209,18,2150.107776
209,19,2110.909013
210,6,5980.323963
210,7,4419.348201
210,8,3239.027930
210,9,2581.957428
210,11,2248.160057
210,13,2220.632270
210,14,2182.882520
210,16,2163.210128
210,18,2150.107776
210,19,2110.909013
211,6,5980.323963
211,7,4419.348201
211,8,3239.027930
211,9,2581.957428
211,11,2248.160057
211,13,2220.632270
211,14,2182.882520
211,16,2163.210128
211,18,2150.107776
211,19,2110.909013
212,6,5980.323963
212,7,4419.348201
212,8,3239.027930
212,9,2581.957428
212,11,2248.160057
212,13,2220.632270
212,14,2182.882520
212,16,2163.210128
212,18,2150.107776
212,19,2110.909013
213,6,5980.323963
213,7,4419.348201
213,8,3239.027930
213,9,2581.957428
213,11,2248.160057
213,13,2220.632270
213,14,2182.882520
213,16,2163.210128
213,18,2150.107776
213,19,2110.909013
214,6,5980.323963
214,7,4419.348201
214,8,3239.027930
214,9,2581.957428
214,11,2248.160057
214,13,2220.632270
214,14,2182.882520
214,16,2163.210128
214,18,2150.107776
214,19,2110.909013
215,6,5980.323963
215,7,4419.348201
215,8,3239.027930
215,9,2581.957428
215,11,2248.160057
215,13,2220.632270
215,14,2182.882520
215,16,2163.210128
215,18,2150.107776
215,19,2110.909013
216,6,5980.323963
216,7,4419.348201
216,8,3239.027930
216,9,2581.957428
216,11,2248.160057
216,13,2220.632270
216,14,2182.882520
216,16,2163.210128
216,18,2150.107776
216,19,2110.909013
217,6,5980.323963
217,7,4419.348201
217,8,3239.027930
217,9,2581.957428
217,11,2248.160057
217,13,2220.632270
217,14,2182.882520
217,16,2163.210128
217,18,2150.107776
217,19,2110.909013
218,6,5980.323963
218,7,4419.348201
218,8,3239.027930
218,9,2581.957428
218,11,2248.160057
218,13,2220.632270
218,14,2182.882520
218,16,2163.210128
218,18,2150.107776
218,19,2110.909013
219,6,5980.323963
219,7,4419.348201
219,8,3239.027930
219,9,2581.957428
219,11,2245.752338
219,13,2220.632270
219,14,2182.882520
219,16,2147.447953
219,19,2110.909013
220,6,5980.323963
220,7,4419.348201
220,8,3239.027930
220,9,2581.957428
220,11,2245.752338
220,13,2220.632270
220,14,2182.882520
220,16,2147.447953
220,19,2110.909013
221,6,5980.323963
221,7,4419.348201
221,8,3239.027930
221,9,2581.957428
221,11,2245.752338
221,13,2220.632270
221,14,2182.882520
221,16,2147.447953
221,19,2110.909013
222,6,5980.323963
222,7,4419.348201
222,8,3239.027930
222,9,2581.957428
222,11,2245.752338
222,13,2220.632270
222,14,2182.882520
222,16,2147.447953
222,19,2110.909013
223,6,5980.323963
223,7,4419.348201
223,8,3239.027930
223,9,2581.957428
223,11,2245.752338
223,13,2220.632270
223,14,2182.882520
223,16,2147.447953
223,19,2110.909013
224,6,5980.323963
224,7,4419.348201
224,8,3239.027930
224,9,2581.957428
224,11,2245.752338
224,13,2220.632270
224,14,2182.882520
224,16,2147.447953
224,19,2110.909013
225,6,5980.323963
225,7,4419.348201
225,8,3239.027930
225,9,2581.957428
225,11,2245.752338
225,13,2220.632270
225,14,2182.882520
225,16,2147.447953
225,19,2110.909013
226,6,5980.323963
226,7,4419.348201
226,8,3239.027930
226,9,2581.957428
226,11,2245.752338
226,13,2220.632270
226,14,2182.882520
226,16,2147.447953
226,19,2110.909013
227,6,5980.323963
227,7,4419.348201
227,8,3239.027930
227,9,2581.957428
227,11,2245.752338
227,13,2220.632270
227,14,2182.882520
227,16,2147.447953
227,19,2110.909013
228,6,5980.323963
228,7,4419.348201
228,8,3239.027930
228,9,2581.957428
228,11,2245.752338
228,13,2220.632270
228,14,2182.882520
228,16,2147.447953
228,19,2110.909013
229,6,5980.323963
229,7,4419.348201
229,8,3239.027930
229,9,2581.957428
229,11,2245.752338
229,13,2220.632270
229,14,2182.882520
229,16,2147.447953
229,19,2110.909013
230,6,5980.323963
230,7,4419.348201
230,8,3239.027930
230,9,2581.957428
230,11,2245.752338
230,13,2220.632270
230,14,2182.882520
230,16,2147.447953
230,19,2110.909013
231,6,5980.323963
231,7,4419.348201
231,8,3239.027930
231,9,2581.957428
231,11,2245.752338
231,13,2220.632270
231,14,2182.882520
231,16,2147.447953
231,19,2110.909013
232,6,5980.323963
232,7,4419.348201
232,8,3239.027930
232,9,2581.957428
232,11,2245.752338
232,13,2220.632270
232,14,2182.882520
232,16,2147.447953
232,19,2110.909013
233,6,5980.323963
233,7,4419.348201
233,8,3239.027930
233,9,2581.957428
233,11,2245.752338
233,13,2220.632270
233,14,2182.882520
233,16,2147.447953
233,19,2110.909013
234,6,5980.323963
234,7,4419.348201
234,8,3239.027930
234,9,2581.957428
234,11,2245.752338
234,13,2220.632270
234,14,2182.882520
234,16,2147.447953
234,19,2110.909013
235,6,5980.323963
235,7,4419.348201
235,8,3239.027930
235,9,2581.957428
235,11,2245.752338
235,13,2220.632270
235,14,2182.882520
235,16,2147.447953
235,19,2110.909013
236,6,5980.323963
236,7,4419.348201
236,8,3239.027930
236,9,2581.957428
236,11,2245.752338
236,13,2220.632270
236,14,2182.882520
236,16,2147.447953
236,19,2110.909013
237,6,5980.323963
237,7,4419.348201
237,8,3239.027930
237,9,2581.957428
237,10,2581.565284
237,11,2245.752338
237,13,2220.632270
237,14,2182.882520
237,16,2147.447953
237,19,2110.909013
238,6,5980.323963
238,7,4419.348201
238,8,3239.027930
238,9,2581.957428
238,10,2581.565284
238,11,2245.752338
238,13,2220.632270
238,14,2182.882520
238,16,2147.447953
238,19,2110.909013
239,6,5980.323963
239,7,4419.348201
239,8,3239.027930
239,9,2581.957428
239,10,2581.565284
239,11,2245.752338
239,13,2220.632270
239,14,2182.882520
239,16,2147.447953
239,19,2110.909013
240,6,5980.323963
240,7,4419.348201
240,8,3239.027930
240,9,2581.957428
240,10,2581.565284
240,11,2245.752338
240,13,2220.632270
240,14,2182.882520
240,16,2147.447953
240,19,2110.909013
241,6,5980.323963
241,7,4419.348201
241,8,3239.027930
241,9,2581.957428
241,10,2581.565284
241,11,2245.752338
241,13,2220.632270
241,14,2182.882520
241,16,2147.447953
241,19,2110.909013
242,6,5980.323963
242,7,4419.348201
242,8,3239.027930
242,9,2581.957428
242,10,2581.565284
242,11,2245.752338
242,13,2220.632270
242,14,2182.882520
242,16,2147.447953
242,19,2110.909013
243,6,5980.323963
243,7,4419.348201
243,8,3239.027930
243,9,2581.957428
243,10,2581.565284
243,11,2245.752338
243,13,2220.632270
243,14,2182.882520
243,16,2147.447953
243,19,2110.909013
244,6,5980.323963
244,7,4419.348201
244,8,3239.027930
244,9,2581.957428
244,10,2581.565284
244,11,2245.752338
244,13,2220.632270
244,14,2182.882520
244,16,2137.782832
244,19,2110.909013
245,6,5980.323963
245,7,4419.348201
245,8,3239.027930
245,9,2581.957428
245,10,2581.565284
245,11,2245.752338
245,13,2220.632270
245,14,2182.882520
245,16,2137.782832
245,19,2110.909013
246,6,5980.323963
246,7,4419.348201
246,8,3239.027930
246,9,2581.957428
246,10,2581.565284
246,11,2245.752338
246,13,2220.632270
246,14,2182.882520
246,16,2137.782832
246,19,2110.909013
247,6,5980.323963
247,7,4419.348201
247,8,3239.027930
247,9,2581.957428
247,10,2581.565284
247,11,2245.752338
247,13,2220.632270
247,14,2182.882520
247,16,2137.782832
247,19,2110.909013
248,6,5980.323963
248,7,4419.348201
248,8,3239.027930
248,9,2581.957428
248,10,2581.565284
248,11,2245.752338
248,13,2220.632270
248,14,2182.882520
248,16,2137.782832
248,19,2110.909013
249,6,5980.323963
249,7,4419.348201
249,8,3239.027930
249,9,2581.957428
249,10,2581.565284
249,11,2245.752338
249,13,2220.632270
249,14,2182.882520
249,16,2137.782832
249,19,2110.909013
250,6,5980.323963
250,7,4419.348201
250,8,3239.027930
250,9,2581.957428
250,10,2581.565284
250,11,2245.752338
250,12,2229.541183
250,13,2220.632270
250,14,2182.882520
250,16,2137.782832
250,19,2110.909013
251,6,5980.323963
251,7,4419.348201
251,8,3239.027930
251,9,2581.957428
251,10,2541.192258
251,11,2245.752338
251,12,2229.541183
251,13,2220.632270
251,14,2182.882520
251,16,2137.782832
251,19,2110.909013
252,6,5980.323963
252,7,4419.348201
252,8,3239.027930
252,9,2581.957428
252,10,2541.192258
252,11,2245.752338
252,12,2229.541183
252,13,2220.632270
252,14,2182.882520
252,16,2137.782832
252,19,2110.909013
253,6,5980.323963
253,7,4419.348201
253,8,3239.027930
253,9,2581.957428
253,10,2541.192258
253,11,2245.752338
253,12,2229.541183
253,13,2220.632270
253,14,2182.882520
253,16,2137.782832
253,19,2110.909013
254,6,5980.323963
254,7,4419.348201
254,8,3239.027930
254,9,2581.957428
254,10,2541.192258
254,11,2245.752338
254,12,2229.541183
254,13,2220.632270
254,14,2182.882520
254,15,2169.134660
254,16,2137.782832
254,19,2110.909013
255,6,5980.323963
255,7,4419.348201
255,8,3239.027930
255,9,2581.957428
255,10,2498.839376
255,11,2245.752338
255,12,2229.541183
255,13,2220.632270
255,14,2182.882520
255,15,2169.134660
255,16,2137.782832
255,19,2110.909013
256,6,5980.323963
256,7,4419.348201
256,8,3239.027930
256,9,2581.957428
256,10,2498.839376
256,11,2245.752338
256,12,2229.541183
256,13,2220.632270
256,14,2182.882520
256,15,2169.134660
256,16,2137.782832
256,19,2110.909013
257,6,5980.323963
257,7,4419.348201
257,8,3239.027930
257,9,2581.957428
257,10,2498.839376
257,11,2245.752338
257,12,2229.541183
257,13,2220.632270
257,14,2182.882520
257,15,2169.134660
257,16,2137.782832
257,19,2110.909013
258,6,5980.323963
258,7,4419.348201
258,8,3239.027930
258,9,2581.957428
258,10,2498.839376
258,11,2245.752338
258,12,2229.541183
258,13,2220.632270
258,14,2182.882520
258,15,2169.134660
258,16,2137.782832
258,19,2110.909013
259,6,5980.323963
259,7,4419.348201
259,8,3239.027930
259,9,2581.957428
259,10,2498.839376
259,11,2245.752338
259,12,2229.541183
259,13,2220.632270
259,14,2182.882520
259,15,2169.134660
259,16,2137.782832
259,19,2110.909013
260,6,5980.323963
260,7,4357.873046
260,8,3239.027930
260,9,2581.957428
260,10,2498.839376
260,11,2245.752338
260,12,2229.541183
260,13,2220.632270
260,14,2182.882520
260,15,2169.134660
260,16,2137.782832
260,19,2110.909013
261,6,5980.323963
261,7,4357.873046
261,8,3239.027930
261,9,2581.957428
261,10,2498.839376
261,11,2245.752338
261,12,2229.541183
261,13,2220.632270
261,14,2182.882520
261,15,2169.134660
261,16,2137.782832
261,19,2110.909013
262,6,5980.323963
262,7,4357.873046
262,8,3239.027930
262,9,2581.957428
262,10,2498.839376
262,11,2245.752338
262,12,2229.541183
262,13,2220.632270
262,14,2182.882520
262,15,2169.134660
262,16,2137.782832
262,19,2110.909013
263,6,5980.323963
263,7,4357.873046
263,8,3239.027930
263,9,2581.957428
263,10,2498.839376
263,11,2245.752338
263,12,2229.541183
263,13,2220.632270
263,14,2164.573554
263,16,2137.782832
263,19,2110.909013
264,6,5980.323963
264,7,4357.873046
264,8,3213.584957
264,9,2581.957428
264,10,2226.148937
264,13,2220.632270
264,14,2164.573554
264,16,2137.782832
264,19,2110.909013
265,6,5980.323963
265,7,4357.873046
265,8,3213.584957
265,9,2581.957428
265,10,2226.148937
265,13,2220.632270
265,14,2164.573554
265,16,2137.782832
265,19,2110.909013
266,6,5980.323963
266,7,4357.873046
266,8,3213.584957
266,9,2581.957428
266,10,2226.148937
266,13,2220.632270
266,14,2164.573554
266,16,2137.782832
266,19,2110.909013
267,6,5980.323963
267,7,4357.873046
267,8,3213.584957
267,9,2581.957428
267,10,2226.148937
267,13,2220.632270
267,14,2164.573554
267,16,2137.782832
267,18,2116.374336
267,19,2110.909013
268,6,5980.323963
268,7,4357.873046
268,8,3213.584957
268,9,2581.957428
268,10,2226.148937
268,13,2220.632270
268,14,2164.573554
268,16,2137.782832
268,18,2116.374336
268,19,2110.909013
269,6,5980.323963
269,7,4357.873046
269,8,3213.584957
269,9,2581.957428
269,10,2226.148937
269,13,2220.632270
269,14,2164.573554
269,16,2137.782832
269,18,2116.374336
269,19,2110.909013
270,6,5980.323963
270,7,4357.873046
270,8,3213.584957
270,9,2581.957428
270,10,2226.148937
270,13,2220.632270
270,14,2164.573554
270,16,2137.782832
270,18,2116.374336
270,19,2110.909013
271,6,5980.323963
271,7,4357.873046
271,8,3213.584957
271,9,2581.957428
271,10,2226.148937
271,13,2220.632270
271,14,2164.573554
271,16,2137.782832
271,18,2116.374336
271,19,2110.909013
272,6,5980.323963
272,7,4357.873046
272,8,3213.584957
272,9,2581.957428
272,10,2226.148937
272,13,2220.632270
272,14,2164.573554
272,16,2137.782832
272,18,2116.374336
272,19,2110.909013
273,6,5980.323963
273,7,4357.873046
273,8,3213.584957
273,9,2581.957428
273,10,2226.148937
273,13,2220.632270
273,14,2164.573554
273,16,2137.782832
273,18,2116.374336
273,19,2110.909013
274,6,5980.323963
274,7,4357.873046
274,8,3213.584957
274,9,2559.010919
274,10,2226.148937
274,13,2220.632270
274,14,2164.573554
274,16,2137.782832
274,18,2116.374336
274,19,2110.909013
275,6,5980.323963
275,7,4357.873046
275,8,3213.584957
275,9,2559.010919
275,10,2226.148937
275,13,2220.632270
275,14,2164.573554
275,16,2137.782832
275,18,2116.374336
275,19,2110.909013
276,6,5980.323963
276,7,4354.537559
276,8,3213.584957
276,9,2559.010919
276,10,2226.148937
276,13,2220.632270
276,14,2164.573554
276,16,2137.782832
276,18,2116.374336
276,19,2110.909013
277,6,5980.323963
277,7,4354.537559
277,8,3213.584957
277,9,2559.010919
277,10,2226.148937
277,13,2220.632270
277,14,2164.573554
277,16,2137.782832
277,18,2116.374336
277,19,2110.909013
278,6,5980.323963
278,7,4354.537559
278,8,3213.584957
278,9,2559.010919
278,10,2226.148937
278,13,2220.632270
278,14,2164.573554
278,16,2137.782832
278,18,2116.374336
278,19,2110.909013
279,6,5980.323963
279,7,4354.537559
279,8,3213.584957
279,9,2559.010919
279,10,2226.148937
279,13,2220.632270
279,14,2164.573554
279,16,2137.782832
279,18,2116.374336
279,19,2083.346305
280,6,5980.323963
280,7,4354.537559
280,8,3213.584957
280,9,2559.010919
280,10,2226.148937
280,13,2186.641413
280,14,2164.573554
280,16,2137.782832
280,18,2116.374336
280,19,2083.346305
281,6,5980.323963
281,7,4354.537559
281,8,3213.584957
281,9,2559.010919
281,10,2226.148937
281,13,2186.641413
281,14,2164.573554
281,16,2137.782832
281,18,2116.374336
281,19,2083.346305
282,6,5980.323963
282,7,4354.537559
282,8,3213.584957
282,9,2559.010919
282,10,2226.148937
282,13,2186.641413
282,14,2164.573554
282,16,2137.782832
282,18,2116.374336
282,19,2083.346305
283,6,5980.323963
283,7,4354.537559
283,8,3213.584957
283,9,2559.010919
283,10,2226.148937
283,13,2186.641413
283,14,2164.573554
283,16,2137.782832
283,18,2116.374336
283,19,2083.346305
284,6,5980.323963
284,7,4354.537559
284,8,3213.584957
284,9,2502.656300
284,10,2226.148937
284,13,2186.641413
284,14,2164.573554
284,16,2137.782832
284,18,2116.374336
284,19,2083.346305
285,6,5980.323963
285,7,4354.537559
285,8,3213.584957
285,9,2502.656300
285,10,2226.148937
285,13,2186.641413
285,14,2164.573554
285,16,2137.782832
285,18,2116.374336
285,19,2083.346305
286,6,5980.323963
286,7,4354.537559
286,8,3213.584957
286,9,2502.656300
286,10,2226.148937
286,13,2186.641413
286,14,2164.573554
286,16,2137.782832
286,18,2116.374336
286,19,2083.346305
287,6,5980.323963
287,7,4354.537559
287,8,3213.584957
287,9,2502.656300
287,10,2226.148937
287,13,2186.641413
287,14,2164.573554
287,16,2137.782832
287,18,2116.374336
287,19,2083.346305
288,6,5980.323963
288,7,4354.537559
288,8,3213.584957
288,9,2502.656300
288,10,2226.148937
288,13,2186.641413
288,14,2164.573554
288,16,2137.782832
288,18,2116.374336
288,19,2083.346305
289,6,5980.323963
289,7,4354.537559
289,8,3213.584957
289,9,2502.656300
289,10,2226.148937
289,13,2186.641413
289,14,2141.752809
289,16,2137.782832
289,18,2116.374336
289,19,2083.346305
290,6,5980.323963
290,7,4354.537559
290,8,3213.584957
290,9,2502.656300
290,10,2226.148937
290,13,2186.641413
290,14,2141.752809
290,16,2137.782832
290,18,2116.374336
290,19,2083.346305
291,6,5980.323963
291,7,4354.537559
291,8,3213.584957
291,9,2502.656300
291,10,2226.148937
291,13,2186.641413
291,14,2141.752809
291,16,2137.782832
291,18,2116.374336
291,19,2083.346305
292,6,5980.323963
292,7,4354.537559
292,8,3213.584957
292,9,2502.656300
292,10,2226.148937
292,13,2186.641413
292,14,2141.752809
292,16,2137.782832
292,18,2116.374336
292,19,2083.346305
293,6,5980.323963
293,7,4354.537559
293,8,3197.676960
293,9,2502.656300
293,10,2226.148937
293,13,2186.641413
293,14,2141.752809
293,16,2137.782832
293,18,2116.374336
293,19,2083.346305
294,6,5980.323963
294,7,4354.537559
294,8,3197.676960
294,9,2502.656300
294,10,2226.148937
294,13,2186.641413
294,14,2141.752809
294,16,2137.782832
294,18,2116.374336
294,19,2083.346305
295,6,5980.323963
295,7,4354.537559
295,8,3197.676960
295,9,2502.656300
295,10,2226.148937
295,13,2186.641413
295,14,2141.752809
295,16,2137.782832
295,18,2116.374336
295,19,2083.346305
296,6,5980.323963
296,7,4354.537559
296,8,3197.676960
296,9,2502.656300
296,10,2226.148937
296,13,2186.641413
296,14,2141.752809
296,16,2137.782832
296,18,2116.374336
296,19,2083.346305
297,6,5980.323963
297,7,4354.537559
297,8,3197.676960
297,9,2502.656300
297,10,2226.148937
297,12,2225.170336
297,13,2186.641413
297,14,2141.752809
297,16,2137.782832
297,18,2116.374336
297,19,2083.346305
298,6,5980.323963
298,7,4354.537559
298,8,3193.220460
298,9,2502.656300
298,10,2226.148937
298,12,2225.170336
298,13,2186.641413
298,14,2141.752809
298,16,2137.782832
298,18,2116.374336
298,19,2083.346305
299,6,5923.767516
299,7,4354.537559
299,8,3159.808109
299,9,2502.656300
299,10,2205.627187
299,13,2186.641413
299,14,2141.752809
299,16,2137.782832
299,18,2116.374336
299,19,2083.346305
300,6,5923.767516
300,7,4354.537559
300,8,3159.808109
300,9,2502.656300
300,10,2205.627187
300,13,2186.641413
300,14,2141.752809
300,16,2137.782832
300,18,2116.374336
300,19,2083.346305
301,6,5923.767516
301,7,4354.537559
301,8,3159.808109
301,9,2502.656300
301,10,2205.627187
301,13,2186.641413
301,14,2141.752809
301,16,2137.782832
301,18,2116.374336
301,19,2083.346305
302,6,5923.767516
302,7,4354.537559
302,8,3159.808109
302,9,2502.656300
302,10,2205.627187
302,13,2186.641413
302,14,2141.752809
302,16,2137.782832
302,18,2116.374336
302,19,2083.346305
303,6,5923.767516
303,7,4354.537559
303,8,3159.808109
303,9,2502.656300
303,10,2205.627187
303,13,2186.641413
303,14,2141.752809
303,16,2137.782832
303,18,2116.374336
303,19,2083.346305
304,6,5923.767516
304,7,4354.537559
304,8,3159.808109
304,9,2502.656300
304,10,2205.627187
304,13,2186.641413
304,14,2141.752809
304,16,2137.782832
304,18,2116.374336
304,19,2083.346305
305,6,5923.767516
305,7,4354.537559
305,8,3159.808109
305,9,2502.656300
305,10,2205.627187
305,13,2186.641413
305,14,2141.752809
305,16,2137.782832
305,18,2116.374336
305,19,2083.346305
306,6,5923.767516
306,7,4354.537559
306,8,3159.808109
306,9,2502.656300
306,10,2205.627187
306,13,2186.641413
306,14,2141.752809
306,16,2137.782832
306,18,2116.374336
306,19,2083.346305
307,6,5923.767516
307,7,4354.537559
307,8,3159.808109
307,9,2502.656300
307,10,2205.627187
307,13,2186.641413
307,14,2141.752809
307,16,2137.782832
307,18,2116.374336
307,19,2083.346305
308,6,5923.767516
308,7,4354.537559
308,8,3159.808109
308,9,2502.656300
308,10,2205.627187
308,13,2186.641413
308,14,2141.752809
308,16,2137.782832
308,18,2116.374336
308,19,2083.346305
309,6,5923.767516
309,7,4354.537559
309,8,3159.808109
309,9,2502.656300
309,10,2205.627187
309,13,2186.641413
309,14,2141.752809
309,16,2137.782832
309,18,2116.374336
309,19,2083.346305
310,6,5923.767516
310,7,4354.537559
310,8,3159.808109
310,9,2502.656300
310,10,2205.627187
310,13,2186.641413
310,14,2141.752809
310,16,2137.782832
310,18,2116.374336
310,19,2083.346305
311,6,5923.767516
311,7,4354.537559
311,8,3159.808109
311,9,2502.656300
311,10,2205.627187
311,13,2186.641413
311,14,2141.752809
311,16,2137.782832
311,18,2116.374336
311,19,2083.346305
312,6,5923.767516
312,7,4354.537559
312,8,3159.808109
312,9,2502.656300
312,10,2205.627187
312,13,2186.641413
312,14,2141.752809
312,16,2137.782832
312,18,2116.374336
312,19,2083.346305
313,6,5923.767516
313,7,4354.537559
313,8,3159.808109
313,9,2502.656300
313,10,2205.627187
313,13,2186.641413
313,14,2141.752809
313,16,2137.782832
313,18,2116.374336
313,19,2083.346305
314,6,5923.767516
314,7,4354.537559
314,8,3159.808109
314,9,2502.656300
314,10,2205.627187
314,13,2186.641413
314,14,2141.752809
314,16,2137.782832
314,18,2116.374336
314,19,2083.346305
315,6,5923.767516
315,7,4354.537559
315,8,3159.808109
315,9,2502.656300
315,10,2205.627187
315,13,2186.641413
315,14,2141.752809
315,16,2137.782832
315,18,2116.374336
315,19,2083.346305
316,6,5923.767516
316,7,4354.537559
316,8,3159.808109
316,9,2502.656300
316,10,2205.627187
316,13,2186.641413
316,14,2141.752809
316,16,2137.782832
316,18,2116.374336
316,19,2083.346305
317,6,5923.767516
317,7,4354.537559
317,8,3159.808109
317,9,2502.656300
317,10,2205.627187
317,13,2186.641413
317,14,2141.752809
317,16,2137.782832
317,17,2124.418273
317,18,2116.374336
317,19,2083.346305
318,6,5923.767516
318,7,4354.537559
318,8,3159.808109
318,9,2502.656300
318,10,2205.627187
318,13,2186.641413
318,14,2141.752809
318,16,2137.782832
318,17,2124.418273
318,18,2116.374336
318,19,2083.346305
319,6,5923.767516
319,7,4354.537559
319,8,3159.808109
319,9,2502.656300
319,10,2165.793010
319,14,2106.937598
319,19,2083.346305
320,6,5923.767516
320,7,4354.537559
320,8,3159.808109
320,9,2502.656300
320,10,2165.793010
320,14,2106.937598
320,19,2083.346305
321,6,5923.767516
321,7,4354.537559
321,8,3159.808109
321,9,2502.656300
321,10,2165.793010
321,14,2106.937598
321,19,2083.346305
322,6,5923.767516
322,7,4354.537559
322,8,3157.782931
322,9,2502.656300
322,10,2165.793010
322,14,2106.937598
322,19,2083.346305
323,6,5923.767516
323,7,4354.537559
323,8,3157.782931
323,9,2502.656300
323,10,2165.793010
323,14,2106.937598
323,19,2083.346305
324,6,5923.767516
324,7,4354.537559
324,8,3157.782931
324,9,2498.244311
324,10,2165.793010
324,14,2106.937598
324,19,2083.346305
325,6,5923.767516
325,7,4354.537559
325,8,3157.782931
325,9,2498.244311
325,10,2165.793010
325,14,2106.937598
325,19,2083.346305
326,6,5923.767516
326,7,4354.537559
326,8,3157.782931
326,9,2498.244311
326,10,2165.793010
326,14,2106.937598
326,19,2083.346305
327,6,5923.767516
327,7,4354.537559
327,8,3157.782931
327,9,2498.244311
327,10,2165.793010
327,14,2106.937598
327,19,2083.346305
