Iteration,NV,TOC
1,10,8661.382473
1,11,7035.152555
1,12,6036.471014
1,14,4826.178406
1,15,3645.838763
1,16,3494.758122
1,17,3364.153415
1,19,3080.042169
1,21,3065.308386
1,22,2962.605872
1,25,2950.509780
2,10,8661.382473
2,11,7035.152555
2,12,6036.471014
2,14,4826.178406
2,15,3645.838763
2,16,3494.758122
2,17,3364.153415
2,19,3080.042169
2,21,3065.308386
2,22,2962.605872
2,25,2950.509780
3,10,8661.382473
3,11,6883.345616
3,12,6036.471014
3,13,5859.778998
3,14,4826.178406
3,15,3645.838763
3,16,3494.758122
3,17,3364.153415
3,19,3080.042169
3,21,3065.308386
3,22,2962.605872
3,25,2950.509780
4,10,8661.382473
4,11,6883.345616
4,12,6036.471014
4,13,4590.637837
4,15,3645.838763
4,16,3494.758122
4,17,3364.153415
4,19,3080.042169
4,21,3065.308386
4,22,2962.605872
4,25,2950.509780
5,10,8661.382473
5,11,6883.345616
5,12,6036.471014
5,13,4590.637837
5,15,3645.838763
5,16,3494.758122
5,17,3364.153415
5,18,3335.822632
5,19,3080.042169
5,21,3065.308386
5,22,2962.605872
5,25,2950.509780
6,10,8661.382473
6,11,6883.345616
6,12,5260.739440
6,13,4590.637837
6,14,3974.597246
6,15,3645.838763
6,16,3494.758122
6,17,3364.153415
6,18,3335.822632
6,19,3080.042169
6,20,3055.618443
6,22,2962.605872
6,25,2950.509780
7,10,8661.382473
7,11,6729.730511
7,12,4912.333317
7,13,4590.637837
7,14,3969.504145
7,15,3645.838763
7,16,3368.025744
7,17,3364.153415
7,18,3335.822632
7,19,3080.042169
7,20,3055.618443
7,22,2962.605872
7,25,2950.509780
8,10,8203.564434
8,11,6729.730511
8,12,4912.333317
8,13,4590.637837
8,14,3969.504145
8,15,3645.838763
8,16,3368.025744
8,17,3364.153415
8,18,3335.822632
8,19,3080.042169
8,20,3055.618443
8,22,2962.605872
8,25,2950.509780
9,10,8095.784029
9,11,6729.730511
9,12,4912.333317
9,13,4590.637837
9,14,3902.321072
9,15,3645.838763
9,16,3368.025744
9,17,3364.153415
9,18,3305.938627
9,19,3080.042169
9,20,3055.618443
9,22,2962.605872
9,25,2950.509780
10,10,8095.784029
10,11,6729.730511
10,12,4912.333317
10,13,4534.713638
10,14,3902.321072
10,15,3645.838763
10,16,3368.025744
10,17,3257.044281
10,18,3242.956610
10,19,3080.042169
10,20,3055.618443
10,22,2962.605872
10,25,2950.509780
11,10,8095.784029
11,11,6181.159333
11,12,4722.015922
11,13,4534.713638
11,14,3902.321072
11,15,3645.838763
11,16,3368.025744
11,17,3257.044281
11,18,3242.956610
11,19,3080.042169
11,20,3055.618443
11,22,2962.605872
11,25,2950.509780
12,10,8095.784029
12,11,6181.159333
12,12,4722.015922
12,13,3966.190597
12,14,3902.321072
12,15,3645.838763
12,16,3257.335517
12,17,3257.044281
12,18,3172.702834
12,19,3080.042169
12,20,3055.618443
12,22,2962.605872
12,25,2950.509780
12,26,2935.986719
13,10,7821.708335
13,11,5565.195524
13,12,4722.015922
13,13,3966.190597
13,14,3902.321072
13,15,3645.838763
13,16,3257.335517
13,17,3160.385993
13,19,3080.042169
13,20,3055.618443
13,22,2962.605872
13,25,2950.509780
13,26,2935.986719
14,10,7690.986309
14,11,5496.711418
14,12,4722.015922
14,13,3966.190597
14,14,3880.433134
14,15,3645.838763
14,16,3257.335517
14,17,3085.997853
14,19,3080.042169
14,20,3055.618443
14,22,2962.605872
14,25,2950.509780
14,26,2935.986719
15,10,7690.986309
15,11,5496.711418
15,12,4722.015922
15,13,3966.190597
15,14,3702.192507
15,15,3645.838763
15,16,3257.335517
15,17,3085.997853
15,19,3080.042169
15,20,3055.618443
15,22,2962.605872
15,25,2950.509780
15,26,2935.986719
16,10,7690.986309
16,11,5496.711418
16,12,4722.015922
16,13,3966.190597
16,14,3702.192507
16,15,3645.838763
16,16,3257.335517
16,17,3085.997853
16,19,3080.042169
16,20,3055.618443
16,22,2962.605872
16,25,2950.509780
16,26,2933.445251
17,10,7690.986309
17,11,5496.711418
17,12,4722.015922
17,13,3966.190597
17,14,3702.192507
17,15,3638.313373
17,16,3257.335517
17,17,3085.997853
17,19,3080.042169
17,20,2998.998317
17,22,2962.605872
17,25,2950.509780
17,26,2933.445251
18,10,7690.986309
18,11,5496.711418
18,12,4722.015922
18,13,3925.055536
18,14,3626.304328
18,15,3398.029314
18,16,3257.335517
18,17,3085.997853
18,19,3080.042169
18,20,2998.998317
18,22,2962.605872
18,25,2950.509780
18,26,2933.445251
19,10,7261.801655
19,11,5496.711418
19,12,4722.015922
19,13,3925.055536
19,14,3626.304328
19,15,3398.029314
19,16,3257.335517
19,17,3085.997853
19,19,3080.042169
19,20,2998.998317
19,22,2962.605872
19,25,2950.509780
19,26,2933.445251
20,10,7261.801655
20,11,5496.711418
20,12,4722.015922
20,13,3925.055536
20,14,3626.304328
20,15,3398.029314
20,16,3257.335517
20,17,3085.997853
20,19,3080.042169
20,20,2998.998317
20,22,2962.605872
20,24,2960.308609
20,25,2950.509780
20,26,2933.445251
21,10,7261.801655
21,11,5496.711418
21,12,4722.015922
21,13,3925.055536
21,14,3626.304328
21,15,3398.029314
21,16,3257.335517
21,17,3085.997853
21,18,3040.489098
21,20,2998.998317
21,22,2962.605872
21,24,2960.308609
21,25,2950.509780
21,26,2933.445251
22,10,7261.801655
22,11,5434.187789
22,12,4722.015922
22,13,3925.055536
22,14,3626.304328
22,15,3398.029314
22,16,3243.004133
22,17,3085.997853
22,18,3040.489098
22,20,2998.998317
22,22,2961.523116
22,24,2960.308609
22,25,2950.509780
22,26,2933.445251
23,10,7261.801655
23,11,5434.187789
23,12,4722.015922
23,13,3925.055536
23,14,3626.304328
23,15,3398.029314
23,16,3243.004133
23,17,3085.997853
23,18,3040.489098
23,20,2998.998317
23,21,2950.081167
23,22,2938.467712
23,26,2933.445251
24,10,7126.562727
24,11,5434.187789
24,12,4722.015922
24,13,3925.055536
24,14,3608.190769
24,15,3193.369754
24,17,3085.997853
24,18,3040.489098
24,20,2998.998317
24,21,2950.081167
24,22,2938.467712
24,26,2933.445251
25,10,7126.562727
25,11,5434.187789
25,12,4683.338734
25,13,3925.055536
25,14,3608.190769
25,15,3193.369754
25,17,3085.997853
25,18,3040.489098
25,20,2998.998317
25,21,2950.081167
25,22,2938.467712
25,26,2933.445251
26,10,7126.562727
26,11,5434.187789
26,12,4683.338734
26,13,3925.055536
26,14,3608.190769
26,15,3193.369754
26,16,3187.979563
26,17,3085.997853
26,18,3040.489098
26,19,3023.509635
26,20,2998.998317
26,21,2950.081167
26,22,2925.428599
27,10,7126.562727
27,11,5434.187789
27,12,4683.338734
27,13,3925.055536
27,14,3608.190769
27,15,3193.369754
27,16,3187.979563
27,17,3085.997853
27,18,3040.489098
27,19,3023.509635
27,20,2998.998317
27,21,2886.448364
28,10,7126.562727
28,11,5434.187789
28,12,4683.338734
28,13,3925.055536
28,14,3608.190769
28,15,3193.369754
28,16,3097.608204
28,17,3085.997853
28,18,2994.246899
28,21,2886.448364
29,10,7126.562727
29,11,5434.187789
29,12,4662.708127
29,13,3925.055536
29,14,3608.190769
29,15,3193.369754
29,16,3097.608204
29,17,3085.997853
29,18,2994.246899
29,20,2952.433855
29,21,2886.448364
30,10,7126.562727
30,11,5434.187789
30,12,4662.708127
30,13,3840.305381
30,14,3604.881209
30,15,3193.369754
30,16,3097.608204
30,17,3085.997853
30,18,2994.246899
30,20,2926.582897
30,21,2886.448364
31,10,7126.562727
31,11,5434.187789
31,12,4662.708127
31,13,3828.626244
31,14,3604.881209
31,15,3193.369754
31,16,3097.608204
31,17,3085.997853
31,18,2971.915136
31,20,2925.978953
31,21,2886.448364
32,10,7126.562727
32,11,5434.187789
32,12,4530.916940
32,13,3828.626244
32,14,3604.881209
32,15,3193.369754
32,16,3097.608204
32,17,3085.997853
32,18,2971.915136
32,20,2925.978953
32,21,2886.448364
33,10,7051.643008
33,11,5434.187789
33,12,4530.916940
33,13,3828.626244
33,14,3604.881209
33,15,3193.369754
33,16,3063.716205
33,17,2914.474627
33,21,2886.448364
34,10,7051.643008
34,11,5434.187789
34,12,4530.916940
34,13,3828.626244
34,14,3604.881209
34,15,3193.369754
34,16,3063.716205
34,17,2914.474627
34,20,2832.711336
35,10,7051.643008
35,11,5434.187789
35,12,4530.916940
35,13,3828.626244
35,14,3478.180118
35,15,3193.369754
35,16,3063.716205
35,17,2914.474627
35,20,2832.711336
36,10,7051.643008
36,11,5434.187789
36,12,4530.916940
36,13,3828.626244
36,14,3478.180118
36,15,3193.369754
36,16,3063.716205
36,17,2914.474627
36,20,2832.711336
37,10,7051.643008
37,11,5434.187789
37,12,4530.916940
37,13,3828.626244
37,14,3478.180118
37,15,3193.369754
37,16,3063.716205
37,17,2914.474627
37,20,2832.711336
38,10,7051.643008
38,11,5339.401967
38,12,4530.916940
38,13,3819.902255
38,14,3478.180118
38,15,3193.369754
38,16,3063.716205
38,17,2914.474627
38,20,2832.711336
39,10,6970.334097
39,11,5339.401967
39,12,4530.916940
39,13,3801.690739
39,14,3478.180118
39,15,3193.369754
39,16,3063.716205
39,17,2914.474627
39,20,2832.711336
40,10,6970.334097
40,11,5339.401967
40,12,4530.916940
40,13,3801.690739
40,14,3390.724154
40,15,3193.369754
40,16,3063.716205
40,17,2914.474627
40,20,2832.711336
41,10,6970.334097
41,11,5339.401967
41,12,4530.916940
41,13,3801.690739
41,14,3390.724154
41,15,3193.369754
41,16,3063.716205
41,17,2914.474627
41,20,2832.711336
42,10,6970.334097
42,11,4989.657980
42,12,4530.916940
42,13,3801.690739
42,14,3390.724154
42,15,3193.369754
42,16,3063.716205
42,17,2914.474627
42,19,2890.626883
42,20,2832.711336
43,10,6970.334097
43,11,4989.657980
43,12,4530.916940
43,13,3801.690739
43,14,3390.724154
43,15,3193.369754
43,16,3063.716205
43,17,2914.474627
43,19,2836.493953
43,20,2832.711336
43,25,2811.209120
44,10,6970.334097
44,11,4989.657980
44,12,4530.916940
44,13,3801.690739
44,14,3390.724154
44,15,3193.369754
44,16,3063.716205
44,17,2914.474627
44,19,2836.493953
44,20,2761.028273
45,10,5709.047729
45,11,4989.657980
45,12,4530.916940
45,13,3801.690739
45,14,3390.724154
45,15,3193.369754
45,16,3063.716205
45,17,2914.474627
45,19,2836.493953
45,20,2761.028273
46,10,5709.047729
46,11,4989.657980
46,12,4370.549156
46,13,3801.690739
46,14,3390.724154
46,15,3193.369754
46,16,3063.716205
46,17,2914.474627
46,19,2836.493953
46,20,2761.028273
47,10,5709.047729
47,11,4989.657980
47,12,4370.549156
47,13,3801.690739
47,14,3390.724154
47,15,3193.369754
47,16,3010.443035
47,17,2914.474627
47,19,2836.493953
47,20,2761.028273
48,10,5709.047729
48,11,4989.657980
48,12,4370.549156
48,13,3801.690739
48,14,3390.724154
48,15,3193.369754
48,16,3010.443035
48,17,2914.474627
48,19,2836.493953
48,20,2761.028273
49,10,5709.047729
49,11,4989.657980
49,12,4370.549156
49,13,3801.690739
49,14,3390.724154
49,15,3193.369754
49,16,3010.443035
49,17,2914.474627
49,19,2836.493953
49,20,2761.028273
50,10,5709.047729
50,11,4989.657980
50,12,4370.549156
50,13,3801.690739
50,14,3373.555578
50,15,3193.369754
50,16,3010.443035
50,17,2914.474627
50,19,2836.493953
50,20,2761.028273
51,10,5709.047729
51,11,4989.657980
51,12,4370.549156
51,13,3801.690739
51,14,3373.555578
51,15,3193.369754
51,16,3010.443035
51,17,2914.474627
51,19,2836.493953
51,20,2761.028273
52,10,5709.047729
52,11,4989.657980
52,12,4370.549156
52,13,3801.690739
52,14,3370.367415
52,15,3193.369754
52,16,3010.443035
52,17,2914.474627
52,18,2873.322214
52,19,2836.493953
52,20,2761.028273
53,10,5709.047729
53,11,4989.657980
53,12,4370.549156
53,13,3290.218139
53,15,3193.369754
53,16,3010.443035
53,17,2914.474627
53,18,2873.322214
53,19,2801.836245
53,20,2761.028273
54,10,5709.047729
54,11,4989.657980
54,12,4334.652502
54,13,3290.218139
54,15,3115.173661
54,16,3010.443035
54,17,2914.474627
54,18,2829.324776
54,19,2801.836245
54,20,2761.028273
55,10,5709.047729
55,11,4664.091261
55,12,4334.652502
55,13,3290.218139
55,15,3115.173661
55,16,3010.443035
55,17,2914.474627
55,18,2829.324776
55,19,2801.836245
55,20,2761.028273
56,10,5709.047729
56,11,4664.091261
56,12,4334.652502
56,13,3290.218139
56,15,3115.173661
56,16,3010.443035
56,17,2914.474627
56,18,2829.324776
56,19,2801.836245
56,20,2761.028273
57,10,5709.047729
57,11,4664.091261
57,12,4334.652502
57,13,3290.218139
57,15,3115.173661
57,16,3010.443035
57,17,2914.474627
57,18,2829.324776
57,19,2801.836245
57,20,2761.028273
58,10,5709.047729
58,11,4402.691869
58,12,4334.652502
58,13,3290.218139
58,15,3115.173661
58,16,2904.078722
58,18,2829.324776
58,19,2705.906974
59,10,5709.047729
59,11,4402.691869
59,12,4334.652502
59,13,3290.218139
59,15,3115.173661
59,16,2904.078722
59,18,2829.324776
59,19,2705.906974
60,10,5709.047729
60,11,4402.691869
60,12,4334.652502
60,13,3290.218139
60,15,3115.173661
60,16,2904.078722
60,18,2829.324776
60,19,2705.906974
61,10,5709.047729
61,11,4402.691869
61,12,4243.025975
61,13,3290.218139
61,15,3115.173661
61,16,2904.078722
61,18,2829.324776
61,19,2705.906974
62,10,5709.047729
62,11,4402.691869
62,12,4210.092110
62,13,3290.218139
62,15,3115.173661
62,16,2904.078722
62,18,2829.324776
62,19,2705.906974
63,10,5709.047729
63,11,4402.691869
63,12,4210.092110
63,13,3290.218139
63,15,3115.173661
63,16,2904.078722
63,18,2829.324776
63,19,2705.906974
64,10,5709.047729
64,11,4402.691869
64,12,4210.092110
64,13,3290.218139
64,15,3115.173661
64,16,2904.078722
64,18,2829.324776
64,19,2705.906974
65,10,5709.047729
65,11,4402.691869
65,12,3980.053149
65,13,3290.218139
65,15,3115.173661
65,16,2904.078722
65,18,2829.324776
65,19,2705.906974
66,10,5709.047729
66,11,4402.691869
66,12,3603.631867
66,13,3290.218139
66,14,3267.734224
66,15,3115.173661
66,16,2904.078722
66,18,2829.324776
66,19,2705.906974
67,10,5709.047729
67,11,4402.691869
67,12,3603.631867
67,13,3290.218139
67,14,3267.734224
67,15,3115.173661
67,16,2904.078722
67,18,2829.324776
67,19,2705.906974
68,10,5709.047729
68,11,4402.691869
68,12,3603.631867
68,13,3290.218139
68,14,3267.734224
68,15,3115.173661
68,16,2904.078722
68,18,2829.324776
68,19,2703.954281
69,10,5709.047729
69,11,4402.691869
69,12,3603.631867
69,13,3290.218139
69,14,3267.734224
69,15,3115.173661
69,16,2904.078722
69,18,2829.324776
69,19,2703.954281
70,10,5709.047729
70,11,4402.691869
70,12,3603.631867
70,13,3290.218139
70,14,3267.734224
70,15,3115.173661
70,16,2904.078722
70,18,2829.324776
70,19,2703.954281
71,10,5709.047729
71,11,4402.691869
71,12,3603.631867
71,13,3290.218139
71,14,3267.734224
71,15,3115.173661
71,16,2904.078722
71,17,2756.677901
71,19,2703.954281
72,10,5586.438831
72,11,4402.691869
72,12,3603.631867
72,13,3290.218139
72,14,3267.734224
72,15,3115.173661
72,16,2904.078722
72,17,2756.677901
72,19,2703.954281
73,9,7470.304549
73,10,5586.438831
73,11,4096.308780
73,12,3477.199737
73,13,3290.218139
73,14,3267.734224
73,15,3115.173661
73,16,2904.078722
73,17,2756.677901
73,19,2703.954281
74,9,7470.304549
74,10,5586.438831
74,11,4096.308780
74,12,3477.199737
74,13,3290.218139
74,14,3267.734224
74,15,3115.173661
74,16,2904.078722
74,17,2756.677901
74,19,2703.954281
75,9,7470.304549
75,10,5586.438831
75,11,4096.308780
75,12,3477.199737
75,13,3290.218139
75,14,3267.734224
75,15,3115.173661
75,16,2904.078722
75,17,2756.677901
75,19,2703.954281
76,9,7300.857129
76,10,5586.438831
76,11,4096.308780
76,12,3477.199737
76,13,3290.218139
76,14,3267.734224
76,15,3115.173661
76,16,2904.078722
76,17,2756.677901
76,19,2703.954281
77,9,7300.857129
77,10,5586.438831
77,11,4096.308780
77,12,3477.199737
77,13,3290.218139
77,14,3211.463360
77,15,3115.173661
77,16,2904.078722
77,17,2756.677901
77,19,2703.954281
78,9,7300.857129
78,10,5586.438831
78,11,4096.308780
78,12,3477.199737
78,13,3290.218139
78,14,3211.463360
78,15,2894.655586
78,17,2756.677901
78,19,2703.954281
79,9,7300.857129
79,10,5523.778600
79,11,4096.308780
79,12,3477.199737
79,13,3290.218139
79,14,3211.463360
79,15,2894.655586
79,17,2756.677901
79,19,2703.954281
80,9,7300.857129
80,10,5523.778600
80,11,4096.308780
80,12,3477.199737
80,13,3290.218139
80,14,3211.463360
80,15,2894.655586
80,16,2855.597708
80,17,2756.677901
80,19,2703.954281
81,9,7300.857129
81,10,5523.778600
81,11,4096.308780
81,12,3477.199737
81,13,3290.218139
81,14,3211.463360
81,15,2894.655586
81,16,2855.597708
81,17,2756.677901
81,19,2703.954281
82,9,6602.323421
82,10,5523.778600
82,11,4096.308780
82,12,3477.199737
82,13,3290.218139
82,14,3211.463360
82,15,2894.655586
82,16,2855.597708
82,17,2756.677901
82,19,2703.954281
83,9,6602.323421
83,10,5523.778600
83,11,3857.068832
83,12,3477.199737
83,13,3290.218139
83,14,3211.463360
83,15,2894.655586
83,16,2855.597708
83,17,2756.677901
83,19,2703.954281
83,22,2702.253876
84,9,6602.323421
84,10,5523.778600
84,11,3857.068832
84,12,3477.199737
84,13,3290.218139
84,14,3211.463360
84,15,2894.655586
84,16,2855.597708
84,17,2747.863960
84,19,2703.954281
84,22,2702.253876
85,9,6602.323421
85,10,5523.778600
85,11,3857.068832
85,12,3477.199737
85,13,3290.218139
85,14,3132.745849
85,15,2894.655586
85,16,2855.597708
85,17,2747.863960
85,19,2703.954281
85,22,2700.853690
86,9,6602.323421
86,10,5523.778600
86,11,3857.068832
86,12,3477.199737
86,13,3290.218139
86,14,3132.745849
86,15,2894.655586
86,16,2855.597708
86,17,2747.863960
86,19,2703.954281
86,22,2700.853690
87,9,6602.323421
87,10,5523.778600
87,11,3857.068832
87,12,3477.199737
87,13,3290.218139
87,14,3132.745849
87,15,2894.655586
87,16,2855.597708
87,17,2747.863960
87,19,2703.954281
87,22,2700.853690
88,9,6602.323421
88,10,5055.038260
88,11,3857.068832
88,12,3477.199737
88,13,3290.218139
88,14,3132.745849
88,15,2894.655586
88,16,2789.590936
88,17,2747.863960
88,19,2703.954281
88,21,2694.345501
89,9,6602.323421
89,10,5055.038260
89,11,3857.068832
89,12,3477.199737
89,13,3290.218139
89,14,3132.745849
89,15,2894.655586
89,16,2789.590936
89,17,2747.863960
89,19,2703.954281
89,21,2694.345501
90,9,6602.323421
90,10,5055.038260
90,11,3857.068832
90,12,3477.199737
90,13,3268.645156
90,14,3132.745849
90,15,2894.655586
90,16,2789.590936
90,17,2747.863960
90,19,2703.954281
90,21,2694.345501
91,9,6602.323421
91,10,5055.038260
91,11,3857.068832
91,12,3477.199737
91,13,3268.645156
91,14,3132.745849
91,15,2894.655586
91,16,2789.590936
91,17,2747.863960
91,19,2703.954281
91,21,2694.345501
92,9,6602.323421
92,10,5055.038260
92,11,3857.068832
92,12,3477.199737
92,13,3198.935895
92,14,3132.745849
92,15,2894.655586
92,16,2789.590936
92,17,2747.863960
92,19,2703.954281
92,21,2694.345501
93,9,6602.323421
93,10,5055.038260
93,11,3636.071094
93,12,3477.199737
93,13,3198.935895
93,14,3132.745849
93,15,2894.655586
93,16,2789.590936
93,17,2747.863960
93,19,2703.954281
93,21,2694.345501
94,9,6572.369049
94,10,5055.038260
94,11,3636.071094
94,12,3477.199737
94,13,3198.935895
94,14,3132.745849
94,15,2894.655586
94,16,2789.590936
94,17,2747.863960
94,19,2703.954281
94,21,2694.345501
95,9,6572.369049
95,10,5055.038260
95,11,3636.071094
95,12,3436.956934
95,13,3198.935895
95,14,3132.745849
95,15,2894.655586
95,16,2789.590936
95,17,2747.863960
95,19,2703.954281
95,21,2694.345501
95,23,2644.599268
96,9,6572.369049
96,10,4710.400513
96,11,3636.071094
96,12,3436.956934
96,13,3198.935895
96,14,3132.745849
96,15,2894.655586
96,16,2789.590936
96,17,2747.863960
96,19,2703.954281
96,21,2662.222674
96,23,2644.599268
97,9,6572.369049
97,10,4710.400513
97,11,3636.071094
97,12,3436.956934
97,13,3198.935895
97,14,3104.920560
97,15,2894.655586
97,16,2789.590936
97,17,2747.863960
97,19,2703.954281
97,21,2662.222674
97,23,2644.599268
98,9,6572.369049
98,10,4710.400513
98,11,3636.071094
98,12,3246.144362
98,13,3046.064305
98,15,2894.655586
98,16,2789.590936
98,17,2747.863960
98,19,2703.954281
98,21,2662.222674
98,23,2644.599268
99,9,6572.369049
99,10,4710.400513
99,11,3636.071094
99,12,3246.144362
99,13,3046.064305
99,15,2894.655586
99,16,2789.590936
99,17,2747.863960
99,19,2703.954281
99,21,2662.222674
99,22,2661.088201
99,23,2644.599268
100,9,6572.369049
100,10,4710.400513
100,11,3636.071094
100,12,3246.144362
100,13,3046.064305
100,15,2894.655586
100,16,2789.590936
100,17,2747.863960
100,19,2703.954281
100,21,2662.222674
100,22,2661.088201
100,23,2644.599268
101,9,6572.369049
101,10,4710.400513
101,11,3636.071094
101,12,3246.144362
101,13,3046.064305
101,15,2894.655586
101,16,2789.590936
101,17,2747.863960
101,19,2703.954281
101,21,2662.222674
101,22,2661.088201
101,23,2644.599268
102,9,6572.369049
102,10,4710.400513
102,11,3636.071094
102,12,3246.144362
102,13,3046.064305
102,14,2987.493224
102,15,2894.655586
102,16,2789.590936
102,17,2747.863960
102,19,2703.954281
102,21,2662.222674
102,22,2661.088201
102,23,2644.599268
103,9,6572.369049
103,10,4710.400513
103,11,3636.071094
103,12,3246.144362
103,13,3046.064305
103,14,2987.493224
103,15,2894.655586
103,16,2789.590936
103,17,2747.863960
103,19,2703.954281
103,21,2662.222674
103,22,2661.088201
103,23,2644.599268
104,9,6572.369049
104,10,4710.400513
104,11,3636.071094
104,12,3246.144362
104,13,3046.064305
104,14,2987.493224
104,15,2847.335869
104,16,2789.590936
104,17,2747.863960
104,19,2703.954281
104,21,2662.222674
104,22,2661.088201
104,23,2644.599268
105,9,6572.369049
105,10,4710.400513
105,11,3636.071094
105,12,3246.144362
105,13,3046.064305
105,14,2987.493224
105,15,2847.335869
105,16,2789.590936
105,17,2747.863960
105,19,2703.954281
105,21,2662.222674
105,22,2661.088201
105,23,2644.599268
106,9,6572.369049
106,10,4710.400513
106,11,3636.071094
106,12,3246.144362
106,13,3046.064305
106,14,2987.493224
106,15,2847.335869
106,16,2789.590936
106,17,2747.863960
106,19,2703.954281
106,21,2662.222674
106,22,2661.088201
106,23,2644.599268
107,9,6292.970298
107,10,4710.400513
107,11,3636.071094
107,12,3246.144362
107,13,3046.064305
107,14,2987.493224
107,15,2847.335869
107,16,2789.590936
107,17,2747.863960
107,19,2703.954281
107,21,2662.222674
107,22,2661.088201
107,23,2644.599268
108,9,6292.970298
108,10,4710.400513
108,11,3636.071094
108,12,3246.144362
108,13,3046.064305
108,14,2987.493224
108,15,2847.335869
108,16,2789.590936
108,17,2747.863960
108,19,2703.954281
108,20,2639.815977
109,9,6292.970298
109,10,4710.400513
109,11,3636.071094
109,12,3246.144362
109,13,3046.064305
109,14,2987.493224
109,15,2847.335869
109,16,2789.590936
109,17,2747.863960
109,19,2703.954281
109,20,2639.815977
110,9,6292.970298
110,10,4710.400513
110,11,3636.071094
110,12,3246.144362
110,13,3046.064305
110,14,2987.493224
110,15,2847.335869
110,16,2789.590936
110,17,2747.863960
110,19,2703.954281
110,20,2639.815977
111,9,6292.970298
111,10,4710.400513
111,11,3636.071094
111,12,3246.144362
111,13,3046.064305
111,14,2987.493224
111,15,2847.335869
111,16,2789.590936
111,17,2747.863960
111,19,2703.954281
111,20,2639.815977
112,9,6292.970298
112,10,4710.400513
112,11,3636.071094
112,12,3246.144362
112,13,3046.064305
112,14,2950.960221
112,15,2847.335869
112,16,2789.590936
112,17,2747.863960
112,19,2703.954281
112,20,2639.815977
113,9,6292.970298
113,10,4710.400513
113,11,3636.071094
113,12,3246.144362
113,13,3046.064305
113,14,2950.960221
113,15,2847.335869
113,16,2789.590936
113,17,2747.863960
113,19,2703.954281
113,20,2639.815977
114,9,6292.970298
114,10,4710.400513
114,11,3636.071094
114,12,3246.144362
114,13,3046.064305
114,14,2950.960221
114,15,2847.335869
114,16,2789.590936
114,17,2747.863960
114,19,2703.954281
114,20,2639.815977
115,9,6292.970298
115,10,4710.400513
115,11,3636.071094
115,12,3246.144362
115,13,3046.064305
115,14,2950.960221
115,15,2847.335869
115,16,2789.590936
115,17,2747.863960
115,19,2703.954281
115,20,2639.815977
116,9,6292.970298
116,10,4710.400513
116,11,3636.071094
116,12,3246.144362
116,13,3046.064305
116,14,2950.960221
116,15,2847.335869
116,16,2789.590936
116,17,2747.863960
116,18,2684.951807
116,20,2639.815977
117,9,6292.970298
117,10,4710.400513
117,11,3636.071094
117,12,3246.144362
117,13,3046.064305
117,14,2950.960221
117,15,2847.335869
117,16,2789.590936
117,17,2747.863960
117,18,2684.951807
117,20,2639.815977
118,9,6292.970298
118,10,4710.400513
118,11,3636.071094
118,12,3246.144362
118,13,3046.064305
118,14,2806.032236
118,15,2780.302706
118,16,2720.470743
118,18,2684.951807
118,20,2593.336114
119,9,6292.970298
119,10,4710.400513
119,11,3636.071094
119,12,3246.144362
119,13,3046.064305
119,14,2806.032236
119,15,2780.302706
119,16,2720.470743
119,18,2684.951807
119,20,2593.336114
120,9,6292.970298
120,10,4710.400513
120,11,3636.071094
120,12,3246.144362
120,13,3046.064305
120,14,2806.032236
120,15,2780.302706
120,16,2720.470743
120,18,2684.951807
120,20,2593.336114
121,9,6292.970298
121,10,4710.400513
121,11,3636.071094
121,12,3246.144362
121,13,3046.064305
121,14,2806.032236
121,15,2780.302706
121,16,2720.470743
121,18,2684.951807
121,20,2593.336114
122,9,6224.798828
122,10,4710.400513
122,11,3636.071094
122,12,3246.144362
122,13,3046.064305
122,14,2806.032236
122,15,2780.302706
122,16,2720.470743
122,18,2684.951807
122,20,2593.336114
123,9,6224.798828
123,10,4598.651151
123,11,3636.071094
123,12,3246.144362
123,13,3046.064305
123,14,2806.032236
123,15,2780.302706
123,16,2720.470743
123,18,2684.951807
123,20,2593.336114
124,9,6224.798828
124,10,4598.651151
124,11,3636.071094
124,12,3246.144362
124,13,3046.064305
124,14,2806.032236
124,15,2780.302706
124,16,2720.470743
124,18,2684.951807
124,19,2663.566677
124,20,2593.336114
125,9,6224.798828
125,10,4598.651151
125,11,3636.071094
125,12,3246.144362
125,13,3046.064305
125,14,2806.032236
125,15,2780.302706
125,16,2720.470743
125,18,2684.951807
125,19,2663.566677
125,20,2593.336114
126,9,6224.798828
126,10,4578.556990
126,11,3636.071094
126,12,3246.144362
126,13,3046.064305
126,14,2806.032236
126,15,2780.302706
126,16,2720.470743
126,18,2684.951807
126,19,2663.566677
126,20,2593.336114
127,9,6224.798828
127,10,4578.556990
127,11,3636.071094
127,12,3246.144362
127,13,3046.064305
127,14,2806.032236
127,15,2780.302706
127,16,2720.470743
127,18,2684.951807
127,19,2663.566677
127,20,2593.336114
128,9,6182.091177
128,10,4400.449232
128,11,3636.071094
128,12,3246.144362
128,13,3046.064305
128,14,2806.032236
128,15,2687.413652
128,18,2573.157009
129,9,6182.091177
129,10,4227.705742
129,11,3636.071094
129,12,3246.144362
129,13,3046.064305
129,14,2806.032236
129,15,2687.413652
129,18,2573.157009
130,9,6125.860024
130,10,4227.705742
130,11,3636.071094
130,12,3246.144362
130,13,3046.064305
130,14,2806.032236
130,15,2687.413652
130,18,2573.157009
131,9,6125.860024
131,10,4227.705742
131,11,3636.071094
131,12,3246.144362
131,13,3046.064305
131,14,2806.032236
131,15,2687.413652
131,18,2573.157009
132,9,6125.860024
132,10,4227.705742
132,11,3636.071094
132,12,3246.144362
132,13,3046.064305
132,14,2806.032236
132,15,2687.413652
132,18,2573.157009
133,9,6125.860024
133,10,4227.705742
133,11,3636.071094
133,12,3246.144362
133,13,3046.064305
133,14,2806.032236
133,15,2687.413652
133,18,2573.157009
134,9,6125.860024
134,10,4227.705742
134,11,3636.071094
134,12,3246.144362
134,13,2989.713859
134,14,2806.032236
134,15,2687.413652
134,18,2573.157009
135,9,6125.860024
135,10,4227.705742
135,11,3636.071094
135,12,3246.144362
135,13,2989.713859
135,14,2806.032236
135,15,2687.413652
135,18,2573.157009
136,9,5968.077644
136,10,4227.705742
136,11,3636.071094
136,12,3246.144362
136,13,2989.713859
136,14,2806.032236
136,15,2687.413652
136,18,2573.157009
137,9,5968.077644
137,10,4227.705742
137,11,3636.071094
137,12,3246.144362
137,13,2989.713859
137,14,2806.032236
137,15,2687.413652
137,18,2573.157009
138,9,5968.077644
138,10,4227.705742
138,11,3636.071094
138,12,3246.144362
138,13,2989.713859
138,14,2806.032236
138,15,2655.565631
138,17,2491.244431
139,9,5968.077644
139,10,4227.705742
139,11,3636.071094
139,12,3177.972359
139,13,2989.713859
139,14,2806.032236
139,15,2655.565631
139,17,2491.244431
140,9,5968.077644
140,10,4227.705742
140,11,3636.071094
140,12,3177.972359
140,13,2989.713859
140,14,2806.032236
140,15,2655.565631
140,17,2491.244431
141,9,5968.077644
141,10,4227.705742
141,11,3636.071094
141,12,3177.972359
141,13,2989.713859
141,14,2806.032236
141,15,2655.565631
141,17,2491.244431
142,9,5874.017773
142,10,4227.705742
142,11,3636.071094
142,12,3177.972359
142,13,2989.713859
142,14,2806.032236
142,15,2655.565631
142,17,2491.244431
143,9,5874.017773
143,10,4227.705742
143,11,3044.335805
143,13,2981.860811
143,14,2806.032236
143,15,2655.565631
143,17,2491.244431
144,9,5874.017773
144,10,4227.705742
144,11,3044.335805
144,13,2981.860811
144,14,2806.032236
144,15,2655.565631
144,17,2491.244431
145,9,5874.017773
145,10,4227.705742
145,11,3044.335805
145,13,2981.860811
145,14,2806.032236
145,15,2655.565631
145,17,2491.244431
146,9,5874.017773
146,10,4227.705742
146,11,3044.335805
146,13,2981.860811
146,14,2806.032236
146,15,2655.565631
146,17,2491.244431
147,9,5874.017773
147,10,4227.705742
147,11,3044.335805
147,13,2981.860811
147,14,2806.032236
147,15,2655.565631
147,17,2491.244431
148,9,5874.017773
148,10,4227.705742
148,11,2987.056092
148,13,2981.860811
148,14,2806.032236
148,15,2655.565631
148,16,2467.559239
149,9,5874.017773
149,10,4227.705742
149,11,2987.056092
149,13,2981.860811
149,14,2806.032236
149,15,2655.565631
149,16,2467.559239
150,9,5874.017773
150,10,4227.705742
150,11,2987.056092
150,13,2981.860811
150,14,2806.032236
150,15,2655.565631
150,16,2467.559239
151,8,10088.829689
151,9,5874.017773
151,10,4227.705742
151,11,2987.056092
151,13,2981.860811
151,14,2806.032236
151,15,2655.565631
151,16,2467.559239
152,8,10088.829689
152,9,5874.017773
152,10,4204.729248
152,11,2987.056092
152,13,2981.860811
152,14,2806.032236
152,15,2655.565631
152,16,2467.559239
153,8,10088.829689
153,9,5874.017773
153,10,4204.729248
153,11,2987.056092
153,13,2981.860811
153,14,2724.101359
153,15,2655.565631
153,16,2467.559239
154,8,10088.829689
154,9,5874.017773
154,10,4204.729248
154,11,2987.056092
154,13,2981.860811
154,14,2724.101359
154,15,2655.565631
154,16,2467.559239
155,8,10088.829689
155,9,5874.017773
155,10,4204.729248
155,11,2987.056092
155,13,2981.860811
155,14,2724.101359
155,15,2655.565631
155,16,2467.559239
156,8,10088.829689
156,9,5709.393225
156,10,4204.729248
156,11,2987.056092
156,13,2981.860811
156,14,2724.101359
156,15,2655.565631
156,16,2467.559239
157,8,10088.829689
157,9,5709.393225
157,10,4204.729248
157,11,2987.056092
157,13,2981.860811
157,14,2724.101359
157,15,2655.565631
157,16,2467.559239
158,8,10088.829689
158,9,5709.393225
158,10,4204.729248
158,11,2987.056092
158,13,2981.860811
158,14,2724.101359
158,15,2655.565631
158,16,2467.559239
159,8,10088.829689
159,9,5709.393225
159,10,4204.729248
159,11,2987.056092
159,13,2981.860811
159,14,2724.101359
159,15,2655.565631
159,16,2467.559239
160,8,9576.495876
160,9,5709.393225
160,10,4204.729248
160,11,2987.056092
160,13,2981.860811
160,14,2724.101359
160,15,2655.565631
160,16,2467.559239
161,8,9576.495876
161,9,5709.393225
161,10,4204.729248
161,11,2987.056092
161,13,2981.860811
161,14,2724.101359
161,15,2655.565631
161,16,2467.559239
162,8,9576.495876
162,9,5709.393225
162,10,4204.729248
162,11,2987.056092
162,13,2981.860811
162,14,2724.101359
162,15,2655.565631
162,16,2467.559239
163,8,9062.825768
163,9,5709.393225
163,10,4204.729248
163,11,2987.056092
163,13,2981.860811
163,14,2724.101359
163,15,2655.565631
163,16,2467.559239
164,8,9062.825768
164,9,5709.393225
164,10,4204.729248
164,11,2987.056092
164,13,2981.860811
164,14,2724.101359
164,15,2655.565631
164,16,2467.559239
165,8,9062.825768
165,9,5709.393225
165,10,4204.729248
165,11,2987.056092
165,13,2981.860811
165,14,2724.101359
165,15,2655.565631
165,16,2467.559239
166,8,9062.825768
166,9,5709.393225
166,10,4204.729248
166,11,2987.056092
166,13,2981.860811
166,14,2724.101359
166,15,2655.565631
166,16,2467.559239
167,8,9062.825768
167,9,5709.393225
167,10,4149.966972
167,11,2987.056092
167,13,2981.860811
167,14,2724.101359
167,15,2655.565631
167,16,2467.559239
168,8,9062.825768
168,9,5709.393225
168,10,4149.966972
168,11,2951.581788
168,14,2724.101359
168,15,2655.565631
168,16,2467.559239
169,8,9062.825768
169,9,5709.393225
169,10,4149.966972
169,11,2951.581788
169,14,2724.101359
169,15,2655.565631
169,16,2467.559239
170,8,9062.825768
170,9,5709.393225
170,10,4149.966972
170,11,2951.581788
170,14,2724.101359
170,15,2655.565631
170,16,2467.559239
171,8,9062.825768
171,9,5709.393225
171,10,4149.966972
171,11,2951.581788
171,14,2724.101359
171,15,2655.565631
171,16,2467.559239
172,8,9062.825768
172,9,5709.393225
172,10,4149.966972
172,11,2951.581788
172,14,2724.101359
172,15,2655.565631
172,16,2467.559239
173,8,9062.825768
173,9,5437.594098
173,10,4149.966972
173,11,2951.581788
173,14,2637.090445
173,15,2593.695485
173,16,2423.869061
174,8,9062.825768
174,9,5437.594098
174,10,4149.966972
174,11,2951.581788
174,14,2637.090445
174,15,2593.695485
174,16,2423.869061
175,8,9062.825768
175,9,5437.594098
175,10,4149.966972
175,11,2951.581788
175,14,2637.090445
175,15,2593.695485
175,16,2423.869061
176,8,9062.825768
176,9,5437.594098
176,10,4149.966972
176,11,2951.581788
176,14,2637.090445
176,15,2593.695485
176,16,2423.869061
177,8,9062.825768
177,9,5437.594098
177,10,4149.966972
177,11,2951.581788
177,14,2637.090445
177,15,2593.695485
177,16,2423.869061
178,8,9062.825768
178,9,5437.594098
178,10,4149.966972
178,11,2951.581788
178,14,2637.090445
178,15,2593.695485
178,16,2423.869061
179,8,9062.825768
179,9,5437.594098
179,10,4149.966972
179,11,2951.581788
179,14,2637.090445
179,15,2593.695485
179,16,2423.869061
180,8,9062.825768
180,9,5437.594098
180,10,4149.966972
180,11,2951.581788
180,14,2637.090445
180,15,2593.695485
180,16,2423.869061
181,8,9062.825768
181,9,5437.594098
181,10,4149.966972
181,11,2951.581788
181,14,2637.090445
181,15,2593.695485
181,16,2423.869061
182,8,9062.825768
182,9,5437.594098
182,10,4149.966972
182,11,2951.581788
182,14,2637.090445
182,15,2593.695485
182,16,2423.869061
183,8,9062.825768
183,9,5098.331408
183,10,4149.966972
183,11,2872.833778
183,14,2637.090445
183,15,2593.695485
183,16,2423.869061
184,8,9062.825768
184,9,5098.331408
184,10,4054.006011
184,11,2872.833778
184,14,2637.090445
184,15,2593.695485
184,16,2423.869061
185,8,9062.825768
185,9,5098.331408
185,10,4054.006011
185,11,2872.833778
185,14,2637.090445
185,15,2593.695485
185,16,2423.869061
186,8,9062.825768
186,9,5098.331408
186,10,4054.006011
186,11,2872.833778
186,14,2637.090445
186,15,2593.695485
186,16,2423.869061
187,8,9062.825768
187,9,5098.331408
187,10,4054.006011
187,11,2872.833778
187,14,2637.090445
187,15,2593.695485
187,16,2423.869061
188,8,9062.825768
188,9,5098.331408
188,10,4054.006011
188,11,2846.055273
188,14,2637.090445
188,15,2593.695485
188,16,2423.869061
189,8,9062.825768
189,9,4871.019092
189,10,4054.006011
189,11,2846.055273
189,14,2637.090445
189,15,2593.695485
189,16,2423.869061
190,8,9062.825768
190,9,4871.019092
190,10,4054.006011
190,11,2846.055273
190,14,2637.090445
190,15,2593.695485
190,16,2423.869061
191,8,9062.825768
191,9,4871.019092
191,10,4054.006011
191,11,2846.055273
191,14,2637.090445
191,15,2593.695485
191,16,2423.869061
192,8,8665.602434
192,9,4871.019092
192,10,4054.006011
192,11,2846.055273
192,14,2637.090445
192,15,2593.695485
192,16,2423.869061
193,8,8665.602434
193,9,4871.019092
193,10,4054.006011
193,11,2846.055273
193,14,2600.636725
193,15,2593.695485
193,16,2423.869061
194,8,8665.602434
194,9,4871.019092
194,10,4054.006011
194,11,2846.055273
194,14,2600.636725
194,15,2593.695485
194,16,2423.869061
195,8,8665.602434
195,9,4871.019092
195,10,4054.006011
195,11,2846.055273
195,14,2600.636725
195,15,2593.695485
195,16,2423.869061
196,8,8665.602434
196,9,4871.019092
196,10,3871.368144
196,11,2846.055273
196,14,2600.636725
196,15,2593.695485
196,16,2423.869061
197,8,8665.602434
197,9,4871.019092
197,10,3871.368144
197,11,2846.055273
197,14,2600.636725
197,15,2541.783382
197,16,2423.869061
198,8,8665.602434
198,9,4871.019092
198,10,3871.368144
198,11,2846.055273
198,14,2600.636725
198,15,2541.783382
198,16,2423.869061
199,8,8021.746694
199,9,4871.019092
199,10,3871.368144
199,11,2846.055273
199,14,2600.636725
199,15,2541.783382
199,16,2423.869061
200,8,8021.746694
200,9,4669.007918
200,10,3871.368144
200,11,2846.055273
200,14,2600.636725
200,15,2541.783382
200,16,2423.869061
201,8,6472.835443
201,9,4669.007918
201,10,3871.368144
201,11,2846.055273
201,14,2600.636725
201,15,2541.783382
201,16,2423.869061
202,8,6472.835443
202,9,4669.007918
202,10,3871.368144
202,11,2846.055273
202,14,2600.636725
202,15,2541.783382
202,16,2423.869061
203,8,6472.835443
203,9,4669.007918
203,10,3871.368144
203,11,2846.055273
203,14,2600.636725
203,15,2541.783382
203,16,2423.869061
204,8,6472.835443
204,9,4669.007918
204,10,3871.368144
204,11,2846.055273
204,14,2600.636725
204,15,2541.783382
204,16,2423.869061
205,8,6472.835443
205,9,4669.007918
205,10,3645.946568
205,11,2846.055273
205,13,2821.298767
205,14,2600.636725
205,15,2505.746070
205,16,2423.869061
206,8,6472.835443
206,9,4669.007918
206,10,3645.946568
206,11,2846.055273
206,13,2821.298767
206,14,2600.636725
206,15,2505.746070
206,16,2423.869061
207,8,6472.835443
207,9,4669.007918
207,10,3645.946568
207,11,2846.055273
207,13,2821.298767
207,14,2600.636725
207,15,2505.746070
207,16,2423.869061
208,8,6472.835443
208,9,4669.007918
208,10,3645.946568
208,11,2846.055273
208,13,2821.298767
208,14,2600.636725
208,15,2505.746070
208,16,2423.869061
209,8,5926.738751
209,9,4669.007918
209,10,3645.946568
209,11,2846.055273
209,13,2751.202605
209,14,2600.636725
209,15,2505.746070
209,16,2423.869061
210,8,5926.738751
210,9,4669.007918
210,10,3645.946568
210,11,2846.055273
210,13,2751.202605
210,14,2600.636725
210,15,2505.746070
210,16,2423.869061
211,8,5926.738751
211,9,4669.007918
211,10,3645.946568
211,11,2846.055273
211,13,2751.202605
211,14,2600.636725
211,15,2505.746070
211,16,2423.869061
212,8,5926.738751
212,9,4669.007918
212,10,3645.946568
212,11,2846.055273
212,12,2796.260020
212,13,2751.202605
212,14,2600.636725
212,15,2505.746070
212,16,2423.869061
213,8,5926.738751
213,9,4669.007918
213,10,3645.946568
213,11,2846.055273
213,12,2796.260020
213,13,2751.202605
213,14,2600.636725
213,15,2505.746070
213,16,2423.869061
214,8,5926.738751
214,9,4669.007918
214,10,3645.946568
214,11,2846.055273
214,12,2796.260020
214,13,2751.202605
214,14,2600.636725
214,15,2505.746070
214,16,2423.869061
215,8,5926.738751
215,9,4669.007918
215,10,3645.946568
215,11,2846.055273
215,12,2796.260020
215,13,2751.202605
215,14,2600.636725
215,15,2505.746070
215,16,2423.869061
216,8,5926.738751
216,9,4669.007918
216,10,3645.946568
216,11,2846.055273
216,12,2796.260020
216,13,2751.202605
216,14,2600.636725
216,15,2505.746070
216,16,2423.869061
217,8,5926.738751
217,9,4669.007918
217,10,3645.946568
217,11,2846.055273
217,12,2796.260020
217,13,2751.202605
217,14,2600.636725
217,15,2505.746070
217,16,2423.869061
218,8,5926.738751
218,9,4669.007918
218,10,3645.946568
218,11,2846.055273
218,12,2796.260020
218,13,2751.202605
218,14,2600.636725
218,15,2505.746070
218,16,2423.869061
219,8,5926.738751
219,9,4669.007918
219,10,3645.946568
219,11,2846.055273
219,12,2765.635315
219,13,2751.202605
219,14,2600.636725
219,15,2505.746070
219,16,2423.869061
220,8,5926.738751
220,9,4669.007918
220,10,3645.946568
220,11,2846.055273
220,12,2765.635315
220,13,2751.202605
220,14,2600.636725
220,15,2505.746070
220,16,2423.869061
221,8,5926.738751
221,9,4669.007918
221,10,3645.946568
221,11,2846.055273
221,12,2765.635315
221,13,2751.202605
221,14,2600.636725
221,15,2494.526929
221,16,2423.869061
222,8,5926.738751
222,9,4669.007918
222,10,3645.946568
222,11,2846.055273
222,12,2765.635315
222,13,2751.202605
222,14,2600.636725
222,15,2494.526929
222,16,2423.869061
223,8,5926.738751
223,9,4669.007918
223,10,3645.946568
223,11,2846.055273
223,12,2765.635315
223,13,2751.202605
223,14,2600.636725
223,15,2494.526929
223,16,2423.869061
224,8,5926.738751
224,9,4669.007918
224,10,3645.946568
224,11,2846.055273
224,12,2765.635315
224,13,2751.202605
224,14,2600.636725
224,15,2494.526929
224,16,2423.869061
225,8,5926.738751
225,9,4669.007918
225,10,3397.217750
225,11,2846.055273
225,12,2765.635315
225,13,2751.202605
225,14,2600.636725
225,15,2494.526929
225,16,2423.869061
226,8,5926.738751
226,9,4669.007918
226,10,3397.217750
226,11,2846.055273
226,12,2765.635315
226,13,2751.202605
226,14,2600.636725
226,15,2494.526929
226,16,2423.869061
227,8,5926.738751
227,9,4527.853451
227,10,3397.217750
227,11,2846.055273
227,12,2765.635315
227,13,2751.202605
227,14,2600.636725
227,15,2494.526929
227,16,2423.869061
228,8,5926.738751
228,9,4527.853451
228,10,3397.217750
228,11,2846.055273
228,12,2675.811561
228,14,2600.636725
228,15,2494.526929
228,16,2423.869061
229,8,5926.738751
229,9,4527.853451
229,10,3397.217750
229,11,2846.055273
229,12,2675.811561
229,14,2600.636725
229,15,2494.526929
229,16,2423.869061
230,8,5926.738751
230,9,4527.853451
230,10,3397.217750
230,11,2846.055273
230,12,2675.811561
230,14,2600.636725
230,15,2494.526929
230,16,2423.869061
231,8,5926.738751
231,9,4295.399032
231,10,3397.217750
231,11,2846.055273
231,12,2675.811561
231,14,2600.636725
231,15,2494.526929
231,16,2423.869061
232,8,5926.738751
232,9,4295.399032
232,10,3397.217750
232,11,2846.055273
232,12,2675.811561
232,14,2600.636725
232,15,2494.526929
232,16,2423.869061
233,8,5926.738751
233,9,4295.399032
233,10,3397.217750
233,11,2846.055273
233,12,2675.811561
233,14,2600.636725
233,15,2494.526929
233,16,2421.550660
234,8,5926.738751
234,9,4295.399032
234,10,3397.217750
234,11,2846.055273
234,12,2675.811561
234,14,2600.636725
234,15,2494.526929
234,16,2421.550660
235,8,5926.738751
235,9,4295.399032
235,10,3397.217750
235,11,2846.055273
235,12,2675.811561
235,14,2600.636725
235,15,2494.526929
235,16,2421.550660
236,8,5926.738751
236,9,4295.399032
236,10,3397.217750
236,11,2846.055273
236,12,2675.811561
236,14,2600.636725
236,15,2494.526929
236,16,2421.550660
237,8,5926.738751
237,9,4090.579624
237,10,3397.217750
237,11,2846.055273
237,12,2675.811561
237,14,2600.636725
237,15,2494.526929
237,16,2421.550660
238,8,5926.738751
238,9,4090.579624
238,10,3397.217750
238,11,2846.055273
238,12,2675.811561
238,14,2600.636725
238,15,2494.526929
238,16,2421.550660
239,8,5926.738751
239,9,4090.579624
239,10,3397.217750
239,11,2846.055273
239,12,2675.811561
239,14,2600.636725
239,15,2494.526929
239,16,2421.550660
240,8,5926.738751
240,9,4090.579624
240,10,3397.217750
240,11,2846.055273
240,12,2675.811561
240,14,2600.636725
240,15,2494.526929
240,16,2421.550660
241,8,5926.738751
241,9,4090.579624
241,10,3397.217750
241,11,2846.055273
241,12,2675.811561
241,13,2604.205187
241,14,2600.636725
241,15,2494.526929
241,16,2421.550660
242,8,5926.738751
242,9,4090.579624
242,10,3397.217750
242,11,2846.055273
242,12,2675.811561
242,13,2604.205187
242,14,2600.636725
242,15,2494.526929
242,16,2421.550660
243,8,5926.738751
243,9,4090.579624
243,10,3397.217750
243,11,2800.355018
243,12,2675.811561
243,13,2604.205187
243,14,2600.636725
243,15,2494.526929
243,16,2421.550660
244,8,5926.738751
244,9,4090.579624
244,10,3397.217750
244,11,2800.355018
244,12,2675.811561
244,13,2604.205187
244,14,2600.636725
244,15,2494.526929
244,16,2421.550660
245,8,5926.738751
245,9,4090.579624
245,10,3397.217750
245,11,2800.355018
245,12,2675.811561
245,13,2604.205187
245,14,2600.636725
245,15,2494.526929
245,16,2421.550660
246,8,5926.738751
246,9,4090.579624
246,10,3397.217750
246,11,2800.355018
246,12,2675.811561
246,13,2604.205187
246,14,2600.636725
246,15,2494.526929
246,16,2421.550660
247,8,5926.738751
247,9,4090.579624
247,10,3397.217750
247,11,2800.355018
247,12,2675.811561
247,13,2604.205187
247,14,2600.636725
247,15,2494.526929
247,16,2421.550660
248,8,5926.738751
248,9,4090.579624
248,10,3296.792829
248,11,2800.355018
248,12,2675.811561
248,13,2604.205187
248,14,2600.636725
248,15,2494.526929
248,16,2421.550660
249,8,5926.738751
249,9,4090.579624
249,10,3296.792829
249,11,2800.355018
249,12,2675.811561
249,13,2604.205187
249,14,2600.636725
249,15,2494.526929
249,16,2421.550660
250,8,5926.738751
250,9,4090.579624
250,10,3296.792829
250,11,2800.355018
250,12,2675.811561
250,13,2604.205187
250,14,2600.636725
250,15,2494.526929
250,16,2421.550660
251,8,5926.738751
251,9,4090.579624
251,10,3296.792829
251,11,2800.355018
251,12,2675.811561
251,13,2604.205187
251,14,2573.162382
251,15,2494.526929
251,16,2421.550660
252,8,5926.738751
252,9,4090.579624
252,10,3296.792829
252,11,2800.355018
252,12,2675.811561
252,13,2604.205187
252,14,2573.162382
252,15,2494.526929
252,16,2421.550660
253,8,5926.738751
253,9,4044.407990
253,10,3296.792829
253,11,2800.355018
253,12,2675.811561
253,13,2604.205187
253,14,2573.162382
253,15,2494.526929
253,16,2421.550660
254,8,5926.738751
254,9,4044.407990
254,10,3296.792829
254,11,2800.355018
254,12,2675.811561
254,13,2604.205187
254,14,2573.162382
254,15,2494.526929
254,16,2421.550660
255,8,5926.738751
255,9,4044.407990
255,10,3296.792829
255,11,2800.355018
255,12,2675.811561
255,13,2604.205187
255,14,2573.162382
255,15,2494.526929
255,16,2421.550660
256,8,5926.738751
256,9,4044.407990
256,10,3296.792829
256,11,2800.355018
256,12,2675.811561
256,13,2604.205187
256,14,2573.162382
256,15,2494.526929
256,16,2421.550660
257,8,5592.315493
257,9,4044.407990
257,10,3296.792829
257,11,2800.355018
257,12,2675.811561
257,13,2604.205187
257,14,2573.162382
257,15,2494.526929
257,16,2421.550660
258,8,5592.315493
258,9,4044.407990
258,10,3296.792829
258,11,2800.355018
258,12,2675.130458
258,13,2604.205187
258,14,2573.162382
258,15,2494.526929
258,16,2403.256760
259,8,5592.315493
259,9,4044.407990
259,10,3296.792829
259,11,2800.355018
259,12,2675.130458
259,13,2604.205187
259,14,2573.162382
259,15,2494.526929
259,16,2403.256760
260,8,5592.315493
260,9,4044.407990
260,10,3296.792829
260,11,2800.355018
260,12,2675.130458
260,13,2604.205187
260,14,2573.162382
260,15,2494.526929
260,16,2403.256760
261,8,5592.315493
261,9,4044.407990
261,10,3296.792829
261,11,2800.355018
261,12,2666.772851
261,13,2604.205187
261,14,2573.162382
261,15,2494.526929
261,16,2403.256760
262,8,5592.315493
262,9,4044.407990
262,10,3296.792829
262,11,2800.355018
262,12,2666.772851
262,13,2604.205187
262,14,2573.162382
262,15,2494.526929
262,16,2403.256760
263,8,5592.315493
263,9,4044.407990
263,10,3296.792829
263,11,2736.206738
263,12,2666.772851
263,13,2604.205187
263,14,2517.709781
263,15,2494.526929
263,16,2403.256760
264,8,5592.315493
264,9,4044.407990
264,10,3296.792829
264,11,2736.206738
264,12,2647.638237
264,13,2604.205187
264,14,2517.709781
264,15,2494.526929
264,16,2403.256760
265,8,5592.315493
265,9,4044.407990
265,10,3296.792829
265,11,2736.206738
265,12,2647.638237
265,13,2604.205187
265,14,2517.709781
265,15,2494.526929
265,16,2403.256760
266,8,5592.315493
266,9,4044.407990
266,10,3296.792829
266,11,2736.206738
266,12,2647.638237
266,13,2604.205187
266,14,2517.709781
266,15,2494.526929
266,16,2403.256760
267,8,5592.315493
267,9,4044.407990
267,10,3296.792829
267,11,2736.206738
267,12,2647.638237
267,13,2604.205187
267,14,2517.709781
267,15,2494.526929
267,16,2403.256760
268,7,6156.456050
268,8,5592.315493
268,9,4044.407990
268,10,3296.792829
268,11,2736.206738
268,12,2647.638237
268,13,2604.205187
268,14,2517.709781
268,15,2494.526929
268,16,2403.256760
269,7,6156.456050
269,8,5592.315493
269,9,4044.407990
269,10,3296.792829
269,11,2736.206738
269,12,2647.638237
269,13,2604.205187
269,14,2517.709781
269,15,2494.526929
269,16,2403.256760
270,7,6156.456050
270,8,5592.315493
270,9,4044.407990
270,10,3296.792829
270,11,2736.206738
270,12,2647.638237
270,13,2604.205187
270,14,2517.709781
270,15,2494.526929
270,16,2403.256760
271,7,6156.456050
271,8,5592.315493
271,9,4044.407990
271,10,3296.792829
271,11,2736.206738
271,12,2647.638237
271,13,2604.205187
271,14,2517.709781
271,15,2494.526929
271,16,2403.256760
272,7,6156.456050
272,8,5592.315493
272,9,4044.407990
272,10,3296.792829
272,11,2736.206738
272,12,2647.638237
272,13,2604.205187
272,14,2517.709781
272,15,2494.526929
272,16,2403.256760
273,7,6156.456050
273,8,5592.315493
273,9,4044.407990
273,10,3296.792829
273,11,2696.530629
273,12,2647.638237
273,13,2597.776989
273,14,2450.882133
273,16,2403.256760
274,7,6156.456050
274,8,5592.315493
274,9,4044.407990
274,10,3296.792829
274,11,2696.530629
274,12,2647.638237
274,13,2556.752383
274,14,2450.882133
274,16,2403.256760
275,7,6156.456050
275,8,5592.315493
275,9,4044.407990
275,10,3296.792829
275,11,2696.530629
275,12,2647.638237
275,13,2556.752383
275,14,2450.882133
275,16,2403.256760
276,7,6156.456050
276,8,5592.315493
276,9,4044.407990
276,10,3296.792829
276,11,2696.530629
276,12,2647.638237
276,13,2556.752383
276,14,2450.882133
276,16,2403.256760
277,7,6156.456050
277,8,5592.315493
277,9,4044.407990
277,10,3296.792829
277,11,2696.530629
277,12,2647.638237
277,13,2556.752383
277,14,2450.882133
277,16,2403.256760
278,7,6156.456050
278,8,5592.315493
278,9,4044.407990
278,10,3296.792829
278,11,2696.530629
278,12,2642.828189
278,13,2556.752383
278,14,2450.882133
278,16,2403.256760
279,7,6156.456050
279,8,5412.861157
279,9,3532.555911
279,10,3296.792829
279,11,2696.530629
279,12,2642.828189
279,13,2556.752383
279,14,2450.882133
279,16,2403.256760
280,7,6156.456050
280,8,5412.861157
280,9,3532.555911
280,10,3296.792829
280,11,2696.530629
280,12,2642.828189
280,13,2556.752383
280,14,2450.882133
280,16,2403.256760
281,7,6156.456050
281,8,5412.861157
281,9,3532.555911
281,10,3296.792829
281,11,2696.530629
281,12,2642.828189
281,13,2556.752383
281,14,2450.882133
281,16,2403.256760
282,7,6156.456050
282,8,5412.861157
282,9,3532.555911
282,10,3253.850832
282,11,2696.530629
282,12,2642.828189
282,13,2556.752383
282,14,2450.882133
282,16,2403.256760
283,7,6156.456050
283,8,5412.861157
283,9,3532.555911
283,10,3253.850832
283,11,2696.530629
283,12,2642.828189
283,13,2556.752383
283,14,2450.882133
283,16,2403.256760
284,7,6156.456050
284,8,5412.861157
284,9,3532.555911
284,10,3253.850832
284,11,2696.530629
284,12,2642.828189
284,13,2556.752383
284,14,2450.882133
284,16,2403.256760
285,7,6156.456050
285,8,5412.861157
285,9,3532.555911
285,10,3253.850832
285,11,2696.530629
285,12,2642.828189
285,13,2556.752383
285,14,2450.882133
285,16,2403.256760
286,7,6156.456050
286,8,5412.861157
286,9,3532.555911
286,10,3253.850832
286,11,2696.530629
286,12,2642.828189
286,13,2556.752383
286,14,2450.882133
286,16,2403.256760
287,7,6156.456050
287,8,5412.861157
287,9,3532.555911
287,10,3253.850832
287,11,2696.530629
287,12,2642.828189
287,13,2556.752383
287,14,2450.882133
287,16,2403.256760
288,7,6156.456050
288,8,5412.861157
288,9,3532.555911
288,10,3253.850832
288,11,2696.530629
288,12,2642.828189
288,13,2556.752383
288,14,2442.270313
288,16,2403.256760
289,7,6156.456050
289,8,5412.861157
289,9,3532.555911
289,10,3088.179897
289,11,2696.530629
289,12,2642.828189
289,13,2556.752383
289,14,2442.270313
289,16,2403.256760
290,7,6156.456050
290,8,5412.861157
290,9,3532.555911
290,10,3088.179897
290,11,2696.530629
290,12,2642.828189
290,13,2556.752383
290,14,2442.270313
290,16,2403.256760
291,7,6156.456050
291,8,5412.861157
291,9,3532.555911
291,10,3088.179897
291,11,2696.530629
291,12,2642.828189
291,13,2556.752383
291,14,2442.270313
291,16,2403.256760
292,7,6156.456050
292,8,5412.861157
292,9,3532.555911
292,10,3088.179897
292,11,2696.530629
292,12,2642.828189
292,13,2556.752383
292,14,2442.270313
292,16,2403.256760
293,7,6156.456050
293,8,5412.861157
293,9,3532.555911
293,10,3088.179897
293,11,2690.663176
293,12,2642.828189
293,13,2556.752383
293,14,2442.270313
293,16,2403.256760
294,7,6156.456050
294,8,4167.613660
294,9,3532.555911
294,10,3088.179897
294,11,2690.663176
294,12,2625.757435
294,13,2556.752383
294,14,2442.270313
294,16,2403.256760
295,7,6156.456050
295,8,4167.613660
295,9,3532.555911
295,10,3088.179897
295,11,2690.663176
295,12,2625.757435
295,13,2556.752383
295,14,2442.270313
295,16,2403.256760
296,7,6156.456050
296,8,4167.613660
296,9,3532.555911
296,10,3088.179897
296,11,2690.663176
296,12,2625.757435
296,13,2556.752383
296,14,2442.270313
296,16,2403.256760
297,7,6156.456050
297,8,4167.613660
297,9,3532.555911
297,10,3088.179897
297,11,2690.663176
297,12,2625.757435
297,13,2556.752383
297,14,2442.270313
297,16,2403.256760
298,7,6156.456050
298,8,3953.230652
298,9,3532.555911
298,10,3088.179897
298,11,2690.663176
298,12,2625.757435
298,13,2556.752383
298,14,2442.270313
298,16,2403.256760
299,7,6156.456050
299,8,3953.230652
299,9,3532.555911
299,10,3021.558912
299,11,2690.663176
299,12,2625.757435
299,13,2556.752383
299,14,2442.270313
299,16,2403.256760
300,7,6156.456050
300,8,3953.230652
300,9,3532.555911
300,10,2954.961865
300,11,2690.663176
300,12,2617.579409
300,13,2556.752383
300,14,2442.270313
300,16,2403.256760
301,7,6156.456050
301,8,3953.230652
301,9,3532.555911
301,10,2905.170195
301,11,2690.663176
301,12,2617.579409
301,13,2515.512766
301,14,2442.270313
301,16,2403.256760
302,7,6156.456050
302,8,3953.230652
302,9,3532.555911
302,10,2905.170195
302,11,2690.663176
302,12,2617.579409
302,13,2515.512766
302,14,2442.270313
302,16,2403.256760
303,7,6156.456050
303,8,3953.230652
303,9,3532.555911
303,10,2905.170195
303,11,2690.663176
303,12,2617.579409
303,13,2515.512766
303,14,2442.270313
303,16,2403.256760
304,7,6156.456050
304,8,3953.230652
304,9,3532.555911
304,10,2905.170195
304,11,2690.663176
304,12,2617.579409
304,13,2515.512766
304,14,2442.270313
304,16,2403.256760
305,7,6156.456050
305,8,3953.230652
305,9,3464.773087
305,10,2905.170195
305,11,2690.663176
305,12,2617.579409
305,13,2515.512766
305,14,2442.270313
305,16,2403.256760
306,7,6156.456050
306,8,3953.230652
306,9,3170.740380
306,10,2905.170195
306,11,2690.663176
306,12,2617.579409
306,13,2515.512766
306,14,2442.270313
306,16,2403.256760
307,7,6156.456050
307,8,3953.230652
307,9,3170.740380
307,10,2905.170195
307,11,2690.663176
307,12,2617.579409
307,13,2515.512766
307,14,2442.270313
307,16,2403.256760
308,7,6156.456050
308,8,3759.262507
308,9,3170.740380
308,10,2905.170195
308,11,2609.070566
308,12,2603.704153
308,13,2515.512766
308,14,2442.270313
308,16,2403.256760
309,7,6156.456050
309,8,3759.262507
309,9,3170.740380
309,10,2905.170195
309,11,2609.070566
309,12,2603.704153
309,13,2515.512766
309,14,2442.270313
309,16,2403.256760
310,7,6156.456050
310,8,3759.262507
310,9,3170.740380
310,10,2905.170195
310,11,2609.070566
310,12,2603.704153
310,13,2515.512766
310,14,2442.270313
310,16,2403.256760
311,7,6156.456050
311,8,3759.262507
311,9,3170.740380
311,10,2905.170195
311,11,2609.070566
311,12,2603.704153
311,13,2515.512766
311,14,2442.270313
311,16,2403.256760
312,7,5983.166079
312,8,3759.262507
312,9,3170.740380
312,10,2905.170195
312,11,2609.070566
312,12,2603.704153
312,13,2515.512766
312,14,2442.270313
312,16,2403.256760
313,7,5983.166079
313,8,3759.262507
313,9,3170.740380
313,10,2870.488145
313,11,2609.070566
313,12,2603.704153
313,13,2515.512766
313,14,2442.270313
313,16,2395.903007
314,7,5983.166079
314,8,3759.262507
314,9,3170.740380
314,10,2870.488145
314,11,2609.070566
314,12,2603.704153
314,13,2515.512766
314,14,2442.270313
314,16,2395.903007
315,7,5983.166079
315,8,3759.262507
315,9,3170.740380
315,10,2870.488145
315,11,2609.070566
315,12,2603.704153
315,13,2515.512766
315,14,2442.270313
315,16,2395.903007
316,7,5983.166079
316,8,3759.262507
316,9,3170.740380
316,10,2870.488145
316,11,2609.070566
316,12,2603.704153
316,13,2515.512766
316,14,2442.270313
316,16,2395.903007
317,7,5983.166079
317,8,3759.262507
317,9,3170.740380
317,10,2870.488145
317,11,2609.070566
317,12,2603.704153
317,13,2515.512766
317,14,2442.270313
317,16,2395.903007
318,7,5983.166079
318,8,3759.262507
318,9,3170.740380
318,10,2842.876613
318,11,2609.070566
318,12,2603.704153
318,13,2515.512766
318,14,2442.270313
318,16,2395.903007
319,7,5983.166079
319,8,3759.262507
319,9,3170.740380
319,10,2758.682130
319,11,2609.070566
319,12,2603.704153
319,13,2515.512766
319,14,2442.270313
319,16,2395.903007
320,7,5983.166079
320,8,3759.262507
320,9,3170.740380
320,10,2758.682130
320,11,2609.070566
320,12,2603.704153
320,13,2515.512766
320,14,2442.270313
320,16,2395.903007
321,7,5983.166079
321,8,3759.262507
321,9,3170.740380
321,10,2758.682130
321,11,2609.070566
321,12,2603.704153
321,13,2515.512766
321,14,2442.270313
321,16,2395.903007
322,7,5983.166079
322,8,3759.262507
322,9,3170.740380
322,10,2758.682130
322,11,2609.070566
322,12,2603.704153
322,13,2515.512766
322,14,2442.270313
322,16,2395.903007
323,7,5983.166079
323,8,3759.262507
323,9,3170.740380
323,10,2758.682130
323,11,2609.070566
323,12,2603.704153
323,13,2515.512766
323,14,2442.270313
323,16,2395.903007
324,7,5983.166079
324,8,3759.262507
324,9,3170.740380
324,10,2758.682130
324,11,2609.070566
324,12,2603.704153
324,13,2515.512766
324,14,2442.270313
324,16,2395.903007
325,7,5983.166079
325,8,3759.262507
325,9,3170.740380
325,10,2758.682130
325,11,2609.070566
325,12,2603.704153
325,13,2515.512766
325,14,2442.270313
325,16,2395.903007
326,7,5983.166079
326,8,3759.262507
326,9,3170.740380
326,10,2758.682130
326,11,2609.070566
326,12,2603.704153
326,13,2515.512766
326,14,2442.270313
326,16,2395.903007
327,7,5983.166079
327,8,3759.262507
327,9,3170.740380
327,10,2758.682130
327,11,2609.070566
327,12,2603.704153
327,13,2515.512766
327,14,2442.270313
327,16,2395.903007
328,7,5983.166079
328,8,3759.262507
328,9,3170.740380
328,10,2758.682130
328,11,2609.070566
328,12,2603.704153
328,13,2515.512766
328,14,2442.270313
328,16,2395.903007
