Generation,NV,TOC
1,46,19004.272958
1,48,18717.323414
1,52,17641.235997
1,53,17517.943043
1,57,16859.525087
1,59,16655.467348
1,62,16332.322669
1,64,16203.123436
1,68,15786.083217
1,69,15361.122013
2,46,19004.272958
2,48,18268.838678
2,50,18218.113036
2,51,17180.504076
2,53,17141.326210
2,55,16638.316213
2,57,16387.550512
2,60,16037.355676
2,64,15884.871810
2,66,15592.980948
2,69,15272.995106
2,74,15093.769935
3,45,19388.891652
3,46,18950.825554
3,47,17872.638620
3,48,17646.244283
3,51,17180.504076
3,53,17141.326210
3,55,16638.316213
3,57,16387.550512
3,60,16037.355676
3,64,15577.258037
3,65,15434.547496
3,69,15266.897013
3,70,15213.561985
3,71,15041.742456
3,73,15014.220332
4,44,19621.495965
4,45,18771.866514
4,47,17872.638620
4,48,17646.244283
4,51,17180.504076
4,53,17141.326210
4,54,16770.892172
4,55,16638.316213
4,57,16387.550512
4,59,16069.308450
4,60,16037.355676
4,64,15577.258037
4,65,15434.547496
4,67,15034.151689
4,73,15014.220332
5,44,19621.495965
5,45,18771.866514
5,46,17944.800211
5,47,17872.638620
5,48,17646.244283
5,49,17407.178271
5,51,17180.504076
5,53,17141.326210
5,54,16770.892172
5,55,16638.316213
5,57,16333.880838
5,59,16069.308450
5,60,16037.355676
5,63,15758.027934
5,64,15577.258037
5,65,15434.547496
5,67,15034.151689
5,73,15014.220332
6,44,19287.656540
6,45,18771.866514
6,46,17944.800211
6,47,17872.638620
6,48,17646.244283
6,49,17407.178271
6,51,17180.504076
6,53,16716.901899
6,55,16638.316213
6,57,16333.880838
6,59,16069.308450
6,60,16037.355676
6,61,15209.196678
6,67,15034.151689
6,70,14948.834326
7,43,19824.094261
7,44,19287.656540
7,45,18771.866514
7,46,17944.800211
7,47,17824.761822
7,48,17646.244283
7,49,17407.178271
7,51,17007.879116
7,53,16399.738438
7,55,16205.649901
7,56,16119.311015
7,57,15716.437491
7,61,14985.496432
7,65,14805.020772
8,43,19824.094261
8,44,19126.552101
8,45,18035.894400
8,46,17944.800211
8,47,17824.761822
8,48,17646.244283
8,49,17407.178271
8,50,17041.902445
8,51,17007.879116
8,52,16878.255816
8,53,16399.738438
8,55,16205.649901
8,56,16119.311015
8,57,15716.437491
8,61,14985.496432
8,65,14805.020772
8,72,14709.448472
9,42,20026.907082
9,43,19824.094261
9,44,19126.552101
9,45,18035.894400
9,46,17944.800211
9,47,17824.761822
9,48,17646.244283
9,49,17407.178271
9,50,17041.902445
9,51,17007.879116
9,52,16878.255816
9,53,16399.738438
9,55,16205.649901
9,56,16119.311015
9,57,15716.437491
9,60,15235.727347
9,61,14985.496432
9,65,14805.020772
9,70,14779.581148
9,72,14709.448472
10,42,20026.907082
10,43,19824.094261
10,44,18528.010481
10,45,18035.894400
10,46,17944.800211
10,47,17824.761822
10,48,17646.244283
10,49,17362.851117
10,50,17041.902445
10,51,17007.879116
10,52,16878.255816
10,53,16399.738438
10,55,16006.719375
10,56,15678.239511
10,57,15524.753142
10,58,15136.933593
10,60,14885.652358
10,62,14623.104032
10,68,14450.628816
11,42,20026.907082
11,43,19824.094261
11,44,18528.010481
11,45,18035.894400
11,46,17944.800211
11,47,17824.761822
11,48,17646.244283
11,49,17362.851117
11,50,17041.902445
11,51,16650.966426
11,53,16271.907986
11,55,16006.719375
11,56,15678.239511
11,57,15524.753142
11,58,15136.933593
11,60,14885.652358
11,62,14623.104032
11,68,14450.628816
12,42,20026.907082
12,43,18986.634230
12,44,17650.998192
12,48,17646.244283
12,49,17362.851117
12,50,16565.600993
12,51,15501.359730
12,56,15167.103713
12,58,15136.933593
12,60,14885.652358
12,62,14623.104032
12,68,14450.628816
13,41,19793.961141
13,43,18986.634230
13,44,17650.998192
13,45,16431.046012
13,51,15501.359730
13,56,15028.325600
13,60,14885.652358
13,62,14623.104032
13,68,14450.628816
14,41,19793.961141
14,43,18480.884176
14,44,17650.998192
14,45,16431.046012
14,51,15501.359730
14,55,15335.596469
14,56,15028.325600
14,59,14973.262262
14,60,14885.652358
14,62,14623.104032
14,68,14450.628816
15,41,19793.961141
15,43,18246.297021
15,44,17596.188908
15,45,16431.046012
15,50,16319.865953
15,51,15501.359730
15,54,15447.031491
15,55,15187.158598
15,56,15028.325600
15,57,15026.998840
15,59,14973.262262
15,60,14885.652358
15,62,14623.104032
15,66,14618.991780
15,68,14450.628816
15,69,14350.295126
16,41,19793.961141
16,42,18046.104857
16,44,17596.188908
16,45,16431.046012
16,50,16319.865953
16,51,15501.359730
16,54,15447.031491
16,55,15101.300957
16,56,15028.325600
16,57,15026.998840
16,59,14876.949127
16,60,14724.919202
16,62,14623.104032
16,66,14618.991780
16,68,14450.628816
16,69,14350.295126
17,40,19387.569528
17,42,18046.104857
17,43,17830.477745
17,44,17596.188908
17,45,16431.046012
17,49,16369.840626
17,50,16319.411681
17,51,15501.359730
17,53,15344.503675
17,54,15068.335319
17,55,14852.106900
17,60,14724.919202
17,62,14623.104032
17,64,14493.648368
17,68,14450.628816
17,69,14303.341463
18,40,19387.569528
18,42,18046.104857
18,43,17830.477745
18,44,17596.188908
18,45,16431.046012
18,49,16369.840626
18,50,15738.486778
18,51,15501.359730
18,53,14636.093117
18,57,14549.236776
18,60,14495.999322
18,62,14260.379789
18,69,14110.292404
19,40,19387.569528
19,42,18046.104857
19,43,17830.477745
19,44,17465.835533
19,45,16431.046012
19,47,16042.863283
19,50,15738.486778
19,51,15501.359730
19,53,14636.093117
19,57,14549.236776
19,60,14495.999322
19,62,14260.379789
19,67,14162.203379
19,69,14110.292404
20,40,19387.569528
20,42,18046.104857
20,43,17830.477745
20,44,17465.835533
20,45,15917.821837
20,50,15159.687320
20,53,14552.733582
20,56,14371.395947
20,62,14257.829657
20,67,14062.035569
20,69,13993.230121
21,40,19387.176672
21,41,17585.431917
21,44,16372.699299
21,45,15917.821837
21,50,15159.687320
21,53,14552.733582
21,56,14371.395947
21,62,14257.829657
21,67,14062.035569
21,68,13843.691701
22,40,19044.159127
22,41,17463.825179
22,43,16137.736129
22,45,15845.096686
22,49,15051.856175
22,53,14351.465544
22,62,14218.081719
22,66,13936.699441
22,68,13775.661484
23,39,19350.679441
23,40,18468.404466
23,41,17463.825179
23,43,16137.736129
23,45,15845.096686
23,49,15051.856175
23,53,14351.465544
23,55,14317.841568
23,62,14218.081719
23,66,13936.699441
23,68,13775.661484
24,39,19350.679441
24,40,18468.404466
24,41,17463.825179
24,43,16137.736129
24,45,15845.096686
24,46,15128.641190
24,49,14980.136673
24,52,14918.933724
24,53,14351.465544
24,54,14299.117343
24,55,14266.305736
24,62,14218.081719
24,66,13936.699441
24,68,13775.661484
25,39,19350.679441
25,40,18468.404466
25,41,17463.825179
25,43,16137.736129
25,45,15845.096686
25,46,15128.641190
25,49,14980.136673
25,52,14918.933724
25,53,14351.465544
25,54,14299.117343
25,55,14266.305736
25,56,14210.036368
25,66,13936.699441
25,68,13775.661484
26,39,17474.637106
26,40,17314.842099
26,43,16137.736129
26,44,15926.146523
26,45,15773.149033
26,46,14923.051737
26,49,14741.444116
26,53,14330.621843
26,54,14247.245402
26,56,14170.881783
26,60,13941.798580
26,66,13898.244091
26,67,13710.594710
27,39,17474.637106
27,40,17163.626468
27,42,16266.513006
27,43,16137.736129
27,44,15926.146523
27,45,15773.149033
27,46,14923.051737
27,49,14741.444116
27,52,14644.866515
27,53,14330.621843
27,54,14247.245402
27,56,14170.881783
27,60,13941.798580
27,66,13898.244091
27,67,13710.594710
28,39,17474.637106
28,40,16254.635487
28,43,16137.736129
28,44,15926.146523
28,45,15773.149033
28,46,14814.970631
28,48,14675.305653
28,50,14556.915551
28,52,14240.431426
28,54,14209.628277
28,56,14102.552585
28,59,13995.529693
28,60,13853.383473
28,64,13742.658937
28,66,13662.094931
29,39,17474.637106
29,40,16254.635487
29,43,16137.736129
29,44,15926.146523
29,45,15410.231898
29,46,14814.970631
29,48,14675.305653
29,49,14508.750848
29,52,14240.431426
29,54,14209.628277
29,55,14190.962556
29,56,14102.552585
29,58,13773.095076
29,64,13742.658937
29,66,13662.094931
30,39,17120.756471
30,40,16254.635487
30,41,16048.691186
30,44,15926.146523
30,45,15410.231898
30,46,14814.970631
30,48,14675.305653
30,49,14410.211799
30,51,14227.553090
30,52,14186.907951
30,53,14081.853635
30,55,13924.564458
30,57,13680.910115
30,64,13602.659072
31,39,17120.756471
31,40,16254.635487
31,41,16048.691186
31,44,15926.146523
31,45,15410.231898
31,46,14814.970631
31,48,14675.305653
31,49,14410.211799
31,51,14227.553090
31,52,14186.907951
31,53,13911.754478
31,57,13680.910115
31,64,13602.659072
32,38,19009.092355
32,39,16797.886915
32,40,16185.990124
32,41,16048.691186
32,44,15926.146523
32,45,15410.231898
32,46,14814.970631
32,48,14420.949963
32,49,14410.211799
32,50,14357.848820
32,51,14192.468220
32,52,14186.907951
32,53,13911.754478
32,57,13605.292460
32,64,13602.659072
33,38,17729.952289
33,39,16797.886915
33,40,16185.990124
33,41,15719.268091
33,45,15410.231898
33,46,14814.970631
33,48,14404.075335
33,50,14333.946177
33,51,14192.468220
33,52,14186.907951
33,53,13911.754478
33,57,13605.292460
33,64,13602.659072
33,69,13593.161259
34,38,17729.952289
34,39,15874.425400
34,41,15719.268091
34,43,14745.152761
34,47,14487.635357
34,48,14293.184732
34,51,13990.194203
34,52,13864.481238
34,57,13558.258955
34,63,13551.682965
34,68,13466.967751
35,37,16801.573809
35,38,16661.863942
35,39,15874.425400
35,41,15719.268091
35,43,14745.152761
35,47,14487.635357
35,48,14293.184732
35,51,13990.194203
35,52,13864.481238
35,57,13558.258955
35,63,13551.682965
35,68,13466.967751
36,37,16801.573809
36,38,16661.863942
36,39,15874.425400
36,41,15719.268091
36,42,14940.537334
36,43,14710.089926
36,47,14393.861077
36,48,14191.686463
36,50,13749.179210
36,51,13748.181577
36,54,13621.837958
36,55,13404.119416
36,65,13373.856808
37,37,16801.573809
37,38,16661.863942
37,39,15874.425400
37,41,15719.268091
37,42,14940.537334
37,43,14710.089926
37,46,14552.376411
37,47,14393.861077
37,48,14191.686463
37,50,13749.179210
37,51,13748.181577
37,54,13621.837958
37,55,13404.119416
37,65,13373.856808
38,37,16801.573809
38,38,16661.863942
38,39,15874.425400
38,41,14881.051001
38,42,14662.450652
38,46,13979.403528
38,48,13708.161604
38,50,13600.344370
38,52,13531.911547
38,54,13293.993341
39,37,16801.573809
39,38,16614.570410
39,39,15874.425400
39,41,14881.051001
39,42,14662.450652
39,45,14302.440099
39,46,13979.403528
39,48,13708.161604
39,50,13600.344370
39,52,13531.911547
39,54,13293.993341
40,37,16286.447448
40,39,15580.564554
40,40,14819.319487
40,42,14524.120776
40,45,14227.790722
40,46,13571.049734
40,49,13503.313362
40,52,13405.498666
40,54,13220.806783
41,36,18040.457963
41,37,16286.447448
41,39,15580.564554
41,40,14819.319487
41,42,14524.120776
41,45,14227.790722
41,46,13571.049734
41,49,13503.313362
41,52,13405.498666
41,54,13220.806783
42,36,17812.361076
42,37,16103.715228
42,39,15477.700739
42,40,14779.494603
42,42,14366.831569
42,45,13953.757372
42,46,13550.477799
42,49,13417.643984
42,51,13311.830225
42,54,13208.731447
43,36,17812.361076
43,37,16103.715228
43,39,15477.700739
43,40,14779.494603
43,42,14366.831569
43,45,13953.757372
43,46,13550.477799
43,49,13417.643984
43,51,13311.830225
43,54,13208.731447
44,35,17493.474727
44,37,16017.763931
44,39,15096.270231
44,40,14779.494603
44,42,14359.699364
44,45,13953.757372
44,46,13483.774657
44,48,13368.021028
44,50,13239.104652
44,54,13141.318152
45,35,17493.474727
45,37,16017.763931
45,39,15096.270231
45,40,14779.494603
45,42,14359.699364
45,45,13953.757372
45,46,13483.774657
45,48,13368.021028
45,50,13239.104652
45,54,13141.318152
46,35,17360.532679
46,36,15950.518810
46,39,14942.493692
46,40,14779.494603
46,41,14348.093172
46,44,13936.018777
46,45,13429.565482
46,48,13362.716666
46,50,13220.688718
46,54,13139.805057
47,35,17360.532679
47,36,15950.518810
47,39,14942.493692
47,40,14319.367983
47,44,13936.018777
47,45,13429.565482
47,48,13362.716666
47,50,13220.688718
47,54,13139.805057
48,35,17219.608464
48,36,15852.499015
48,38,14915.794433
48,40,13945.955683
48,43,13823.459768
48,45,13364.782578
48,47,13332.411247
48,50,13165.126197
48,54,13103.206284
49,35,17136.964278
49,36,15852.499015
49,38,14915.794433
49,40,13945.955683
49,43,13823.459768
49,45,13364.782578
49,47,13332.411247
49,50,13165.126197
49,54,13103.206284
50,35,16963.907447
50,36,15809.686639
50,38,14915.794433
50,40,13945.955683
50,43,13809.354478
50,44,13309.199942
50,50,13165.126197
50,54,13103.206284
51,35,16963.907447
51,36,15809.686639
51,38,14915.794433
51,40,13945.955683
51,43,13809.354478
51,44,13309.199942
51,50,13165.126197
51,52,13091.139229
52,35,16963.907447
52,36,15809.686639
52,38,14868.272610
52,40,13945.955683
52,43,13790.512550
52,44,13244.102303
52,50,13165.126197
52,51,13084.802284
53,35,16963.907447
53,36,15809.686639
53,37,15756.954480
53,38,14868.272610
53,40,13945.955683
53,42,13854.888614
53,43,13790.512550
53,44,13244.102303
53,50,13165.126197
53,51,13084.802284
54,35,16840.417319
54,36,15792.029949
54,37,15664.166160
54,38,14868.272610
54,40,13945.955683
54,41,13848.960642
54,42,13576.098999
54,44,13244.102303
54,50,13136.297982
54,51,13061.185086
55,35,16840.417319
55,36,15792.029949
55,37,15664.166160
55,38,14868.272610
55,39,13833.881604
55,40,13710.006808
55,42,13576.098999
55,44,13244.102303
55,50,13136.297982
55,51,13061.185086
56,35,16840.417319
56,36,15792.029949
56,37,13790.359061
56,40,13701.179692
56,41,13583.275269
56,42,13576.098999
56,44,13244.102303
56,50,13136.297982
56,51,13049.616962
57,34,17259.228119
57,35,16840.417319
57,36,15792.029949
57,37,13790.359061
57,40,13701.179692
57,41,13583.275269
57,42,13576.098999
57,44,13232.772519
57,50,13136.297982
57,51,13049.616962
58,34,16943.049941
58,35,16764.590979
58,36,15517.004123
58,37,13790.359061
58,38,13664.619180
58,41,13537.367153
58,42,13536.232954
58,44,13226.057039
58,49,13133.048102
58,50,13024.892363
59,34,16943.049941
59,35,16764.590979
59,36,15517.004123
59,37,13790.359061
59,38,13664.619180
59,41,13537.367153
59,42,13536.232954
59,44,13226.057039
59,49,13133.048102
59,50,13024.892363
60,33,16928.768031
60,35,16725.083873
60,36,15478.458213
60,37,13601.289053
60,41,13492.842028
60,44,13211.275597
60,49,13103.313654
60,50,13013.314388
61,33,16928.768031
61,35,16725.083873
61,36,15478.458213
61,37,13601.289053
61,41,13492.842028
61,44,13211.275597
61,49,13103.313654
61,50,13013.314388
61,51,13008.208193
62,33,16750.019263
62,35,16725.083873
62,36,15401.161309
62,37,13590.812883
62,40,13467.124505
62,43,13160.632042
62,49,13008.820767
62,50,12964.039215
63,33,16750.019263
63,35,16725.083873
63,36,15401.161309
63,37,13590.812883
63,40,13467.124505
63,42,13377.765718
63,43,13160.632042
63,49,13008.820767
63,50,12964.039215
64,33,16640.786068
64,35,16575.686100
64,36,15109.954713
64,37,13584.676942
64,40,13403.781248
64,42,13311.982595
64,43,13159.522959
64,49,12913.869927
64,50,12884.908236
65,33,16640.786068
65,35,16575.686100
65,36,15109.954713
65,37,13584.676942
65,40,13366.869904
65,42,13311.982595
65,43,13159.522959
65,49,12889.483477
65,50,12884.908236
66,33,16522.244992
66,35,15084.205446
66,37,13584.676942
66,40,13366.869904
66,42,13288.250649
66,43,13159.522959
66,49,12889.483477
66,50,12882.734206
67,33,16522.244992
67,35,15084.205446
67,37,13584.676942
67,38,13450.919664
67,40,13366.869904
67,42,13288.250649
67,43,13159.522959
67,49,12889.483477
67,50,12882.734206
68,33,16507.780957
68,35,15057.640956
68,37,13584.676942
68,38,13445.669805
68,40,13307.845419
68,42,13236.318789
68,43,13130.380488
68,48,12882.685994
68,50,12871.927916
69,33,16507.780957
69,35,15057.640956
69,36,13627.047002
69,37,13584.676942
69,38,13445.669805
69,40,13285.749902
69,42,13208.344717
69,43,13130.380488
69,48,12882.685994
69,50,12871.927916
70,33,16157.343590
70,35,14998.588270
70,36,13624.537834
70,37,13557.179866
70,38,13323.416936
70,40,13185.095784
70,43,13117.230810
70,48,12879.911945
70,49,12828.242557
71,33,16157.343590
71,35,14998.588270
71,36,13624.537834
71,37,13557.179866
71,38,13323.416936
71,40,13185.095784
71,43,13117.230810
71,48,12879.911945
71,49,12828.242557
71,51,12812.404524
72,33,16078.385264
72,35,14901.815832
72,36,13624.537834
72,37,13482.051250
72,38,13270.817436
72,40,13130.687457
72,42,13052.756420
72,48,12850.302630
72,49,12813.502442
72,50,12771.711915
73,33,16078.385264
73,34,16019.098126
73,35,14901.815832
73,36,13624.537834
73,37,13482.051250
73,38,13270.817436
73,39,13238.164634
73,40,13130.687457
73,42,13052.756420
73,48,12850.302630
73,49,12759.828649
74,33,16017.977893
74,35,14843.438453
74,36,13613.437886
74,37,13406.850700
74,38,13264.984186
74,39,13232.415695
74,40,13130.687457
74,42,13052.046218
74,47,12793.491545
74,49,12729.972445
75,33,16017.977893
75,35,14843.438453
75,36,13613.437886
75,37,13406.850700
75,38,13264.984186
75,39,13232.415695
75,40,13130.687457
75,41,13128.976044
75,42,13052.046218
75,47,12793.491545
75,49,12729.972445
76,33,16017.977893
76,34,15923.397951
76,35,14636.527811
76,36,13611.123323
76,37,13356.740161
76,38,13235.351968
76,39,13232.415695
76,40,13122.988443
76,41,13104.763337
76,42,13052.046218
76,47,12793.491545
76,49,12729.972445
77,33,16017.977893
77,34,15548.812561
77,35,14636.527811
77,36,13611.123323
77,37,13356.740161
77,38,13235.351968
77,39,13232.415695
77,40,13122.988443
77,41,13104.763337
77,42,13052.046218
77,47,12793.491545
77,49,12729.972445
78,33,16017.977893
78,34,15548.812561
78,35,14636.527811
78,36,13350.021814
78,38,13235.351968
78,39,13163.823336
78,40,13097.586110
78,41,13066.778203
78,42,13052.046218
78,47,12785.242706
78,49,12708.299353
79,33,15981.450974
79,34,15548.812561
79,35,14636.527811
79,36,13350.021814
79,38,13235.351968
79,39,13163.823336
79,40,13097.586110
79,41,13066.778203
79,42,13052.046218
79,47,12785.242706
79,49,12708.299353
80,33,15828.615564
80,34,15459.632877
80,35,14538.164840
80,36,13350.021814
80,38,13135.210937
80,39,13063.386922
80,42,13052.046218
80,47,12755.607843
80,49,12708.299353
81,32,16761.932583
81,33,15828.615564
81,34,15459.632877
81,35,14538.164840
81,36,13350.021814
81,38,13135.210937
81,39,13063.386922
81,42,13052.046218
81,44,13015.507664
81,47,12755.607843
81,49,12708.299353
82,32,16761.932583
82,33,15765.762117
82,34,15375.736758
82,35,14538.164840
82,36,13329.357128
82,38,13127.143181
82,39,13044.458881
82,44,13006.748422
82,47,12742.021881
82,49,12707.201763
83,32,16759.543390
83,33,15765.762117
83,34,15375.736758
83,35,13858.503350
83,36,13329.357128
83,37,13261.054317
83,38,13127.143181
83,39,13016.432523
83,44,13006.748422
83,47,12742.021881
83,49,12707.201763
84,32,16759.543390
84,33,15657.016027
84,34,15301.065827
84,35,13830.866414
84,36,13304.056085
84,37,13243.139772
84,38,13127.143181
84,39,12979.505654
84,45,12643.402107
85,32,16759.543390
85,33,15657.016027
85,34,15301.065827
85,35,13830.866414
85,36,13298.387081
85,37,13243.139772
85,38,13127.143181
85,39,12979.505654
85,45,12643.402107
86,32,16618.332801
86,33,15598.789149
86,34,15245.596652
86,35,13827.244480
86,36,13270.414835
86,37,13243.139772
86,38,13127.143181
86,39,12921.339511
86,45,12587.584475
87,32,16618.332801
87,33,15598.789149
87,34,15245.596652
87,35,13827.244480
87,36,13270.414835
87,37,13177.234731
87,38,13127.143181
87,39,12921.339511
87,45,12587.584475
88,32,16469.058970
88,33,15499.021485
88,34,15197.434428
88,35,13818.034622
88,36,13270.414835
88,37,13177.234731
88,38,13127.143181
88,39,12921.339511
88,44,12551.699562
89,32,16469.058970
89,33,15499.021485
89,34,15197.434428
89,35,13818.034622
89,36,13270.414835
89,37,13177.234731
89,38,13127.143181
89,39,12921.339511
89,44,12551.699562
90,32,16421.507665
90,33,15143.119254
90,35,13759.137458
90,36,13245.234834
90,37,13170.371431
90,38,13100.075457
90,39,12921.339511
90,44,12476.724277
91,32,16421.507665
91,33,15143.119254
91,34,15128.830609
91,35,13759.137458
91,36,13194.954597
91,37,13170.371431
91,38,13051.375279
91,39,12921.339511
91,44,12476.724277
92,32,14903.664031
92,35,13132.436387
92,38,12870.453197
92,43,12441.991555
93,32,14903.664031
93,35,13132.436387
93,38,12870.453197
93,43,12441.991555
94,32,14872.444273
94,35,13132.436387
94,38,12852.247076
94,43,12435.516679
95,32,14872.444273
95,34,14855.971296
95,35,13132.436387
95,38,12852.247076
95,43,12435.516679
96,32,14865.559393
96,34,14855.971296
96,35,13131.405709
96,38,12783.063206
96,43,12400.663069
97,32,14865.559393
97,34,14855.971296
97,35,13131.405709
97,37,13091.397877
97,38,12783.063206
97,43,12400.663069
98,32,14865.559393
98,34,14756.462779
98,35,13128.544160
98,37,13081.949868
98,38,12783.063206
98,43,12388.784698
99,32,14865.559393
99,34,14756.462779
99,35,13128.544160
99,37,13081.949868
99,38,12783.063206
99,43,12388.784698
100,32,14767.668502
100,34,14567.358678
100,35,13118.957561
100,37,13075.079278
100,38,12783.063206
100,43,12388.784698
101,32,14767.668502
101,34,14567.358678
101,35,13118.957561
101,37,13075.079278
101,38,12783.063206
101,43,12388.784698
102,31,16412.780267
102,32,14665.159419
102,34,14446.068140
102,35,13114.775385
102,37,13053.096000
102,38,12758.174839
102,43,12388.784698
103,31,16412.780267
103,32,14665.159419
103,34,14142.581800
103,35,13114.775385
103,37,13053.096000
103,38,12758.174839
103,43,12388.784698
104,31,16352.088611
104,32,14604.355875
104,33,14125.315765
104,35,13104.116440
104,37,13052.077439
104,38,12758.174839
104,39,12756.748408
104,41,12737.003024
104,43,12384.505711
105,31,16352.088611
105,32,14604.355875
105,33,14125.315765
105,34,14080.301087
105,35,13104.116440
105,37,13052.077439
105,38,12758.174839
105,39,12756.748408
105,41,12737.003024
105,43,12384.505711
106,31,14514.458127
106,33,13836.491884
106,35,13104.116440
106,37,13050.213820
106,38,12695.262392
106,42,12370.753780
107,31,14514.458127
107,33,13836.491884
107,35,13104.116440
107,37,13050.213820
107,38,12695.262392
107,42,12370.753780
108,31,14477.374906
108,33,13819.406580
108,35,13046.579516
108,37,13007.716664
108,38,12681.165906
108,42,12366.630664
109,31,14477.374906
109,33,13819.406580
109,34,13583.739233
109,35,13046.579516
109,37,13007.716664
109,38,12681.165906
109,39,12624.053914
109,42,12288.924621
110,31,14477.374906
110,32,13799.214337
110,34,13547.578286
110,35,13029.129400
110,37,12913.992691
110,38,12670.365295
110,39,12595.001769
110,42,12261.386472
111,31,14477.374906
111,32,13799.214337
111,34,13547.578286
111,35,13029.129400
111,37,12913.992691
111,38,12670.365295
111,39,12595.001769
111,42,12261.386472
112,31,14469.044528
112,32,13799.214337
112,33,13431.021198
112,35,13004.613872
112,36,12874.457150
112,38,12573.953229
112,42,12260.809223
113,31,14469.044528
113,32,13799.214337
113,33,13431.021198
113,35,13004.613872
113,36,12874.457150
113,38,12573.953229
113,42,12260.809223
114,31,14449.008580
114,32,13790.641028
114,33,12960.298421
114,36,12868.648282
114,38,12548.175748
114,42,12245.640225
115,31,13887.643527
115,32,13790.641028
115,33,12960.298421
115,36,12868.648282
115,38,12548.175748
115,42,12245.640225
116,31,13686.890320
116,33,12927.639177
116,36,12823.280397
116,38,12547.025511
116,41,12211.773576
117,31,13686.890320
117,33,12927.639177
117,36,12823.280397
117,37,12776.086059
117,38,12547.025511
117,41,12211.773576
118,31,13673.235345
118,33,12924.532137
118,36,12821.225038
118,37,12454.015187
118,41,12205.780367
119,31,13673.235345
119,33,12924.532137
119,36,12821.225038
119,37,12454.015187
119,41,12205.780367
120,31,13598.005471
120,33,12924.532137
120,34,12889.003226
120,36,12816.567357
120,37,12451.614984
120,41,12195.102635
121,31,13598.005471
121,33,12924.532137
121,34,12889.003226
121,36,12816.567357
121,37,12451.614984
121,41,12195.102635
122,31,13598.005471
122,33,12919.299045
122,34,12879.079852
122,36,12746.336724
122,37,12451.614984
122,41,12195.102635
123,31,13598.005471
123,33,12919.299045
123,34,12879.079852
123,35,12769.640611
123,36,12746.336724
123,37,12451.614984
123,39,12394.614893
123,41,12195.102635
124,30,17235.617731
124,31,13598.005471
124,33,12918.985967
124,34,12867.934874
124,35,12769.640611
124,36,12700.963831
124,37,12451.614984
124,39,12384.707228
124,41,12181.113123
125,30,15482.111863
125,31,13598.005471
125,33,12918.985967
125,34,12867.934874
125,35,12769.640611
125,36,12700.963831
125,37,12451.614984
125,39,12384.707228
125,41,12181.113123
126,30,15047.936559
126,31,13598.005471
126,33,12907.927890
126,34,12863.472164
126,35,12769.640611
126,36,12699.911566
126,37,12451.614984
126,38,12377.247256
126,41,12178.431572
127,30,15047.936559
127,31,13598.005471
127,33,12903.819904
127,34,12863.472164
127,35,12769.640611
127,36,12699.911566
127,37,12451.614984
127,38,12377.247256
127,41,12178.431572
128,30,14979.938928
128,31,13576.086084
128,33,12903.819904
128,34,12764.783664
128,36,12699.447496
128,37,12442.073502
128,38,12367.255166
128,41,12178.431572
129,30,14979.938928
129,31,13576.086084
129,33,12883.251575
129,34,12764.783664
129,36,12699.447496
129,37,12442.073502
129,38,12367.255166
129,41,12178.431572
130,30,13990.956308
130,31,13574.119742
130,33,12819.542085
130,34,12764.783664
130,36,12698.780466
130,37,12442.073502
130,38,12337.224020
130,41,12170.466612
131,30,13937.603426
131,31,13396.545540
131,33,12819.542085
131,34,12764.783664
131,36,12698.780466
131,37,12442.073502
131,38,12337.224020
131,41,12170.466612
132,30,13937.603426
132,31,13391.621088
132,33,12817.117951
132,34,12741.817289
132,36,12692.988624
132,37,12308.036177
132,41,12163.276807
133,30,13937.603426
133,31,13391.621088
133,33,12817.117951
133,34,12741.817289
133,35,12738.710933
133,36,12692.988624
133,37,12308.036177
133,41,12163.276807
134,30,13753.549238
134,31,13391.621088
134,33,12808.327679
134,34,12674.359348
134,36,12294.428321
134,41,12157.575456
135,30,13652.813810
135,31,13391.621088
135,33,12808.327679
135,34,12674.359348
135,36,12294.428321
135,41,12157.575456
136,30,13571.309457
136,31,13381.404244
136,33,12779.959387
136,34,12641.029574
136,36,12289.119594
136,41,12154.329391
137,29,14034.104814
137,30,13571.309457
137,31,13381.404244
137,33,12779.959387
137,34,12641.029574
137,36,12289.119594
137,41,12154.329391
138,29,13928.121781
138,30,13537.234756
138,31,13373.643067
138,32,13223.546645
138,33,12768.139205
138,34,12638.698547
138,36,12289.119594
138,41,12152.620364
139,29,13928.121781
139,30,13537.234756
139,31,13348.235350
139,32,13187.646041
139,33,12768.139205
139,34,12638.698547
139,36,12289.119594
139,41,12152.620364
140,29,13856.177465
140,30,13527.900441
140,31,13306.935664
140,32,13009.077179
140,33,12764.788641
140,34,12638.698547
140,36,12286.072324
140,41,12152.620364
141,29,13856.177465
141,30,13366.035584
141,31,13291.150248
141,32,13009.077179
141,33,12764.788641
141,34,12638.698547
141,36,12286.072324
141,41,12152.620364
142,29,13804.586802
142,30,13341.859535
142,31,13278.768819
142,32,12984.651135
142,33,12661.858921
142,34,12633.189152
142,36,12271.315960
142,41,12152.620364
143,29,13804.586802
143,30,13341.859535
143,31,13278.768819
143,32,12984.651135
143,33,12649.862964
143,34,12633.189152
143,36,12271.315960
143,41,12152.620364
144,29,13744.722739
144,30,13341.343521
144,31,13265.257339
144,32,12971.033436
144,33,12648.651510
144,34,12633.189152
144,35,12441.119867
144,36,12271.315960
144,41,12152.620364
144,43,12118.497830
145,29,13469.029854
145,30,13305.273254
145,31,13265.257339
145,32,12971.033436
145,33,12648.651510
145,34,12633.189152
145,35,12441.119867
145,36,12271.315960
145,41,12152.620364
145,42,12130.097452
145,43,12076.428963
146,29,13469.029854
146,30,13261.122909
146,31,13184.927361
146,32,12962.005402
146,33,12648.142707
146,34,12626.940574
146,35,12436.050177
146,36,12268.590922
146,41,12152.620364
146,42,12066.915557
147,29,13469.029854
147,30,13261.122909
147,31,13184.927361
147,32,12962.005402
147,33,12648.142707
147,34,12626.940574
147,35,12436.050177
147,36,12268.590922
147,41,12152.620364
147,42,12066.915557
148,29,13455.737768
148,30,13132.906216
148,32,12932.178291
148,33,12634.042052
148,34,12565.233172
148,35,12435.754792
148,36,12258.944376
148,41,12033.147689
149,29,13455.737768
149,30,13132.906216
149,32,12873.965779
149,33,12633.878991
149,34,12433.263934
149,36,12258.944376
149,41,12033.147689
150,29,13360.385761
150,30,13114.381225
150,32,12870.918393
150,33,12630.192326
150,34,12429.217934
150,36,12258.944376
150,41,12033.147689
151,29,13360.385761
151,30,13114.381225
151,32,12870.918393
151,33,12586.316737
151,34,12429.217934
151,36,12258.944376
151,41,12033.147689
152,29,13360.385761
152,30,13106.833506
152,32,12777.752693
152,33,12584.382798
152,34,12401.695606
152,36,12229.367342
152,40,12166.791747
152,41,12018.069911
153,29,13360.385761
153,30,13106.833506
153,31,12785.529899
153,32,12777.752693
153,33,12584.382798
153,34,12401.695606
153,36,12229.367342
153,40,12166.791747
153,41,12018.069911
154,29,13344.234646
154,30,13105.977048
154,31,12770.309992
154,33,12538.285112
154,34,12400.250937
154,36,12229.193445
154,39,12164.370327
154,40,11985.131785
155,29,13344.234646
155,30,13105.977048
155,31,12770.309992
155,33,12538.285112
155,34,12341.635922
155,36,12229.193445
155,39,12164.370327
155,40,11985.131785
156,29,13245.299542
156,30,13105.977048
156,31,12756.149174
156,32,12732.133916
156,33,12538.285112
156,34,12267.391624
156,35,12248.739984
156,36,12226.516716
156,39,12148.120495
156,40,11959.357534
157,29,13245.299542
157,30,13105.977048
157,31,12756.149174
157,32,12732.133916
157,33,12538.285112
157,34,12267.391624
157,35,12248.739984
157,36,12226.516716
157,39,12148.120495
157,40,11959.357534
158,29,13245.299542
158,30,13017.380511
158,31,12721.304319
158,32,12692.053403
158,33,12538.285112
158,34,12265.655969
158,35,12140.153283
158,40,11951.651567
159,29,13245.299542
159,30,13017.380511
159,31,12721.304319
159,32,12692.053403
159,33,12538.285112
159,34,12265.655969
159,35,12140.153283
159,40,11951.651567
160,29,13234.586478
160,30,12949.997795
160,31,12719.488950
160,32,12691.552099
160,33,12531.663852
160,34,12265.655969
160,35,12135.716880
160,39,11937.465799
161,29,13234.586478
161,30,12949.997795
161,31,12719.488950
161,32,12691.552099
161,33,12531.663852
161,34,12265.655969
161,35,12135.716880
161,39,11937.465799
162,29,13184.024645
162,30,12943.983063
162,31,12719.488950
162,32,12686.912776
162,33,12528.886309
162,34,12255.429857
162,35,12114.508642
162,39,11934.250168
163,29,13107.575242
163,30,12943.983063
163,31,12719.488950
163,32,12686.912776
163,33,12528.886309
163,34,12255.429857
163,35,12114.508642
163,39,11934.250168
164,29,13107.575242
164,30,12943.983063
164,31,12719.488950
164,32,12673.456519
164,33,12528.886309
164,34,12240.392731
164,35,12112.518153
164,39,11932.852368
165,29,13107.575242
165,30,12943.983063
165,31,12719.488950
165,32,12673.456519
165,33,12528.886309
165,34,12240.392731
165,35,12112.518153
165,39,11932.852368
166,29,13086.443084
166,30,12936.509103
166,31,12718.864098
166,32,12650.173382
166,33,12224.888315
166,35,12112.518153
166,39,11931.119439
167,29,13086.443084
167,30,12936.509103
167,31,12718.864098
167,32,12650.173382
167,33,12224.888315
167,35,12112.518153
167,39,11931.119439
168,29,13085.462744
168,30,12913.144575
168,31,12711.547380
168,32,12598.818284
168,33,12212.190417
168,35,12065.509686
168,38,11970.746783
168,39,11896.953486
169,29,13085.462744
169,30,12913.144575
169,31,12711.547380
169,32,12598.818284
169,33,12212.190417
169,35,12065.509686
169,38,11970.746783
169,39,11896.953486
170,29,13080.465182
170,30,12876.432627
170,31,12710.517124
170,32,12579.596921
170,33,12212.190417
170,35,12064.930017
170,38,11970.746783
170,39,11896.953486
171,29,13080.465182
171,30,12876.432627
171,31,12710.517124
171,32,12579.596921
171,33,12212.190417
171,35,12064.930017
171,38,11954.244285
171,39,11896.953486
172,29,13078.272875
172,30,12842.274123
172,31,12704.166510
172,32,12578.036976
172,33,12212.190417
172,35,12064.930017
172,38,11936.932169
172,39,11893.661438
173,29,13078.272875
173,30,12749.368954
173,31,12704.166510
173,32,12578.036976
173,33,12212.190417
173,34,12187.453381
173,35,12064.930017
173,37,12012.003764
173,38,11936.932169
173,39,11893.661438
174,29,13078.272875
174,30,12749.012104
174,31,12695.341496
174,32,12577.088398
174,33,12206.039406
174,34,12162.917197
174,35,12049.590474
174,37,12012.003764
174,38,11929.241211
174,39,11893.352073
175,29,13078.272875
175,30,12749.012104
175,31,12695.341496
175,32,12577.088398
175,33,12206.039406
175,34,12162.917197
175,35,12030.203037
175,37,12012.003764
175,38,11929.241211
175,39,11893.352073
176,29,13074.827832
176,30,12733.541182
176,31,12692.609927
176,32,12533.441762
176,33,12206.039406
176,34,12162.917197
176,35,12030.041086
176,37,11966.272886
176,38,11876.766813
177,29,13074.827832
177,30,12733.541182
177,31,12691.287478
177,32,12500.084167
177,33,12206.039406
177,34,12162.917197
177,35,12030.041086
177,37,11958.574915
177,38,11876.766813
178,29,13074.827832
178,30,12733.541182
178,31,12691.155847
178,32,12500.084167
178,33,12118.946518
178,35,12023.736681
178,37,11903.097183
178,38,11875.428975
179,29,13074.827832
179,30,12733.541182
179,31,12691.155847
179,32,12500.084167
179,33,12118.946518
179,35,12023.736681
179,37,11903.097183
179,38,11875.428975
180,29,13074.827832
180,30,12685.769028
180,32,12480.939132
180,33,12118.127268
180,35,12021.972331
180,37,11896.948142
180,38,11854.886807
181,29,13035.262753
181,30,12685.769028
181,31,12660.302469
181,32,12480.939132
181,33,12118.127268
181,35,12021.972331
181,37,11896.948142
181,38,11854.886807
182,29,13027.988899
182,30,12685.769028
182,31,12660.174161
182,32,12445.027050
182,33,12117.613868
182,35,12016.363706
182,37,11824.829167
183,28,13658.391267
183,29,13027.988899
183,30,12685.769028
183,31,12660.174161
183,32,12445.027050
183,33,12117.613868
183,35,12016.363706
183,37,11824.829167
184,28,13596.824134
184,29,13027.988899
184,30,12670.445236
184,31,12652.098887
184,32,12445.027050
184,33,12117.613868
184,35,12004.238435
184,37,11822.053714
185,28,13596.824134
185,29,13027.988899
185,30,12670.445236
185,31,12652.098887
185,32,12445.027050
185,33,12117.613868
185,35,12004.238435
185,37,11822.053714
186,28,13130.210819
186,29,13025.865200
186,30,12649.643606
186,32,12445.027050
186,33,12117.447034
186,35,12004.238435
186,37,11820.672915
187,28,13130.210819
187,29,12963.282051
187,30,12649.042437
187,32,12445.027050
187,33,12117.447034
187,35,12004.238435
187,37,11820.672915
188,28,13065.924772
188,29,12958.225531
188,30,12649.042437
188,32,12397.225571
188,33,11974.723667
188,37,11813.818177
189,28,13065.924772
189,29,12958.225531
189,30,12649.042437
189,32,12397.225571
189,33,11974.723667
189,37,11813.818177
190,28,13064.873461
190,29,12958.225531
190,30,12648.624312
190,31,12587.742754
190,32,12397.225571
190,33,11974.723667
190,37,11810.342369
191,28,13064.873461
191,29,12958.225531
191,30,12648.624312
191,31,12587.742754
191,32,12397.225571
191,33,11974.723667
191,37,11810.342369
192,28,13050.278954
192,29,12872.724305
192,30,12637.853119
192,31,12587.742754
192,32,11943.995763
192,36,11788.594763
193,28,13050.278954
193,29,12778.511282
193,30,12637.853119
193,31,12451.270031
193,32,11943.995763
193,36,11788.594763
194,28,13046.266636
194,29,12773.069423
194,30,12637.496548
194,31,12375.338366
194,32,11911.538701
194,36,11788.326884
195,28,13046.266636
195,29,12773.069423
195,30,12637.496548
195,31,12375.338366
195,32,11911.538701
195,36,11788.326884
196,28,13011.634446
196,29,12773.069423
196,30,12615.146748
196,31,12375.338366
196,32,11911.538701
196,36,11782.780871
197,28,13011.634446
197,29,12773.069423
197,30,12615.146748
197,31,12375.338366
197,32,11911.538701
197,36,11782.780871
198,28,13001.939321
198,29,12773.069423
198,30,12609.988999
198,31,12375.338366
198,32,11908.510075
198,36,11782.085575
199,28,13001.939321
199,29,12773.069423
199,30,12609.988999
199,31,12375.338366
199,32,11908.510075
199,36,11782.085575
200,28,13001.939321
200,29,12751.648402
200,30,12608.266552
200,31,12375.338366
200,32,11908.510075
200,36,11774.334080
201,28,13001.939321
201,29,12751.648402
201,30,12608.266552
201,31,12375.338366
201,32,11908.510075
201,36,11774.334080
202,28,12992.772402
202,29,12751.648402
202,30,12603.536319
202,31,12366.343266
202,32,11887.159761
202,36,11765.608811
203,28,12992.772402
203,29,12751.648402
203,30,12603.536319
203,31,12366.343266
203,32,11887.159761
203,36,11765.608811
204,28,12969.782448
204,29,12750.322282
204,30,12591.731927
204,31,12360.760484
204,32,11882.290092
204,33,11881.898852
204,36,11708.220242
205,28,12969.782448
205,29,12750.322282
205,30,12591.731927
205,31,12360.760484
205,32,11873.397955
205,36,11708.220242
206,28,12828.569465
206,29,12731.130872
206,30,12591.731927
206,31,12330.220556
206,32,11862.061281
206,36,11700.735095
207,28,12828.569465
207,29,12731.130872
207,30,12591.731927
207,31,12330.220556
207,32,11862.061281
207,36,11700.735095
208,28,12776.143964
208,29,12669.204625
208,30,12591.087247
208,31,12330.220556
208,32,11859.656450
208,33,11848.221425
208,36,11695.761194
209,28,12776.143964
209,29,12669.204625
209,30,12591.087247
209,31,12330.220556
209,32,11859.656450
209,33,11848.221425
209,36,11695.761194
210,28,12774.374730
210,29,12649.178254
210,30,12582.115857
210,31,12330.220556
210,32,11850.671899
210,33,11844.686083
210,36,11692.898962
211,28,12774.374730
211,29,12649.178254
211,30,12582.115857
211,31,12330.220556
211,32,11850.671899
211,33,11844.686083
211,36,11692.898962
212,28,12769.865972
212,29,12646.701707
212,30,12582.037662
212,31,12330.220556
212,32,11826.419640
212,36,11678.260545
213,28,12769.865972
213,29,12646.701707
213,30,12582.037662
213,31,12330.220556
213,32,11826.419640
213,36,11678.260545
214,28,12767.783215
214,29,12643.525304
214,30,12568.906260
214,31,12326.551576
214,32,11817.685142
214,36,11678.213471
215,28,12767.783215
215,29,12643.525304
215,30,12568.906260
215,31,12326.551576
215,32,11817.685142
215,36,11678.213471
216,28,12748.019859
216,29,12615.790894
216,30,12564.255271
216,31,12326.551576
216,32,11812.400023
216,36,11675.555994
217,28,12748.019859
217,29,12615.790894
217,30,12564.255271
217,31,12326.551576
217,32,11812.400023
217,36,11675.555994
218,28,12745.494963
218,29,12615.790894
218,30,12551.947380
218,31,12326.551576
218,32,11811.739234
218,36,11665.759837
219,28,12745.494963
219,29,12615.790894
219,30,12551.947380
219,31,12326.551576
219,32,11811.739234
219,36,11665.759837
220,28,12726.169148
220,29,12613.797739
220,30,12547.917512
220,31,12109.122306
220,32,11788.687775
220,36,11653.191034
221,28,12726.169148
221,29,12613.797739
221,30,12547.917512
221,31,12109.122306
221,32,11788.687775
221,36,11653.191034
222,28,12677.305448
222,29,12612.355492
222,30,12538.164968
222,31,12109.122306
222,32,11778.397462
222,36,11653.191034
223,28,12677.305448
223,29,12612.355492
223,30,12538.164968
223,31,12109.122306
223,32,11778.397462
223,36,11653.191034
224,28,12661.842496
224,29,12612.355492
224,30,12534.656136
224,31,12102.370800
224,32,11763.029917
224,36,11639.397665
225,28,12661.842496
225,29,12612.355492
225,30,12534.656136
225,31,12102.370800
225,32,11763.029917
225,36,11639.397665
226,28,12634.393906
226,29,12590.089480
226,30,12533.792534
226,31,12102.370800
226,32,11763.029917
226,36,11638.207499
227,28,12634.393906
227,29,12590.089480
227,30,12533.792534
227,31,12102.370800
227,32,11763.029917
227,36,11631.837860
228,28,12629.063830
228,29,12586.418754
228,30,12529.991700
228,31,11845.110289
228,32,11763.029917
228,35,11601.129138
229,28,12629.063830
229,29,12586.418754
229,30,12529.991700
229,31,11845.110289
229,32,11763.029917
229,35,11601.129138
230,28,12600.149081
230,29,12575.313019
230,30,12487.071141
230,31,11845.110289
230,32,11763.029917
230,35,11601.129138
231,28,12600.149081
231,29,12575.313019
231,30,12230.526620
231,31,11845.110289
231,32,11763.029917
231,35,11601.129138
232,28,12593.434413
232,29,12559.607051
232,30,12228.990874
232,31,11845.053564
232,32,11763.029917
232,35,11599.335987
233,28,12593.434413
233,29,12559.607051
233,30,12228.990874
233,31,11845.053564
233,32,11763.029917
233,35,11599.335987
234,28,12587.304615
234,29,12556.232994
234,30,12226.924705
234,31,11844.956579
234,32,11755.604916
234,35,11599.335987
235,28,12569.424991
235,29,12556.232994
235,30,12226.924705
235,31,11844.956579
235,32,11755.604916
235,33,11730.386005
235,35,11599.335987
236,28,12569.040556
236,29,12556.232994
236,30,12226.369322
236,31,11840.653856
236,32,11685.414622
236,35,11599.335987
237,28,12569.040556
237,29,12556.232994
237,30,12226.369322
237,31,11840.653856
237,32,11685.414622
237,35,11599.335987
238,28,12563.953521
238,29,12545.843729
238,30,12216.463059
238,31,11840.482291
238,32,11683.733129
238,35,11574.984424
239,28,12563.953521
239,29,12545.843729
239,30,12216.463059
239,31,11726.259404
239,32,11683.733129
239,35,11574.984424
240,28,12558.219560
240,29,12504.471885
240,30,12216.463059
240,31,11720.314955
240,32,11662.912519
240,34,11584.277286
240,35,11558.278410
241,28,12558.219560
241,29,12504.471885
241,30,12216.463059
241,31,11716.871266
241,32,11662.912519
241,34,11584.277286
241,35,11558.278410
242,28,12552.174462
242,29,12492.590636
242,30,11923.981745
242,31,11716.868073
242,32,11639.627898
242,34,11581.297293
242,35,11548.596123
243,28,12552.174462
243,29,12492.590636
243,30,11923.981745
243,31,11716.868073
243,32,11639.627898
243,34,11581.297293
243,35,11548.596123
244,28,12530.204062
244,29,12492.590636
244,30,11905.362960
244,31,11714.680502
244,32,11639.627898
244,33,11566.666075
244,35,11539.355699
245,28,12530.204062
245,29,12492.590636
245,30,11905.362960
245,31,11714.680502
245,32,11639.627898
245,33,11566.666075
245,34,11556.438782
245,35,11539.355699
246,28,12530.204062
246,29,12461.917478
246,30,11756.024565
246,31,11690.564147
246,32,11638.398760
246,33,11545.486290
246,35,11539.355699
247,28,12530.204062
247,29,12461.917478
247,30,11756.024565
247,31,11690.564147
247,32,11638.398760
247,33,11545.486290
247,35,11539.355699
248,28,12530.065090
248,29,12449.190682
248,30,11756.024565
248,31,11675.427126
248,32,11633.560775
248,33,11542.388807
248,35,11533.158221
249,28,12530.065090
249,29,12449.190682
249,30,11756.024565
249,31,11675.427126
249,32,11633.560775
249,33,11542.388807
249,35,11533.158221
250,28,12473.224031
250,29,12449.190682
250,30,11743.940736
250,31,11673.949604
250,32,11614.323224
250,33,11526.069135
251,28,12473.224031
251,29,12449.190682
251,30,11743.940736
251,31,11673.949604
251,32,11614.323224
251,33,11526.069135
252,27,12539.215186
252,28,12473.224031
252,29,12448.996412
252,30,11738.487947
252,31,11673.949604
252,32,11605.496578
252,33,11526.069135
253,27,12492.595473
253,28,12473.224031
253,29,12448.996412
253,30,11738.487947
253,31,11673.949604
253,32,11605.496578
253,33,11526.069135
254,27,12481.468362
254,28,12472.727197
254,29,12445.097189
254,30,11738.487947
254,31,11656.249372
254,32,11584.772528
254,33,11497.989749
255,27,12481.468362
255,28,12413.801105
255,30,11738.487947
255,31,11656.249372
255,32,11584.772528
255,33,11474.061363
256,27,12464.759398
256,28,12413.801105
256,30,11712.911915
256,31,11637.489529
256,32,11584.772528
256,33,11474.054866
257,27,12464.759398
257,28,12413.801105
257,29,11980.365474
257,30,11681.062585
257,31,11637.489529
257,32,11584.772528
257,33,11474.054866
258,27,12464.759398
258,28,12403.939448
258,29,11936.510369
258,30,11681.062585
258,31,11633.814020
258,32,11584.699511
258,33,11474.054866
259,27,12464.759398
259,28,12403.939448
259,29,11936.510369
259,30,11630.013756
259,32,11584.699511
259,33,11474.054866
260,27,12464.759398
260,28,12389.952017
260,29,11923.608751
260,30,11630.013756
260,32,11545.917398
260,33,11473.846132
261,27,12464.759398
261,28,12389.952017
261,29,11923.608751
261,30,11630.013756
261,32,11545.917398
261,33,11473.846132
262,27,12452.015109
262,28,12388.182363
262,29,11923.608751
262,30,11629.078432
262,32,11545.917398
262,33,11470.039996
263,27,12452.015109
263,28,12388.182363
263,29,11923.608751
263,30,11629.078432
263,32,11545.917398
263,33,11470.039996
264,27,12446.823533
264,28,12388.182363
264,29,11880.945812
264,30,11583.224575
264,32,11533.696585
264,33,11464.170147
265,27,12446.823533
265,28,12388.182363
265,29,11880.945812
265,30,11583.224575
265,32,11533.696585
265,33,11464.170147
266,27,12446.823533
266,28,12379.042419
266,29,11877.993590
266,30,11582.672426
266,32,11532.433573
266,33,11464.170147
267,27,12446.823533
267,28,12379.042419
267,29,11877.993590
267,30,11582.672426
267,32,11532.433573
267,33,11464.170147
268,27,12446.823533
268,28,12375.610762
268,29,11877.901017
268,30,11582.184755
268,32,11531.270948
268,33,11446.245542
269,26,12441.035799
269,28,12375.610762
269,29,11877.901017
269,30,11582.184755
269,32,11531.270948
269,33,11446.245542
270,26,12422.181195
270,28,12371.395210
270,29,11824.394025
270,30,11582.184755
270,32,11525.079165
270,33,11439.474199
271,26,12422.181195
271,28,12371.395210
271,29,11824.394025
271,30,11582.184755
271,32,11525.079165
271,33,11439.474199
272,26,12392.221590
272,27,12354.734163
272,29,11814.203785
272,30,11582.184755
272,32,11525.079165
272,33,11439.055356
273,26,12392.221590
273,27,12354.734163
273,29,11814.203785
273,30,11582.184755
273,32,11525.079165
273,33,11439.055356
274,26,12382.707951
274,27,12344.342371
274,29,11814.203785
274,30,11564.470119
274,32,11512.431314
274,33,11439.055356
275,26,12382.707951
275,27,12344.342371
275,29,11814.203785
275,30,11564.470119
275,32,11512.431314
275,33,11439.055356
276,25,12835.626915
276,26,12381.711836
276,27,12335.931699
276,29,11814.036091
276,30,11563.685811
276,32,11510.811329
276,33,11431.186239
277,25,12835.626915
277,26,12381.711836
277,27,12335.931699
277,29,11814.036091
277,30,11563.685811
277,32,11510.811329
277,33,11431.186239
278,25,12746.618528
278,26,12381.711836
278,27,12326.418060
278,29,11777.527892
278,30,11537.872234
278,32,11501.877532
278,33,11429.690925
279,25,12746.618528
279,26,12381.711836
279,27,12326.418060
279,29,11777.527892
279,30,11537.872234
279,32,11501.877532
279,33,11429.690925
280,25,12689.749345
280,26,12381.711836
280,27,12311.103751
280,28,11753.501859
280,30,11533.638148
280,32,11501.877532
280,33,11426.379227
281,25,12689.749345
281,26,12381.711836
281,27,12311.103751
281,28,11753.501859
281,29,11657.846778
281,30,11533.638148
281,32,11501.877532
281,33,11426.379227
282,25,12689.749345
282,26,12377.631881
282,27,12311.103751
282,28,11637.697528
282,30,11529.729030
282,32,11499.277742
282,33,11425.869712
283,25,12689.749345
283,26,12351.509120
283,27,12311.103751
283,28,11637.697528
283,30,11529.729030
283,32,11499.277742
283,33,11425.869712
284,25,12684.818039
284,26,12351.509120
284,27,12306.481255
284,28,11632.036625
284,29,11573.380733
284,30,11529.729030
284,32,11499.277742
284,33,11425.869712
285,25,12684.818039
285,26,12351.509120
285,27,12306.481255
285,28,11632.036625
285,29,11563.550982
285,30,11529.729030
285,32,11499.277742
285,33,11425.869712
286,25,12681.344358
286,26,12351.509120
286,27,12298.725919
286,28,11632.036625
286,29,11563.328257
286,30,11521.230573
286,32,11425.347166
286,33,11417.367392
287,25,12681.344358
287,26,12351.509120
287,27,12298.725919
287,28,11632.036625
287,29,11563.328257
287,30,11521.230573
287,32,11425.347166
287,33,11417.367392
288,25,12680.540611
288,26,12343.436783
288,27,12296.298251
288,28,11632.036625
288,29,11557.112250
288,30,11515.475532
288,32,11422.605327
288,33,11417.367392
289,25,12680.540611
289,26,12343.436783
289,27,12296.298251
289,28,11632.036625
289,29,11557.112250
289,30,11515.475532
289,32,11422.605327
289,33,11417.367392
290,25,12639.126278
290,26,12343.436783
290,27,12295.941387
290,28,11629.406052
290,29,11556.554664
290,30,11515.475532
290,32,11401.530127
291,25,12639.126278
291,26,12343.436783
291,27,12295.941387
291,28,11629.406052
291,29,11556.554664
291,30,11515.475532
291,32,11401.530127
292,25,12639.126278
292,26,12337.153963
292,27,12293.842842
292,28,11603.839001
292,29,11553.530381
292,30,11512.808628
292,32,11401.530127
293,25,12639.126278
293,26,12337.153963
293,27,12277.269029
293,28,11603.839001
293,29,11545.148240
293,30,11512.808628
293,32,11401.530127
293,33,11399.879049
294,25,12595.765996
294,26,12333.932756
294,27,12272.538462
294,28,11603.839001
294,29,11545.148240
294,30,11511.523889
294,32,11401.530127
294,33,11399.879049
295,25,12595.765996
295,26,12333.932756
295,27,12272.538462
295,28,11603.839001
295,29,11545.148240
295,30,11511.523889
295,32,11401.530127
295,33,11399.879049
296,25,12595.760097
296,26,12323.793699
296,27,12272.538462
296,28,11599.871821
296,29,11537.091372
296,30,11511.304516
296,32,11395.429622
297,25,12595.760097
297,26,12323.793699
297,27,12272.538462
297,28,11599.871821
297,29,11537.091372
297,30,11511.304516
297,32,11393.082547
298,25,12567.864016
298,26,12323.564144
298,27,12272.538462
298,28,11599.871821
298,29,11536.078791
298,30,11495.246928
298,32,11373.799602
299,25,12567.864016
299,26,12323.564144
299,27,12272.538462
299,28,11599.871821
299,29,11536.078791
299,30,11495.246928
299,32,11373.799602
300,25,12567.864016
300,26,12322.012295
300,27,12271.304770
300,28,11599.536237
300,29,11534.211615
300,30,11495.246928
300,32,11341.781145
301,25,12567.864016
301,26,12322.012295
301,27,12271.304770
301,28,11590.218345
301,29,11534.211615
301,30,11495.246928
301,32,11341.781145
302,25,12567.864016
302,26,12322.012295
302,27,12271.304770
302,28,11590.218345
302,29,11512.567218
302,30,11495.246928
302,32,11341.482280
303,25,12567.864016
303,26,12303.899255
303,27,12271.304770
303,28,11590.218345
303,29,11512.567218
303,30,11495.246928
303,32,11341.482280
304,25,12543.129675
304,26,12303.494415
304,27,12260.100943
304,28,11548.854528
304,29,11511.102518
304,30,11492.412673
304,32,11341.482280
305,25,12543.129675
305,26,12303.494415
305,27,12260.100943
305,28,11548.854528
305,29,11466.537073
305,32,11341.482280
306,25,12522.484308
306,26,12303.224317
306,27,12259.710556
306,28,11429.661429
306,32,11336.921995
307,25,12522.484308
307,26,12303.224317
307,27,12259.710556
307,28,11366.838892
307,32,11336.921995
308,25,12522.484308
308,26,12293.371080
308,27,11577.929605
308,28,11361.587828
308,32,11331.880571
309,25,12522.484308
309,26,12293.371080
309,27,11577.929605
309,28,11361.587828
309,32,11331.880571
310,25,12493.680846
310,26,12273.478358
310,27,11577.929605
310,28,11361.587828
310,32,11326.876494
311,25,12493.680846
311,26,12273.478358
311,27,11577.929605
311,28,11361.587828
311,32,11326.876494
312,25,12468.090410
312,26,12208.251920
312,27,11575.694882
312,28,11361.549759
312,32,11319.790305
313,25,12468.090410
313,26,12208.251920
313,27,11575.694882
313,28,11361.549759
313,32,11319.790305
314,25,12466.626878
314,26,12194.710629
314,27,11575.694882
314,28,11358.043500
314,32,11315.708794
315,25,12466.626878
315,26,12194.710629
315,27,11506.340535
315,28,11358.043500
315,32,11315.708794
316,25,12466.626878
316,26,12185.593585
316,27,11506.340535
316,28,11340.507333
316,32,11304.645094
317,25,12466.626878
317,26,12185.593585
317,27,11506.340535
317,28,11340.507333
317,32,11304.645094
318,25,12451.210257
318,26,12183.446794
318,27,11506.172738
318,28,11338.720608
318,32,11304.645094
319,25,12451.210257
319,26,12183.446794
319,27,11506.172738
319,28,11338.720608
319,32,11304.645094
320,25,12451.210257
320,26,12179.783047
320,27,11486.586563
320,28,11338.720608
320,32,11304.645094
321,25,12451.210257
321,26,12179.783047
321,27,11486.586563
321,28,11338.720608
321,32,11304.645094
322,25,12445.622531
322,26,12179.783047
322,27,11486.586563
322,28,11336.063006
322,32,11304.645094
323,25,12445.622531
323,26,12179.783047
323,27,11486.586563
323,28,11336.063006
323,32,11304.645094
324,25,12445.622531
324,26,12179.783047
324,27,11486.586563
324,28,11327.326492
324,32,11304.645094
