Iteration,NV,TOC
1,6,8364.559401
1,7,5381.831689
1,10,4463.088177
1,11,3249.263377
1,12,3183.257405
1,13,2894.782454
1,14,2578.833197
1,16,2468.102935
1,17,2283.672545
1,18,2206.055075
1,20,2122.959305
1,23,2020.237190
2,6,8364.559401
2,7,5381.831689
2,9,4317.784795
2,11,3249.263377
2,12,3183.257405
2,13,2894.782454
2,14,2578.833197
2,16,2468.102935
2,17,2283.672545
2,18,2206.055075
2,20,2122.959305
2,23,2020.237190
3,6,8364.559401
3,7,5381.831689
3,8,4866.857280
3,9,4317.784795
3,11,3249.263377
3,12,3183.257405
3,13,2894.782454
3,14,2578.833197
3,16,2468.102935
3,17,2283.672545
3,18,2206.055075
3,20,2122.959305
3,23,2020.237190
4,6,8364.559401
4,7,5381.831689
4,8,4866.857280
4,9,4317.784795
4,11,3249.263377
4,12,3183.257405
4,13,2810.934266
4,14,2578.833197
4,16,2468.102935
4,17,2283.672545
4,18,2206.055075
4,20,2122.959305
4,23,2020.237190
5,6,8364.559401
5,7,5381.831689
5,8,4533.605822
5,9,4061.151407
5,11,3249.263377
5,12,3183.257405
5,13,2810.934266
5,14,2578.833197
5,16,2241.493156
5,18,2206.055075
5,20,2084.998812
5,23,2020.237190
6,6,8364.559401
6,7,5381.831689
6,8,4533.605822
6,9,4061.151407
6,11,3249.263377
6,12,3183.257405
6,13,2810.934266
6,14,2578.833197
6,16,2241.493156
6,18,2206.055075
6,20,2084.998812
6,23,2020.237190
7,6,8364.559401
7,7,5381.831689
7,8,4533.605822
7,9,4061.151407
7,10,3781.281283
7,11,3249.263377
7,12,3183.257405
7,13,2810.934266
7,14,2578.833197
7,16,2241.493156
7,18,2206.055075
7,20,2084.998812
7,23,2020.237190
8,6,8364.559401
8,7,5381.831689
8,8,4533.605822
8,9,4061.151407
8,10,3781.281283
8,11,3249.263377
8,12,2864.328462
8,13,2810.934266
8,14,2578.833197
8,16,2241.493156
8,18,2206.055075
8,20,2084.998812
8,23,2020.237190
9,6,8364.559401
9,7,5381.831689
9,8,4533.605822
9,9,4061.151407
9,10,3752.390543
9,11,3249.263377
9,12,2864.328462
9,13,2810.934266
9,14,2578.833197
9,16,2241.493156
9,18,2206.055075
9,20,2084.998812
9,23,2020.237190
10,5,12366.474200
10,6,8364.559401
10,7,5381.831689
10,8,4533.605822
10,9,4061.151407
10,10,3752.390543
10,11,3249.263377
10,12,2864.328462
10,13,2810.934266
10,14,2578.833197
10,16,2241.493156
10,18,2206.055075
10,20,2084.998812
10,23,2020.237190
11,5,12366.474200
11,6,8364.559401
11,7,5381.831689
11,8,4533.605822
11,9,4061.151407
11,10,3752.390543
11,11,3249.263377
11,12,2864.328462
11,13,2810.934266
11,14,2578.833197
11,16,2241.493156
11,18,2206.055075
11,20,2084.998812
11,23,2020.237190
12,5,12366.474200
12,6,8364.559401
12,7,5381.831689
12,8,4533.605822
12,9,3808.427671
12,10,3752.390543
12,11,3249.263377
12,12,2864.328462
12,13,2810.934266
12,14,2578.833197
12,16,2241.493156
12,18,2206.055075
12,20,2084.998812
12,23,2020.237190
13,5,12366.474200
13,6,8364.559401
13,7,5381.831689
13,8,4533.605822
13,9,3808.427671
13,10,3752.390543
13,11,3249.263377
13,12,2864.328462
13,13,2810.934266
13,14,2578.833197
13,16,2241.493156
13,18,2206.055075
13,20,2084.998812
13,23,2020.237190
14,5,12366.474200
14,6,8364.559401
14,7,5381.831689
14,8,4533.605822
14,9,3808.427671
14,10,3752.390543
14,11,3249.263377
14,12,2864.328462
14,13,2798.298083
14,14,2578.833197
14,16,2241.493156
14,18,2206.055075
14,20,2084.998812
14,23,2020.237190
15,5,12366.474200
15,6,8364.559401
15,7,5381.831689
15,8,4533.605822
15,9,3808.427671
15,10,3752.390543
15,11,3249.263377
15,12,2864.328462
15,13,2770.011255
15,14,2578.833197
15,16,2241.493156
15,18,2206.055075
15,19,2016.237130
15,22,1981.853560
16,5,12366.474200
16,6,8364.559401
16,7,5381.831689
16,8,4533.605822
16,9,3808.427671
16,10,3752.390543
16,11,3249.263377
16,12,2864.328462
16,13,2770.011255
16,14,2578.833197
16,16,2241.493156
16,18,2206.055075
16,19,2016.237130
16,22,1981.853560
17,5,12366.474200
17,6,8364.559401
17,7,5381.831689
17,8,4533.605822
17,9,3808.427671
17,10,3752.390543
17,11,3249.263377
17,12,2864.328462
17,13,2770.011255
17,14,2578.833197
17,16,2241.493156
17,17,2190.539997
17,19,2016.237130
17,22,1981.853560
18,5,12366.474200
18,6,8364.559401
18,7,5381.831689
18,8,4533.605822
18,9,3808.427671
18,10,3752.390543
18,11,3249.263377
18,12,2864.328462
18,13,2770.011255
18,14,2578.833197
18,16,2241.493156
18,17,2190.539997
18,19,2016.237130
18,22,1981.853560
19,5,12366.474200
19,6,8364.559401
19,7,5381.831689
19,8,4533.605822
19,9,3808.427671
19,10,3752.390543
19,11,3249.263377
19,12,2864.328462
19,13,2770.011255
19,14,2578.833197
19,15,2520.689452
19,16,2241.493156
19,17,2190.539997
19,19,2016.237130
19,22,1981.853560
20,5,12366.474200
20,6,8364.559401
20,7,5381.831689
20,8,4533.605822
20,9,3808.427671
20,10,3752.390543
20,11,3249.263377
20,12,2864.328462
20,13,2770.011255
20,14,2578.833197
20,15,2520.689452
20,16,2241.493156
20,17,2190.539997
20,19,2016.237130
20,22,1981.853560
21,5,12366.474200
21,6,8364.559401
21,7,5381.831689
21,8,4533.605822
21,9,3808.427671
21,10,3752.390543
21,11,3249.263377
21,12,2864.328462
21,13,2770.011255
21,14,2578.833197
21,15,2520.689452
21,16,2241.493156
21,17,2190.539997
21,19,2016.237130
21,22,1981.853560
22,5,12366.474200
22,6,8170.273983
22,7,5381.831689
22,8,4533.605822
22,9,3808.427671
22,10,3752.390543
22,11,3249.263377
22,12,2864.328462
22,13,2770.011255
22,14,2578.833197
22,15,2520.689452
22,16,2241.493156
22,17,2190.539997
22,19,2016.237130
22,22,1981.853560
23,5,12366.474200
23,6,8170.273983
23,7,5381.831689
23,8,4533.605822
23,9,3808.427671
23,10,3752.390543
23,11,3249.263377
23,12,2864.328462
23,13,2770.011255
23,14,2578.833197
23,15,2497.898543
23,16,2241.493156
23,17,2190.539997
23,19,2016.237130
23,22,1981.853560
24,5,12366.474200
24,6,8170.273983
24,7,5381.831689
24,8,4533.605822
24,9,3808.427671
24,10,3752.390543
24,11,3249.263377
24,12,2864.328462
24,13,2770.011255
24,14,2578.833197
24,15,2497.898543
24,16,2241.493156
24,17,2190.539997
24,19,2016.237130
24,22,1981.853560
25,5,12366.474200
25,6,8170.273983
25,7,5381.831689
25,8,4533.605822
25,9,3808.427671
25,10,3752.390543
25,11,3249.263377
25,12,2864.328462
25,13,2770.011255
25,14,2578.833197
25,15,2406.937954
25,16,2241.493156
25,17,2190.539997
25,19,2016.237130
25,22,1981.853560
26,5,12366.474200
26,6,8170.273983
26,7,5381.831689
26,8,4533.605822
26,9,3808.427671
26,10,3752.390543
26,11,3249.263377
26,12,2864.328462
26,13,2770.011255
26,14,2578.833197
26,15,2406.937954
26,16,2241.493156
26,17,2190.539997
26,19,2016.237130
26,22,1981.853560
27,5,12366.474200
27,6,8170.273983
27,7,5381.831689
27,8,4533.605822
27,9,3808.427671
27,10,3752.390543
27,11,3249.263377
27,12,2864.328462
27,13,2770.011255
27,14,2578.833197
27,15,2406.937954
27,16,2241.493156
27,17,2190.539997
27,19,2016.237130
27,22,1981.853560
28,5,12366.474200
28,6,8170.273983
28,7,5381.831689
28,8,4533.605822
28,9,3808.427671
28,10,3752.390543
28,11,3249.263377
28,12,2864.328462
28,13,2770.011255
28,14,2578.833197
28,15,2406.937954
28,16,2241.493156
28,17,2190.539997
28,19,2016.237130
28,22,1981.853560
29,5,12366.474200
29,6,8170.273983
29,7,5381.831689
29,8,4533.605822
29,9,3808.427671
29,10,3752.390543
29,11,3249.263377
29,12,2864.328462
29,13,2770.011255
29,14,2578.833197
29,15,2406.937954
29,16,2241.493156
29,17,2190.539997
29,19,2016.237130
29,22,1981.853560
30,5,12366.474200
30,6,8170.273983
30,7,5381.831689
30,8,4533.605822
30,9,3808.427671
30,10,3752.390543
30,11,3249.263377
30,12,2724.496412
30,14,2578.833197
30,15,2406.937954
30,16,2241.493156
30,17,2190.539997
30,18,1964.494533
31,5,12366.474200
31,6,8170.273983
31,7,5381.831689
31,8,4533.605822
31,9,3594.228173
31,11,3249.263377
31,12,2724.496412
31,14,2566.072469
31,15,2406.937954
31,16,2241.493156
31,17,2190.539997
31,18,1964.494533
32,5,12366.474200
32,6,8170.273983
32,7,5381.831689
32,8,4533.605822
32,9,3594.228173
32,11,3249.263377
32,12,2724.496412
32,14,2566.072469
32,15,2406.937954
32,16,2241.493156
32,17,2190.539997
32,18,1964.494533
33,5,12366.474200
33,6,8170.273983
33,7,5381.831689
33,8,4533.605822
33,9,3594.228173
33,11,3249.263377
33,12,2724.496412
33,14,2566.072469
33,15,2406.937954
33,16,2241.493156
33,17,2190.539997
33,18,1964.494533
34,5,12366.474200
34,6,8170.273983
34,7,5381.831689
34,8,4533.605822
34,9,3594.228173
34,11,3249.263377
34,12,2724.496412
34,14,2566.072469
34,15,2406.937954
34,16,2241.493156
34,17,2190.539997
34,18,1964.494533
35,5,12366.474200
35,6,8170.273983
35,7,5381.831689
35,8,4506.054482
35,9,3594.228173
35,11,3249.263377
35,12,2724.496412
35,14,2382.700149
35,16,2241.493156
35,17,2190.539997
35,18,1964.494533
36,5,12366.474200
36,6,8170.273983
36,7,5381.831689
36,8,4506.054482
36,9,3594.228173
36,11,3249.263377
36,12,2724.496412
36,14,2382.700149
36,16,2241.493156
36,17,2190.539997
36,18,1964.494533
37,5,12366.474200
37,6,8170.273983
37,7,5381.831689
37,8,4506.054482
37,9,3594.228173
37,11,3249.263377
37,12,2724.496412
37,14,2382.700149
37,16,2241.493156
37,17,2190.539997
37,18,1964.494533
38,5,12366.474200
38,6,8170.273983
38,7,5381.831689
38,8,4506.054482
38,9,3594.228173
38,11,3249.263377
38,12,2724.496412
38,14,2382.700149
38,16,2241.493156
38,17,2190.539997
38,18,1964.494533
39,5,12366.474200
39,6,8170.273983
39,7,5381.831689
39,8,4506.054482
39,9,3594.228173
39,11,3249.263377
39,12,2724.496412
39,14,2382.700149
39,15,2375.650645
39,16,2241.493156
39,17,2190.539997
39,18,1964.494533
40,5,12366.474200
40,6,7724.116243
40,7,5088.244708
40,8,4411.507601
40,9,3594.228173
40,11,3249.263377
40,12,2724.496412
40,14,2382.700149
40,15,2375.650645
40,16,2241.493156
40,17,1959.108288
41,5,12366.474200
41,6,7385.319089
41,7,5088.244708
41,8,4411.507601
41,9,3594.228173
41,10,3445.192989
41,11,3249.263377
41,12,2724.496412
41,14,2382.700149
41,15,2375.650645
41,16,2241.493156
41,17,1959.108288
42,5,12366.474200
42,6,7385.319089
42,7,5088.244708
42,8,4411.507601
42,9,3594.228173
42,10,3445.192989
42,11,3249.263377
42,12,2724.496412
42,13,2546.228296
42,14,2382.700149
42,15,2375.650645
42,16,2241.493156
42,17,1959.108288
43,5,12366.474200
43,6,7385.319089
43,7,5088.244708
43,8,4411.507601
43,9,3594.228173
43,10,3445.192989
43,11,3249.263377
43,12,2724.496412
43,13,2546.228296
43,14,2382.700149
43,15,2375.650645
43,16,2241.493156
43,17,1959.108288
44,5,11321.698846
44,6,7385.319089
44,7,5088.244708
44,8,4411.507601
44,9,3594.228173
44,10,3445.192989
44,11,3249.263377
44,12,2724.496412
44,13,2546.228296
44,14,2382.700149
44,15,2375.650645
44,16,2241.493156
44,17,1959.108288
45,5,11321.698846
45,6,7385.319089
45,7,5088.244708
45,8,4411.507601
45,9,3594.228173
45,10,3445.192989
45,11,3249.263377
45,12,2501.663340
45,14,2382.700149
45,15,2375.650645
45,16,2241.493156
45,17,1959.108288
46,5,11321.698846
46,6,7385.319089
46,7,5088.244708
46,8,4411.507601
46,9,3594.228173
46,10,3445.192989
46,11,3249.263377
46,12,2501.663340
46,14,2382.700149
46,15,2375.650645
46,16,2241.493156
46,17,1959.108288
47,5,11321.698846
47,6,7385.319089
47,7,5088.244708
47,8,4411.507601
47,9,3594.228173
47,10,3445.192989
47,11,3249.263377
47,12,2501.663340
47,14,2382.700149
47,15,2375.650645
47,16,2241.493156
47,17,1959.108288
48,5,11321.698846
48,6,7385.319089
48,7,5088.244708
48,8,4411.507601
48,9,3594.228173
48,10,3445.192989
48,11,3249.263377
48,12,2501.663340
48,14,2382.700149
48,15,2375.650645
48,16,2241.493156
48,17,1959.108288
49,5,11321.698846
49,6,7385.319089
49,7,5088.244708
49,8,4411.507601
49,9,3594.228173
49,10,3445.192989
49,11,3151.738659
49,12,2501.663340
49,14,2382.700149
49,15,2375.650645
49,16,2241.493156
49,17,1959.108288
50,5,11321.698846
50,6,7001.742749
50,7,5088.244708
50,8,4411.507601
50,9,3594.228173
50,10,3445.192989
50,11,3151.738659
50,12,2501.663340
50,14,2382.700149
50,15,2375.650645
50,16,1954.116777
51,5,11321.698846
51,6,7001.742749
51,7,5088.244708
51,8,4411.507601
51,9,3594.228173
51,10,3445.192989
51,11,3151.738659
51,12,2501.663340
51,14,2382.700149
51,15,2361.717411
51,16,1954.116777
52,5,11321.698846
52,6,7001.742749
52,7,5088.244708
52,8,4411.507601
52,9,3594.228173
52,10,3445.192989
52,11,3151.738659
52,12,2501.663340
52,14,2382.700149
52,15,2361.717411
52,16,1954.116777
53,5,11321.698846
53,6,7001.742749
53,7,5088.244708
53,8,4411.507601
53,9,3594.228173
53,10,3445.192989
53,11,3151.738659
53,12,2501.663340
53,14,2382.700149
53,15,2361.717411
53,16,1954.116777
53,22,1925.941269
54,5,11321.698846
54,6,7001.742749
54,7,5088.244708
54,8,4411.507601
54,9,3594.228173
54,10,3445.192989
54,11,3151.738659
54,12,2501.663340
54,14,2382.700149
54,15,2361.717411
54,16,1954.116777
54,22,1925.941269
55,5,11321.698846
55,6,7001.742749
55,7,5088.244708
55,8,4411.507601
55,9,3594.228173
55,10,3445.192989
55,11,3151.738659
55,12,2501.663340
55,14,2382.700149
55,15,2361.717411
55,16,1954.116777
55,22,1925.941269
56,5,11321.698846
56,6,7001.742749
56,7,5088.244708
56,8,4411.507601
56,9,3594.228173
56,10,3445.192989
56,11,3151.738659
56,12,2501.663340
56,14,2382.700149
56,15,2361.717411
56,16,1954.116777
56,22,1925.941269
57,5,11321.698846
57,6,7001.742749
57,7,5088.244708
57,8,4277.030910
57,9,3594.228173
57,10,3445.192989
57,11,3151.738659
57,12,2501.663340
57,14,2382.700149
57,15,2361.717411
57,16,1954.116777
57,22,1925.941269
58,5,11321.698846
58,6,7001.742749
58,7,5088.244708
58,8,4277.030910
58,9,3594.228173
58,10,3445.192989
58,11,3151.738659
58,12,2501.663340
58,14,2382.700149
58,15,2361.717411
58,16,1954.116777
58,22,1925.941269
59,5,11321.698846
59,6,7001.742749
59,7,5088.244708
59,8,4277.030910
59,9,3594.228173
59,10,3445.192989
59,11,3151.738659
59,12,2501.663340
59,14,2382.700149
59,15,2361.717411
59,16,1954.116777
59,22,1925.941269
60,5,11321.698846
60,6,7001.742749
60,7,5088.244708
60,8,4277.030910
60,9,3594.228173
60,10,3445.192989
60,11,3151.738659
60,12,2501.663340
60,14,2382.700149
60,15,2361.717411
60,16,1954.116777
60,22,1925.941269
61,5,11321.698846
61,6,7001.742749
61,7,5088.244708
61,8,4277.030910
61,9,3594.228173
61,10,3445.192989
61,11,3089.534977
61,12,2501.663340
61,14,2382.700149
61,15,2320.771057
61,16,1954.116777
61,22,1925.941269
62,5,11321.698846
62,6,7001.742749
62,7,5088.244708
62,8,4277.030910
62,9,3594.228173
62,10,3445.192989
62,11,3031.290555
62,12,2501.663340
62,14,2382.700149
62,15,2320.771057
62,16,1954.116777
62,19,1920.896140
63,5,11321.698846
63,6,7001.742749
63,7,5088.244708
63,8,4277.030910
63,9,3594.228173
63,10,3445.192989
63,11,2980.947378
63,12,2501.663340
63,14,2382.700149
63,15,2320.771057
63,16,1954.116777
63,19,1920.896140
64,5,11321.698846
64,6,7001.742749
64,7,5088.244708
64,8,4277.030910
64,9,3594.228173
64,10,3445.192989
64,11,2980.947378
64,12,2501.663340
64,14,2382.700149
64,15,2320.771057
64,16,1954.116777
64,19,1920.896140
65,5,11321.698846
65,6,7001.742749
65,7,4736.650054
65,8,4277.030910
65,9,3594.228173
65,10,3445.192989
65,11,2793.036342
65,12,2501.663340
65,14,2382.700149
65,15,2320.771057
65,16,1954.116777
65,19,1920.896140
66,5,11321.698846
66,6,7001.742749
66,7,4736.650054
66,8,4277.030910
66,9,3594.228173
66,10,3445.192989
66,11,2793.036342
66,12,2501.663340
66,14,2382.700149
66,15,2320.771057
66,16,1954.116777
66,19,1920.896140
67,5,11321.698846
67,6,7001.742749
67,7,4736.650054
67,8,4277.030910
67,9,3594.228173
67,10,3445.192989
67,11,2793.036342
67,12,2501.663340
67,14,2382.700149
67,15,2320.771057
67,16,1954.116777
67,19,1920.896140
68,5,11321.698846
68,6,7001.742749
68,7,4736.650054
68,8,4277.030910
68,9,3573.206198
68,10,3445.192989
68,11,2793.036342
68,12,2501.663340
68,14,2382.700149
68,15,2320.771057
68,16,1954.116777
68,19,1920.896140
69,5,11321.698846
69,6,7001.742749
69,7,4736.650054
69,8,4277.030910
69,9,3573.206198
69,10,3198.254006
69,11,2793.036342
69,12,2501.663340
69,14,2376.384486
69,15,2320.771057
69,16,1954.116777
69,19,1920.896140
70,5,11321.698846
70,6,7001.742749
70,7,4736.650054
70,8,4277.030910
70,9,3573.206198
70,10,3198.254006
70,11,2793.036342
70,12,2501.663340
70,14,2376.384486
70,15,2320.771057
70,16,1954.116777
70,19,1920.896140
71,5,11321.698846
71,6,7001.742749
71,7,4736.650054
71,8,4277.030910
71,9,3573.206198
71,10,3198.254006
71,11,2793.036342
71,12,2501.663340
71,14,2312.958039
71,16,1954.116777
71,19,1920.896140
72,5,11321.698846
72,6,7001.742749
72,7,4736.650054
72,8,4277.030910
72,9,3573.206198
72,10,3198.254006
72,11,2793.036342
72,12,2501.663340
72,13,2466.922393
72,14,2312.958039
72,15,2206.494022
72,16,1954.116777
72,19,1920.896140
73,5,11321.698846
73,6,7001.742749
73,7,4736.650054
73,8,4277.030910
73,9,3573.206198
73,10,3198.254006
73,11,2793.036342
73,12,2501.663340
73,13,2466.922393
73,14,2312.958039
73,15,2206.494022
73,16,1954.116777
73,19,1920.896140
74,5,11321.698846
74,6,7001.742749
74,7,4736.650054
74,8,4277.030910
74,9,3573.206198
74,10,3198.254006
74,11,2793.036342
74,12,2501.663340
74,13,2466.922393
74,14,2312.958039
74,15,2206.494022
74,16,1954.116777
74,19,1920.896140
75,5,11321.698846
75,6,7001.742749
75,7,4736.650054
75,8,4277.030910
75,9,3152.184804
75,11,2793.036342
75,12,2501.663340
75,13,2466.922393
75,14,2312.958039
75,15,2206.494022
75,16,1954.116777
75,19,1920.896140
76,5,11321.698846
76,6,7001.742749
76,7,4736.650054
76,8,4277.030910
76,9,3152.184804
76,11,2793.036342
76,12,2501.663340
76,13,2466.922393
76,14,2312.958039
76,15,2206.494022
76,16,1954.116777
76,19,1920.896140
77,5,11321.698846
77,6,7001.742749
77,7,4736.650054
77,8,4277.030910
77,9,3152.184804
77,11,2793.036342
77,12,2501.663340
77,13,2466.922393
77,14,2312.958039
77,15,2206.494022
77,16,1954.116777
77,19,1920.896140
78,5,11321.698846
78,6,7001.742749
78,7,4736.650054
78,8,4277.030910
78,9,3152.184804
78,11,2793.036342
78,12,2501.663340
78,13,2466.922393
78,14,2312.958039
78,15,2206.494022
78,16,1954.116777
78,19,1920.896140
79,5,11321.698846
79,6,7001.742749
79,7,4736.650054
79,8,4277.030910
79,9,3152.184804
79,11,2793.036342
79,12,2501.663340
79,13,2466.922393
79,14,2312.958039
79,15,2206.494022
79,16,1954.116777
79,19,1920.896140
80,5,11321.698846
80,6,7001.742749
80,7,4736.650054
80,8,4277.030910
80,9,3152.184804
80,11,2793.036342
80,12,2501.663340
80,13,2466.922393
80,14,2260.640776
80,15,2206.494022
80,16,1954.116777
80,19,1920.896140
81,5,11321.698846
81,6,7001.742749
81,7,4736.650054
81,8,4277.030910
81,9,3152.184804
81,11,2793.036342
81,12,2501.663340
81,13,2466.922393
81,14,2260.640776
81,15,2206.494022
81,16,1954.116777
81,19,1920.896140
82,5,11321.698846
82,6,7001.742749
82,7,4736.650054
82,8,4277.030910
82,9,3152.184804
82,11,2793.036342
82,12,2501.663340
82,13,2466.922393
82,14,2260.640776
82,15,2206.494022
82,16,1954.116777
82,19,1920.896140
83,5,11321.698846
83,6,7001.742749
83,7,4736.650054
83,8,4277.030910
83,9,3152.184804
83,11,2793.036342
83,12,2501.663340
83,13,2466.922393
83,14,2248.138468
83,15,2206.494022
83,16,1954.116777
83,19,1920.896140
84,5,11321.698846
84,6,7001.742749
84,7,4736.650054
84,8,4277.030910
84,9,3152.184804
84,11,2793.036342
84,12,2501.663340
84,13,2466.922393
84,14,2248.138468
84,15,2206.494022
84,16,1954.116777
84,19,1920.896140
85,5,10713.015669
85,6,7001.742749
85,7,4736.650054
85,8,4277.030910
85,9,3152.184804
85,11,2793.036342
85,12,2501.663340
85,13,2466.922393
85,14,2248.138468
85,15,2206.494022
85,16,1954.116777
85,19,1920.896140
86,5,10403.468747
86,6,7001.742749
86,7,4736.650054
86,8,4277.030910
86,9,3152.184804
86,11,2793.036342
86,12,2501.663340
86,13,2466.922393
86,14,2248.138468
86,15,2206.494022
86,16,1954.116777
86,19,1920.896140
87,5,10403.468747
87,6,7001.742749
87,7,4736.650054
87,8,4277.030910
87,9,3152.184804
87,11,2793.036342
87,12,2501.663340
87,13,2466.922393
87,14,2180.925404
87,16,1954.116777
87,19,1920.896140
88,5,10403.468747
88,6,7001.742749
88,7,4736.650054
88,8,4120.628911
88,9,3152.184804
88,11,2793.036342
88,12,2501.663340
88,13,2466.922393
88,14,2180.925404
88,16,1954.116777
88,19,1920.896140
89,5,10403.468747
89,6,7001.742749
89,7,4736.650054
89,8,3720.518542
89,9,3152.184804
89,11,2793.036342
89,12,2501.663340
89,13,2466.922393
89,14,2180.925404
89,16,1954.116777
89,19,1920.896140
90,5,10403.468747
90,6,7001.742749
90,7,4532.983023
90,8,3720.518542
90,9,2985.865689
90,11,2793.036342
90,12,2501.663340
90,13,2466.922393
90,14,2180.925404
90,16,1954.116777
90,19,1920.896140
91,5,10403.468747
91,6,7001.742749
91,7,4532.983023
91,8,3720.518542
91,9,2985.865689
91,11,2793.036342
91,12,2501.663340
91,13,2466.922393
91,14,2180.925404
91,16,1954.116777
91,19,1920.896140
92,5,10403.468747
92,6,7001.742749
92,7,4532.983023
92,8,3720.518542
92,9,2985.865689
92,11,2793.036342
92,12,2501.663340
92,13,2466.922393
92,14,2180.925404
92,16,1954.116777
92,19,1920.896140
93,5,10403.468747
93,6,7001.742749
93,7,4532.983023
93,8,3720.518542
93,9,2985.865689
93,11,2793.036342
93,12,2501.663340
93,13,2452.960833
93,14,2180.925404
93,16,1954.116777
93,19,1920.896140
94,5,10403.468747
94,6,7001.742749
94,7,4532.983023
94,8,3720.518542
94,9,2985.865689
94,11,2793.036342
94,12,2501.663340
94,13,2452.960833
94,14,2180.925404
94,16,1954.116777
94,19,1920.896140
95,5,9866.109569
95,6,7001.742749
95,7,4532.983023
95,8,3720.518542
95,9,2985.865689
95,11,2793.036342
95,12,2501.663340
95,13,2452.960833
95,14,2180.925404
95,16,1954.116777
95,19,1892.648367
96,5,9866.109569
96,6,7001.742749
96,7,4532.983023
96,8,3720.518542
96,9,2985.865689
96,11,2793.036342
96,12,2501.663340
96,13,2452.960833
96,14,2180.925404
96,16,1954.116777
96,19,1892.648367
97,5,9866.109569
97,6,7001.742749
97,7,4532.983023
97,8,3720.518542
97,9,2985.865689
97,11,2793.036342
97,12,2501.663340
97,13,2452.960833
97,14,2180.925404
97,16,1954.116777
97,19,1892.648367
98,5,9866.109569
98,6,7001.742749
98,7,4532.983023
98,8,3720.518542
98,9,2985.865689
98,11,2793.036342
98,12,2501.663340
98,13,2452.960833
98,14,2180.925404
98,16,1954.116777
98,19,1892.648367
99,5,9794.472890
99,6,7001.742749
99,7,4532.983023
99,8,3720.518542
99,9,2985.865689
99,11,2793.036342
99,12,2501.663340
99,13,2452.960833
99,14,2180.925404
99,16,1954.116777
99,18,1952.837443
99,19,1892.648367
100,5,9794.472890
100,6,7001.742749
100,7,4532.983023
100,8,3720.518542
100,9,2985.865689
100,11,2793.036342
100,12,2501.663340
100,13,2452.960833
100,14,2180.925404
100,15,2162.564873
100,16,1954.116777
100,18,1952.837443
100,19,1892.648367
101,5,9794.472890
101,6,7001.742749
101,7,4532.983023
101,8,3720.518542
101,9,2985.865689
101,11,2793.036342
101,12,2501.663340
101,13,2452.960833
101,14,2180.925404
101,15,2162.564873
101,16,1954.116777
101,18,1952.837443
101,19,1892.648367
102,5,9794.472890
102,6,7001.742749
102,7,4532.983023
102,8,3720.518542
102,9,2985.865689
102,11,2793.036342
102,12,2501.663340
102,13,2452.960833
102,14,2180.925404
102,15,2162.564873
102,16,1954.116777
102,18,1952.837443
102,19,1892.648367
103,5,9794.472890
103,6,7001.742749
103,7,4532.983023
103,8,3720.518542
103,9,2985.865689
103,11,2753.548507
103,12,2501.663340
103,13,2452.960833
103,14,2180.925404
103,15,2162.564873
103,16,1954.116777
103,18,1952.837443
103,19,1892.648367
104,5,9794.472890
104,6,7001.742749
104,7,4532.983023
104,8,3720.518542
104,9,2985.865689
104,11,2753.548507
104,12,2501.663340
104,13,2452.960833
104,14,2180.925404
104,15,2162.564873
104,16,1954.116777
104,18,1952.837443
104,19,1892.648367
105,5,9794.472890
105,6,7001.742749
105,7,4532.983023
105,8,3720.518542
105,9,2985.865689
105,11,2753.548507
105,12,2501.663340
105,13,2452.960833
105,14,2180.925404
105,15,2162.564873
105,16,1954.116777
105,18,1952.837443
105,19,1892.648367
106,5,9794.472890
106,6,7001.742749
106,7,4532.983023
106,8,3720.518542
106,9,2985.865689
106,11,2753.548507
106,12,2501.663340
106,13,2398.705533
106,14,2180.925404
106,15,2162.564873
106,16,1954.116777
106,18,1952.837443
106,19,1892.648367
107,5,9794.472890
107,6,7001.742749
107,7,4532.983023
107,8,3720.518542
107,9,2985.865689
107,11,2753.548507
107,12,2501.663340
107,13,2398.705533
107,14,2180.925404
107,15,2162.564873
107,16,1954.116777
107,18,1952.837443
107,19,1892.648367
108,5,9794.472890
108,6,7001.742749
108,7,4532.983023
108,8,3720.518542
108,9,2985.865689
108,11,2753.548507
108,12,2501.663340
108,13,2398.705533
108,14,2180.925404
108,15,2162.564873
108,16,1954.116777
108,18,1952.837443
108,19,1892.648367
109,5,9794.472890
109,6,7001.742749
109,7,4532.983023
109,8,3720.518542
109,9,2985.865689
109,11,2753.548507
109,12,2501.663340
109,13,2398.705533
109,14,2180.925404
109,15,2162.564873
109,16,1954.116777
109,18,1952.837443
109,19,1892.648367
110,5,9267.669779
110,6,7001.742749
110,7,4532.983023
110,8,3720.518542
110,9,2983.353844
110,11,2753.548507
110,12,2501.663340
110,13,2398.705533
110,14,2180.925404
110,15,2162.564873
110,16,1954.116777
110,18,1952.837443
110,19,1892.648367
111,5,9267.669779
111,6,7001.742749
111,7,4532.983023
111,8,3720.518542
111,9,2983.353844
111,11,2699.425299
111,12,2501.663340
111,13,2398.705533
111,14,2180.925404
111,15,2162.564873
111,16,1954.116777
111,18,1952.837443
111,19,1892.648367
112,5,9267.669779
112,6,7001.742749
112,7,4532.983023
112,8,3720.518542
112,9,2983.353844
112,11,2699.425299
112,12,2501.663340
112,13,2398.705533
112,14,2180.925404
112,15,2142.620499
112,16,1954.116777
112,18,1952.837443
112,19,1892.648367
113,5,9267.669779
113,6,7001.742749
113,7,4532.983023
113,8,3720.518542
113,9,2983.353844
113,11,2699.425299
113,12,2501.663340
113,13,2398.705533
113,14,2180.925404
113,15,2098.973148
113,16,1954.116777
113,18,1952.837443
113,19,1892.648367
114,5,9267.669779
114,6,7001.742749
114,7,4532.983023
114,8,3720.518542
114,9,2983.353844
114,11,2699.425299
114,12,2501.663340
114,13,2398.705533
114,14,2180.925404
114,15,2098.973148
114,16,1954.116777
114,18,1952.837443
114,19,1892.648367
115,5,8911.591279
115,6,6767.565223
115,7,4532.983023
115,8,3720.518542
115,9,2852.894848
115,11,2699.425299
115,12,2501.663340
115,13,2398.705533
115,14,2180.925404
115,15,2098.973148
115,16,1954.116777
115,18,1952.837443
115,19,1892.648367
116,5,8911.591279
116,6,6767.565223
116,7,4532.983023
116,8,3720.518542
116,9,2852.894848
116,11,2699.425299
116,12,2501.663340
116,13,2398.705533
116,14,2180.925404
116,15,2098.973148
116,16,1954.116777
116,18,1952.837443
116,19,1892.648367
117,5,8911.591279
117,6,6767.565223
117,7,4532.983023
117,8,3720.518542
117,9,2852.894848
117,11,2699.425299
117,12,2501.663340
117,13,2398.705533
117,14,2180.925404
117,15,2098.973148
117,16,1954.116777
117,18,1952.837443
117,19,1892.648367
118,5,8911.591279
118,6,6767.565223
118,7,4532.983023
118,8,3716.618148
118,9,2852.894848
118,11,2699.425299
118,12,2501.663340
118,13,2398.705533
118,14,2180.925404
118,15,2098.973148
118,16,1954.116777
118,18,1952.837443
118,19,1892.648367
119,5,8911.591279
119,6,6767.565223
119,7,4532.983023
119,8,3716.618148
119,9,2852.894848
119,11,2699.425299
119,12,2501.663340
119,13,2398.705533
119,14,2180.925404
119,15,2098.973148
119,16,1954.116777
119,18,1952.837443
119,19,1892.648367
120,5,8911.591279
120,6,6767.565223
120,7,4532.983023
120,8,3716.618148
120,9,2852.894848
120,11,2699.425299
120,12,2394.393704
120,14,2105.280809
120,15,2098.973148
120,16,1954.116777
120,18,1952.837443
120,19,1892.648367
121,5,8911.591279
121,6,6767.565223
121,7,4532.983023
121,8,3716.618148
121,9,2852.894848
121,11,2699.425299
121,12,2394.393704
121,14,2105.280809
121,15,2098.973148
121,16,1954.116777
121,18,1952.837443
121,19,1892.648367
122,5,8911.591279
122,6,6767.565223
122,7,4532.983023
122,8,3716.618148
122,9,2852.894848
122,11,2699.425299
122,12,2394.393704
122,14,2105.280809
122,15,2044.566174
122,16,1954.116777
122,18,1952.837443
122,19,1892.648367
123,5,8911.591279
123,6,6767.565223
123,7,4532.983023
123,8,3716.618148
123,9,2852.894848
123,11,2699.425299
123,12,2394.393704
123,14,2105.280809
123,15,2044.566174
123,16,1954.116777
123,18,1952.837443
123,19,1892.648367
124,5,8911.591279
124,6,6767.565223
124,7,4532.983023
124,8,3716.618148
124,9,2852.894848
124,11,2689.202274
124,12,2394.393704
124,14,2105.280809
124,15,2044.566174
124,16,1954.116777
124,18,1935.048275
124,19,1892.648367
125,5,8911.591279
125,6,6767.565223
125,7,4532.983023
125,8,3716.618148
125,9,2852.894848
125,11,2689.202274
125,12,2394.393704
125,14,2105.280809
125,15,2044.566174
125,16,1954.116777
125,18,1935.048275
125,19,1892.648367
126,5,8911.591279
126,6,6767.565223
126,7,4532.983023
126,8,3716.618148
126,9,2852.894848
126,11,2689.202274
126,12,2394.393704
126,14,2105.280809
126,15,2044.566174
126,16,1954.116777
126,18,1935.048275
126,19,1892.648367
127,5,8911.591279
127,6,6767.565223
127,7,4532.983023
127,8,3716.618148
127,9,2852.894848
127,11,2689.202274
127,12,2394.393704
127,14,2105.280809
127,15,2044.566174
127,16,1954.116777
127,18,1935.048275
127,19,1892.648367
128,5,8911.591279
128,6,6767.565223
128,7,4532.983023
128,8,3716.618148
128,9,2852.894848
128,11,2689.202274
128,12,2394.393704
128,14,2105.280809
128,15,2044.566174
128,16,1954.116777
128,18,1935.048275
128,19,1892.648367
129,5,8911.591279
129,6,6767.565223
129,7,4532.983023
129,8,3716.618148
129,9,2852.894848
129,11,2689.202274
129,12,2394.393704
129,14,2105.280809
129,15,2044.566174
129,16,1954.116777
129,18,1935.048275
129,19,1892.648367
130,5,8911.591279
130,6,6767.565223
130,7,4271.261088
130,8,3716.618148
130,9,2852.894848
130,11,2689.202274
130,12,2292.749795
130,14,2105.280809
130,15,2044.566174
130,16,1954.116777
130,18,1935.048275
130,19,1892.648367
131,5,8911.591279
131,6,6767.565223
131,7,4271.261088
131,8,3716.618148
131,9,2852.894848
131,11,2689.202274
131,12,2292.749795
131,14,2105.280809
131,15,2044.566174
131,16,1954.116777
131,18,1935.048275
131,19,1892.648367
132,5,8911.591279
132,6,6767.565223
132,7,4271.261088
132,8,3716.618148
132,9,2852.894848
132,11,2689.202274
132,12,2292.749795
132,14,2105.280809
132,15,2044.566174
132,16,1954.116777
132,18,1935.048275
132,19,1892.648367
133,5,8911.591279
133,6,6767.565223
133,7,4271.261088
133,8,3427.515136
133,9,2852.894848
133,11,2689.202274
133,12,2292.749795
133,14,2105.280809
133,15,2044.566174
133,16,1954.116777
133,18,1935.048275
133,19,1892.648367
134,5,8911.591279
134,6,6767.565223
134,7,4271.261088
134,8,3427.515136
134,9,2852.894848
134,11,2689.202274
134,12,2292.749795
134,14,2105.280809
134,15,2044.566174
134,16,1954.116777
134,18,1935.048275
134,19,1892.648367
135,5,8911.591279
135,6,6767.565223
135,7,4271.261088
135,8,3427.515136
135,9,2852.894848
135,11,2689.202274
135,12,2292.749795
135,14,2105.280809
135,15,2044.566174
135,16,1954.116777
135,18,1935.048275
135,19,1892.648367
136,5,8911.591279
136,6,6767.565223
136,7,4271.261088
136,8,3427.515136
136,9,2852.894848
136,11,2689.202274
136,12,2292.749795
136,14,2105.280809
136,15,2044.566174
136,16,1954.116777
136,18,1935.048275
136,19,1892.648367
137,5,8911.591279
137,6,6767.565223
137,7,4271.261088
137,8,3427.515136
137,9,2852.894848
137,11,2689.202274
137,12,2292.749795
137,14,2105.280809
137,15,2044.566174
137,16,1954.116777
137,18,1935.048275
137,19,1892.648367
138,5,8911.591279
138,6,6767.565223
138,7,4271.261088
138,8,3427.515136
138,9,2852.894848
138,11,2689.202274
138,12,2292.749795
138,14,2105.280809
138,15,2044.566174
138,16,1954.116777
138,17,1948.931598
138,18,1915.183862
138,19,1892.648367
139,5,8911.591279
139,6,6767.565223
139,7,4271.261088
139,8,3427.515136
139,9,2852.894848
139,11,2689.202274
139,12,2292.749795
139,14,2105.280809
139,15,2044.566174
139,16,1954.116777
139,17,1937.551068
139,18,1915.183862
139,19,1892.648367
140,5,8911.591279
140,6,6767.565223
140,7,4208.644874
140,8,3427.515136
140,9,2852.894848
140,11,2689.202274
140,12,2292.749795
140,14,2105.280809
140,15,2044.566174
140,16,1954.116777
140,17,1937.551068
140,18,1915.183862
140,19,1892.648367
141,5,8911.591279
141,6,6767.565223
141,7,4208.644874
141,8,3427.515136
141,9,2852.894848
141,11,2689.202274
141,12,2292.749795
141,14,2105.280809
141,15,2044.566174
141,16,1954.116777
141,17,1937.551068
141,18,1915.183862
141,19,1892.648367
142,5,8911.591279
142,6,6767.565223
142,7,4208.644874
142,8,3427.515136
142,9,2852.894848
142,11,2689.202274
142,12,2292.749795
142,14,2105.280809
142,15,2044.566174
142,16,1954.116777
142,17,1937.551068
142,18,1915.183862
142,19,1892.648367
143,5,8911.591279
143,6,6767.565223
143,7,4208.644874
143,8,3427.515136
143,9,2852.894848
143,11,2373.148604
143,12,2292.749795
143,14,2105.280809
143,15,2044.566174
143,16,1954.116777
143,17,1937.551068
143,18,1915.183862
143,19,1892.648367
144,5,8911.591279
144,6,6767.565223
144,7,4208.644874
144,8,3427.515136
144,9,2852.894848
144,11,2373.148604
144,12,2292.749795
144,14,2105.280809
144,15,2044.566174
144,16,1954.116777
144,17,1937.551068
144,18,1915.183862
144,19,1892.648367
145,5,8911.591279
145,6,6767.565223
145,7,4208.644874
145,8,3427.515136
145,9,2852.894848
145,11,2373.148604
145,12,2292.749795
145,14,2105.280809
145,15,1999.255066
145,16,1954.116777
145,17,1937.551068
145,18,1915.183862
145,19,1892.648367
146,5,8911.591279
146,6,6767.565223
146,7,4208.644874
146,8,3427.515136
146,9,2852.894848
146,11,2373.148604
146,12,2292.749795
146,14,2105.280809
146,15,1999.255066
146,16,1954.116777
146,17,1937.551068
146,18,1915.183862
146,19,1892.648367
147,5,8911.591279
147,6,6767.565223
147,7,4208.644874
147,8,3427.515136
147,9,2852.894848
147,11,2373.148604
147,12,2292.749795
147,14,2105.280809
147,15,1999.255066
147,16,1954.116777
147,17,1937.551068
147,18,1915.183862
147,19,1892.648367
148,5,8911.591279
148,6,6767.565223
148,7,4208.644874
148,8,3427.515136
148,9,2852.894848
148,11,2373.148604
148,12,2292.749795
148,14,2105.280809
148,15,1999.255066
148,16,1954.116777
148,17,1937.551068
148,18,1915.183862
148,19,1892.648367
149,5,8911.591279
149,6,6767.565223
149,7,4208.644874
149,8,3427.515136
149,9,2852.894848
149,11,2373.148604
149,12,2292.749795
149,14,2105.280809
149,15,1999.255066
149,16,1954.116777
149,17,1937.551068
149,18,1915.183862
149,19,1892.648367
150,5,8911.591279
150,6,6767.565223
150,7,4208.644874
150,8,3427.515136
150,9,2852.894848
150,11,2373.148604
150,12,2292.749795
150,14,2105.280809
150,15,1999.255066
150,16,1954.116777
150,17,1904.967142
150,19,1892.648367
151,5,8911.591279
151,6,6767.565223
151,7,4208.644874
151,8,3427.515136
151,9,2852.894848
151,11,2373.148604
151,12,2292.749795
151,14,2105.280809
151,15,1999.255066
151,16,1954.116777
151,17,1904.967142
151,19,1892.648367
152,5,8911.591279
152,6,6767.565223
152,7,4208.644874
152,8,3427.515136
152,9,2852.894848
152,11,2373.148604
152,12,2292.749795
152,14,2105.280809
152,15,1999.255066
152,16,1954.116777
152,17,1904.967142
152,18,1904.663137
152,19,1892.648367
153,5,8911.591279
153,6,6767.565223
153,7,4208.644874
153,8,3427.515136
153,9,2852.894848
153,11,2373.148604
153,12,2292.749795
153,14,2105.280809
153,15,1999.255066
153,16,1954.116777
153,17,1904.967142
153,18,1904.663137
153,19,1892.648367
154,5,8911.591279
154,6,6767.565223
154,7,4208.644874
154,8,3427.515136
154,9,2852.894848
154,11,2373.148604
154,12,2292.749795
154,14,2105.280809
154,15,1999.255066
154,16,1954.116777
154,17,1904.967142
154,18,1904.663137
154,19,1892.648367
155,5,8911.591279
155,6,6767.565223
155,7,4208.644874
155,8,3427.515136
155,9,2852.894848
155,11,2373.148604
155,12,2292.749795
155,14,2105.280809
155,15,1994.096644
155,16,1954.116777
155,17,1904.967142
155,18,1904.663137
155,19,1892.648367
156,5,8911.591279
156,6,6767.565223
156,7,4208.644874
156,8,3427.515136
156,9,2852.894848
156,11,2373.148604
156,12,2292.749795
156,14,2105.280809
156,15,1994.096644
156,16,1954.116777
156,17,1904.967142
156,18,1904.663137
156,19,1892.648367
157,5,8911.591279
157,6,6767.565223
157,7,4208.644874
157,8,3427.515136
157,9,2852.894848
157,11,2373.148604
157,12,2292.749795
157,14,2105.280809
157,15,1994.096644
157,16,1954.116777
157,17,1904.967142
157,18,1904.663137
157,19,1892.648367
158,5,8911.591279
158,6,6767.565223
158,7,4208.644874
158,8,3427.515136
158,9,2852.894848
158,11,2373.148604
158,12,2292.749795
158,14,2105.280809
158,15,1994.096644
158,16,1954.116777
158,17,1904.967142
158,18,1904.663137
158,19,1892.648367
159,5,8911.591279
159,6,6767.565223
159,7,4208.644874
159,8,3427.515136
159,9,2852.894848
159,11,2373.148604
159,12,2292.749795
159,14,2105.280809
159,15,1994.096644
159,16,1954.116777
159,17,1904.967142
159,18,1904.663137
159,19,1892.648367
160,5,8911.591279
160,6,6767.565223
160,7,4208.644874
160,8,3427.515136
160,9,2852.894848
160,11,2373.148604
160,12,2292.749795
160,14,2067.627535
160,15,1994.096644
160,16,1954.116777
160,17,1904.967142
160,18,1904.663137
160,19,1892.648367
161,5,8911.591279
161,6,6767.565223
161,7,4171.318253
161,8,3427.515136
161,9,2852.894848
161,11,2373.148604
161,12,2292.749795
161,14,2067.627535
161,15,1994.096644
161,16,1954.116777
161,17,1904.967142
161,18,1904.663137
161,19,1892.648367
162,5,8911.591279
162,6,6767.565223
162,7,4171.318253
162,8,3427.515136
162,9,2852.894848
162,11,2373.148604
162,12,2292.749795
162,14,2067.627535
162,15,1994.096644
162,16,1954.116777
162,17,1904.967142
162,18,1904.663137
162,19,1892.648367
163,5,8911.591279
163,6,6767.565223
163,7,4171.318253
163,8,3427.515136
163,9,2852.894848
163,11,2373.148604
163,12,2292.749795
163,14,2067.627535
163,15,1994.096644
163,16,1954.116777
163,17,1904.967142
163,18,1904.663137
163,19,1892.648367
164,5,8911.591279
164,6,6767.565223
164,7,4171.318253
164,8,3427.515136
164,9,2852.894848
164,11,2373.148604
164,12,2292.749795
164,14,2067.627535
164,15,1994.096644
164,16,1954.116777
164,17,1904.967142
164,18,1904.663137
164,19,1892.648367
165,5,8911.591279
165,6,6767.565223
165,7,4171.318253
165,8,3427.515136
165,9,2852.894848
165,11,2373.148604
165,12,2292.749795
165,14,2067.627535
165,15,1994.096644
165,16,1954.116777
165,17,1904.967142
165,18,1904.663137
165,19,1892.648367
166,5,8911.591279
166,6,6767.565223
166,7,4171.318253
166,8,3427.515136
166,9,2852.894848
166,11,2373.148604
166,12,2292.749795
166,13,2291.342901
166,14,2067.627535
166,15,1994.096644
166,16,1947.113215
166,17,1904.967142
166,18,1904.663137
166,19,1892.648367
167,5,8911.591279
167,6,6767.565223
167,7,4171.318253
167,8,3427.515136
167,9,2852.894848
167,11,2373.148604
167,12,2292.749795
167,13,2291.342901
167,14,2003.954478
167,15,1994.096644
167,16,1947.113215
167,17,1904.967142
167,18,1904.663137
167,19,1892.648367
168,5,8911.591279
168,6,6767.565223
168,7,4171.318253
168,8,3427.515136
168,9,2852.894848
168,11,2373.148604
168,12,2292.749795
168,13,2291.342901
168,14,2003.954478
168,15,1994.096644
168,16,1947.113215
168,17,1904.967142
168,18,1904.663137
168,19,1892.648367
169,5,8911.591279
169,6,6767.565223
169,7,4171.318253
169,8,3427.515136
169,9,2852.894848
169,11,2373.148604
169,12,2292.749795
169,13,2291.342901
169,14,2003.954478
169,15,1994.096644
169,16,1947.113215
169,17,1904.967142
169,18,1904.663137
169,19,1892.648367
170,5,8911.591279
170,6,6767.565223
170,7,4171.318253
170,8,3427.515136
170,9,2852.894848
170,11,2373.148604
170,12,2292.749795
170,13,2291.342901
170,14,2003.954478
170,15,1994.096644
170,16,1931.805010
170,17,1888.311495
171,5,8911.591279
171,6,6767.565223
171,7,4171.318253
171,8,3427.515136
171,9,2852.894848
171,11,2373.148604
171,12,2292.749795
171,13,2291.342901
171,14,2003.954478
171,15,1994.096644
171,16,1931.805010
171,17,1888.311495
172,5,8911.591279
172,6,6767.565223
172,7,4171.318253
172,8,3427.515136
172,9,2852.894848
172,11,2373.148604
172,12,2292.749795
172,13,2291.342901
172,14,2003.954478
172,15,1994.096644
172,16,1931.805010
172,17,1888.311495
173,5,8911.591279
173,6,6767.565223
173,7,4171.318253
173,8,3427.515136
173,9,2852.894848
173,11,2373.148604
173,12,2292.749795
173,13,2291.342901
173,14,2003.954478
173,15,1994.096644
173,16,1931.805010
173,17,1888.311495
174,5,8911.591279
174,6,6767.565223
174,7,4171.318253
174,8,3427.515136
174,9,2852.894848
174,11,2373.148604
174,12,2292.749795
174,13,2291.342901
174,14,2003.954478
174,15,1994.096644
174,16,1931.805010
174,17,1888.311495
175,5,8379.551173
175,6,5885.640742
175,7,4171.318253
175,8,3427.515136
175,9,2852.894848
175,11,2373.148604
175,12,2292.749795
175,13,2180.270679
175,14,2003.954478
175,15,1994.096644
175,16,1931.805010
175,17,1888.311495
176,5,8379.551173
176,6,5885.640742
176,7,4171.318253
176,8,3427.515136
176,9,2852.894848
176,11,2373.148604
176,12,2292.749795
176,13,2180.270679
176,14,2003.954478
176,15,1994.096644
176,16,1931.805010
176,17,1888.311495
177,5,8379.551173
177,6,5885.640742
177,7,4171.318253
177,8,3427.515136
177,9,2852.894848
177,11,2373.148604
177,12,2292.749795
177,13,2180.270679
177,14,2003.954478
177,15,1994.096644
177,16,1931.805010
177,17,1888.311495
178,5,8379.551173
178,6,5885.640742
178,7,4171.318253
178,8,3427.515136
178,9,2852.894848
178,11,2373.148604
178,12,2292.749795
178,13,2180.270679
178,14,2003.954478
178,15,1994.096644
178,16,1931.805010
178,17,1888.311495
179,5,8379.551173
179,6,5885.640742
179,7,4171.318253
179,8,3427.515136
179,9,2852.894848
179,11,2373.148604
179,12,2292.749795
179,13,2180.270679
179,14,2003.954478
179,15,1994.096644
179,16,1931.805010
179,17,1888.311495
180,5,8379.551173
180,6,5885.640742
180,7,4171.318253
180,8,3427.515136
180,9,2852.894848
180,11,2373.148604
180,12,2278.550877
180,13,2180.270679
180,14,1992.351639
180,16,1931.805010
180,17,1888.311495
181,5,8379.551173
181,6,5885.640742
181,7,4171.318253
181,8,3427.515136
181,9,2852.894848
181,10,2713.412661
181,11,2373.148604
181,12,2278.550877
181,13,2180.270679
181,14,1992.351639
181,16,1931.805010
181,17,1888.311495
182,5,8379.551173
182,6,5885.640742
182,7,4171.318253
182,8,3427.515136
182,9,2852.894848
182,10,2713.412661
182,11,2373.148604
182,12,2278.550877
182,13,2180.270679
182,14,1992.351639
182,16,1931.805010
182,17,1888.311495
183,5,8379.551173
183,6,5885.640742
183,7,4171.318253
183,8,3427.515136
183,9,2852.894848
183,10,2713.412661
183,11,2373.148604
183,12,2278.550877
183,13,2180.270679
183,14,1992.351639
183,16,1931.805010
183,17,1888.311495
184,5,8379.551173
184,6,5885.640742
184,7,4171.318253
184,8,3427.515136
184,9,2852.894848
184,10,2713.412661
184,11,2373.148604
184,12,2278.550877
184,13,2180.270679
184,14,1992.351639
184,16,1929.293225
184,17,1888.311495
185,5,8379.551173
185,6,5885.640742
185,7,4171.318253
185,8,3427.515136
185,9,2852.894848
185,10,2713.412661
185,11,2373.148604
185,12,2278.550877
185,13,2180.270679
185,14,1992.351639
185,16,1929.293225
185,17,1881.772289
186,5,8379.551173
186,6,5885.640742
186,7,4171.318253
186,8,3221.774336
186,9,2852.894848
186,10,2713.412661
186,11,2373.148604
186,12,2278.550877
186,13,2180.270679
186,14,1992.351639
186,16,1929.293225
186,17,1881.772289
187,5,8379.551173
187,6,5885.640742
187,7,4171.318253
187,8,3221.774336
187,9,2852.894848
187,10,2713.412661
187,11,2373.148604
187,12,2278.550877
187,13,2180.270679
187,14,1992.351639
187,16,1929.293225
187,17,1881.772289
188,5,8379.551173
188,6,5885.640742
188,7,4171.318253
188,8,3221.774336
188,9,2852.894848
188,10,2713.412661
188,11,2373.148604
188,12,2278.550877
188,13,2180.270679
188,14,1992.351639
188,16,1929.293225
188,17,1881.772289
189,5,8379.551173
189,6,5885.640742
189,7,4171.318253
189,8,3221.774336
189,9,2852.894848
189,10,2713.412661
189,11,2373.148604
189,12,2278.550877
189,13,2180.270679
189,14,1992.351639
189,16,1929.293225
189,17,1881.772289
190,5,8379.551173
190,6,5885.640742
190,7,4171.318253
190,8,3221.774336
190,9,2852.894848
190,10,2713.412661
190,11,2373.148604
190,12,2278.550877
190,13,2141.478321
190,14,1992.351639
190,16,1929.293225
190,17,1881.772289
191,5,8379.551173
191,6,5885.640742
191,7,4171.318253
191,8,3221.774336
191,9,2852.894848
191,10,2713.412661
191,11,2373.148604
191,12,2278.550877
191,13,2141.478321
191,14,1992.351639
191,16,1929.293225
191,17,1881.772289
192,5,8379.551173
192,6,5885.640742
192,7,4171.318253
192,8,3221.774336
192,9,2852.894848
192,10,2713.412661
192,11,2373.148604
192,12,2278.550877
192,13,2141.478321
192,14,1992.351639
192,16,1929.293225
192,17,1881.772289
193,5,8379.551173
193,6,5885.640742
193,7,4171.318253
193,8,3221.774336
193,9,2852.894848
193,10,2713.412661
193,11,2373.148604
193,12,2278.550877
193,13,2141.478321
193,14,1992.351639
193,16,1929.293225
193,17,1881.772289
194,5,8379.551173
194,6,5885.640742
194,7,4171.318253
194,8,3221.774336
194,9,2852.894848
194,10,2713.412661
194,11,2373.148604
194,12,2278.550877
194,13,2141.478321
194,14,1992.351639
194,16,1929.293225
194,17,1881.772289
195,5,8379.551173
195,6,5553.473888
195,7,4171.318253
195,8,3221.774336
195,9,2852.894848
195,10,2713.412661
195,11,2339.173870
195,12,2278.550877
195,13,2141.478321
195,14,1992.351639
195,16,1871.890052
196,5,8379.551173
196,6,5553.473888
196,7,4171.318253
196,8,3221.774336
196,9,2852.894848
196,10,2713.412661
196,11,2339.173870
196,12,2278.550877
196,13,2141.478321
196,14,1992.351639
196,16,1871.890052
197,5,8379.551173
197,6,5553.473888
197,7,4171.318253
197,8,3221.774336
197,9,2852.894848
197,10,2713.412661
197,11,2339.173870
197,12,2278.550877
197,13,2141.478321
197,14,1992.351639
197,16,1871.890052
198,5,8379.551173
198,6,5553.473888
198,7,4148.117177
198,8,3221.774336
198,9,2852.894848
198,10,2713.412661
198,11,2339.173870
198,12,2278.550877
198,13,2141.478321
198,14,1992.351639
198,16,1871.890052
199,5,8379.551173
199,6,5553.473888
199,7,4148.117177
199,8,3221.774336
199,9,2852.894848
199,10,2713.412661
199,11,2339.173870
199,12,2278.550877
199,13,2141.478321
199,14,1992.351639
199,16,1871.890052
200,5,8379.551173
200,6,5553.473888
200,7,4148.117177
200,8,3221.774336
200,9,2852.894848
200,10,2713.412661
200,11,2339.173870
200,12,2278.550877
200,13,2141.478321
200,14,1992.351639
200,16,1871.890052
201,5,8379.551173
201,6,5550.607563
201,7,4148.117177
201,8,3221.774336
201,9,2852.894848
201,10,2713.412661
201,11,2339.173870
201,12,2278.550877
201,13,2141.478321
201,14,1992.351639
201,16,1871.890052
202,5,8379.551173
202,6,5550.607563
202,7,4148.117177
202,8,3221.774336
202,9,2852.894848
202,10,2713.412661
202,11,2339.173870
202,12,2278.550877
202,13,2141.478321
202,14,1992.351639
202,16,1871.890052
203,5,8379.551173
203,6,5550.607563
203,7,4148.117177
203,8,3221.774336
203,9,2852.894848
203,10,2713.412661
203,11,2339.173870
203,12,2278.550877
203,13,2141.478321
203,14,1992.351639
203,16,1871.890052
204,5,8379.551173
204,6,5550.607563
204,7,4148.117177
204,8,3221.774336
204,9,2852.894848
204,10,2713.412661
204,11,2339.173870
204,12,2278.550877
204,13,2141.478321
204,14,1992.351639
204,16,1871.890052
205,5,8379.551173
205,6,5550.607563
205,7,4148.117177
205,8,3221.774336
205,9,2852.894848
205,10,2713.412661
205,11,2339.173870
205,12,2278.550877
205,13,2141.478321
205,14,1992.351639
205,16,1871.890052
206,5,8379.551173
206,6,5550.607563
206,7,4065.314004
206,8,3221.774336
206,9,2852.894848
206,10,2713.412661
206,11,2339.173870
206,12,2278.550877
206,13,2141.478321
206,14,1992.351639
206,16,1871.890052
207,5,8379.551173
207,6,5349.983953
207,7,4065.314004
207,8,3221.774336
207,9,2852.894848
207,10,2713.412661
207,11,2339.173870
207,12,2278.550877
207,13,2141.478321
207,14,1992.351639
207,16,1871.890052
208,5,8379.551173
208,6,5349.983953
208,7,4065.314004
208,8,3221.774336
208,9,2852.894848
208,10,2713.412661
208,11,2339.173870
208,12,2278.550877
208,13,2141.478321
208,14,1992.351639
208,16,1871.890052
209,5,8379.551173
209,6,5349.983953
209,7,4065.314004
209,8,3221.774336
209,9,2852.894848
209,10,2713.412661
209,11,2339.173870
209,12,2278.550877
209,13,2141.478321
209,14,1992.351639
209,16,1871.890052
210,5,8379.551173
210,6,5336.024387
210,7,4065.314004
210,8,3221.774336
210,9,2852.894848
210,10,2713.412661
210,11,2339.173870
210,12,2278.550877
210,13,2141.478321
210,14,1992.351639
210,16,1871.890052
211,5,8379.551173
211,6,5336.024387
211,7,4058.436423
211,8,3221.774336
211,9,2852.894848
211,10,2713.412661
211,11,2339.173870
211,12,2278.550877
211,13,2141.478321
211,14,1992.351639
211,16,1871.890052
212,5,8379.551173
212,6,5336.024387
212,7,4058.436423
212,8,3221.774336
212,9,2852.894848
212,10,2713.412661
212,11,2339.173870
212,12,2278.550877
212,13,2141.478321
212,14,1992.351639
212,16,1871.890052
213,5,8379.551173
213,6,5336.024387
213,7,4058.436423
213,8,3221.774336
213,9,2852.894848
213,10,2713.412661
213,11,2339.173870
213,12,2278.550877
213,13,2141.478321
213,14,1992.351639
213,16,1871.890052
214,5,8379.551173
214,6,5336.024387
214,7,4058.436423
214,8,3221.774336
214,9,2852.894848
214,10,2713.412661
214,11,2339.173870
214,12,2278.550877
214,13,2141.478321
214,14,1992.351639
214,16,1871.890052
215,5,8379.551173
215,6,5336.024387
215,7,3571.956708
215,8,3164.154642
215,9,2852.894848
215,10,2317.716291
215,12,2278.550877
215,13,2141.478321
215,14,1992.351639
215,16,1854.104543
216,5,8379.551173
216,6,5336.024387
216,7,3571.956708
216,8,3164.154642
216,9,2852.894848
216,10,2317.716291
216,12,2278.550877
216,13,2141.478321
216,14,1992.351639
216,16,1854.104543
217,5,8379.551173
217,6,5336.024387
217,7,3571.956708
217,8,3164.154642
217,9,2852.894848
217,10,2317.716291
217,12,2278.550877
217,13,2141.478321
217,14,1992.351639
217,16,1854.104543
218,5,8379.551173
218,6,5336.024387
218,7,3571.956708
218,8,3164.154642
218,9,2852.894848
218,10,2317.716291
218,12,2278.550877
218,13,2141.478321
218,14,1992.351639
218,16,1854.104543
219,5,8379.551173
219,6,5336.024387
219,7,3571.956708
219,8,3164.154642
219,9,2852.894848
219,10,2317.716291
219,12,2278.550877
219,13,2141.478321
219,14,1992.351639
219,16,1854.104543
220,5,8121.512776
220,6,5336.024387
220,7,3514.047123
220,8,3164.154642
220,9,2852.894848
220,10,2317.716291
220,12,2191.459817
220,13,2141.478321
220,14,1992.351639
220,16,1852.962958
221,5,8121.512776
221,6,5336.024387
221,7,3514.047123
221,8,3164.154642
221,9,2852.894848
221,10,2317.716291
221,12,2191.459817
221,13,2141.478321
221,14,1992.351639
221,16,1852.962958
222,5,8121.512776
222,6,5336.024387
222,7,3514.047123
222,8,3164.154642
222,9,2852.894848
222,10,2317.716291
222,12,2191.459817
222,13,2141.478321
222,14,1992.351639
222,16,1852.962958
223,5,8121.512776
223,6,5336.024387
223,7,3514.047123
223,8,3164.154642
223,9,2852.894848
223,10,2317.716291
223,12,2191.459817
223,13,2141.478321
223,14,1992.351639
223,16,1852.962958
224,5,8121.512776
224,6,5336.024387
224,7,3514.047123
224,8,3164.154642
224,9,2852.894848
224,10,2317.716291
224,12,2191.459817
224,13,2141.478321
224,14,1992.351639
224,16,1852.962958
225,5,8121.512776
225,6,5336.024387
225,7,3514.047123
225,8,3164.154642
225,9,2852.894848
225,10,2317.716291
225,12,2191.459817
225,13,2141.478321
225,14,1992.351639
225,16,1852.962958
226,5,8121.512776
226,6,5336.024387
226,7,3514.047123
226,8,3164.154642
226,9,2852.894848
226,10,2317.716291
226,12,2191.459817
226,13,2141.478321
226,14,1992.351639
226,16,1852.962958
227,5,8121.512776
227,6,5336.024387
227,7,3514.047123
227,8,3164.154642
227,9,2852.894848
227,10,2317.716291
227,12,2191.459817
227,13,2141.478321
227,14,1992.351639
227,16,1852.962958
228,5,8121.512776
228,6,5336.024387
228,7,3514.047123
228,8,3164.154642
228,9,2852.894848
228,10,2317.716291
228,12,2191.459817
228,13,2141.478321
228,14,1992.351639
228,16,1852.962958
229,5,8121.512776
229,6,5336.024387
229,7,3514.047123
229,8,3164.154642
229,9,2852.894848
229,10,2317.716291
229,12,2191.459817
229,13,2141.478321
229,14,1992.351639
229,16,1852.962958
230,5,8121.512776
230,6,5336.024387
230,7,3382.007602
230,8,3164.154642
230,9,2852.894848
230,10,2317.716291
230,12,2191.459817
230,13,2141.478321
230,14,1977.766327
230,16,1852.962958
231,5,8121.512776
231,6,5336.024387
231,7,3382.007602
231,8,3164.154642
231,9,2852.894848
231,10,2317.716291
231,12,2191.459817
231,13,2141.478321
231,14,1977.766327
231,16,1852.962958
232,5,8121.512776
232,6,5336.024387
232,7,3382.007602
232,8,3164.154642
232,9,2852.894848
232,10,2317.716291
232,12,2191.459817
232,13,2141.478321
232,14,1977.766327
232,16,1852.962958
233,5,8121.512776
233,6,5336.024387
233,7,3382.007602
233,8,3164.154642
233,9,2852.894848
233,10,2317.716291
233,12,2191.459817
233,13,2141.478321
233,14,1977.766327
233,16,1852.962958
234,5,8121.512776
234,6,5336.024387
234,7,3382.007602
234,8,3164.154642
234,9,2852.894848
234,10,2317.716291
234,12,2191.459817
234,13,2141.478321
234,14,1977.766327
234,16,1852.962958
235,5,8121.512776
235,6,5336.024387
235,7,3382.007602
235,8,3164.154642
235,9,2852.894848
235,10,2317.716291
235,12,2191.459817
235,13,2141.478321
235,14,1898.701830
235,16,1852.962958
236,5,8121.512776
236,6,5336.024387
236,7,3382.007602
236,8,3164.154642
236,9,2852.894848
236,10,2317.716291
236,12,2191.459817
236,13,2141.478321
236,14,1898.701830
236,16,1852.962958
237,5,8121.512776
237,6,5336.024387
237,7,3382.007602
237,8,3046.931308
237,9,2852.894848
237,10,2317.716291
237,11,2208.950410
237,12,2191.459817
237,13,2141.478321
237,14,1898.701830
237,16,1852.962958
238,5,8121.512776
238,6,5336.024387
238,7,3382.007602
238,8,3046.931308
238,9,2852.894848
238,10,2317.716291
238,11,2208.950410
238,12,2191.459817
238,13,2141.478321
238,14,1898.701830
238,16,1852.962958
239,5,8121.512776
239,6,5336.024387
239,7,3382.007602
239,8,3046.931308
239,9,2852.894848
239,10,2317.716291
239,11,2208.950410
239,12,2191.459817
239,13,2141.478321
239,14,1898.701830
239,16,1852.962958
240,5,8121.512776
240,6,5336.024387
240,7,3382.007602
240,8,3046.931308
240,9,2732.290724
240,10,2317.716291
240,11,2208.950410
240,12,2191.459817
240,13,2141.478321
240,14,1898.701830
240,16,1852.962958
241,5,8121.512776
241,6,5221.998555
241,7,3382.007602
241,8,3046.931308
241,9,2732.290724
241,10,2317.716291
241,11,2208.950410
241,12,2191.459817
241,13,2141.478321
241,14,1898.701830
241,16,1852.962958
242,5,8121.512776
242,6,5221.998555
242,7,3382.007602
242,8,3046.931308
242,9,2732.290724
242,10,2317.716291
242,11,2208.950410
242,12,2191.459817
242,13,2141.478321
242,14,1898.701830
242,16,1852.962958
243,5,8121.512776
243,6,5221.998555
243,7,3382.007602
243,8,3046.931308
243,9,2732.290724
243,10,2317.716291
243,11,2208.950410
243,12,2191.459817
243,13,2141.478321
243,14,1898.701830
243,16,1852.962958
244,5,8121.512776
244,6,5221.998555
244,7,3382.007602
244,8,3046.931308
244,9,2732.290724
244,10,2317.716291
244,11,2208.950410
244,12,2191.459817
244,13,2141.478321
244,14,1898.701830
244,16,1852.962958
245,5,8121.512776
245,6,5221.998555
245,7,3382.007602
245,8,3046.931308
245,9,2732.290724
245,10,2317.716291
245,11,2208.950410
245,12,2191.459817
245,13,1940.023861
245,14,1898.701830
245,16,1852.962958
246,5,8121.512776
246,6,5221.998555
246,7,3382.007602
246,8,3046.931308
246,9,2732.290724
246,10,2317.716291
246,11,2208.950410
246,12,2191.459817
246,13,1940.023861
246,14,1898.701830
246,16,1852.962958
247,5,8121.512776
247,6,5221.998555
247,7,3382.007602
247,8,3046.931308
247,9,2732.290724
247,10,2317.716291
247,11,2208.950410
247,12,2191.459817
247,13,1940.023861
247,14,1898.701830
247,16,1852.962958
248,5,8121.512776
248,6,5221.998555
248,7,3382.007602
248,8,3046.931308
248,9,2732.290724
248,10,2317.716291
248,11,2208.950410
248,12,2191.459817
248,13,1940.023861
248,14,1898.701830
248,16,1852.962958
249,5,8121.512776
249,6,5221.998555
249,7,3382.007602
249,8,3046.931308
249,9,2732.290724
249,10,2317.716291
249,11,2208.950410
249,12,2191.459817
249,13,1940.023861
249,14,1898.701830
249,16,1852.962958
250,5,8121.512776
250,6,5221.998555
250,7,3382.007602
250,8,3046.931308
250,9,2732.290724
250,10,2317.716291
250,11,2208.950410
250,12,2191.459817
250,13,1940.023861
250,14,1898.701830
250,16,1852.962958
251,5,8121.512776
251,6,5221.998555
251,7,3382.007602
251,8,3046.931308
251,9,2732.290724
251,10,2317.716291
251,11,2208.950410
251,12,2191.459817
251,13,1940.023861
251,14,1898.701830
251,16,1852.962958
252,5,8121.512776
252,6,5221.998555
252,7,3382.007602
252,8,3046.931308
252,9,2732.290724
252,10,2317.716291
252,11,2208.950410
252,12,2191.459817
252,13,1940.023861
252,14,1898.701830
252,16,1852.962958
253,5,8121.512776
253,6,5221.998555
253,7,3382.007602
253,8,3046.931308
253,9,2732.290724
253,10,2317.716291
253,11,2208.950410
253,12,2191.459817
253,13,1940.023861
253,14,1898.701830
253,16,1852.962958
254,5,8121.512776
254,6,5221.998555
254,7,3382.007602
254,8,3046.931308
254,9,2732.290724
254,10,2317.716291
254,11,2208.950410
254,12,2191.459817
254,13,1940.023861
254,14,1898.701830
254,16,1852.962958
255,5,8121.512776
255,6,5221.998555
255,7,3382.007602
255,8,3046.931308
255,9,2732.290724
255,10,2317.716291
255,11,2169.367686
255,12,2135.068355
255,13,1940.023861
255,14,1898.701830
255,16,1852.962958
256,5,8121.512776
256,6,5221.998555
256,7,3382.007602
256,8,3046.931308
256,9,2732.290724
256,10,2317.716291
256,11,2169.367686
256,12,2135.068355
256,13,1940.023861
256,14,1898.701830
256,16,1852.962958
257,5,8121.512776
257,6,5109.464942
257,7,3382.007602
257,8,3046.931308
257,9,2732.290724
257,10,2317.716291
257,11,2169.367686
257,12,2135.068355
257,13,1940.023861
257,14,1898.701830
257,16,1852.962958
258,5,8121.512776
258,6,5109.464942
258,7,3382.007602
258,8,3046.931308
258,9,2732.290724
258,10,2317.716291
258,11,2169.367686
258,12,2135.068355
258,13,1940.023861
258,14,1898.701830
258,16,1852.962958
259,5,8121.512776
259,6,5109.464942
259,7,3382.007602
259,8,3046.931308
259,9,2732.290724
259,10,2317.716291
259,11,2169.367686
259,12,2135.068355
259,13,1940.023861
259,14,1898.701830
259,16,1852.962958
260,5,8121.512776
260,6,5109.464942
260,7,3265.493306
260,8,2898.311512
260,9,2732.290724
260,10,2317.716291
260,11,2169.367686
260,12,2135.068355
260,13,1940.023861
260,14,1898.701830
260,16,1852.962958
261,5,8121.512776
261,6,5109.464942
261,7,3265.493306
261,8,2898.311512
261,9,2732.290724
261,10,2317.716291
261,11,2169.367686
261,12,2135.068355
261,13,1940.023861
261,14,1898.701830
261,16,1852.962958
262,5,8121.512776
262,6,5109.464942
262,7,3265.493306
262,8,2898.311512
262,9,2732.290724
262,10,2317.716291
262,11,2169.367686
262,12,2135.068355
262,13,1940.023861
262,14,1898.701830
262,16,1852.962958
263,5,8121.512776
263,6,5109.464942
263,7,3265.493306
263,8,2898.311512
263,9,2732.290724
263,10,2317.716291
263,11,2169.367686
263,12,2135.068355
263,13,1940.023861
263,14,1898.701830
263,16,1852.962958
264,5,8121.512776
264,6,5109.464942
264,7,3265.493306
264,8,2898.311512
264,9,2732.290724
264,10,2317.716291
264,11,2169.367686
264,12,2135.068355
264,13,1940.023861
264,14,1898.701830
264,16,1852.962958
265,5,8121.512776
265,6,5109.464942
265,7,3265.493306
265,8,2898.311512
265,9,2515.370422
265,10,2317.716291
265,11,2031.340189
265,13,1940.023861
265,14,1898.701830
265,16,1852.962958
266,5,8121.512776
266,6,5109.464942
266,7,3265.493306
266,8,2898.311512
266,9,2515.370422
266,10,2317.716291
266,11,2031.340189
266,13,1940.023861
266,14,1880.020499
266,16,1852.962958
267,5,8121.512776
267,6,5109.464942
267,7,3265.493306
267,8,2898.311512
267,9,2515.370422
267,10,2317.716291
267,11,2031.340189
267,13,1940.023861
267,14,1880.020499
267,16,1852.962958
268,5,8121.512776
268,6,5109.464942
268,7,3265.493306
268,8,2898.311512
268,9,2515.370422
268,10,2317.716291
268,11,2031.340189
268,13,1940.023861
268,14,1880.020499
268,15,1878.139177
268,16,1852.962958
269,4,13265.863593
269,5,8121.512776
269,6,5109.464942
269,7,3265.493306
269,8,2898.311512
269,9,2515.370422
269,10,2317.716291
269,11,2031.340189
269,13,1940.023861
269,14,1880.020499
269,15,1878.139177
269,16,1852.962958
270,4,13265.863593
270,5,8121.512776
270,6,5109.464942
270,7,3265.493306
270,8,2898.311512
270,9,2515.370422
270,10,2317.716291
270,11,2031.340189
270,13,1940.023861
270,14,1880.020499
270,15,1878.139177
270,16,1852.962958
271,4,13265.863593
271,5,8121.512776
271,6,5109.464942
271,7,3265.493306
271,8,2898.311512
271,9,2515.370422
271,10,2317.716291
271,11,2031.340189
271,13,1940.023861
271,14,1880.020499
271,15,1878.139177
271,16,1852.962958
272,4,13265.863593
272,5,8121.512776
272,6,5109.464942
272,7,3265.493306
272,8,2898.311512
272,9,2515.370422
272,10,2317.716291
272,11,2031.340189
272,13,1940.023861
272,14,1880.020499
272,15,1878.139177
272,16,1852.962958
273,4,13265.863593
273,5,8121.512776
273,6,5109.464942
273,7,3265.493306
273,8,2898.311512
273,9,2515.370422
273,10,2317.716291
273,11,2031.340189
273,13,1940.023861
273,14,1880.020499
273,15,1878.139177
273,16,1852.962958
273,18,1852.462483
274,4,13265.863593
274,5,8121.512776
274,6,5109.464942
274,7,3265.493306
274,8,2898.311512
274,9,2515.370422
274,10,2317.716291
274,11,2031.340189
274,13,1940.023861
274,14,1880.020499
274,15,1873.940521
274,16,1852.962958
274,18,1852.462483
275,4,13265.863593
275,5,8121.512776
275,6,5109.464942
275,7,3265.493306
275,8,2811.410804
275,9,2515.370422
275,10,2317.716291
275,11,2031.340189
275,13,1940.023861
275,14,1880.020499
275,15,1873.940521
275,16,1852.962958
275,18,1852.462483
276,4,13265.863593
276,5,8121.512776
276,6,5109.464942
276,7,3265.493306
276,8,2811.410804
276,9,2515.370422
276,10,2317.716291
276,11,2031.340189
276,13,1940.023861
276,14,1880.020499
276,15,1873.940521
276,16,1852.962958
276,17,1847.726509
277,4,13265.863593
277,5,8121.512776
277,6,5109.464942
277,7,3265.493306
277,8,2811.410804
277,9,2515.370422
277,10,2317.716291
277,11,2031.340189
277,13,1940.023861
277,14,1880.020499
277,15,1873.940521
277,16,1852.962958
277,17,1847.726509
278,4,13265.863593
278,5,8121.512776
278,6,5039.259926
278,7,3265.493306
278,8,2811.410804
278,9,2515.370422
278,10,2317.716291
278,11,2031.340189
278,13,1940.023861
278,14,1880.020499
278,15,1873.940521
278,16,1852.962958
278,17,1847.726509
279,4,13265.863593
279,5,8121.512776
279,6,5039.259926
279,7,3265.493306
279,8,2811.410804
279,9,2515.370422
279,10,2317.716291
279,11,2031.340189
279,13,1940.023861
279,14,1880.020499
279,15,1873.940521
279,16,1852.962958
279,17,1847.726509
280,4,13265.863593
280,5,8121.512776
280,6,5039.259926
280,7,3265.493306
280,8,2811.410804
280,9,2515.370422
280,10,2317.716291
280,11,2031.340189
280,13,1940.023861
280,14,1880.020499
280,15,1861.263242
280,16,1852.962958
280,17,1847.726509
281,4,13265.863593
281,5,8121.512776
281,6,5039.259926
281,7,3265.493306
281,8,2811.410804
281,9,2515.370422
281,10,2250.039802
281,11,2031.340189
281,13,1940.023861
281,14,1880.020499
281,15,1861.263242
281,16,1849.877066
281,17,1847.726509
282,4,13265.863593
282,5,8121.512776
282,6,5039.259926
282,7,3265.493306
282,8,2811.410804
282,9,2502.496253
282,10,2250.039802
282,11,2031.340189
282,13,1940.023861
282,14,1880.020499
282,15,1861.263242
282,16,1849.877066
282,17,1847.726509
283,4,13265.863593
283,5,8121.512776
283,6,5039.259926
283,7,3265.493306
283,8,2811.410804
283,9,2502.496253
283,10,2250.039802
283,11,2031.340189
283,13,1940.023861
283,14,1880.020499
283,15,1861.263242
283,16,1849.877066
283,17,1847.726509
284,4,13265.863593
284,5,8121.512776
284,6,5039.259926
284,7,3265.493306
284,8,2811.410804
284,9,2502.496253
284,10,2250.039802
284,11,2031.340189
284,13,1940.023861
284,14,1880.020499
284,15,1861.263242
284,16,1849.877066
284,17,1847.726509
285,4,13265.863593
285,5,8121.512776
285,6,5039.259926
285,7,3265.493306
285,8,2811.410804
285,9,2502.496253
285,10,2250.039802
285,11,2031.340189
285,13,1940.023861
285,14,1880.020499
285,15,1861.263242
285,16,1849.877066
285,17,1847.726509
286,4,13265.863593
286,5,8121.512776
286,6,5039.259926
286,7,3265.493306
286,8,2811.410804
286,9,2502.496253
286,10,2250.039802
286,11,2031.340189
286,13,1940.023861
286,14,1880.020499
286,15,1861.263242
286,16,1849.877066
286,17,1847.726509
287,4,13265.863593
287,5,8121.512776
287,6,5039.259926
287,7,3265.493306
287,8,2811.410804
287,9,2502.496253
287,10,2250.039802
287,11,2031.340189
287,13,1940.023861
287,14,1880.020499
287,15,1861.263242
287,16,1849.877066
287,17,1847.726509
288,4,13265.863593
288,5,8121.512776
288,6,5038.017165
288,7,3265.493306
288,8,2811.410804
288,9,2502.496253
288,10,2250.039802
288,11,2031.340189
288,13,1875.766061
288,15,1861.263242
288,16,1849.877066
288,17,1847.726509
289,4,13265.863593
289,5,8121.512776
289,6,5038.017165
289,7,3265.493306
289,8,2811.410804
289,9,2502.496253
289,10,2189.864261
289,11,2031.340189
289,13,1875.766061
289,15,1861.263242
289,16,1849.877066
289,17,1847.726509
290,4,13265.863593
290,5,8121.512776
290,6,5038.017165
290,7,3265.493306
290,8,2719.866741
290,9,2502.496253
290,10,2189.864261
290,11,2031.340189
290,13,1875.766061
290,15,1861.263242
290,16,1849.877066
290,17,1847.726509
291,4,13265.863593
291,5,8121.512776
291,6,5038.017165
291,7,3265.493306
291,8,2719.866741
291,9,2502.496253
291,10,2189.864261
291,11,2031.340189
291,13,1875.766061
291,15,1861.263242
291,16,1849.877066
291,17,1847.726509
292,4,13265.863593
292,5,8121.512776
292,6,5038.017165
292,7,3265.493306
292,8,2719.866741
292,9,2502.496253
292,10,2189.864261
292,11,2031.340189
292,13,1875.766061
292,15,1861.263242
292,16,1849.877066
292,17,1847.726509
293,4,13265.863593
293,5,7590.915995
293,6,5038.017165
293,7,3265.493306
293,8,2719.866741
293,9,2502.496253
293,10,2189.864261
293,11,2031.340189
293,13,1875.766061
293,15,1861.263242
293,16,1849.877066
293,17,1847.726509
294,4,13265.863593
294,5,7590.915995
294,6,5038.017165
294,7,3265.493306
294,8,2719.866741
294,9,2478.270211
294,10,2189.864261
294,11,2031.340189
294,13,1875.766061
294,15,1861.263242
294,16,1849.877066
294,17,1847.726509
295,4,13265.863593
295,5,7590.915995
295,6,5038.017165
295,7,3265.493306
295,8,2719.866741
295,9,2478.270211
295,10,2189.864261
295,11,2031.340189
295,13,1875.766061
295,15,1861.263242
295,16,1842.789355
296,4,13265.863593
296,5,7590.915995
296,6,5038.017165
296,7,3265.493306
296,8,2719.866741
296,9,2478.270211
296,10,2189.864261
296,11,2031.340189
296,13,1875.766061
296,15,1861.263242
296,16,1842.789355
297,4,13265.863593
297,5,7590.915995
297,6,5038.017165
297,7,3265.493306
297,8,2719.866741
297,9,2478.270211
297,10,2189.864261
297,11,2031.340189
297,13,1875.766061
297,15,1861.263242
297,16,1842.789355
298,4,13265.863593
298,5,7590.915995
298,6,5038.017165
298,7,3265.493306
298,8,2719.866741
298,9,2224.886024
298,10,2189.864261
298,11,2031.340189
298,13,1875.766061
298,15,1861.263242
298,16,1842.789355
299,4,13265.863593
299,5,7590.915995
299,6,5038.017165
299,7,3265.493306
299,8,2719.866741
299,9,2224.886024
299,10,2189.864261
299,11,2031.340189
299,13,1875.766061
299,15,1861.263242
299,16,1842.789355
299,18,1833.525138
300,4,13265.863593
300,5,7590.915995
300,6,5038.017165
300,7,3265.493306
300,8,2719.866741
300,9,2224.886024
300,10,2189.864261
300,11,2031.340189
300,13,1875.766061
300,14,1870.212839
300,15,1861.263242
300,16,1842.789355
300,18,1833.525138
301,4,13265.863593
301,5,7590.915995
301,6,5038.017165
301,7,3236.038488
301,8,2719.866741
301,9,2224.886024
301,10,2189.864261
301,11,2031.340189
301,13,1875.766061
301,14,1870.212839
301,15,1847.952287
301,16,1842.789355
301,18,1833.525138
302,4,13265.863593
302,5,7590.915995
302,6,5038.017165
302,7,3236.038488
302,8,2719.866741
302,9,2224.886024
302,10,2189.864261
302,11,2031.340189
302,13,1875.766061
302,14,1870.212839
302,15,1847.952287
302,16,1842.789355
302,18,1833.525138
303,4,13265.863593
303,5,7590.915995
303,6,5038.017165
303,7,3236.038488
303,8,2719.866741
303,9,2224.886024
303,10,2189.864261
303,11,2031.340189
303,13,1875.766061
303,14,1870.212839
303,15,1847.952287
303,16,1842.789355
303,18,1833.525138
304,4,13265.863593
304,5,7590.915995
304,6,5009.428755
304,7,3236.038488
304,8,2719.866741
304,9,2224.886024
304,10,2189.864261
304,11,2031.340189
304,13,1875.766061
304,14,1870.212839
304,15,1847.952287
304,16,1842.789355
304,18,1833.525138
305,4,13265.863593
305,5,7590.915995
305,6,5009.428755
305,7,3236.038488
305,8,2719.866741
305,9,2224.886024
305,10,2189.864261
305,11,2031.340189
305,13,1875.766061
305,14,1870.212839
305,15,1847.952287
305,16,1842.789355
305,18,1833.525138
306,4,13265.863593
306,5,7590.915995
306,6,5009.428755
306,7,3236.038488
306,8,2719.866741
306,9,2224.886024
306,10,2186.396785
306,11,2031.340189
306,13,1875.766061
306,14,1870.212839
306,15,1847.952287
306,16,1842.789355
306,18,1833.525138
307,4,13265.863593
307,5,7590.915995
307,6,5009.428755
307,7,3236.038488
307,8,2719.866741
307,9,2224.886024
307,10,2186.396785
307,11,2031.340189
307,13,1875.766061
307,14,1870.212839
307,15,1847.952287
307,16,1842.789355
307,18,1833.525138
308,4,13265.863593
308,5,7590.915995
308,6,5009.428755
308,7,3236.038488
308,8,2719.866741
308,9,2224.886024
308,10,2186.396785
308,11,2031.340189
308,12,1989.877416
308,13,1875.766061
308,14,1870.212839
308,15,1847.952287
308,16,1842.789355
308,18,1833.525138
309,4,13265.863593
309,5,7590.915995
309,6,5009.428755
309,7,3236.038488
309,8,2719.866741
309,9,2224.886024
309,10,2186.396785
309,11,2031.340189
309,12,1989.877416
309,13,1875.766061
309,14,1870.212839
309,15,1847.952287
309,16,1842.789355
309,17,1807.778261
310,4,13265.863593
310,5,7590.915995
310,6,5009.428755
310,7,3236.038488
310,8,2719.866741
310,9,2224.886024
310,10,2186.396785
310,11,2031.340189
310,12,1989.877416
310,13,1875.766061
310,14,1870.212839
310,15,1847.952287
310,16,1842.789355
310,17,1807.778261
311,4,13265.863593
311,5,7590.915995
311,6,5009.428755
311,7,3236.038488
311,8,2719.866741
311,9,2224.886024
311,10,2186.396785
311,11,2031.340189
311,12,1989.877416
311,13,1875.766061
311,14,1870.212839
311,15,1847.952287
311,16,1842.789355
311,17,1807.778261
312,4,13265.863593
312,5,7590.915995
312,6,5009.428755
312,7,3236.038488
312,8,2719.866741
312,9,2224.886024
312,10,2186.396785
312,11,2031.340189
312,12,1989.877416
312,13,1875.766061
312,14,1870.212839
312,15,1847.952287
312,16,1842.789355
312,17,1807.778261
313,4,13265.863593
313,5,7590.915995
313,6,5009.428755
313,7,3236.038488
313,8,2719.866741
313,9,2224.886024
313,10,2186.396785
313,11,2031.340189
313,12,1989.877416
313,13,1875.766061
313,14,1870.212839
313,15,1847.952287
313,16,1842.789355
313,17,1807.778261
314,4,13265.863593
314,5,7590.915995
314,6,5009.428755
314,7,3236.038488
314,8,2719.866741
314,9,2224.886024
314,10,2186.396785
314,11,2031.340189
314,12,1989.877416
314,13,1875.766061
314,14,1829.156821
314,17,1807.778261
315,4,13265.863593
315,5,7590.915995
315,6,5009.428755
315,7,3236.038488
315,8,2719.866741
315,9,2224.886024
315,10,2186.396785
315,11,2031.340189
315,12,1989.877416
315,13,1875.766061
315,14,1829.156821
315,17,1807.778261
316,4,13265.863593
316,5,7590.915995
316,6,5009.428755
316,7,3236.038488
316,8,2719.866741
316,9,2224.886024
316,10,2186.396785
316,11,2031.340189
316,12,1989.877416
316,13,1875.766061
316,14,1829.156821
316,17,1807.778261
317,4,13265.863593
317,5,7590.915995
317,6,5009.428755
317,7,3236.038488
317,8,2719.866741
317,9,2224.886024
317,10,2186.396785
317,11,2031.340189
317,12,1989.877416
317,13,1875.766061
317,14,1829.156821
317,17,1807.778261
318,4,13265.863593
318,5,7590.915995
318,6,5009.428755
318,7,3236.038488
318,8,2719.866741
318,9,2224.886024
318,10,2186.396785
318,11,2031.340189
318,12,1989.877416
318,13,1875.766061
318,14,1829.156821
318,17,1807.778261
319,4,13265.863593
319,5,7590.915995
319,6,5009.428755
319,7,3236.038488
319,8,2719.866741
319,9,2224.886024
319,10,2186.396785
319,11,2031.340189
319,12,1989.877416
319,13,1875.766061
319,14,1829.156821
319,15,1802.298510
320,4,13265.863593
320,5,7590.915995
320,6,5009.428755
320,7,3236.038488
320,8,2719.866741
320,9,2224.886024
320,10,2186.396785
320,11,2031.340189
320,12,1989.877416
320,13,1875.766061
320,14,1829.156821
320,15,1802.298510
321,4,13265.863593
321,5,7590.915995
321,6,5009.428755
321,7,3236.038488
321,8,2719.866741
321,9,2224.886024
321,10,2186.396785
321,11,2031.340189
321,12,1989.877416
321,13,1875.766061
321,14,1829.156821
321,15,1802.298510
322,4,13265.863593
322,5,7590.915995
322,6,5009.428755
322,7,3236.038488
322,8,2719.866741
322,9,2224.886024
322,10,2186.396785
322,11,2031.340189
322,12,1989.877416
322,13,1875.766061
322,14,1829.156821
322,15,1802.298510
323,4,13265.863593
323,5,7590.915995
323,6,5009.428755
323,7,3236.038488
323,8,2719.866741
323,9,2224.886024
323,10,2186.396785
323,11,2031.340189
323,12,1950.667115
323,13,1875.766061
323,14,1829.156821
323,15,1802.298510
324,4,13118.389711
324,5,7590.915995
324,6,5009.428755
324,7,3236.038488
324,8,2719.866741
324,9,2224.886024
324,10,2186.396785
324,11,2031.340189
324,12,1950.667115
324,13,1875.766061
324,14,1829.156821
324,15,1802.298510
325,4,13118.389711
325,5,7590.915995
325,6,5009.428755
325,7,3236.038488
325,8,2719.866741
325,9,2224.886024
325,10,2186.396785
325,11,2031.340189
325,12,1950.667115
325,13,1875.766061
325,14,1829.156821
325,15,1802.298510
326,4,13118.389711
326,5,7590.915995
326,6,5009.428755
326,7,3236.038488
326,8,2719.866741
326,9,2224.886024
326,10,2186.396785
326,11,2031.340189
326,12,1950.667115
326,13,1875.766061
326,14,1829.156821
326,15,1802.298510
327,4,13118.389711
327,5,7590.915995
327,6,5009.428755
327,7,3236.038488
327,8,2719.866741
327,9,2224.886024
327,10,2186.396785
327,11,2031.340189
327,12,1950.667115
327,13,1875.766061
327,14,1829.156821
327,15,1802.298510
