Generation,NV,TOC
1,59,24844.602969
1,60,24374.897570
1,66,22656.322056
1,70,22636.432338
1,79,21239.049226
1,87,20795.836638
1,89,20317.148551
1,110,19892.660161
1,121,19508.578427
1,125,19335.391365
1,129,18829.019079
1,165,18828.372161
2,58,24412.736558
2,59,24153.040721
2,66,22656.322056
2,69,22330.482701
2,75,21073.639041
2,83,20820.796890
2,87,20795.836638
2,89,20317.148551
2,97,19845.939377
2,118,19097.858914
2,123,18936.196973
2,125,18875.404860
2,127,18617.244046
3,57,23895.241738
3,59,23499.116151
3,66,22656.322056
3,69,22330.482701
3,70,22244.519422
3,72,22014.574978
3,73,21639.345333
3,75,21073.639041
3,83,20678.409643
3,86,20663.217922
3,87,20356.237577
3,88,20115.068645
3,95,19722.653137
3,105,19113.326167
3,117,18784.159120
3,122,18725.476533
3,126,18461.081792
3,154,18234.828828
4,57,23895.241738
4,59,23499.116151
4,63,22915.521632
4,64,22037.606489
4,68,21388.532482
4,69,21384.812299
4,71,21028.703868
4,72,21023.617080
4,74,20711.514659
4,75,20461.122352
4,84,20457.681691
4,85,19870.181074
4,95,19722.653137
4,96,19662.896024
4,105,19113.326167
4,108,19006.424343
4,110,18754.087303
4,118,18659.022676
4,122,18625.881045
4,126,18461.081792
4,128,18152.398921
5,57,23895.241738
5,58,23804.484770
5,59,22506.922833
5,63,22346.691374
5,64,22037.606489
5,65,21852.895447
5,68,21388.532482
5,69,21384.812299
5,71,21028.703868
5,72,21023.617080
5,73,20436.065411
5,74,20338.903172
5,80,19389.164177
5,98,19224.217555
5,104,18634.440607
5,109,18630.215920
5,120,18519.828913
5,126,18260.517434
5,127,18069.430826
6,55,24888.658975
6,57,23015.703562
6,58,22738.475239
6,59,22506.922833
6,63,21653.210707
6,65,20745.555783
6,71,20134.814077
6,75,19906.659382
6,76,19784.802564
6,78,19766.441216
6,80,19389.164177
6,98,19224.217555
6,100,18946.775010
6,104,18634.440607
6,109,18630.215920
6,115,18335.147073
6,126,18260.517434
6,127,18069.430826
6,139,18052.519836
7,55,24888.658975
7,56,22978.557959
7,58,22629.920360
7,59,22506.922833
7,60,21647.084416
7,63,21142.763455
7,64,20826.729132
7,65,20745.555783
7,66,20592.323452
7,67,19999.854573
7,71,19893.035013
7,76,19784.802564
7,78,19766.441216
7,80,19389.164177
7,82,19079.647460
7,100,18946.775010
7,103,18678.705798
7,104,18634.440607
7,109,18630.215920
7,115,18335.147073
7,124,18100.791148
7,125,18068.491221
7,136,18009.767420
7,138,17947.653950
7,145,17812.287060
8,55,24888.658975
8,56,22978.557959
8,58,22593.567005
8,59,22506.922833
8,60,21647.084416
8,62,20164.400360
8,67,19999.854573
8,70,19932.465606
8,71,19893.035013
8,72,19890.955548
8,74,19758.419781
8,80,19389.164177
8,82,19079.647460
8,85,18887.769659
8,92,18531.195883
8,94,18464.810691
8,97,18416.927351
8,99,18297.134132
8,119,18224.022198
8,121,17956.744161
8,134,17890.436305
8,143,17686.306075
9,55,24888.658975
9,56,22978.557959
9,57,22188.877361
9,59,21703.543805
9,60,21413.915825
9,61,20484.702150
9,62,20164.400360
9,66,19900.839129
9,67,19856.205305
9,68,19620.396074
9,72,19524.543434
9,75,19480.553992
9,78,19473.628838
9,79,19051.024603
9,85,18887.769659
9,92,18531.195883
9,93,18466.131497
9,94,18464.810691
9,97,18416.927351
9,99,18297.134132
9,112,18169.396586
9,121,17956.744161
9,134,17890.436305
9,143,17686.306075
10,54,23313.248858
10,56,21156.537179
10,59,20861.204287
10,61,20484.702150
10,62,19765.692231
10,66,19261.602698
10,77,19107.776590
10,79,19051.024603
10,81,19017.126945
10,85,18887.769659
10,88,18697.359792
10,92,18531.195883
10,93,18466.131497
10,94,18464.810691
10,97,18416.927351
10,99,18297.134132
10,105,18177.267113
10,111,18047.669199
10,121,17956.744161
10,124,17708.408214
10,143,17686.306075
11,54,23313.248858
11,56,21156.537179
11,58,20818.877291
11,59,20526.003963
11,60,20430.558100
11,62,19765.692231
11,66,19261.602698
11,67,18960.495869
11,70,18626.724528
11,85,18611.400101
11,86,18491.432998
11,88,18334.369065
11,97,18209.427531
11,103,18186.374318
11,105,18109.191269
11,111,17967.613201
11,114,17860.672555
11,117,17536.365854
11,122,17450.523897
11,133,17316.461831
11,134,17283.115753
12,53,24118.565733
12,54,23313.248858
12,56,21156.537179
12,58,20754.776755
12,59,20526.003963
12,60,20388.555830
12,61,19938.828500
12,62,19765.692231
12,66,19261.602698
12,67,18960.495869
12,70,18626.724528
12,79,18511.438743
12,80,18235.035560
12,90,17969.130222
12,99,17670.396537
12,102,17571.119429
12,104,17422.381053
12,125,17117.464390
13,53,24118.565733
13,54,23313.248858
13,55,22299.007108
13,56,21156.537179
13,57,20398.206232
13,59,19757.329786
13,63,19353.417304
13,65,19142.720898
13,67,18960.495869
13,70,18626.724528
13,72,18028.379872
13,83,17992.134539
13,90,17969.130222
13,97,17722.796864
13,99,17670.396537
13,102,17571.119429
13,104,17422.381053
13,116,17414.250622
13,125,17117.464390
13,137,17069.723737
14,53,24118.565733
14,54,23313.248858
14,55,20944.159490
14,57,20398.206232
14,59,19757.329786
14,61,19596.082310
14,63,18843.666330
14,69,18709.959934
14,70,18626.724528
14,72,18028.379872
14,83,17992.134539
14,90,17969.130222
14,97,17507.662438
14,99,17437.203963
14,102,17421.293389
14,103,17261.803857
14,105,17237.585634
14,125,17117.464390
14,126,17078.001545
14,132,17076.344120
14,137,17069.723737
15,53,24118.565733
15,54,23313.248858
15,55,20253.920417
15,58,20105.373190
15,59,19557.540682
15,62,19404.750607
15,63,18843.666330
15,66,18720.745857
15,69,18709.959934
15,70,18626.724528
15,72,18028.379872
15,83,17970.844861
15,90,17969.130222
15,97,17507.662438
15,98,17479.799463
15,99,17437.203963
15,102,17421.293389
15,103,17261.803857
15,105,17237.585634
15,109,16990.604633
16,53,24118.565733
16,54,21185.096006
16,55,20100.333241
16,57,19618.707568
16,59,19557.540682
16,62,19404.750607
16,63,18843.666330
16,66,18366.841081
16,71,18022.471729
16,81,17532.873280
16,96,17395.762243
16,98,17352.845702
16,101,17133.147455
16,105,17022.368005
16,108,16939.022618
17,53,20963.777998
17,54,20926.180997
17,55,20100.333241
17,57,19618.707568
17,58,19395.396393
17,62,18847.653320
17,63,18843.666330
17,66,18366.841081
17,71,18022.471729
17,77,18004.265141
17,81,17532.873280
17,93,17436.637417
17,96,17395.762243
17,98,17229.580188
17,101,17133.147455
17,105,17022.368005
17,108,16939.022618
17,124,16889.996575
18,53,20963.777998
18,54,20179.275816
18,55,20100.333241
18,56,19851.331622
18,57,19618.707568
18,58,19395.396393
18,62,18847.653320
18,63,18843.666330
18,66,18366.841081
18,71,18022.471729
18,75,17917.979724
18,80,17797.704929
18,81,17532.873280
18,89,17406.099889
18,95,17313.236635
18,96,17174.604535
18,101,17095.947482
18,104,17000.288278
18,107,16865.016659
18,114,16726.220496
19,53,20963.777998
19,54,20179.275816
19,55,19982.515084
19,56,19811.900289
19,57,19618.707568
19,58,19384.550536
19,62,18847.653320
19,63,18843.666330
19,66,18366.841081
19,71,18022.471729
19,75,17917.979724
19,78,17532.873227
19,89,17406.099889
19,95,16820.394988
19,110,16644.278034
20,52,20516.314912
20,53,19863.989549
20,56,19811.900289
20,57,19618.707568
20,58,19384.550536
20,60,19227.409565
20,61,18719.324329
20,64,17579.783000
20,74,17228.698490
20,94,16818.374776
20,101,16800.174177
20,103,16558.541120
21,52,20516.314912
21,53,19863.989549
21,54,19579.066974
21,55,19555.476702
21,56,18515.038107
21,64,17579.783000
21,74,17228.698490
21,84,17125.082490
21,94,16818.374776
21,98,16757.032767
21,100,16595.338041
21,103,16558.541120
22,52,20516.314912
22,53,19863.989549
22,54,19579.066974
22,55,19555.476702
22,56,18515.038107
22,64,17527.803515
22,73,16988.395666
22,84,16764.161669
22,91,16624.540228
22,98,16587.424186
22,102,16478.847969
22,123,16474.361076
23,52,20516.314912
23,53,19863.989549
23,54,19579.066974
23,55,19555.476702
23,56,18515.038107
23,60,18490.052254
23,64,17527.803515
23,67,17271.744144
23,73,16988.395666
23,83,16616.143193
23,91,16565.426082
23,98,16510.517901
23,102,16478.847969
23,123,16474.361076
24,52,19275.874609
24,56,18515.038107
24,60,18490.052254
24,62,17436.765519
24,67,17134.027199
24,72,16961.010490
24,79,16826.323116
24,82,16513.306065
24,91,16493.099957
24,95,16247.777359
25,50,19753.196115
25,52,19174.543032
25,56,18515.038107
25,57,18393.307432
25,60,18360.664323
25,62,17436.765519
25,66,17064.526077
25,72,16961.010490
25,79,16826.323116
25,81,16551.859670
25,82,16513.306065
25,87,16424.300011
25,90,16268.804755
25,95,16247.777359
26,50,19753.196115
26,52,19174.543032
26,53,18680.880449
26,54,18152.480398
26,60,18002.083384
26,62,17436.765519
26,64,17150.265090
26,66,16982.620563
26,71,16821.211760
26,77,16729.032878
26,81,16511.076598
26,82,16510.721392
26,87,16355.982584
26,88,16177.830203
27,50,19753.196115
27,52,19174.543032
27,53,18680.880449
27,54,18152.480398
27,55,18121.787191
27,60,18002.083384
27,62,17436.765519
27,64,17150.265090
27,66,16982.620563
27,71,16821.211760
27,77,16720.371677
27,81,16511.076598
27,82,16510.721392
27,87,16355.982584
27,88,16177.830203
28,50,19753.196115
28,52,19174.543032
28,53,18680.880449
28,54,18152.480398
28,55,18121.787191
28,60,18002.083384
28,62,17359.802424
28,64,17116.307995
28,66,16948.221309
28,70,16898.457960
28,71,16808.406965
28,75,16699.678272
28,79,16458.337526
28,86,16272.768853
28,88,16089.961316
29,50,19753.196115
29,52,18675.642886
29,54,18152.480398
29,55,18121.787191
29,58,17863.236352
29,62,17359.802424
29,64,17116.307995
29,66,16948.221309
29,70,16790.897575
29,75,16699.678272
29,79,16458.337526
29,86,16225.252099
29,88,16089.961316
30,50,19753.196115
30,52,18675.642886
30,53,18636.971251
30,54,18092.594573
30,56,17925.374763
30,58,17863.236352
30,59,17628.579086
30,62,17312.151836
30,64,17116.307995
30,66,16905.986412
30,68,16863.270779
30,69,16759.632027
30,72,16675.686684
30,73,16392.547799
30,84,16171.051305
30,85,16153.659779
30,88,16062.035675
31,50,19753.196115
31,51,19477.057969
31,52,18675.642886
31,53,18243.569434
31,54,18092.594573
31,56,17925.374763
31,58,17863.236352
31,59,17628.579086
31,61,17442.285370
31,62,17312.151836
31,64,17116.307995
31,66,16503.847950
31,73,16392.547799
31,84,16171.051305
31,85,16153.659779
31,88,16062.035675
32,50,19753.196115
32,51,19477.057969
32,52,18675.642886
32,53,18243.569434
32,54,18092.594573
32,56,17925.374763
32,58,17863.236352
32,59,17404.303064
32,61,17255.500104
32,62,17235.888994
32,63,17040.741843
32,66,16430.584327
32,73,16323.198322
32,81,16156.168383
32,84,16081.739213
32,87,15986.922951
33,50,19753.196115
33,51,18901.518835
33,52,18645.923855
33,53,18243.569434
33,54,18016.755561
33,56,17849.904949
33,58,17561.691209
33,59,17404.303064
33,61,17143.110456
33,63,17040.741843
33,66,16430.584327
33,70,16288.478641
33,81,16156.168383
33,84,16081.739213
33,87,15986.922951
33,91,15884.188551
34,50,19753.196115
34,51,18901.518835
34,52,18645.923855
34,53,17802.885670
34,58,17354.159660
34,61,17036.708774
34,63,16910.374094
34,66,16369.553214
34,70,16288.478641
34,81,16091.112296
34,82,16080.099884
34,84,16072.367701
34,86,15947.844807
34,91,15827.499500
35,50,19689.970133
35,51,18598.716563
35,53,17802.885670
35,54,17569.871518
35,58,17354.159660
35,61,17036.708774
35,63,16910.374094
35,64,16749.582997
35,66,16369.553214
35,70,16288.478641
35,80,16072.763715
35,84,16072.367701
35,86,15947.844807
35,91,15827.499500
36,49,19880.209003
36,50,19689.970133
36,51,18598.716563
36,53,17802.885670
36,54,17569.871518
36,58,17354.159660
36,59,17120.591145
36,61,16981.431941
36,63,16832.827832
36,64,16665.274930
36,66,16286.599610
36,70,16199.939975
36,80,16037.695256
36,86,15913.503768
36,91,15827.499500
37,49,19880.209003
37,50,19689.970133
37,51,18112.082370
37,53,17802.885670
37,54,17569.871518
37,58,17315.047893
37,59,17120.591145
37,61,16981.431941
37,63,16832.827832
37,64,16665.274930
37,66,16286.599610
37,70,16199.939975
37,74,16148.516420
37,80,16037.695256
37,84,15756.432633
38,49,19880.209003
38,50,18949.228923
38,51,18112.082370
38,53,17802.885670
38,54,17569.871518
38,58,17315.047893
38,59,17075.620786
38,61,16970.436554
38,63,16799.653341
38,64,16562.923402
38,66,16286.599610
38,70,16199.939975
38,74,16071.522793
38,79,15880.288576
38,82,15851.507169
38,84,15701.426346
39,49,19555.393996
39,50,18949.228923
39,51,18112.082370
39,52,17712.440441
39,54,17569.871518
39,58,17315.047893
39,59,17075.620786
39,61,16900.306300
39,63,16799.653341
39,64,16562.923402
39,66,16286.599610
39,70,16199.939975
39,74,16071.522793
39,78,15963.457421
39,79,15880.288576
39,82,15851.507169
39,84,15701.426346
40,49,19555.393996
40,50,18799.315693
40,51,17994.561626
40,52,17712.440441
40,54,17569.871518
40,58,17315.047893
40,59,17075.620786
40,61,16900.306300
40,62,16736.822529
40,64,16552.283189
40,66,16261.788203
40,70,16194.099483
40,74,16030.346560
40,78,15848.184524
40,84,15701.426346
41,49,19555.393996
41,50,18799.315693
41,51,17994.561626
41,52,17712.440441
41,53,17309.745091
41,59,17075.620786
41,61,16900.306300
41,62,16736.822529
41,64,16552.283189
41,66,16261.788203
41,70,16194.099483
41,74,16030.346560
41,78,15848.184524
41,84,15701.426346
41,86,15679.544425
42,49,19555.393996
42,50,18799.315693
42,51,17994.561626
42,52,17613.057465
42,53,17309.745091
42,54,17186.628229
42,58,17070.575841
42,59,17010.116786
42,61,16713.318279
42,64,16552.283189
42,66,16132.105074
42,74,15981.974774
42,75,15784.403611
42,84,15576.408291
43,49,19555.393996
43,50,18795.829686
43,51,17994.561626
43,52,17613.057465
43,53,17309.745091
43,54,17186.628229
43,58,17070.575841
43,59,17010.116786
43,60,16901.111741
43,61,16713.318279
43,64,16552.283189
43,66,16132.105074
43,74,15981.974774
43,75,15784.403611
43,83,15692.770185
43,84,15576.408291
44,48,19494.142577
44,50,18567.046666
44,51,17994.561626
44,52,17613.057465
44,53,17309.745091
44,54,17186.628229
44,56,17142.318537
44,57,16840.683603
44,61,16713.318279
44,64,16480.450229
44,66,16132.105074
44,74,15936.729445
44,75,15766.570824
44,82,15630.861503
44,84,15576.408291
45,48,19486.031763
45,49,19372.258360
45,50,18567.046666
45,51,17994.561626
45,52,17613.057465
45,53,17309.745091
45,54,17186.628229
45,56,17142.318537
45,57,16840.683603
45,60,16781.941685
45,61,16713.318279
45,64,16480.450229
45,66,16132.105074
45,70,16006.830597
45,74,15936.729445
45,75,15766.570824
45,82,15630.861503
45,84,15576.408291
46,48,19486.031763
46,49,19231.424604
46,50,18567.046666
46,51,17569.436655
46,53,17309.745091
46,54,17186.628229
46,56,17142.318537
46,57,16840.683603
46,60,16781.941685
46,61,16713.318279
46,64,16450.141965
46,66,16132.105074
46,68,16123.283482
46,70,15954.210913
46,71,15889.035614
46,75,15734.693951
46,78,15631.843644
46,82,15630.861503
46,84,15574.711954
47,48,19486.031763
47,49,19065.601151
47,50,17852.693080
47,51,17569.436655
47,52,17562.092456
47,53,17309.745091
47,54,17186.628229
47,56,16799.836360
47,58,16746.149990
47,59,16740.163490
47,61,16713.318279
47,64,16450.141965
47,66,16132.105074
47,67,16079.627265
47,70,15954.210913
47,71,15889.035614
47,75,15734.693951
47,78,15631.843644
47,82,15626.305964
47,84,15574.711954
48,47,19403.325047
48,49,19065.601151
48,50,17852.693080
48,51,17569.436655
48,52,17418.461794
48,53,17309.745091
48,54,17186.628229
48,56,16799.836360
48,58,16746.149990
48,59,16740.163490
48,61,16713.318279
48,64,16450.141965
48,66,16110.092971
48,67,16014.580718
48,70,15868.460190
48,74,15769.620105
48,75,15707.760060
48,78,15631.843644
48,81,15598.960548
48,84,15507.517316
49,47,19403.325047
49,49,18856.451587
49,50,17852.693080
49,51,17569.436655
49,52,17418.461794
49,53,17236.366104
49,54,17186.628229
49,56,16799.836360
49,58,16746.149990
49,59,16740.163490
49,61,16713.318279
49,64,16450.141965
49,66,16110.092971
49,67,16014.580718
49,70,15868.460190
49,74,15769.620105
49,75,15707.760060
49,78,15631.843644
49,81,15598.960548
49,84,15507.517316
50,45,19817.429388
50,47,19403.325047
50,48,18716.329614
50,50,17433.470023
50,51,17291.138855
50,53,17236.366104
50,54,17186.628229
50,55,17132.271442
50,56,16799.836360
50,58,16746.149990
50,59,16740.163490
50,61,16713.318279
50,64,16355.352909
50,66,16110.092971
50,67,16003.245276
50,68,15945.694880
50,70,15864.127526
50,73,15692.319780
50,75,15644.266980
50,78,15631.843644
50,81,15510.316704
50,84,15470.618519
51,45,19817.429388
51,47,19403.325047
51,48,18716.329614
51,50,17433.470023
51,51,17291.138855
51,53,17236.366104
51,54,17186.628229
51,55,17132.271442
51,56,16799.836360
51,58,16746.149990
51,59,16740.163490
51,61,16713.318279
51,64,16355.352909
51,66,16110.092971
51,67,16003.245276
51,68,15851.577396
51,73,15692.319780
51,75,15644.266980
51,78,15631.843644
51,79,15628.238290
51,81,15510.316704
51,84,15470.618519
52,45,19340.762433
52,46,19140.133847
52,48,18716.329614
52,50,17433.470023
52,51,17291.138855
52,53,17236.366104
52,54,17186.628229
52,55,17132.271442
52,56,16799.836360
52,57,16709.070904
52,59,16678.867241
52,64,16355.352909
52,66,15937.711012
52,68,15784.367454
52,73,15692.319780
52,75,15594.144306
52,79,15548.684876
52,81,15510.316704
52,84,15430.183223
53,45,19340.762433
53,46,19140.133847
53,48,18716.329614
53,50,17433.470023
53,51,17291.138855
53,53,17236.366104
53,54,17186.628229
53,55,17132.271442
53,56,16799.836360
53,57,16709.070904
53,59,16678.867241
53,64,16355.352909
53,66,15937.711012
53,68,15784.367454
53,73,15692.319780
53,75,15594.144306
53,79,15548.684876
53,81,15510.316704
53,84,15430.183223
54,45,19340.762433
54,46,19140.133847
54,48,18716.329614
54,49,17863.798773
54,50,17433.470023
54,51,17291.138855
54,53,17236.366104
54,54,17186.628229
54,55,17132.271442
54,56,16799.836360
54,57,16709.070904
54,58,16635.036419
54,64,16355.352909
54,66,15737.605484
54,73,15692.319780
54,75,15558.378835
54,78,15538.821869
54,80,15491.546349
54,82,15456.533851
54,83,15405.881002
55,45,19340.762433
55,46,19140.133847
55,48,18716.329614
55,49,17863.798773
55,50,17433.470023
55,51,17291.138855
55,53,17236.366104
55,54,17186.628229
55,55,17132.271442
55,56,16722.102452
55,57,16709.070904
55,58,16635.036419
55,63,16618.763484
55,64,16355.352909
55,66,15737.605484
55,73,15692.319780
55,75,15389.917131
56,45,19340.762433
56,46,19140.133847
56,48,18716.329614
56,49,17863.798773
56,50,17433.470023
56,51,17291.138855
56,52,17217.344891
56,53,17092.699368
56,55,17045.215795
56,56,16681.729343
56,57,16608.206919
56,63,16108.951300
56,65,15714.358147
56,69,15647.290659
56,75,15389.917131
57,45,19277.976928
57,46,19140.133847
57,47,18993.048037
57,48,18669.402322
57,49,17863.798773
57,50,17409.833468
57,51,17291.138855
57,52,17217.344891
57,53,17092.699368
57,55,17045.215795
57,56,16681.729343
57,57,16608.206919
57,63,16108.951300
57,65,15714.358147
57,69,15647.290659
57,75,15389.917131
57,85,15331.658920
58,45,19277.976928
58,46,18714.343985
58,48,18347.134144
58,49,17669.151332
58,50,17409.833468
58,51,17291.138855
58,52,17217.344891
58,53,17092.699368
58,54,16952.771469
58,55,16858.512360
58,56,16660.936899
58,57,16590.844313
58,63,16101.016232
58,65,15690.653057
58,69,15644.940239
58,75,15389.917131
58,83,15349.231501
58,85,15307.242730
59,45,19094.521727
59,46,18714.343985
59,48,18347.134144
59,49,17669.151332
59,50,17409.833468
59,51,17238.530932
59,52,16949.180111
59,55,16858.512360
59,56,16660.936899
59,57,16590.844313
59,62,16263.840559
59,63,16101.016232
59,65,15690.653057
59,69,15644.940239
59,71,15580.793860
59,75,15319.035732
59,85,15307.242730
60,45,19094.521727
60,46,18714.343985
60,47,18658.455949
60,48,18347.134144
60,49,17669.151332
60,50,17409.833468
60,51,17238.530932
60,52,16949.180111
60,55,16858.512360
60,56,16621.105045
60,57,16590.844313
60,61,16247.168372
60,62,15989.757475
60,65,15647.787392
60,69,15628.742985
60,71,15508.433965
60,73,15466.139136
60,75,15319.035732
60,79,15247.276138
61,45,19094.521727
61,46,18552.608216
61,48,18068.775367
61,49,17529.281321
61,50,17214.648500
61,51,17069.466080
61,52,16949.180111
61,54,16789.113681
61,56,16621.105045
61,57,16590.844313
61,61,16247.168372
61,62,15989.757475
61,65,15647.787392
61,69,15628.742985
61,71,15508.433965
61,73,15466.139136
61,75,15319.035732
61,79,15247.276138
62,45,18977.179028
62,46,18552.608216
62,47,18391.641076
62,48,17778.572216
62,49,17529.281321
62,50,17214.648500
62,51,17069.466080
62,52,16949.180111
62,54,16789.113681
62,56,16621.105045
62,57,16558.458984
62,61,16172.995233
62,62,15989.757475
62,65,15647.787392
62,68,15534.681354
62,71,15495.883653
62,73,15314.535761
62,75,15284.744157
62,79,15236.926836
63,45,18977.179028
63,46,18552.608216
63,47,18391.641076
63,48,17778.572216
63,49,17529.281321
63,50,17041.289735
63,52,16949.180111
63,54,16789.113681
63,56,16621.105045
63,57,16558.458984
63,59,16484.828602
63,61,16172.995233
63,62,15989.757475
63,65,15647.787392
63,68,15534.681354
63,71,15495.883653
63,73,15314.535761
63,75,15284.744157
63,79,15236.926836
64,44,18499.557360
64,47,18391.641076
64,48,17778.572216
64,49,17529.281321
64,50,17041.289735
64,52,16949.180111
64,54,16789.113681
64,55,16674.293460
64,56,16621.105045
64,57,16535.130960
64,59,16484.828602
64,61,16172.995233
64,62,15989.757475
64,65,15647.787392
64,68,15473.034821
64,73,15284.506314
64,77,15177.481954
65,44,18499.557360
65,45,18270.899131
65,47,17887.840285
65,48,17778.572216
65,49,17529.281321
65,50,17041.289735
65,51,16957.474959
65,52,16949.180111
65,54,16789.113681
65,55,16674.293460
65,56,16621.105045
65,57,16535.130960
65,59,16484.828602
65,61,16172.995233
65,62,15989.757475
65,65,15647.787392
65,68,15473.034821
65,73,15284.506314
65,77,15177.481954
66,44,18499.557360
66,45,17802.853350
66,47,17555.495429
66,49,17529.281321
66,50,17041.289735
66,51,16957.474959
66,52,16920.029485
66,54,16737.390686
66,55,16674.293460
66,56,16569.450505
66,57,16426.205943
66,60,16101.528712
66,62,15989.757475
66,65,15636.013145
66,68,15427.604118
66,73,15284.506314
66,77,15162.583868
67,44,18499.557360
67,45,17802.853350
67,47,17555.495429
67,49,17529.281321
67,50,17041.289735
67,51,16957.474959
67,52,16920.029485
67,54,16602.999124
67,56,16569.450505
67,57,16426.205943
67,60,16101.528712
67,62,15989.757475
67,65,15636.013145
67,68,15427.604118
67,73,15284.506314
67,77,15162.583868
68,44,18499.557360
68,45,17802.853350
68,47,17555.495429
68,49,17385.951036
68,50,17041.289735
68,51,16957.474959
68,52,16920.029485
68,53,16761.258521
68,54,16498.313456
68,57,16374.165971
68,59,16075.459569
68,61,15967.102639
68,65,15588.114924
68,66,15562.748016
68,68,15397.823879
68,73,15284.506314
68,77,15162.583868
69,44,18499.557360
69,45,17802.853350
69,47,17555.495429
69,49,17385.951036
69,50,17041.289735
69,51,16957.474959
69,52,16920.029485
69,53,16761.258521
69,54,16498.313456
69,57,16374.165971
69,59,16075.459569
69,61,15967.102639
69,65,15588.114924
69,66,15562.748016
69,68,15397.823879
69,73,15284.506314
69,77,15162.583868
70,44,18499.557360
70,45,17802.853350
70,47,17555.495429
70,49,17385.951036
70,50,17041.289735
70,51,16957.474959
70,52,16920.029485
70,53,16614.118609
70,54,16366.076152
70,59,16048.605269
70,61,15962.189037
70,65,15559.458458
70,68,15348.903404
70,73,15277.917011
70,75,15135.443962
71,44,18138.122998
71,45,17802.853350
71,47,17555.495429
71,49,17385.951036
71,50,16901.174210
71,52,16877.646493
71,53,16614.118609
71,54,16366.076152
71,59,16048.605269
71,61,15962.189037
71,63,15959.412187
71,65,15559.458458
71,68,15348.903404
71,73,15277.917011
71,75,15135.443962
72,44,18138.122998
72,45,17802.853350
72,47,17555.495429
72,49,17385.951036
72,50,16901.174210
72,52,16856.899599
72,53,16589.500477
72,54,16287.986741
72,59,16035.447909
72,61,15844.020855
72,65,15494.292915
72,68,15343.736466
72,73,15268.194464
72,74,15092.604415
73,44,18138.122998
73,45,17802.853350
73,47,17555.495429
73,49,17385.951036
73,50,16901.174210
73,52,16856.899599
73,53,16589.500477
73,54,16287.986741
73,59,16035.447909
73,61,15844.020855
73,65,15494.292915
73,68,15343.736466
73,73,15268.194464
73,74,15092.604415
74,44,18138.122998
74,45,17802.853350
74,47,17555.495429
74,49,17385.951036
74,50,16862.454585
74,51,16667.416133
74,53,16498.633585
74,54,16287.986741
74,59,15965.140436
74,61,15831.114009
74,65,15473.678540
74,68,15343.736466
74,73,15268.194464
74,74,15092.604415
75,44,18138.122998
75,45,17613.909938
75,47,17555.495429
75,48,17481.371927
75,49,17385.951036
75,50,16862.454585
75,51,16667.416133
75,53,16498.633585
75,54,16287.986741
75,59,15965.140436
75,61,15831.114009
75,65,15473.678540
75,66,15439.753495
75,68,15343.736466
75,73,15268.194464
75,74,15092.604415
76,44,18046.188641
76,45,17613.909938
76,47,17555.495429
76,48,17299.414953
76,50,16862.454585
76,51,16604.818343
76,53,16282.694107
76,59,15884.992418
76,61,15831.114009
76,65,15473.678540
76,66,15426.593584
76,67,15276.475493
76,73,15248.675245
76,74,15064.904664
77,44,17881.693966
77,45,17613.909938
77,47,17555.495429
77,48,17299.414953
77,50,16765.609875
77,51,16604.818343
77,53,16282.694107
77,57,15883.200580
77,61,15831.114009
77,65,15473.678540
77,66,15426.593584
77,67,15276.475493
77,73,15248.675245
77,74,15064.904664
78,43,18538.256202
78,44,17881.693966
78,45,17613.909938
78,46,17122.874264
78,50,16765.609875
78,51,16500.351265
78,53,16268.470603
78,57,15873.188975
78,61,15803.440435
78,65,15473.678540
78,66,15229.821455
78,72,15202.887051
78,74,15064.904664
79,43,18538.256202
79,44,17881.693966
79,45,17613.909938
79,46,17122.874264
79,50,16765.609875
79,51,16500.351265
79,53,16268.470603
79,57,15873.188975
79,60,15409.232371
79,66,15229.821455
79,72,15202.887051
79,74,15064.904664
80,43,18538.256202
80,44,17881.693966
80,45,17555.553865
80,46,17029.421799
80,50,16621.774926
80,51,16490.752935
80,53,16254.828798
80,57,15835.198293
80,60,15385.112652
80,66,15229.821455
80,72,15202.887051
80,74,15030.942808
81,43,18538.256202
81,44,17881.693966
81,45,17276.196444
81,46,17029.421799
81,50,16621.774926
81,51,16490.752935
81,53,16254.828798
81,57,15835.198293
81,60,15385.112652
81,66,15229.821455
81,72,15202.887051
81,74,15030.942808
82,43,18538.256202
82,44,17881.693966
82,45,17276.196444
82,46,17029.421799
82,48,16799.322966
82,49,16759.371884
82,50,16438.759545
82,53,16149.297855
82,57,15835.198293
82,60,15385.112652
82,66,15223.646996
82,72,15168.186882
82,74,15018.430884
83,43,18538.256202
83,44,17881.693966
83,45,17276.196444
83,46,17029.421799
83,48,16799.322966
83,49,16759.371884
83,50,16438.759545
83,53,16149.297855
83,57,15835.198293
83,60,15385.112652
83,66,15223.646996
83,71,15220.442494
83,72,15156.442421
83,74,15018.430884
84,43,18538.256202
84,44,17881.693966
84,45,17276.196444
84,46,17029.421799
84,47,16946.349211
84,48,16621.691267
84,50,16320.107950
84,53,16132.566579
84,55,16025.392898
84,57,15828.271050
84,60,15385.112652
84,66,15223.646996
84,69,15032.134986
84,74,15018.430884
85,43,18538.256202
85,44,17881.693966
85,45,17276.196444
85,46,17029.421799
85,47,16946.349211
85,48,16621.691267
85,50,16320.107950
85,53,16132.566579
85,55,16025.392898
85,57,15828.271050
85,60,15385.112652
85,66,15223.646996
85,69,15032.134986
85,74,15018.430884
86,43,18538.256202
86,44,17881.693966
86,45,17276.196444
86,46,17029.421799
86,47,16946.349211
86,48,16621.691267
86,50,16320.107950
86,53,16011.883251
86,55,15990.782021
86,57,15781.682122
86,60,15332.032617
86,66,15170.173508
86,69,15032.134986
86,73,15010.346645
87,43,18538.256202
87,44,17274.763464
87,46,17029.421799
87,47,16946.349211
87,48,16621.691267
87,50,16320.107950
87,53,16011.883251
87,55,15990.782021
87,56,15836.409393
87,57,15781.682122
87,60,15332.032617
87,66,15170.173508
87,69,15032.134986
87,73,15010.346645
88,43,18538.256202
88,44,17274.763464
88,46,17029.421799
88,47,16946.349211
88,48,16621.691267
88,50,16260.129946
88,53,15988.404411
88,55,15954.266053
88,56,15763.241652
88,57,15762.491746
88,60,15332.032617
88,66,15152.612689
88,69,15025.491161
88,73,14998.914275
89,43,18538.256202
89,44,17211.748765
89,46,17029.421799
89,47,16946.349211
89,48,16621.691267
89,50,16260.129946
89,53,15988.404411
89,55,15954.266053
89,56,15763.241652
89,57,15762.491746
89,60,15332.032617
89,66,15152.612689
89,69,15025.491161
89,73,14998.914275
90,43,18538.256202
90,44,17211.748765
90,46,17029.421799
90,47,16946.349211
90,48,16585.336547
90,50,16160.282373
90,53,15988.404411
90,54,15897.608881
90,56,15738.160044
90,57,15736.529460
90,60,15304.171736
90,66,15152.612689
90,69,14976.272838
91,43,18538.256202
91,44,17211.748765
91,45,17162.693522
91,46,17029.421799
91,47,16946.349211
91,48,16585.336547
91,50,16160.282373
91,53,15988.404411
91,54,15897.608881
91,56,15738.160044
91,57,15736.529460
91,60,15304.171736
91,66,15152.612689
91,67,15108.279136
91,69,14976.272838
92,43,18538.256202
92,44,17163.641421
92,45,17162.693522
92,46,17029.421799
92,47,16946.349211
92,48,16585.336547
92,50,16126.165245
92,53,15984.684638
92,54,15831.366362
92,56,15712.800343
92,57,15705.511816
92,60,15260.501338
92,66,15152.612689
92,67,15108.279136
92,69,14972.060494
93,43,18538.256202
93,44,17163.641421
93,45,17162.693522
93,46,16985.810475
93,47,16946.349211
93,48,16585.336547
93,50,16126.165245
93,53,15984.684638
93,54,15831.366362
93,56,15712.800343
93,57,15705.511816
93,58,15664.375871
93,59,15550.848912
93,60,15260.501338
93,66,15152.612689
93,67,15069.247793
93,69,14972.060494
94,43,18538.256202
94,44,17163.641421
94,45,17162.693522
94,46,16985.810475
94,47,16946.349211
94,48,16585.336547
94,50,16126.165245
94,53,15838.993482
94,54,15795.651751
94,56,15709.191143
94,57,15683.338179
94,58,15664.375871
94,59,15506.973261
94,60,15244.283895
94,65,15086.578777
94,67,15069.247793
94,69,14952.114304
95,43,18538.256202
95,44,17163.641421
95,45,17162.693522
95,46,16985.810475
95,47,16946.349211
95,48,16585.336547
95,50,16126.165245
95,53,15838.993482
95,54,15795.651751
95,56,15709.191143
95,57,15683.338179
95,58,15664.375871
95,59,15506.973261
95,60,15244.283895
95,64,15221.693943
95,65,15086.578777
95,67,15069.247793
95,69,14952.114304
96,43,18376.765028
96,44,17083.962077
96,46,16985.810475
96,47,16946.349211
96,48,16585.336547
96,50,16126.165245
96,53,15838.993482
96,54,15795.651751
96,56,15708.884673
96,57,15683.338179
96,58,15664.375871
96,59,15506.973261
96,60,15231.016887
96,64,15194.563644
96,65,15086.578777
96,67,15069.247793
96,69,14952.114304
97,42,18914.069127
97,43,18376.765028
97,44,17083.962077
97,46,16985.810475
97,47,16789.030773
97,48,16585.336547
97,50,16126.165245
97,53,15838.993482
97,54,15795.651751
97,56,15708.884673
97,57,15683.338179
97,58,15664.375871
97,59,15506.973261
97,60,15231.016887
97,64,15194.563644
97,65,15086.578777
97,67,15069.247793
97,69,14952.114304
98,42,18914.069127
98,43,18360.169465
98,44,17083.962077
98,46,16985.810475
98,47,16789.030773
98,48,16585.336547
98,50,16126.165245
98,53,15838.993482
98,54,15795.651751
98,56,15705.802873
98,57,15660.354463
98,58,15615.189963
98,59,15483.482764
98,60,15217.997731
98,64,15194.563644
98,65,15002.034719
98,69,14952.114304
99,42,18914.069127
99,43,17567.975109
99,44,17083.962077
99,46,16985.810475
99,47,16789.030773
99,48,16585.336547
99,50,16126.165245
99,53,15838.993482
99,54,15795.651751
99,56,15705.802873
99,57,15660.354463
99,58,15615.189963
99,59,15483.482764
99,60,15217.997731
99,64,15194.563644
99,65,15002.034719
99,67,14994.410030
99,69,14952.114304
100,42,18914.069127
100,43,17427.339538
100,44,17052.918967
100,46,16985.810475
100,47,16789.030773
100,48,16585.336547
100,50,16126.165245
100,53,15838.993482
100,54,15779.362878
100,56,15705.802873
100,57,15640.745167
100,58,15615.053907
100,59,15460.855328
100,60,15208.128581
100,64,15194.563644
100,65,15002.034719
100,67,14918.024477
101,42,18914.069127
101,43,17427.339538
101,44,17052.918967
101,46,16985.810475
101,47,16789.030773
101,48,16585.336547
101,50,16126.165245
101,51,16118.432079
101,53,15838.993482
101,54,15779.362878
101,56,15705.802873
101,57,15640.745167
101,58,15615.053907
101,59,15460.855328
101,60,15208.128581
101,64,15127.110037
101,65,15002.034719
101,67,14918.024477
102,42,18914.069127
102,43,17427.339538
102,44,17052.918967
102,46,16750.920414
102,48,16585.336547
102,50,16126.165245
102,51,16118.432079
102,52,16115.699950
102,53,15823.571837
102,54,15779.362878
102,56,15705.802873
102,57,15602.257114
102,58,15549.213470
102,59,15444.073699
102,60,15207.145151
102,64,15127.110037
102,65,14987.395022
102,67,14918.024477
103,42,18914.069127
103,43,17427.339538
103,44,17032.110037
103,46,16750.920414
103,48,16585.336547
103,50,16126.165245
103,51,16064.978440
103,53,15823.571837
103,54,15779.362878
103,56,15705.802873
103,57,15602.257114
103,58,15549.213470
103,59,15444.073699
103,60,15207.145151
103,64,15127.110037
103,65,14987.395022
103,67,14918.024477
104,42,18914.069127
104,43,17246.155150
104,44,16888.594567
104,46,16750.920414
104,48,16585.336547
104,50,16126.165245
104,51,16064.978440
104,53,15805.731281
104,54,15766.866409
104,56,15585.156952
104,58,15549.213470
104,59,15293.790608
104,60,15191.485602
104,62,15056.278013
104,64,14951.336448
104,67,14918.024477
105,42,18914.069127
105,43,17156.925775
105,44,16888.594567
105,46,16750.920414
105,48,16585.336547
105,50,16126.165245
105,51,16064.978440
105,52,16021.071567
105,53,15805.731281
105,54,15766.866409
105,56,15585.156952
105,58,15549.213470
105,59,15293.790608
105,60,15191.485602
105,62,15056.278013
105,64,14951.336448
105,67,14918.024477
106,42,18914.069127
106,43,17156.925775
106,44,16888.594567
106,46,16750.920414
106,48,16585.336547
106,50,16126.165245
106,51,16064.978440
106,52,15968.928977
106,53,15804.983123
106,54,15755.787006
106,56,15574.121946
106,58,15528.849988
106,59,15293.790608
106,60,15183.343380
106,62,14935.768261
106,66,14880.644445
107,42,18914.069127
107,43,17156.925775
107,44,16888.594567
107,46,16750.920414
107,48,16585.336547
107,50,16126.165245
107,51,15947.500796
107,53,15804.983123
107,54,15755.787006
107,56,15574.121946
107,57,15269.966769
107,60,15183.343380
107,62,14935.768261
107,66,14880.644445
107,71,14859.745489
108,42,18914.069127
108,43,17156.925775
108,44,16888.594567
108,46,16750.920414
108,48,16585.336547
108,50,16126.165245
108,51,15939.016176
108,53,15804.983123
108,54,15748.016802
108,56,15566.411582
108,57,15156.193734
108,62,14906.810756
108,66,14880.644445
108,71,14853.729448
109,42,18914.069127
109,43,17156.925775
109,44,16888.594567
109,46,16750.920414
109,47,16734.449296
109,48,16585.336547
109,49,16564.721829
109,50,16126.165245
109,51,15939.016176
109,53,15636.243403
109,56,15566.411582
109,57,15156.193734
109,62,14906.810756
109,66,14880.644445
109,71,14853.729448
110,42,18914.069127
110,43,17156.925775
110,44,16888.594567
110,46,16750.920414
110,47,16734.449296
110,48,16558.153289
110,49,16498.717829
110,50,16114.237960
110,51,15936.480358
110,53,15548.703573
110,57,15156.193734
110,62,14906.810756
110,66,14875.921121
110,71,14830.638941
111,42,18914.069127
111,43,17156.925775
111,44,16888.594567
111,46,16750.920414
111,47,16603.416132
111,48,16558.153289
111,49,16498.717829
111,50,16114.237960
111,51,15936.480358
111,53,15548.703573
111,57,15156.193734
111,58,14887.198576
111,66,14875.921121
111,67,14864.770840
111,71,14830.638941
112,42,18594.053753
112,43,17135.145856
112,44,16802.443512
112,45,16602.753706
112,46,16253.821003
112,50,16047.616406
112,51,15888.266802
112,53,15548.703573
112,57,15156.193734
112,58,14790.430887
113,42,18594.053753
113,43,17135.145856
113,44,16802.443512
113,45,16602.753706
113,46,16253.821003
113,50,16047.616406
113,51,15888.266802
113,53,15548.703573
113,57,15156.193734
113,58,14790.430887
114,42,18594.053753
114,43,17064.847750
114,44,16761.504625
114,45,16553.791951
114,46,16146.661203
114,50,16025.024508
114,51,15806.866180
114,53,15539.019299
114,57,15156.193734
114,58,14790.430887
115,42,18014.551008
115,43,17038.638554
115,44,16761.504625
115,45,16553.791951
115,46,16146.661203
115,50,16025.024508
115,51,15806.866180
115,53,15539.019299
115,57,15156.193734
115,58,14790.430887
116,42,18014.551008
116,43,16949.888781
116,44,16672.114652
116,45,16540.478096
116,46,16122.325840
116,50,15996.082185
116,51,15745.352152
116,52,15744.083423
116,53,15539.019299
116,57,15156.193734
116,58,14776.410812
117,42,18014.551008
117,43,16949.888781
117,44,16672.114652
117,45,16540.478096
117,46,16122.325840
117,50,15996.082185
117,51,15745.352152
117,52,15744.083423
117,53,15539.019299
117,57,15156.193734
117,58,14776.410812
118,42,17719.604614
118,43,16887.133222
118,44,16500.420743
118,46,16090.032634
118,50,15990.724230
118,51,15730.797269
118,53,15536.864481
118,57,15156.193734
118,58,14774.176312
119,41,18281.912583
119,42,17719.604614
119,43,16887.133222
119,44,16500.420743
119,45,16419.560677
119,46,16090.032634
119,50,15990.724230
119,51,15730.797269
119,52,15693.890917
119,53,15536.864481
119,57,15156.193734
119,58,14774.176312
120,41,18281.912583
120,42,17719.604614
120,43,16851.876695
120,44,16490.426142
120,45,16152.535732
120,46,16079.013442
120,50,15990.724230
120,51,15667.837982
120,53,15214.143576
120,56,15011.830304
120,57,14745.262521
121,40,17997.658845
121,42,17719.604614
121,43,16851.876695
121,44,16490.426142
121,45,16152.535732
121,46,16079.013442
121,50,15990.724230
121,51,15667.837982
121,53,15214.143576
121,56,15011.830304
121,57,14745.262521
121,61,14700.954993
122,39,18134.229858
122,40,17997.658845
122,42,17719.604614
122,43,16851.876695
122,44,16455.831458
122,45,15951.596038
122,51,15610.903615
122,53,15188.912036
122,56,14993.211578
122,57,14745.262521
122,59,14713.831852
122,61,14643.820961
123,39,18134.229858
123,40,17997.658845
123,42,17610.916510
123,43,16851.876695
123,44,16455.831458
123,45,15951.596038
123,51,15610.903615
123,53,15188.912036
123,56,14993.211578
123,57,14745.262521
123,59,14713.831852
123,61,14643.820961
124,39,18134.229858
124,40,17997.658845
124,42,17541.784962
124,43,16851.876695
124,44,16441.001480
124,45,15918.405703
124,51,15610.903615
124,53,15111.280212
124,56,14741.672105
124,58,14688.483596
124,61,14641.955184
125,39,18134.229858
125,40,17997.658845
125,42,17541.784962
125,43,16851.876695
125,44,16441.001480
125,45,15918.405703
125,51,15610.903615
125,53,15111.280212
125,56,14741.672105
125,58,14688.483596
125,61,14641.955184
126,39,18134.229858
126,40,17983.223461
126,42,17525.013819
126,43,16824.296987
126,44,16437.294069
126,45,15917.756341
126,51,15551.172007
126,53,15111.280212
126,56,14730.535247
126,58,14688.483596
126,61,14641.955184
127,39,18134.229858
127,40,17983.223461
127,42,17525.013819
127,43,16824.296987
127,44,16437.294069
127,45,15917.756341
127,51,15551.172007
127,53,15111.280212
127,56,14730.535247
127,58,14688.483596
127,61,14641.955184
127,63,14609.495239
128,39,18134.229858
128,40,17983.223461
128,42,17525.013819
128,43,16753.157363
128,44,16388.957777
128,45,15836.743462
128,51,15545.801901
128,52,14951.944753
128,56,14730.535247
128,57,14677.415679
128,60,14659.766512
128,61,14641.955184
128,63,14609.487584
129,39,18134.229858
129,40,17983.223461
129,42,17525.013819
129,43,16753.157363
129,44,16388.957777
129,45,15836.743462
129,51,15545.801901
129,52,14951.944753
129,56,14730.535247
129,57,14677.415679
129,59,14669.386528
129,60,14659.766512
129,61,14641.955184
129,63,14609.487584
130,39,18134.229858
130,40,17983.223461
130,41,17871.791825
130,42,17525.013819
130,43,16753.157363
130,44,16347.372635
130,45,15836.743462
130,51,15541.140230
130,52,14879.916719
130,56,14669.201888
130,59,14653.427637
130,60,14651.535919
130,61,14627.222235
130,63,14600.586250
131,39,17939.903753
131,41,17871.791825
131,42,17525.013819
131,43,16753.157363
131,44,16347.372635
131,45,15836.743462
131,51,15541.140230
131,52,14879.916719
131,53,14851.322985
131,54,14820.266685
131,56,14669.201888
131,59,14653.427637
131,60,14651.535919
131,61,14627.222235
131,63,14600.586250
132,39,17922.123202
132,41,17616.506284
132,42,17380.886449
132,43,16753.157363
132,44,16301.359087
132,45,15836.743462
132,51,15519.103516
132,52,14772.242188
132,56,14618.265307
132,63,14600.586250
133,39,17786.196126
133,41,17616.506284
133,42,17380.886449
133,43,16753.157363
133,44,16301.359087
133,45,15836.743462
133,50,15735.799920
133,51,15519.103516
133,52,14772.242188
133,56,14618.265307
133,63,14600.586250
134,39,17786.196126
134,41,17616.506284
134,42,17370.663645
134,43,16651.524656
134,44,16254.734512
134,45,15808.060804
134,50,15735.799920
134,51,15394.685249
134,52,14772.242188
134,56,14570.688157
135,39,17697.917630
135,41,17616.506284
135,42,17370.663645
135,43,16651.524656
135,44,16254.734512
135,45,15808.060804
135,50,15735.799920
135,51,15394.685249
135,52,14772.242188
135,55,14689.227558
135,56,14570.688157
135,62,14567.065486
136,39,17697.917630
136,41,17516.345657
136,42,17275.080033
136,43,16635.808874
136,44,16249.523575
136,45,15757.343722
136,50,15735.799920
136,51,15390.736500
136,52,14738.670939
136,54,14647.855375
136,56,14552.666586
136,60,14451.262829
137,39,17697.917630
137,41,17516.345657
137,42,17275.080033
137,43,16635.808874
137,44,16249.523575
137,45,15757.343722
137,50,15735.799920
137,51,15390.736500
137,52,14738.670939
137,54,14647.855375
137,56,14552.666586
137,60,14451.262829
138,39,17697.917630
138,41,17516.345657
138,42,17275.080033
138,43,16600.626581
138,44,16224.824178
138,45,15737.812746
138,50,15407.109230
138,51,15371.632948
138,52,14675.054482
138,54,14596.367477
138,56,14552.666586
138,60,14451.262829
139,39,17697.917630
139,41,17390.466193
139,42,17275.080033
139,43,16600.626581
139,44,16224.824178
139,45,15737.812746
139,50,15407.109230
139,51,15371.632948
139,52,14675.054482
139,54,14596.367477
139,56,14552.666586
139,60,14451.262829
140,39,17697.917630
140,41,17390.466193
140,42,17275.080033
140,43,16598.279925
140,44,16224.824178
140,45,15659.724446
140,50,15362.548707
140,51,15342.033320
140,52,14661.061834
140,54,14592.143399
140,56,14547.475943
140,60,14451.262829
141,39,17697.917630
141,40,17377.275699
141,41,16966.700731
141,43,16598.279925
141,44,16224.824178
141,45,15659.724446
141,49,15345.367758
141,51,15342.033320
141,52,14661.061834
141,54,14592.143399
141,56,14547.475943
141,59,14524.625135
141,60,14451.262829
142,39,17697.917630
142,40,17090.778575
142,41,16966.700731
142,43,16598.279925
142,44,16224.824178
142,45,15638.258081
142,49,15345.367758
142,51,15342.033320
142,52,14661.061834
142,54,14592.143399
142,56,14547.475943
142,59,14516.127618
142,60,14451.262829
143,39,17697.917630
143,40,17090.778575
143,41,16966.700731
143,43,16597.609761
143,44,16224.824178
143,45,15638.258081
143,46,15623.352037
143,49,15345.367758
143,51,15342.033320
143,52,14661.061834
143,54,14592.143399
143,56,14547.475943
143,59,14516.127618
143,60,14451.262829
144,39,17697.917630
144,40,17090.778575
144,41,16966.700731
144,43,16597.609761
144,44,16224.824178
144,45,15638.258081
144,46,15608.817566
144,49,15345.367758
144,51,15305.097317
144,52,14661.061834
144,54,14585.726570
144,55,14549.753720
144,56,14547.475943
144,59,14503.913363
144,60,14434.563137
145,39,17466.308935
145,40,17090.778575
145,41,16966.700731
145,43,16597.609761
145,44,16224.824178
145,45,15638.258081
145,46,15608.817566
145,49,15345.367758
145,51,15305.097317
145,52,14661.061834
145,54,14585.726570
145,55,14549.753720
145,56,14547.475943
145,59,14503.913363
145,60,14434.563137
146,39,17466.308935
146,40,17086.144656
146,41,16966.700731
146,42,16956.169524
146,43,16597.609761
146,44,16224.824178
146,45,15637.430371
146,46,15595.588574
146,49,15337.359851
146,51,15288.345551
146,52,14661.061834
146,54,14585.726570
146,55,14501.547775
146,59,14466.954511
146,60,14431.493366
147,39,17466.308935
147,40,17086.144656
147,41,16966.700731
147,42,16880.073240
147,43,16597.609761
147,44,16224.824178
147,45,15637.430371
147,46,15595.588574
147,49,15337.359851
147,51,15240.586362
147,52,14661.061834
147,54,14585.726570
147,55,14501.547775
147,59,14466.954511
147,60,14431.493366
148,39,17466.308935
148,40,17086.144656
148,41,16966.700731
148,42,16880.073240
148,43,16536.622220
148,44,16224.824178
148,45,15603.370882
148,46,15595.588574
148,49,15295.464300
148,51,14910.670089
148,52,14661.061834
148,54,14585.532907
148,55,14501.547775
148,56,14410.803094
149,39,17466.308935
149,40,17086.144656
149,41,16966.700731
149,42,16880.073240
149,43,16510.095597
149,44,16224.824178
149,45,15603.370882
149,46,15595.588574
149,49,15295.464300
149,51,14910.670089
149,52,14661.061834
149,54,14585.532907
149,55,14501.547775
149,56,14410.803094
150,39,17466.308935
150,40,16987.709813
150,41,16938.948859
150,42,16712.473043
150,43,16508.151716
150,44,16224.824178
150,45,15595.472096
150,49,15295.464300
150,51,14908.886952
150,52,14657.783668
150,53,14584.091372
150,55,14479.202843
150,56,14373.859688
151,39,17311.277212
151,40,16987.709813
151,41,16938.948859
151,42,16712.473043
151,43,16508.151716
151,44,16224.824178
151,45,15595.472096
151,49,15295.464300
151,51,14908.886952
151,52,14657.783668
151,53,14584.091372
151,54,14548.633798
151,55,14479.202843
151,56,14373.859688
152,39,17311.277212
152,40,16987.709813
152,41,16833.103973
152,42,16712.473043
152,43,16505.422616
152,44,16203.414766
152,45,15595.472096
152,49,15253.145002
152,51,14869.374814
152,52,14638.607444
152,53,14562.426217
152,54,14548.633798
152,55,14451.857912
152,56,14368.768451
153,39,17311.277212
153,40,16987.709813
153,41,16741.574561
153,42,16712.473043
153,43,16455.128331
153,44,16203.414766
153,45,15595.472096
153,49,15253.145002
153,51,14869.374814
153,52,14638.607444
153,53,14562.426217
153,54,14548.633798
153,55,14451.857912
153,56,14368.768451
154,38,17820.634489
154,39,17311.277212
154,40,16987.709813
154,41,16741.574561
154,42,16712.473043
154,43,16445.542946
154,44,16203.414766
154,45,15595.472096
154,49,15253.145002
154,51,14860.375716
154,52,14638.607444
154,53,14545.219749
154,55,14451.857912
154,56,14368.768451
155,38,17820.634489
155,39,17311.277212
155,40,16987.709813
155,41,16741.574561
155,42,16712.473043
155,43,16445.542946
155,44,16203.414766
155,45,15595.472096
155,48,15443.289118
155,49,15253.145002
155,51,14860.375716
155,52,14638.607444
155,53,14545.219749
155,54,14527.706467
155,55,14451.857912
155,56,14368.768451
156,38,17820.634489
156,39,17311.277212
156,40,16987.709813
156,41,16729.431217
156,42,16712.473043
156,43,16445.542946
156,44,16203.414766
156,45,15571.136443
156,47,15544.286851
156,48,15443.289118
156,49,15237.405064
156,51,14860.375716
156,52,14620.361392
156,53,14527.790244
156,54,14526.228945
156,55,14451.857912
156,56,14366.170077
157,38,17820.634489
157,39,17311.277212
157,40,16987.709813
157,41,16729.431217
157,42,16552.409334
157,43,16445.542946
157,44,16203.414766
157,45,15571.136443
157,47,15544.286851
157,48,15443.289118
157,49,15237.405064
157,50,15219.314741
157,51,14860.375716
157,52,14620.361392
157,53,14527.790244
157,54,14526.228945
157,55,14428.003480
157,56,14366.170077
158,38,17820.634489
158,39,17311.277212
158,40,16987.709813
158,41,16729.431217
158,42,16435.015839
158,44,16203.414766
158,45,15571.136443
158,47,15544.286851
158,48,15430.250651
158,49,15230.320861
158,50,15182.070240
158,51,14853.140814
158,52,14615.978806
158,53,14499.499799
158,55,14428.003480
158,56,14359.901834
159,38,17820.634489
159,39,17311.277212
159,40,16987.709813
159,41,16705.248036
159,42,16435.015839
159,44,16203.414766
159,45,15571.136443
159,47,15544.286851
159,48,15430.250651
159,49,15230.320861
159,50,15182.070240
159,51,14853.140814
159,52,14615.978806
159,53,14499.499799
159,54,14468.384902
159,55,14428.003480
159,56,14359.901834
160,38,17820.634489
160,39,17311.277212
160,40,16987.709813
160,41,16705.248036
160,42,16435.015839
160,44,16203.414766
160,45,15569.106018
160,47,15506.581244
160,48,15430.250651
160,49,15229.953905
160,50,15178.162174
160,51,14665.217408
160,52,14613.913743
160,53,14497.053559
160,54,14409.206678
160,56,14359.901834
161,38,17820.634489
161,39,17311.277212
161,40,16591.111413
161,42,16435.015839
161,44,16203.414766
161,45,15569.106018
161,47,15506.581244
161,48,15430.250651
161,49,15229.953905
161,50,15178.162174
161,51,14665.217408
161,52,14613.913743
161,53,14497.053559
161,54,14409.206678
161,56,14359.901834
162,38,17820.634489
162,39,17311.277212
162,40,16591.111413
162,42,16435.015839
162,44,16203.414766
162,45,15569.106018
162,47,15485.310434
162,48,15430.250651
162,49,15223.837895
162,50,15165.995062
162,51,14637.409462
162,52,14600.562754
162,53,14463.067946
162,54,14409.206678
162,56,14356.326263
163,38,17820.634489
163,39,17169.103877
163,40,16591.111413
163,42,16435.015839
163,43,16365.005683
163,44,16203.414766
163,45,15569.106018
163,47,15485.310434
163,48,15430.250651
163,49,15223.837895
163,50,15165.995062
163,51,14637.409462
163,52,14600.562754
163,53,14463.067946
163,54,14409.206678
163,55,14397.996405
163,56,14356.326263
164,38,17820.634489
164,39,17169.103877
164,40,16591.111413
164,42,16307.816669
164,44,16203.414766
164,45,15569.106018
164,47,15485.310434
164,48,15418.816370
164,49,15223.837895
164,50,15135.411807
164,51,14637.409462
164,52,14588.477859
164,53,14463.067946
164,54,14390.011987
164,56,14356.326263
164,57,14336.612894
165,38,17820.634489
165,39,17169.103877
165,40,16591.111413
165,41,16574.448793
165,42,16307.816669
165,44,16203.414766
165,45,15569.106018
165,47,15485.310434
165,48,15418.816370
165,49,15223.837895
165,50,15135.411807
165,51,14637.409462
165,52,14588.477859
165,53,14405.944638
165,54,14390.011987
165,56,14356.326263
165,57,14336.612894
166,38,17820.634489
166,39,16919.340083
166,40,16591.111413
166,41,16574.448793
166,42,16307.816669
166,44,16203.414766
166,45,15569.106018
166,47,15446.568369
166,48,15383.651357
166,49,15223.837895
166,50,15127.564730
166,51,14557.116041
166,53,14400.287020
166,54,14390.011987
166,56,14356.326263
166,57,14336.612894
167,38,17820.634489
167,39,16919.340083
167,40,16591.111413
167,41,16574.448793
167,42,16293.169453
167,44,16203.414766
167,45,15569.106018
167,47,15446.568369
167,48,15383.651357
167,49,15223.837895
167,50,15127.564730
167,51,14557.116041
167,53,14400.287020
167,54,14390.011987
167,56,14356.326263
167,57,14336.612894
168,38,17687.731776
168,39,16919.340083
168,40,16591.111413
168,41,16574.448793
168,42,16285.279599
168,44,16203.414766
168,45,15497.578661
168,47,15446.568369
168,48,15383.651357
168,49,15223.837895
168,50,15112.652871
168,51,14557.116041
168,53,14400.287020
168,54,14390.011987
168,56,14356.326263
168,57,14336.612894
169,38,17585.236730
169,39,16919.340083
169,40,16591.111413
169,41,16574.448793
169,42,16285.279599
169,44,16203.414766
169,45,15497.578661
169,47,15446.568369
169,48,15383.651357
169,49,15223.837895
169,50,15112.652871
169,51,14557.116041
169,52,14411.014230
169,53,14400.287020
169,54,14390.011987
169,56,14356.326263
169,57,14336.612894
170,38,17585.236730
170,39,16919.340083
170,40,16591.111413
170,41,16574.448793
170,42,16274.097034
170,43,16253.185006
170,44,16203.414766
170,45,15497.578661
170,47,15445.733683
170,48,15383.651357
170,49,15203.776536
170,50,15087.629141
170,51,14534.468943
170,52,14406.710968
170,53,14379.193045
170,56,14345.719821
170,57,14336.612894
171,38,17585.236730
171,39,16919.340083
171,40,16591.111413
171,41,16574.448793
171,42,16274.097034
171,43,16193.810031
171,44,16135.681463
171,45,15497.578661
171,47,15384.153842
171,48,15383.651357
171,49,15203.776536
171,50,15087.629141
171,51,14534.468943
171,52,14406.710968
171,53,14379.193045
171,56,14345.719821
171,57,14336.612894
171,59,14312.558772
172,38,17585.236730
172,39,16919.340083
172,40,16591.111413
172,41,16414.873542
172,42,16273.326291
172,43,16193.810031
172,44,16135.681463
172,45,15497.578661
172,47,15378.433472
172,49,15188.570179
172,50,15086.074645
172,51,14523.688248
172,52,14406.710968
172,53,14354.965919
172,56,14345.719821
172,57,14330.166180
172,59,14312.558772
173,38,17585.236730
173,39,16919.340083
173,40,16504.036673
173,41,16414.873542
173,42,16273.326291
173,43,16193.810031
173,44,16135.681463
173,45,15497.578661
173,47,15378.433472
173,49,15188.570179
173,50,15086.074645
173,51,14523.688248
173,52,14406.710968
173,53,14354.965919
173,56,14345.719821
173,57,14330.166180
173,59,14312.558772
174,38,17585.236730
174,39,16919.340083
174,40,16504.036673
174,41,16362.580158
174,42,16273.326291
174,43,16193.810031
174,44,16135.681463
174,45,15482.028918
174,47,15377.802320
174,49,15157.698685
174,50,15072.096640
174,51,14523.688248
174,52,14406.710968
174,53,14351.792422
174,56,14345.719821
174,57,14317.740140
174,59,14310.619734
175,38,17585.236730
175,39,16919.340083
175,40,16504.036673
175,41,16313.531404
175,42,16273.326291
175,43,16097.332941
175,45,15482.028918
175,47,15377.802320
175,49,15157.698685
175,50,15072.096640
175,51,14523.688248
175,52,14406.710968
175,53,14351.792422
175,56,14345.719821
175,57,14317.740140
175,59,14310.619734
176,38,17585.236730
176,39,16550.905290
176,40,16504.036673
176,41,16313.531404
176,42,16273.326291
176,43,16097.332941
176,45,15482.028918
176,47,15365.819982
176,49,15124.596583
176,50,15049.743732
176,51,14512.674221
176,52,14385.417284
176,53,14351.792422
176,56,14333.293780
176,57,14313.327295
176,59,14310.619734
177,38,17238.772893
177,39,16550.905290
177,40,16504.036673
177,41,16313.531404
177,42,16273.326291
177,43,16097.332941
177,45,15482.028918
177,47,15365.819982
177,49,15124.596583
177,50,15049.743732
177,51,14512.674221
177,52,14382.766835
177,53,14351.792422
177,54,14336.943293
177,56,14333.293780
177,57,14313.327295
177,59,14310.619734
178,38,17238.772893
178,39,16550.905290
178,40,16337.177454
178,41,16276.855132
178,42,16273.326291
178,43,16072.953312
178,44,15911.146302
178,45,15476.983205
178,47,15352.781514
178,49,15115.747408
178,50,15015.409265
178,51,14355.413260
178,53,14349.972837
178,54,14336.943293
178,55,14288.760667
179,38,16846.862673
179,39,16550.905290
179,40,16337.177454
179,41,16276.855132
179,42,16273.326291
179,43,16072.953312
179,44,15911.146302
179,45,15476.983205
179,47,15352.781514
179,49,15115.747408
179,50,15015.409265
179,51,14355.413260
179,53,14349.972837
179,54,14336.943293
179,55,14288.760667
180,38,16846.862673
180,39,16550.905290
180,40,16337.177454
180,41,16276.855132
180,42,16273.326291
180,43,16072.953312
180,44,15893.620214
180,45,15474.883368
180,47,15341.921468
180,49,15115.747408
180,50,14916.163856
180,51,14355.413260
180,53,14344.541957
180,54,14331.512413
180,55,14288.461936
181,38,16846.862673
181,39,16550.905290
181,40,16337.177454
181,41,16276.855132
181,42,16259.094834
181,43,16072.953312
181,44,15837.877079
181,45,15474.883368
181,47,15341.921468
181,49,15115.747408
181,50,14916.163856
181,51,14319.036452
181,55,14288.461936
182,38,16846.862673
182,39,16550.905290
182,40,16337.177454
182,41,16276.855132
182,42,16026.385676
182,44,15820.082842
182,45,15474.883368
182,47,15336.395222
182,49,15115.747408
182,50,14908.524976
182,51,14315.453716
182,55,14288.461936
183,37,18323.080102
183,38,16846.862673
183,39,16550.905290
183,40,16337.177454
183,41,16126.550805
183,42,16026.385676
183,44,15820.082842
183,45,15474.883368
183,47,15336.395222
183,49,15115.747408
183,50,14908.524976
183,51,14315.453716
183,52,14313.110355
183,55,14288.461936
184,37,17736.810550
184,38,16846.862673
184,39,16550.905290
184,40,16337.177454
184,41,16126.550805
184,42,16026.385676
184,44,15668.553765
184,45,15426.841968
184,47,15336.395222
184,49,15087.005564
184,50,14905.402506
184,51,14313.164075
184,52,14310.373114
184,55,14265.400043
185,37,17736.810550
185,38,16846.862673
185,39,16550.905290
185,40,16337.177454
185,41,16126.550805
185,42,16026.385676
185,44,15668.553765
185,45,15426.841968
185,47,15336.395222
185,49,15087.005564
185,50,14905.402506
185,51,14313.164075
185,52,14310.373114
185,55,14226.929714
186,37,17736.810550
186,38,16846.862673
186,39,16518.931085
186,40,16337.177454
186,41,16126.550805
186,42,16026.385676
186,44,15610.460370
186,45,15419.113953
186,47,15336.395222
186,49,15057.572228
186,50,14905.402506
186,51,14306.179708
186,52,14303.443821
186,55,14226.929714
187,37,17736.810550
187,38,16469.778127
187,40,16337.177454
187,41,16126.550805
187,42,16026.385676
187,44,15610.460370
187,45,15419.113953
187,47,15336.395222
187,49,15057.572228
187,50,14763.620949
187,51,14306.179708
187,52,14303.443821
187,55,14226.929714
188,37,17252.372940
188,38,16469.778127
188,40,16337.177454
188,41,16126.550805
188,42,16026.385676
188,43,15582.892347
188,45,15394.918932
188,47,15296.167489
188,49,15045.488187
188,50,14763.620949
188,51,14283.012843
188,53,14277.425847
188,55,14226.929714
188,56,14219.338549
189,37,17252.372940
189,38,16469.778127
189,40,16337.177454
189,41,16126.550805
189,42,16026.385676
189,43,15582.892347
189,45,15394.918932
189,47,15296.167489
189,49,15045.488187
189,50,14763.620949
189,51,14283.012843
189,52,14278.252885
189,53,14277.425847
189,55,14226.929714
189,56,14219.338549
190,37,17252.372940
190,38,16469.778127
190,40,16337.177454
190,41,16126.550805
190,42,16026.385676
190,43,15582.892347
190,45,15370.389544
190,47,15295.678355
190,49,15035.144514
190,50,14751.493488
190,51,14281.724099
190,52,14278.252885
190,53,14277.425847
190,54,14220.779750
190,56,14219.338549
191,37,17252.372940
191,38,16469.778127
191,39,16465.142342
191,40,16337.177454
191,41,16126.550805
191,42,16026.385676
191,43,15582.892347
191,45,15370.389544
191,47,15295.678355
191,49,15035.144514
191,50,14751.493488
191,51,14281.724099
191,52,14278.252885
191,53,14277.425847
191,54,14220.779750
191,56,14219.338549
192,37,17252.372940
192,38,16469.778127
192,39,16465.142342
192,40,16337.177454
192,41,16126.550805
192,42,16026.385676
192,43,15582.892347
192,45,15370.389544
192,47,15295.678355
192,49,15035.117450
192,50,14631.508027
192,51,14275.580520
192,53,14250.087643
192,54,14217.945573
192,56,14210.029336
193,37,17252.372940
193,38,16469.778127
193,39,16465.142342
193,40,16337.177454
193,41,16126.550805
193,42,16026.385676
193,43,15582.892347
193,45,15370.389544
193,47,15295.678355
193,49,15035.117450
193,50,14631.508027
193,51,14275.580520
193,53,14250.087643
193,54,14217.945573
193,56,14210.029336
194,37,17252.372940
194,38,16469.778127
194,39,16465.142342
194,40,16337.177454
194,41,16126.550805
194,42,16020.255219
194,43,15582.753462
194,45,15365.871650
194,47,15295.678355
194,49,15034.791260
194,50,14631.508027
194,51,14270.609446
194,53,14250.087643
194,54,14217.945573
194,56,14210.029336
195,37,17252.372940
195,38,16469.778127
195,39,16465.142342
195,40,16337.177454
195,41,16126.550805
195,42,16020.255219
195,43,15582.753462
195,45,15365.871650
195,46,15272.260351
195,49,15034.791260
195,50,14336.032219
195,51,14270.609446
195,53,14250.087643
195,54,14217.945573
195,56,14210.029336
196,37,17252.372940
196,38,16469.778127
196,39,16465.142342
196,40,16337.177454
196,41,16126.550805
196,42,16000.483879
196,43,15512.612126
196,45,15365.871650
196,46,15272.260351
196,49,15018.782426
196,50,14332.139149
196,51,14270.609446
196,53,14250.087643
196,54,14217.945573
196,56,14205.245104
197,37,17252.372940
197,38,16469.778127
197,39,16433.149526
197,40,16337.177454
197,41,16126.550805
197,42,16000.483879
197,43,15512.612126
197,45,15365.871650
197,46,15263.638458
197,49,15018.782426
197,50,14332.139149
197,51,14250.217494
197,53,14250.087643
197,54,14217.945573
197,56,14205.245104
198,37,17252.372940
198,38,16469.778127
198,39,16431.096146
198,40,16329.248959
198,41,16126.550805
198,42,15995.478926
198,43,15512.612126
198,45,15280.084976
198,46,15263.638458
198,49,15018.782426
198,50,14302.293488
198,51,14249.914209
198,54,14217.945573
198,56,14205.245104
199,37,17252.372940
199,38,16469.778127
199,39,16431.096146
199,40,16329.248959
199,41,16126.550805
199,42,15995.478926
199,43,15512.612126
199,45,15280.084976
199,46,15263.638458
199,49,15018.782426
199,50,14302.293488
199,51,14249.914209
199,54,14217.945573
199,56,14205.245104
200,37,17252.372940
200,38,16469.778127
200,39,16431.096146
200,40,16046.600220
200,42,15501.844320
200,45,15270.494298
200,46,15263.638458
200,49,15006.247454
200,50,14297.924207
200,51,14249.914209
200,54,14213.460546
200,55,14175.269381
201,37,17252.372940
201,38,16469.778127
201,39,16431.096146
201,40,16046.600220
201,42,15501.844320
201,45,15270.494298
201,46,15263.638458
201,49,15006.247454
201,50,14297.924207
201,51,14249.914209
201,54,14180.990101
201,55,14175.269381
202,37,17239.776990
202,38,16469.778127
202,39,16431.096146
202,40,16002.222920
202,42,15446.197276
202,45,15265.448653
202,46,15248.559326
202,48,15166.715707
202,49,15006.247454
202,50,14297.924207
202,51,14249.914209
202,54,14180.990101
202,55,14175.269381
203,37,17072.420510
203,38,16469.778127
203,39,16431.096146
203,40,16002.222920
203,41,15941.402945
203,42,15446.197276
203,45,15265.448653
203,46,15248.559326
203,48,15166.715707
203,49,15006.247454
203,50,14297.924207
203,51,14249.914209
203,54,14180.990101
203,55,14175.269381
204,37,16967.632638
204,38,16469.778127
204,39,16431.096146
204,40,15947.065323
204,41,15941.402945
204,42,15394.057028
204,45,15180.552785
204,48,15157.036203
204,49,15006.247454
204,50,14297.924207
204,51,14249.914209
204,53,14162.426500
205,37,16967.632638
205,38,16387.148135
205,40,15947.065323
205,41,15786.788684
205,42,15394.057028
205,45,15180.552785
205,48,15157.036203
205,49,15006.247454
205,50,14297.924207
205,51,14249.914209
205,53,14162.426500
206,37,16967.632638
206,38,16387.148135
206,40,15947.065323
206,41,15608.875392
206,42,15367.409582
206,45,15179.425978
206,48,15112.284585
206,49,14972.796833
206,50,14279.823645
206,51,14249.914209
206,53,14162.426500
207,37,16933.681365
207,38,16327.792654
207,40,15947.065323
207,41,15608.875392
207,42,15367.409582
207,45,15179.425978
207,48,15112.284585
207,49,14972.796833
207,50,14279.823645
207,51,14249.914209
207,53,14162.426500
208,37,16933.681365
208,38,16286.964356
208,39,16141.135971
208,40,15934.356382
208,41,15567.114804
208,42,15341.363468
208,45,15169.096728
208,48,15076.131984
208,49,14972.796833
208,50,14272.396773
208,51,14239.418721
208,53,14147.394948
209,37,16933.681365
209,38,16286.964356
209,39,16141.135971
209,40,15934.356382
209,41,15567.114804
209,42,15341.363468
209,45,15169.096728
209,48,15076.131984
209,49,14972.796833
209,50,14272.396773
209,51,14239.418721
209,52,14237.285169
209,53,14147.394948
210,37,16933.681365
210,38,16286.964356
210,39,16141.135971
210,40,15934.356382
210,41,15504.398612
210,42,15341.363468
210,45,15105.413250
210,48,15029.753506
210,49,14936.098778
210,50,14272.396773
210,51,14224.055799
210,53,14123.312865
211,36,17559.634704
211,37,16933.681365
211,38,16286.964356
211,39,16141.135971
211,40,15934.356382
211,41,15504.398612
211,42,15341.363468
211,45,15105.413250
211,48,15029.753506
211,49,14936.098778
211,50,14257.062585
211,51,14224.055799
211,53,14123.312865
212,36,17559.634704
212,37,16933.681365
212,38,16286.964356
212,39,16111.513324
212,40,15888.973958
212,41,15433.126530
212,42,15341.363468
212,45,15105.413250
212,48,15029.753506
212,49,14936.098778
212,50,14252.491200
212,51,14224.055799
212,53,14123.044395
213,36,17559.634704
213,37,16933.681365
213,38,16286.964356
213,39,16111.513324
213,40,15888.973958
213,41,15433.126530
213,42,15341.363468
213,45,15105.413250
213,48,15029.753506
213,49,14936.098778
213,50,14252.491200
213,51,14224.055799
213,53,14123.044395
214,36,17559.634704
214,37,16933.681365
214,38,16272.951245
214,39,16111.513324
214,40,15888.973958
214,41,15433.126530
214,42,15321.050495
214,45,15104.364671
214,46,15095.672730
214,48,15029.753506
214,49,14936.098778
214,50,14249.326649
214,51,14172.291521
214,53,14117.514285
214,54,14099.966669
215,36,17559.634704
215,37,16933.681365
215,38,16272.951245
215,39,16111.513324
215,40,15888.973958
215,41,15433.126530
215,42,15321.050495
215,45,15104.364671
215,46,15095.672730
215,48,15029.753506
215,49,14936.098778
215,50,14139.656028
215,53,14117.514285
215,54,14099.966669
216,36,17559.634704
216,37,16933.681365
216,38,16272.951245
216,39,16076.624736
216,40,15849.022534
216,41,15423.992495
216,42,15283.299282
216,45,15104.364671
216,46,15095.672730
216,48,15029.753506
216,49,14913.361619
216,50,14139.656028
216,53,14098.593925
216,54,14093.971803
217,36,17559.634704
217,37,16332.637470
217,38,16272.951245
217,39,16028.465985
217,40,15849.022534
217,41,15423.992495
217,42,15283.299282
217,44,15259.129631
217,45,15104.364671
217,46,15095.672730
217,47,14972.711094
217,49,14913.361619
217,50,14139.656028
217,53,14098.593925
217,54,14093.971803
218,36,17559.634704
218,37,16332.637470
218,38,16272.951245
218,39,16028.465985
218,40,15849.022534
218,41,15365.129960
218,42,15283.299282
218,44,15259.129631
218,45,15104.364671
218,46,15087.028346
218,47,14951.413503
218,49,14913.361619
218,50,14139.656028
218,53,14098.593925
218,54,14093.971803
219,36,17559.634704
219,37,16332.637470
219,38,16258.204288
219,39,16028.465985
219,40,15392.862863
219,41,15365.129960
219,42,15283.299282
219,44,15259.129631
219,45,15104.364671
219,46,15087.028346
219,47,14951.413503
219,49,14913.361619
219,50,14139.656028
219,53,14098.593925
219,54,14093.971803
220,36,17559.634704
220,37,16332.637470
220,38,16258.204288
220,39,16028.465985
220,40,15392.862863
220,41,15357.161379
220,42,15267.367796
220,44,15220.411176
220,45,15029.851049
220,47,14951.413503
220,49,14913.361619
220,50,14115.006103
220,53,14098.593925
220,54,14092.045634
221,36,17559.634704
221,37,16332.637470
221,38,16258.204288
221,39,16028.465985
221,40,15392.862863
221,41,15357.161379
221,42,15267.367796
221,44,15220.411176
221,45,15029.851049
221,47,14951.413503
221,49,14913.361619
221,50,14115.006103
221,53,14098.593925
221,54,14092.045634
222,36,17559.634704
222,37,16332.637470
222,38,16084.067856
222,39,15999.213083
222,40,15366.293734
222,41,15357.161379
222,42,15265.953128
222,44,15220.411176
222,45,15000.506950
222,47,14951.413503
222,49,14913.361619
222,50,14115.006103
222,53,14098.593925
222,54,14092.045634
223,36,17559.634704
223,37,16332.637470
223,38,16084.067856
223,39,15999.213083
223,40,15366.293734
223,41,15357.161379
223,42,15265.953128
223,44,15220.411176
223,45,15000.506950
223,47,14951.413503
223,49,14913.361619
223,50,14115.006103
223,53,14098.593925
223,54,14092.045634
224,36,17559.634704
224,37,16332.637470
224,38,16027.827704
224,39,15952.380969
224,40,15299.860899
224,42,15234.362995
224,44,15181.450024
224,45,15000.506950
224,47,14941.123839
224,49,14899.941245
224,50,14113.860968
224,53,14069.933132
225,36,17559.634704
225,37,16332.637470
225,38,16027.827704
225,39,15952.380969
225,40,15299.860899
225,41,15298.629733
225,42,15234.362995
225,44,15181.450024
225,45,15000.506950
225,47,14941.123839
225,49,14899.941245
225,50,14113.860968
225,53,14069.933132
226,36,17559.634704
226,37,16332.637470
226,38,16027.827704
226,39,15928.965364
226,40,15245.065774
226,42,15234.362995
226,44,15181.450024
226,45,15000.506950
226,47,14907.085150
226,49,14886.700524
226,50,14094.736023
226,53,14069.933132
227,36,17559.634704
227,37,16332.637470
227,38,15955.107119
227,39,15928.965364
227,40,15245.065774
227,42,15234.362995
227,44,15181.450024
227,45,15000.506950
227,47,14907.085150
227,49,14886.700524
227,50,14094.736023
227,53,14069.933132
228,36,17559.634704
228,37,16332.637470
228,38,15939.825866
228,39,15905.421429
228,40,15231.484736
228,42,15177.528600
228,44,15151.484992
228,45,14982.694951
228,47,14906.470123
228,49,14883.539778
228,50,14094.736023
228,53,14016.119749
229,36,17559.634704
229,37,16053.914236
229,38,15939.825866
229,39,15905.421429
229,40,15231.484736
229,42,15177.528600
229,44,15151.484992
229,45,14982.694951
229,47,14906.470123
229,49,14883.539778
229,50,14094.736023
229,52,14080.944990
229,53,14016.119749
230,36,17559.634704
230,37,16053.914236
230,38,15939.825866
230,39,15787.596394
230,40,15231.484736
230,42,15177.528600
230,44,15151.484992
230,45,14982.211806
230,47,14897.004247
230,49,14883.539778
230,50,14083.536608
230,52,14080.944990
230,53,14016.119749
231,36,17559.634704
231,37,16053.914236
231,38,15939.825866
231,39,15787.596394
231,40,15231.484736
231,42,15177.528600
231,44,15151.484992
231,45,14982.211806
231,47,14897.004247
231,49,14883.539778
231,50,14083.536608
231,52,14080.944990
231,53,14016.119749
232,36,17559.634704
232,37,16053.914236
232,38,15939.825866
232,39,15787.596394
232,40,15209.805951
232,42,15177.528600
232,44,15151.484992
232,45,14982.211806
232,47,14888.287670
232,49,14429.823876
232,50,14083.536608
232,52,14071.464808
232,53,14016.119749
233,36,17559.634704
233,37,16053.914236
233,38,15939.825866
233,39,15787.596394
233,40,15209.805951
233,42,15177.528600
233,44,15151.484992
233,45,14982.211806
233,47,14888.287670
233,49,14429.823876
233,50,14083.536608
233,52,14071.464808
233,53,14016.119749
234,36,17497.134580
234,37,16053.914236
234,38,15939.825866
234,39,15787.596394
234,40,15168.199009
234,44,15150.991294
234,45,14963.953302
234,47,14877.046869
234,49,14425.986675
234,50,14074.075988
234,52,14056.555019
234,53,14003.973328
235,36,17497.134580
235,37,15957.603163
235,38,15939.825866
235,39,15681.560335
235,40,15168.199009
235,44,15150.991294
235,45,14963.953302
235,47,14877.046869
235,49,14425.986675
235,50,14074.075988
235,52,14056.555019
235,53,14003.973328
236,36,17497.134580
236,37,15957.603163
236,38,15924.006535
236,39,15657.779175
236,40,15129.963072
236,45,14934.387061
236,47,14877.046869
236,49,14415.294651
236,50,14074.075988
236,52,14055.837252
236,53,14003.973328
237,36,17497.134580
237,37,15957.603163
237,38,15924.006535
237,39,15657.779175
237,40,15129.963072
237,45,14934.387061
237,47,14877.046869
237,48,14395.694473
237,50,14074.075988
237,52,14055.837252
237,53,14003.973328
238,36,17050.216927
238,37,15957.603163
238,38,15891.198604
238,39,15653.506170
238,40,15115.441892
238,45,14904.952083
238,47,14877.046869
238,48,14361.589801
238,50,14074.075988
238,52,14055.837252
238,53,14003.973328
239,36,17050.216927
239,37,15957.603163
239,38,15890.841622
239,39,15653.506170
239,40,15115.441892
239,45,14904.952083
239,47,14877.046869
239,48,14361.589801
239,50,14074.075988
239,52,14055.837252
239,53,14003.973328
240,36,17050.216927
240,37,15957.603163
240,38,15890.841622
240,39,15639.089557
240,40,15106.190839
240,45,14896.204175
240,46,14836.688241
240,48,14358.200397
240,50,14064.595806
240,52,14042.485072
240,53,14003.973328
241,36,17050.216927
241,37,15887.975099
241,38,15699.971727
241,39,15639.089557
241,40,15106.190839
241,45,14896.204175
241,46,14836.688241
241,48,14358.200397
241,50,14064.595806
241,52,14042.485072
241,53,14003.973328
242,36,17050.216927
242,37,15887.975099
242,38,15692.813765
242,39,15610.796455
242,40,15060.190715
242,45,14819.427110
242,48,14341.623469
242,50,14064.595806
242,52,14031.285657
242,53,14003.973328
243,36,17050.216927
243,37,15887.975099
243,38,15692.813765
243,39,15610.796455
243,40,15060.190715
243,45,14819.427110
243,48,14341.623469
243,50,14064.595806
243,52,14031.285657
243,53,14003.973328
244,36,17050.216927
244,37,15887.975099
244,38,15671.320958
244,39,15610.796455
244,40,15060.190715
244,45,14819.427110
244,47,14793.808704
244,48,14341.623469
244,50,14064.595806
244,52,14030.697763
244,53,13996.881045
245,36,17050.216927
245,37,15887.975099
245,38,15671.320958
245,39,15610.796455
245,40,15060.190715
245,45,14819.427110
245,47,14793.808704
245,48,14341.623469
245,50,14064.595806
245,52,14030.697763
245,53,13996.881045
246,36,17050.216927
246,37,15887.975099
246,38,15670.434748
246,39,15571.005522
246,40,15046.056349
246,45,14816.280605
246,47,14786.598534
246,48,14341.623469
246,49,14289.632199
246,50,14064.595806
246,52,14002.483986
246,53,13996.688469
247,36,17050.216927
247,37,15887.975099
247,38,15670.434748
247,39,15571.005522
247,40,15046.056349
247,44,14890.754610
247,45,14816.280605
247,47,14786.598534
247,48,14341.623469
247,49,14289.632199
247,50,14064.595806
247,52,14002.483986
247,53,13996.688469
248,36,17050.216927
248,37,15887.975099
248,38,15630.571611
248,39,15567.260778
248,40,15045.630310
248,44,14759.678558
248,48,14341.623469
248,49,14275.934723
248,50,14064.595806
248,51,14058.875086
248,52,14002.483986
248,53,13990.483508
249,36,16996.329220
249,37,15870.682581
249,38,15630.571611
249,39,15567.260778
249,40,15045.630310
249,44,14759.678558
249,48,14341.623469
249,49,14275.934723
249,50,14064.595806
249,51,14058.875086
249,52,14002.483986
249,53,13990.483508
250,36,16996.329220
250,37,15870.682581
250,38,15595.387296
250,39,15567.260778
250,40,15045.630310
250,44,14759.678558
250,48,14341.623469
250,49,14141.003238
250,50,14064.007912
250,51,14058.875086
250,52,14000.193356
250,53,13990.483508
251,36,16996.329220
251,37,15870.682581
251,38,15595.387296
251,39,15567.260778
251,40,15045.630310
251,44,14759.678558
251,48,14341.623469
251,49,14037.014234
251,51,13980.675703
252,36,16933.536267
252,37,15820.918166
252,38,15566.866286
252,39,15541.156249
252,40,15029.272836
252,44,14751.029810
252,48,14323.078763
252,49,14037.014234
252,51,13980.675703
253,36,16933.536267
253,37,15820.918166
253,38,15566.866286
253,39,15541.156249
253,40,15029.272836
253,44,14751.029810
253,48,14323.078763
253,49,14027.425333
253,51,13980.675703
254,36,16932.385859
254,37,15820.918166
254,38,15528.907499
254,39,15497.052952
254,40,14990.770946
254,44,14738.023494
254,48,14228.518938
254,49,14020.232327
254,51,13963.249797
255,36,16932.385859
255,37,15820.918166
255,38,15528.907499
255,39,15497.052952
255,40,14990.770946
255,44,14738.023494
255,48,14216.758462
255,49,14020.232327
255,51,13963.249797
256,36,16910.963566
256,37,15820.918166
256,38,15523.524071
256,39,15497.052952
256,40,14990.770946
256,44,14736.093513
256,46,14650.702961
256,48,14216.758462
256,49,14020.232327
256,51,13963.249797
257,36,16910.963566
257,37,15820.918166
257,38,15523.524071
257,39,15497.052952
257,40,14990.770946
257,44,14736.093513
257,46,14650.702961
257,48,14216.758462
257,49,14020.232327
257,51,13963.249797
258,36,16910.963566
258,37,15731.710853
258,38,15503.400083
258,39,15471.852886
258,40,14964.995485
258,44,14680.411844
258,46,14629.587665
258,48,14196.009174
258,49,14011.550351
258,51,13941.268035
259,36,16910.963566
259,37,15731.710853
259,38,15503.400083
259,39,15471.852886
259,40,14964.995485
259,44,14680.411844
259,46,14629.587665
259,48,14196.009174
259,49,14011.550351
259,51,13941.268035
260,36,16910.963566
260,37,15656.319021
260,38,15503.283028
260,39,15119.555266
260,40,14962.359300
260,44,14680.411844
260,45,14598.150706
260,48,14193.026148
260,49,14011.550351
260,51,13941.079259
261,36,16910.963566
261,37,15656.319021
261,38,15503.283028
261,39,15119.555266
261,40,14962.359300
261,44,14680.411844
261,45,14528.066772
261,48,14193.026148
261,49,14011.550351
261,51,13941.079259
262,36,16723.088967
262,37,15656.319021
262,38,15475.217401
262,39,15116.583729
262,40,14962.359300
262,44,14680.411844
262,45,14509.306082
262,48,14174.429467
262,49,14011.550351
262,51,13941.079259
263,36,16723.088967
263,37,15656.319021
263,38,15475.217401
263,39,15116.583729
263,40,14962.359300
263,43,14800.987120
263,44,14680.411844
263,45,14509.306082
263,48,14174.429467
263,49,14007.330072
263,51,13941.079259
264,36,16723.088967
264,37,15656.319021
264,38,15447.939636
264,39,14972.900693
264,40,14953.833592
264,43,14743.360754
264,44,14680.411844
264,45,14507.743044
264,48,14174.429467
264,49,13987.941950
264,51,13941.079259
265,36,16723.088967
265,37,15371.869379
265,39,14972.900693
265,40,14953.833592
265,43,14743.360754
265,44,14482.883268
265,47,14465.041589
265,48,14174.429467
265,49,13987.941950
265,51,13941.079259
266,36,16709.337443
266,37,15371.869379
266,39,14972.900693
266,40,14953.449799
266,43,14743.360754
266,44,14481.174662
266,47,14465.041589
266,48,14174.429467
266,49,13987.941950
266,51,13912.865481
267,36,16709.337443
267,37,15371.869379
267,39,14972.900693
267,40,14953.449799
267,43,14589.930000
267,44,14481.174662
267,47,14465.041589
267,48,14174.429467
267,49,13987.941950
267,51,13912.865481
268,36,16709.337443
268,37,15371.869379
268,39,14968.353730
268,40,14922.750167
268,43,14589.930000
268,44,14448.938776
268,48,14132.746685
268,49,13987.941950
268,51,13912.865481
269,36,16709.337443
269,37,15371.869379
269,39,14968.353730
269,40,14922.750167
269,43,14589.930000
269,44,14448.938776
269,48,14132.746685
269,49,13987.941950
269,51,13912.865481
270,36,16661.823158
270,37,15371.869379
270,38,15330.170259
270,39,14968.353730
270,40,14910.247865
270,43,14589.930000
270,44,14448.938776
270,48,14132.746685
270,49,13987.147124
270,51,13911.869934
271,36,16661.823158
271,37,15371.869379
271,38,15330.170259
271,39,14968.353730
271,40,14910.247865
271,43,14589.930000
271,44,14448.938776
271,48,14132.746685
271,49,13987.147124
271,51,13911.869934
272,36,16619.007337
272,37,15362.139797
272,38,15325.072397
272,39,14968.353730
272,40,14910.132717
272,43,14589.930000
272,44,14447.460084
272,48,14132.746685
272,49,13987.147124
272,51,13911.869934
273,36,16619.007337
273,37,15355.011869
273,38,15325.072397
273,39,14968.353730
273,40,14910.132717
273,43,14589.930000
273,44,14447.460084
273,48,14132.746685
273,49,13987.147124
273,51,13911.869934
274,36,16570.933016
274,37,15313.043567
274,39,14968.353730
274,40,14905.638425
274,43,14589.930000
274,44,14447.460084
274,48,14127.620527
274,49,13987.147124
274,51,13911.869934
275,36,16570.933016
275,37,15313.043567
275,39,14968.353730
275,40,14905.638425
275,43,14525.829136
275,44,14447.460084
275,48,14127.620527
275,49,13987.147124
275,51,13911.869934
276,36,16557.835275
276,37,15291.192442
276,39,14968.353730
276,40,14866.512284
276,43,14513.668383
276,44,14447.460084
276,48,14127.620527
276,49,13975.482502
276,51,13897.877286
277,36,15991.217978
277,37,15291.192442
277,39,14968.353730
277,40,14866.512284
277,43,14513.668383
277,44,14447.460084
277,48,14127.620527
277,49,13975.482502
277,51,13897.877286
278,36,15991.128369
278,37,15237.619154
278,39,14965.033027
278,40,14866.512284
278,42,14806.607109
278,43,14480.152155
278,44,14447.460084
278,48,14127.620527
278,49,13974.217458
278,51,13897.159519
279,36,15991.128369
279,37,15237.619154
279,39,14965.033027
279,40,14866.512284
279,42,14806.607109
279,43,14480.152155
279,44,14447.460084
279,48,14127.620527
279,49,13974.217458
279,51,13897.159519
280,36,15991.128369
280,37,15237.619154
280,39,14949.067298
280,40,14866.512284
280,42,14776.738298
280,43,14475.816813
280,44,14429.132199
280,45,14428.214132
280,48,14103.905694
280,49,13974.217458
280,51,13897.159519
281,36,15991.128369
281,37,15237.619154
281,39,14949.067298
281,40,14866.512284
281,42,14776.738298
281,43,14475.816813
281,44,14429.132199
281,45,14428.214132
281,48,14103.905694
281,49,13974.217458
281,51,13897.159519
282,36,15991.128369
282,37,15237.619154
282,39,14924.190370
282,40,14854.914779
282,42,14769.548799
282,43,14441.140259
282,44,14429.132199
282,45,14388.711301
282,48,14103.905694
282,49,13974.217458
282,51,13897.159519
283,36,15776.905102
283,37,15237.619154
283,39,14924.190370
283,40,14854.914779
283,42,14769.548799
283,43,14441.140259
283,44,14429.132199
283,45,14388.711301
283,46,14376.354796
283,48,14103.905694
283,49,13974.217458
283,51,13897.159519
284,36,15776.905102
284,37,15237.619154
284,39,14924.190370
284,40,14810.289818
284,42,14767.439410
284,43,14441.140259
284,44,14420.493869
284,45,14375.083674
284,48,14099.116620
284,49,13974.217458
284,51,13894.221691
285,36,15776.905102
285,37,15237.619154
285,39,14924.190370
285,40,14810.289818
285,42,14767.439410
285,43,14441.140259
285,44,14420.493869
285,45,14375.083674
285,48,14099.116620
285,49,13974.217458
285,51,13894.221691
286,36,15622.374243
286,37,15237.619154
286,39,14912.950367
286,40,14772.558604
286,42,14761.255204
286,43,14403.747256
286,45,14375.083674
286,48,14095.205309
286,49,13974.217458
286,51,13890.961857
286,52,13887.657886
287,36,15622.374243
287,37,15237.619154
287,39,14912.950367
287,40,14772.558604
287,42,14722.905955
287,43,14403.747256
287,45,14375.083674
287,48,14095.205309
287,49,13974.217458
287,51,13890.961857
287,52,13887.657886
288,36,15622.374243
288,37,15237.619154
288,38,15137.984758
288,39,14912.950367
288,40,14767.557498
288,42,14607.127189
288,43,14403.747256
288,45,14375.083674
288,48,14077.457751
288,49,13974.028682
288,50,13964.476392
288,51,13890.620111
288,52,13887.657886
288,53,13885.656935
289,35,16502.780952
289,36,15619.399269
289,37,15237.619154
289,38,15137.984758
289,39,14912.950367
289,40,14767.557498
289,42,14607.127189
289,43,14403.747256
289,45,14375.083674
289,48,14077.457751
289,49,13970.197113
289,50,13964.476392
289,51,13890.620111
289,52,13887.657886
289,53,13885.656935
290,35,16502.780952
290,36,15619.399269
290,37,15237.619154
290,38,15137.984758
290,39,14912.950367
290,40,14765.642610
290,42,14584.488849
290,43,14403.747256
290,45,14375.083674
290,48,14070.360901
290,49,13970.197113
290,50,13964.476392
290,51,13881.023588
291,35,16502.780952
291,36,15619.399269
291,37,15237.619154
291,38,15137.984758
291,39,14912.950367
291,40,14765.642610
291,42,14584.488849
291,43,14403.747256
291,45,14375.083674
291,48,14070.360901
291,49,13970.197113
291,50,13964.476392
291,51,13881.023588
292,35,16364.122314
292,36,15619.399269
292,37,15237.619154
292,38,15137.984758
292,39,14905.495578
292,40,14750.442339
292,42,14584.488849
292,43,14403.475405
292,45,14375.083674
292,48,14068.719913
292,49,13970.197113
292,50,13961.366525
292,51,13866.608743
293,35,16364.122314
293,36,15619.399269
293,37,15237.619154
293,38,15137.984758
293,39,14900.124941
293,40,14750.442339
293,42,14584.488849
293,43,14403.475405
293,45,14375.083674
293,48,14068.719913
293,49,13970.197113
293,50,13961.366525
293,51,13866.608743
294,35,16364.122314
294,36,15619.399269
294,37,15237.619154
294,38,15137.984758
294,39,14867.215952
294,40,14750.442339
294,42,14584.488849
294,43,14403.304608
294,45,14375.083674
294,48,14068.719913
294,49,13970.197113
294,50,13961.366525
294,51,13866.608743
295,34,16047.674317
295,36,15619.399269
295,37,15237.619154
295,38,15137.984758
295,39,14867.215952
295,40,14750.442339
295,42,14584.488849
295,43,14403.304608
295,45,14375.083674
295,48,14068.719913
295,49,13970.197113
295,50,13961.366525
295,51,13866.608743
296,34,16047.674317
296,36,15619.399269
296,37,15237.619154
296,38,15132.145012
296,39,14819.832477
296,40,14729.426955
296,42,14575.985325
296,43,14361.403417
296,48,14051.037755
296,49,13968.887562
296,50,13961.366525
296,51,13866.608743
297,34,16047.674317
297,36,15619.399269
297,37,15237.619154
297,38,15132.145012
297,39,14819.832477
297,40,14729.426955
297,42,14575.985325
297,43,14361.403417
297,48,14051.037755
297,49,13968.887562
297,50,13961.366525
297,51,13866.608743
298,34,16043.868181
298,36,15619.399269
298,37,15237.619154
298,38,15118.840414
298,39,14819.832477
298,40,14720.118234
298,42,14575.985325
298,43,14346.479309
298,48,14051.037755
298,49,13968.887562
298,50,13961.366525
298,51,13866.608743
298,53,13846.479469
299,34,16043.868181
299,36,15619.399269
299,37,15237.619154
299,38,15118.840414
299,39,14819.832477
299,40,14720.118234
299,42,14575.985325
299,43,14346.479309
299,48,14051.037755
299,49,13868.154962
299,51,13866.608743
299,53,13846.479469
300,34,16011.869963
300,36,15619.399269
300,37,15227.302465
300,38,14980.783067
300,39,14819.832477
300,40,14720.118234
300,42,14568.903467
300,43,14346.207458
300,48,14046.320742
300,49,13868.154962
300,51,13862.878610
300,53,13843.926400
301,34,16011.869963
301,36,15619.399269
301,37,15227.302465
301,38,14980.783067
301,39,14819.832477
301,40,14720.118234
301,42,14568.903467
301,43,14346.207458
301,48,14046.320742
301,49,13868.154962
301,51,13862.878610
301,53,13843.926400
302,34,16011.485712
302,36,15619.399269
302,37,15227.302465
302,38,14980.601462
302,39,14819.832477
302,40,14675.710111
302,42,14568.903467
302,43,14332.273249
302,48,14046.320742
302,49,13867.448198
302,51,13862.878610
302,53,13843.926400
303,34,16011.485712
303,35,15840.079800
303,36,15619.399269
303,37,15227.302465
303,38,14980.601462
303,39,14819.832477
303,40,14675.710111
303,42,14568.903467
303,43,14332.273249
303,48,14046.320742
303,49,13843.774861
304,34,15724.512136
304,36,15619.399269
304,37,15208.091118
304,38,14969.344372
304,39,14819.832477
304,40,14675.710111
304,42,14552.337912
304,43,14332.273249
304,48,14046.320742
304,49,13843.774861
305,34,15724.512136
305,36,15619.399269
305,37,15208.091118
305,38,14969.344372
305,39,14819.832477
305,40,14675.710111
305,42,14552.337912
305,43,14332.273249
305,48,14046.320742
305,49,13843.774861
306,33,16120.278511
306,34,15724.512136
306,36,15600.107455
306,37,15202.251372
306,38,14969.169924
306,39,14819.832477
306,40,14675.710111
306,42,14519.848051
306,43,14332.273249
306,48,14046.320742
306,49,13843.774861
306,51,13828.699194
307,33,16120.278511
307,34,15720.960204
307,36,15600.107455
307,37,15202.251372
307,38,14969.169924
307,39,14819.832477
307,40,14675.710111
307,42,14519.848051
307,43,14332.273249
307,48,14042.540064
307,49,13843.774861
307,50,13835.291359
307,51,13828.699194
308,33,16120.278511
308,34,15720.960204
308,36,15600.107455
308,37,15202.251372
308,38,14969.169924
308,39,14819.832477
308,40,14666.022230
308,41,14631.533296
308,42,14519.848051
308,43,14303.901048
308,48,14039.299732
308,49,13843.774861
308,50,13835.291359
308,51,13825.049574
309,33,16120.278511
309,34,15720.960204
309,36,15600.107455
309,37,15202.251372
309,38,14969.169924
309,39,14819.832477
309,40,14666.022230
309,41,14631.533296
309,42,14519.848051
309,43,14303.901048
309,47,14133.269846
309,48,14039.299732
309,49,13843.774861
309,50,13835.291359
309,51,13825.049574
310,33,16120.278511
310,34,15720.960204
310,36,15600.107455
310,37,15202.251372
310,38,14969.169924
310,39,14774.787327
310,40,14666.022230
310,41,14631.533296
310,42,14519.848051
310,43,14303.872482
310,47,14133.269846
310,48,14039.299732
310,49,13832.333485
310,51,13794.544200
311,33,16120.278511
311,34,15720.960204
311,35,15693.593358
311,36,15597.017620
311,37,15202.251372
311,38,14969.169924
311,39,14774.787327
311,40,14666.022230
311,41,14631.533296
311,42,14519.848051
311,43,14303.872482
311,47,14133.269846
311,48,14039.299732
311,49,13832.333485
311,51,13794.544200
312,33,16120.278511
312,34,15720.960204
312,35,15693.593358
312,36,15597.017620
312,37,15202.251372
312,38,14969.169924
312,39,14774.787327
312,40,14666.022230
312,41,14631.533296
312,42,14519.848051
312,43,14303.872482
312,47,14133.269846
312,48,14039.299732
312,49,13832.333485
312,51,13792.305498
313,33,16120.278511
313,34,15720.960204
313,35,15693.593358
313,36,15597.017620
313,37,15202.251372
313,38,14969.169924
313,39,14774.787327
313,40,14666.022230
313,41,14631.533296
313,42,14519.848051
313,43,14303.872482
313,47,14133.269846
313,48,14039.299732
313,49,13832.333485
313,51,13792.305498
314,33,16120.278511
314,34,15720.960204
314,35,15693.593358
314,36,15597.017620
314,37,15202.251372
314,38,14945.087491
314,39,14763.335785
314,40,14666.022230
314,41,14631.533296
314,42,14518.673784
314,43,14290.936564
314,47,14106.667386
314,48,14039.299732
314,49,13832.333485
314,51,13792.305498
315,33,16120.278511
315,34,15720.960204
315,35,15693.593358
315,36,15597.017620
315,37,15202.251372
315,38,14945.087491
315,39,14763.335785
315,40,14666.022230
315,41,14631.533296
315,42,14518.673784
315,43,14290.936564
315,47,14106.667386
315,48,14039.299732
315,49,13832.333485
315,51,13792.305498
316,33,16120.278511
316,34,15682.206410
316,36,15597.017620
316,37,15202.251372
316,38,14896.018053
316,39,14758.243760
316,40,14655.978661
316,41,14617.756003
316,42,14518.673784
316,43,14290.936564
316,47,14090.385294
316,48,14012.007035
316,49,13821.919774
316,51,13792.305498
317,33,16120.278511
317,34,15682.206410
317,36,15597.017620
317,37,15202.251372
317,38,14896.018053
317,39,14758.243760
317,40,14655.978661
317,41,14617.756003
317,42,14518.673784
317,43,14232.644441
317,47,14090.385294
317,48,14012.007035
317,49,13821.919774
317,51,13792.305498
318,33,15883.183163
318,34,15608.706348
318,36,15597.017620
318,37,15202.251372
318,38,14853.747713
318,39,14758.243760
318,40,14640.146394
318,41,14617.756003
318,42,14518.673784
318,43,14232.644441
318,47,14086.884225
318,48,14009.352237
318,49,13820.879588
318,51,13792.305498
319,33,15883.183163
319,34,15608.706348
319,36,15562.609272
319,37,15202.251372
319,38,14853.747713
319,39,14758.243760
319,40,14598.017403
319,42,14518.673784
319,43,14232.644441
319,47,14086.884225
319,48,14009.352237
319,49,13820.879588
319,51,13792.305498
320,33,15883.183163
320,34,15608.706348
320,36,15562.609272
320,37,15188.681691
320,38,14853.747713
320,39,14723.511467
320,40,14596.575860
320,42,14518.673784
320,43,14184.905889
320,47,14076.602433
320,48,14009.352237
320,49,13820.879588
320,51,13792.305498
321,33,15883.183163
321,34,15608.706348
321,36,15562.609272
321,37,15188.681691
321,38,14853.747713
321,39,14723.511467
321,40,14596.575860
321,41,14185.885102
321,43,14184.905889
321,47,14076.602433
321,48,14009.352237
321,49,13820.879588
321,51,13792.305498
