Generation,NV,TOC
1,19,10633.889234
1,20,9624.721220
1,21,9186.678997
1,22,7561.834638
1,25,6616.694067
1,31,6473.977908
1,35,5602.398474
1,42,5566.313974
1,45,5396.152233
1,48,5364.450834
1,49,5353.007398
1,53,5343.083112
1,54,5339.884732
1,56,5281.721405
1,57,5181.995596
1,63,5139.556816
1,65,5132.852507
1,67,5112.626441
2,19,10633.889234
2,20,9624.721220
2,21,7406.807421
2,23,6780.497718
2,25,6616.694067
2,26,6362.015055
2,33,6211.448211
2,35,5602.398474
2,42,5566.313974
2,44,5550.566970
2,45,5396.152233
2,47,5380.853941
2,48,5364.450834
2,49,5318.143519
2,50,5300.217035
2,56,5281.721405
2,57,5181.995596
2,63,5139.556816
2,65,5102.104293
3,19,8999.117255
3,20,8590.948377
3,21,7379.941659
3,22,7194.002074
3,23,6780.497718
3,25,6616.694067
3,26,6362.015055
3,29,6109.058518
3,33,5855.954353
3,35,5602.398474
3,40,5463.825480
3,41,5450.521557
3,42,5403.464317
3,43,5350.230227
3,45,5194.228323
3,46,5051.258514
4,19,8999.117255
4,20,8285.897422
4,21,7379.941659
4,22,7194.002074
4,23,6780.497718
4,24,6728.025373
4,25,6616.694067
4,26,6362.015055
4,29,6109.058518
4,33,5734.156312
4,35,5602.398474
4,40,5427.296834
4,41,5264.914052
4,42,5161.469896
4,46,5051.258514
4,51,4944.072148
5,19,7857.297708
5,20,7732.745406
5,21,7379.941659
5,22,7194.002074
5,23,6779.644267
5,24,6728.025373
5,25,6616.694067
5,26,6362.015055
5,27,6129.539832
5,28,5872.890980
5,30,5704.797678
5,33,5531.081390
5,37,5058.834840
5,44,5034.637028
5,51,4944.072148
5,56,4879.080291
6,19,7857.297708
6,20,7732.745406
6,21,7379.941659
6,22,7194.002074
6,23,6283.925744
6,27,6129.539832
6,28,5872.890980
6,30,5704.797678
6,33,5531.081390
6,36,5144.551614
6,37,5058.834840
6,44,5034.637028
6,49,4927.131742
6,51,4833.981839
7,19,7857.297708
7,20,7656.975216
7,21,7250.345482
7,22,6620.235906
7,23,6283.925744
7,27,6129.539832
7,28,5872.890980
7,30,5704.797678
7,31,5496.909416
7,32,5417.986114
7,35,5053.386596
7,38,4963.469901
7,45,4825.894891
7,49,4781.401072
8,19,7857.297708
8,20,7656.975216
8,21,7188.190376
8,22,6620.235906
8,23,6283.925744
8,25,6251.819977
8,26,6150.914816
8,27,6129.539832
8,28,5872.890980
8,29,5794.263094
8,30,5225.766653
8,32,5182.402253
8,35,5053.386596
8,36,5005.421699
8,38,4963.469901
8,44,4856.956755
8,45,4825.894891
8,49,4781.401072
8,51,4759.542430
8,53,4754.314336
9,18,7712.465549
9,20,7455.568764
9,21,7188.190376
9,22,6620.235906
9,23,6283.925744
9,25,6251.819977
9,26,6150.914816
9,27,6129.539832
9,28,5872.890980
9,29,5794.263094
9,30,5225.766653
9,32,5182.402253
9,33,5031.029711
9,36,5005.421699
9,38,4963.469901
9,42,4788.848403
9,48,4784.403854
9,49,4781.401072
9,51,4759.542430
9,53,4754.314336
10,16,8703.508974
10,17,8208.519043
10,18,7712.465549
10,20,7082.880162
10,22,6620.235906
10,23,6283.925744
10,25,6251.819977
10,26,6150.914816
10,27,6129.539832
10,28,5872.890980
10,29,5794.263094
10,30,5225.766653
10,32,5182.402253
10,33,5031.029711
10,36,5005.421699
10,37,4951.864701
10,38,4726.884129
10,51,4722.385594
10,58,4682.533115
11,16,8703.508974
11,17,8208.519043
11,18,7712.465549
11,19,7571.760270
11,20,7082.880162
11,21,7036.933926
11,22,6620.235906
11,23,6283.925744
11,24,5846.782206
11,29,5794.263094
11,30,5225.766653
11,32,5182.402253
11,33,5031.029711
11,35,4980.377956
11,36,4871.620064
11,38,4726.884129
11,51,4722.385594
11,53,4679.515849
12,16,8703.508974
12,17,8208.519043
12,18,7712.465549
12,19,7305.777555
12,20,7002.186777
12,22,6494.765432
12,23,6283.925744
12,24,5846.782206
12,25,5712.364729
12,29,5208.037207
12,30,5110.139615
12,33,5013.019144
12,35,4840.083529
12,38,4726.884129
12,39,4701.984573
12,40,4628.525986
13,16,8703.508974
13,17,8208.519043
13,18,7712.465549
13,19,7305.777555
13,20,7002.186777
13,22,6494.765432
13,23,6283.925744
13,24,5846.782206
13,25,5712.364729
13,29,5208.037207
13,30,4984.767306
13,35,4840.083529
13,37,4739.765371
13,38,4726.884129
13,39,4701.984573
13,40,4628.525986
14,16,8703.508974
14,17,8079.077888
14,18,7712.465549
14,19,7305.777555
14,20,7002.186777
14,22,6494.765432
14,23,6283.925744
14,24,5846.782206
14,25,5712.364729
14,26,5600.407178
14,27,5531.610115
14,29,5208.037207
14,30,4984.767306
14,32,4926.038182
14,35,4840.083529
14,37,4672.886739
14,40,4628.525986
15,16,8703.508974
15,17,8079.077888
15,18,7712.465549
15,19,7305.777555
15,20,7002.186777
15,22,6494.765432
15,23,6283.925744
15,24,5846.782206
15,25,5712.364729
15,26,5600.407178
15,27,5531.610115
15,29,5208.037207
15,30,4984.767306
15,32,4926.038182
15,33,4905.154953
15,34,4863.053483
15,35,4840.083529
15,37,4672.886739
15,40,4628.525986
15,47,4611.954278
16,16,8703.508974
16,17,8079.077888
16,18,7712.465549
16,19,7305.777555
16,20,7002.186777
16,22,6494.765432
16,23,6283.925744
16,24,5846.782206
16,25,5712.364729
16,26,5399.341939
16,27,5262.470691
16,29,5208.037207
16,30,4984.767306
16,32,4926.038182
16,33,4905.154953
16,34,4863.053483
16,35,4840.083529
16,37,4672.886739
16,39,4602.031833
16,45,4547.449596
17,16,8703.508974
17,17,8079.077888
17,18,7712.465549
17,19,7305.777555
17,20,7002.186777
17,22,6494.765432
17,23,6283.925744
17,24,5846.782206
17,25,5712.364729
17,26,5399.341939
17,27,5262.470691
17,28,5111.033871
17,29,4958.493057
17,31,4891.204726
17,32,4769.179919
17,35,4767.997493
17,37,4672.886739
17,39,4573.626597
17,45,4538.456172
18,16,8703.508974
18,17,8079.077888
18,18,7712.465549
18,19,7305.777555
18,20,7002.186777
18,22,6494.765432
18,23,6283.925744
18,24,5846.782206
18,25,5712.364729
18,26,5399.341939
18,27,5262.470691
18,28,5111.033871
18,29,4958.493057
18,31,4891.204726
18,32,4769.179919
18,35,4767.997493
18,37,4672.886739
18,39,4573.626597
18,45,4538.456172
19,16,8703.508974
19,17,8010.413375
19,18,7712.465549
19,19,7073.113647
19,20,7002.186777
19,21,6488.001315
19,23,6283.925744
19,24,5846.782206
19,25,5712.364729
19,26,5399.341939
19,27,5262.470691
19,28,5111.033871
19,29,4958.493057
19,31,4891.204726
19,32,4769.179919
19,33,4759.207106
19,37,4672.886739
19,39,4573.626597
19,45,4538.456172
20,16,8703.508974
20,17,8010.413375
20,18,7585.545861
20,19,7073.113647
20,20,6995.024301
20,21,6356.865721
20,23,6006.493781
20,24,5846.782206
20,25,5583.314396
20,26,5399.341939
20,27,5262.470691
20,28,5111.033871
20,29,4958.493057
20,31,4891.204726
20,32,4769.179919
20,33,4759.207106
20,37,4672.886739
20,38,4526.441375
21,16,8703.508974
21,17,8010.413375
21,18,7585.545861
21,19,7073.113647
21,20,6995.024301
21,21,6356.865721
21,23,6006.493781
21,24,5711.023116
21,25,5583.314396
21,26,5399.341939
21,27,5262.470691
21,28,5111.033871
21,29,4958.493057
21,31,4891.204726
21,32,4769.179919
21,33,4759.207106
21,37,4672.886739
21,38,4526.441375
22,16,8703.508974
22,17,8010.413375
22,18,7462.477056
22,19,6887.798752
22,21,6356.865721
22,23,6006.493781
22,24,5617.630136
22,25,5473.815753
22,26,5003.904589
22,29,4824.813909
22,30,4680.226622
22,37,4627.316201
22,38,4509.829660
22,43,4477.355065
23,16,8703.508974
23,17,8010.413375
23,18,7462.477056
23,19,6887.798752
23,20,5796.517223
23,24,5384.064989
23,26,5003.904589
23,29,4824.813909
23,30,4680.226622
23,37,4627.316201
23,38,4509.829660
23,43,4477.355065
24,16,7369.779061
24,19,6887.798752
24,20,5796.517223
24,24,5384.064989
24,26,5003.904589
24,29,4824.813909
24,30,4680.226622
24,37,4627.316201
24,38,4509.829660
24,43,4477.355065
25,16,7369.779061
25,17,6966.914694
25,19,6887.798752
25,20,5796.517223
25,24,5384.064989
25,26,5003.904589
25,29,4774.438727
25,30,4680.226622
25,32,4630.317897
25,37,4627.316201
25,38,4509.829660
25,43,4477.355065
26,16,7369.779061
26,17,6966.914694
26,19,6469.451244
26,20,5796.517223
26,24,5384.064989
26,26,5003.904589
26,29,4774.438727
26,30,4601.087233
26,35,4500.483056
26,43,4477.355065
27,16,7369.779061
27,17,6966.914694
27,18,6872.255938
27,19,6238.103075
27,20,5735.533096
27,24,5283.485072
27,26,4962.166657
27,29,4774.438727
27,30,4601.087233
27,31,4566.846721
27,35,4488.113980
27,42,4424.245965
28,16,7369.779061
28,17,6966.914694
28,18,6872.255938
28,19,6238.103075
28,20,5735.533096
28,24,5283.485072
28,26,4962.166657
28,29,4774.438727
28,30,4601.087233
28,31,4566.846721
28,35,4488.113980
28,42,4424.245965
29,15,8713.555210
29,16,7369.779061
29,17,6966.914694
29,18,6872.255938
29,19,6238.103075
29,20,5735.533096
29,24,5283.485072
29,26,4962.166657
29,29,4774.438727
29,30,4576.253860
29,31,4566.846721
29,35,4488.113980
29,38,4483.451496
29,42,4424.245965
30,15,8713.555210
30,16,7369.779061
30,17,6966.914694
30,18,6872.255938
30,19,6238.103075
30,20,5735.533096
30,24,5283.485072
30,26,4962.166657
30,29,4734.658228
30,30,4576.253860
30,31,4566.846721
30,35,4488.113980
30,37,4476.964275
30,42,4424.245965
31,15,8622.748002
31,16,7369.779061
31,17,6966.914694
31,18,6872.255938
31,19,6238.103075
31,20,5735.533096
31,24,5283.485072
31,26,4912.688804
31,28,4744.087778
31,29,4734.658228
31,30,4576.253860
31,31,4566.846721
31,35,4488.113980
31,37,4476.964275
31,42,4424.245965
32,15,8622.748002
32,16,7369.779061
32,17,6727.639198
32,19,6238.103075
32,20,5528.032594
32,24,4892.737841
32,28,4744.087778
32,29,4734.658228
32,30,4556.552231
32,35,4478.542329
32,37,4476.166364
32,41,4397.993714
33,15,8622.748002
33,16,7227.589828
33,17,6727.639198
33,19,6238.103075
33,20,5528.032594
33,24,4892.737841
33,28,4744.087778
33,29,4734.658228
33,30,4556.552231
33,35,4427.262941
33,41,4397.993714
34,15,8622.748002
34,16,7227.589828
34,17,6727.639198
34,19,6238.103075
34,20,5528.032594
34,24,4892.737841
34,28,4744.087778
34,29,4557.897512
34,30,4556.552231
34,35,4427.262941
34,41,4397.993714
35,15,8622.748002
35,16,7227.589828
35,17,6727.639198
35,18,6193.624104
35,20,5528.032594
35,24,4892.737841
35,28,4744.087778
35,29,4557.897512
35,30,4556.552231
35,31,4548.992968
35,34,4530.675375
35,35,4416.648624
35,41,4397.993714
36,15,8622.748002
36,16,7167.512400
36,17,6727.639198
36,18,6193.624104
36,20,5528.032594
36,24,4892.737841
36,28,4744.087778
36,29,4557.897512
36,30,4556.552231
36,31,4492.156298
36,33,4429.810206
36,35,4416.648624
36,41,4397.993714
37,15,8622.748002
37,16,7167.512400
37,17,6727.639198
37,18,5910.091286
37,20,5512.888881
37,24,4865.301739
37,28,4744.087778
37,29,4557.897512
37,30,4556.552231
37,31,4487.118844
37,33,4399.029427
37,36,4390.024453
38,15,8622.748002
38,16,7167.512400
38,17,6327.007732
38,18,5910.091286
38,20,5512.888881
38,24,4865.301739
38,28,4742.489760
38,29,4557.897512
38,30,4556.552231
38,31,4487.118844
38,32,4469.681508
38,33,4399.029427
38,36,4390.024453
39,15,8622.748002
39,16,7167.512400
39,17,6327.007732
39,18,5910.091286
39,20,5512.888881
39,21,5388.950025
39,23,4833.518129
39,28,4702.174975
39,29,4557.897512
39,30,4550.338249
39,31,4487.118844
39,32,4469.681508
39,33,4399.029427
39,34,4394.315789
39,36,4390.024453
40,15,8622.748002
40,16,7167.512400
40,17,6327.007732
40,18,5910.091286
40,20,5512.888881
40,21,5388.950025
40,23,4833.518129
40,28,4662.943831
40,29,4557.897512
40,30,4550.338249
40,31,4487.118844
40,32,4469.681508
40,33,4399.029427
40,34,4394.315789
40,36,4390.024453
41,15,8067.043277
41,16,7128.531982
41,17,6327.007732
41,18,5910.091286
41,20,5512.888881
41,21,5388.950025
41,22,5280.967478
41,23,4833.518129
41,27,4706.821158
41,28,4615.674327
41,29,4557.897512
41,30,4550.338249
41,31,4487.118844
41,32,4469.681508
41,33,4399.029427
41,34,4381.140164
41,37,4373.732839
42,15,8067.043277
42,16,7116.726689
42,17,6327.007732
42,18,5910.091286
42,20,5512.888881
42,21,5388.950025
42,22,5129.132935
42,23,4833.518129
42,26,4662.322973
42,28,4615.674327
42,29,4486.863475
42,31,4455.097348
42,33,4397.813376
42,34,4372.499155
42,35,4343.287599
43,15,8067.043277
43,16,7116.726689
43,17,6327.007732
43,18,5910.091286
43,20,5512.888881
43,21,5388.950025
43,22,5129.132935
43,23,4833.518129
43,26,4662.322973
43,28,4610.129182
43,29,4486.863475
43,31,4455.097348
43,33,4397.813376
43,34,4372.499155
43,35,4343.287599
44,15,8067.043277
44,16,6541.775229
44,17,6327.007732
44,18,5910.091286
44,19,5777.240098
44,20,5512.888881
44,21,5388.950025
44,22,5129.132935
44,23,4833.518129
44,26,4655.009551
44,28,4610.129182
44,29,4486.863475
44,31,4455.097348
44,33,4397.813376
44,34,4372.499155
44,35,4343.287599
45,15,8067.043277
45,16,6541.775229
45,17,6327.007732
45,18,5910.091286
45,19,5777.240098
45,20,5512.888881
45,21,5388.950025
45,22,5129.132935
45,23,4833.518129
45,26,4655.009551
45,27,4639.158442
45,28,4561.419635
45,29,4486.863475
45,31,4455.097348
45,33,4397.813376
45,34,4372.499155
45,35,4343.287599
46,15,8067.043277
46,16,6541.775229
46,17,6327.007732
46,18,5910.091286
46,19,5777.240098
46,20,5512.888881
46,21,5176.633897
46,22,5129.132935
46,23,4833.518129
46,26,4655.009551
46,27,4639.158442
46,28,4561.419635
46,29,4486.863475
46,31,4455.097348
46,33,4397.813376
46,34,4372.499155
46,35,4343.287599
47,15,8067.043277
47,16,6541.775229
47,17,6327.007732
47,18,5910.091286
47,19,5777.240098
47,20,5512.888881
47,21,4999.847079
47,23,4806.572683
47,26,4632.212137
47,28,4561.419635
47,29,4486.863475
47,31,4455.097348
47,32,4357.797555
47,35,4316.688779
48,15,7163.295592
48,16,6541.775229
48,17,6327.007732
48,18,5910.091286
48,19,5777.240098
48,20,5512.888881
48,21,4999.847079
48,23,4806.572683
48,25,4542.046488
48,29,4486.863475
48,31,4455.097348
48,32,4357.797555
48,34,4349.689416
48,35,4316.688779
49,15,6956.949313
49,16,6541.775229
49,17,6327.007732
49,18,5910.091286
49,19,5777.240098
49,20,5512.888881
49,21,4999.847079
49,23,4806.572683
49,25,4542.046488
49,29,4486.863475
49,31,4455.097348
49,32,4357.797555
49,34,4349.689416
49,35,4316.688779
50,15,6956.949313
50,16,6327.502347
50,17,6327.007732
50,18,5910.091286
50,19,5777.240098
50,20,5512.888881
50,21,4999.847079
50,23,4806.572683
50,25,4542.046488
50,29,4486.863475
50,31,4455.097348
50,32,4357.797555
50,34,4349.689416
50,35,4316.688779
51,15,6956.949313
51,16,6327.502347
51,17,6327.007732
51,18,5910.091286
51,19,5777.240098
51,20,5512.888881
51,21,4999.847079
51,23,4806.572683
51,25,4542.046488
51,29,4486.863475
51,31,4455.097348
51,32,4357.797555
51,34,4349.689416
51,35,4316.688779
52,15,6956.949313
52,16,6327.502347
52,17,6327.007732
52,18,5910.091286
52,19,5704.909532
52,20,5307.746447
52,21,4999.847079
52,23,4806.572683
52,24,4718.922819
52,25,4542.046488
52,28,4474.384340
52,31,4451.741496
52,32,4357.797555
52,34,4310.449477
53,15,6956.949313
53,16,6327.502347
53,17,6327.007732
53,18,5886.876001
53,19,5704.909532
53,20,5307.746447
53,21,4999.847079
53,23,4806.572683
53,24,4718.922819
53,25,4542.046488
53,27,4536.753165
53,28,4474.384340
53,31,4451.741496
53,32,4357.797555
53,34,4310.449477
54,15,6956.949313
54,16,6327.502347
54,17,6327.007732
54,18,5886.876001
54,19,5704.909532
54,20,5307.746447
54,21,4999.847079
54,23,4806.572683
54,24,4718.922819
54,25,4542.046488
54,27,4536.753165
54,28,4474.384340
54,29,4465.328983
54,31,4451.741496
54,32,4357.797555
54,34,4310.449477
55,15,6956.949313
55,16,6327.502347
55,17,6234.043738
55,18,5886.876001
55,19,5704.909532
55,20,5307.746447
55,21,4999.847079
55,23,4806.572683
55,24,4718.922819
55,25,4542.046488
55,27,4536.753165
55,28,4474.384340
55,29,4408.305293
55,32,4357.797555
55,34,4310.449477
56,14,6593.410511
56,16,6327.502347
56,17,6234.043738
56,18,5886.876001
56,19,5704.909532
56,20,5307.746447
56,21,4999.847079
56,23,4806.572683
56,24,4718.922819
56,25,4542.046488
56,27,4529.256339
56,28,4474.384340
56,29,4408.305293
56,32,4357.797555
56,34,4310.449477
57,14,6593.410511
57,16,6327.502347
57,17,6234.043738
57,18,5886.876001
57,19,5704.909532
57,20,5255.943138
57,21,4999.847079
57,23,4806.572683
57,24,4718.922819
57,25,4542.046488
57,26,4516.644582
57,28,4474.384340
57,29,4408.305293
57,31,4343.143201
57,34,4297.196410
58,14,6593.410511
58,16,6327.502347
58,17,6234.043738
58,18,5886.876001
58,19,5704.909532
58,20,5255.943138
58,21,4999.847079
58,23,4806.572683
58,24,4718.922819
58,25,4542.046488
58,26,4516.644582
58,28,4474.384340
58,29,4408.305293
58,30,4330.857855
58,34,4297.196410
59,14,6593.410511
59,16,6327.502347
59,17,6234.043738
59,18,5886.876001
59,19,5629.901668
59,20,5255.943138
59,21,4999.847079
59,23,4806.572683
59,24,4718.922819
59,25,4542.046488
59,26,4516.644582
59,28,4474.384340
59,29,4408.305293
59,30,4330.857855
59,34,4297.196410
60,14,6585.075282
60,16,6267.340158
60,17,6234.043738
60,18,5886.876001
60,19,5629.901668
60,20,5255.943138
60,21,4999.847079
60,23,4806.572683
60,24,4718.922819
60,25,4542.046488
60,26,4516.644582
60,28,4474.384340
60,29,4408.305293
60,30,4330.857855
60,34,4297.196410
61,14,6585.075282
61,16,6267.340158
61,17,6234.043738
61,18,5728.080365
61,19,5629.901668
61,20,5255.943138
61,21,4999.847079
61,23,4806.572683
61,24,4718.922819
61,25,4542.046488
61,26,4516.644582
61,28,4474.384340
61,29,4408.305293
61,30,4330.857855
61,34,4297.196410
62,14,6327.489156
62,16,6262.479731
62,17,6088.598609
62,18,5728.080365
62,19,5629.901668
62,20,5255.943138
62,21,4999.847079
62,23,4806.572683
62,24,4718.922819
62,25,4542.046488
62,26,4516.644582
62,28,4474.384340
62,29,4372.046330
62,30,4330.857855
62,34,4297.196410
63,14,6327.489156
63,16,6149.725399
63,17,6088.598609
63,18,5728.080365
63,19,5629.901668
63,20,5255.943138
63,21,4999.847079
63,23,4806.572683
63,24,4599.327191
63,25,4542.046488
63,26,4516.644582
63,28,4474.384340
63,29,4372.046330
63,30,4330.857855
63,34,4297.196410
64,14,6327.489156
64,16,5888.586042
64,18,5728.080365
64,19,5629.901668
64,20,5255.943138
64,21,4999.847079
64,23,4806.572683
64,24,4599.327191
64,25,4542.046488
64,26,4516.644582
64,27,4402.328213
64,29,4372.046330
64,30,4330.857855
64,31,4302.278155
64,34,4297.196410
65,14,6327.489156
65,16,5888.586042
65,17,5835.044538
65,18,5649.041514
65,19,5629.901668
65,20,5255.943138
65,21,4999.847079
65,23,4806.572683
65,24,4599.327191
65,25,4542.046488
65,26,4516.644582
65,27,4366.273262
65,30,4330.857855
65,31,4302.278155
65,34,4297.196410
66,14,6327.489156
66,15,5983.617249
66,16,5888.586042
66,17,5835.044538
66,18,5642.689241
66,19,5629.901668
66,20,5255.943138
66,21,4999.847079
66,23,4806.572683
66,24,4599.327191
66,25,4527.148792
66,26,4368.379800
66,27,4366.273262
66,30,4330.857855
66,31,4302.278155
66,34,4297.196410
67,14,6327.489156
67,15,5983.617249
67,16,5888.586042
67,17,5835.044538
67,18,5601.050856
67,19,5332.485152
67,20,5255.943138
67,21,4999.847079
67,23,4555.810984
67,25,4527.148792
67,26,4368.379800
67,27,4318.420058
67,31,4300.261538
67,34,4296.729130
68,14,6327.489156
68,15,5983.617249
68,16,5888.586042
68,17,5835.044538
68,18,5540.644487
68,19,5332.485152
68,20,5255.943138
68,21,4999.847079
68,23,4555.810984
68,25,4357.214524
68,26,4308.219492
68,30,4295.496287
69,14,6327.489156
69,15,5983.617249
69,16,5888.586042
69,17,5835.044538
69,18,5540.644487
69,19,5324.522133
69,20,5255.943138
69,21,4999.847079
69,23,4555.810984
69,25,4357.214524
69,26,4308.219492
69,28,4282.443640
70,14,6327.489156
70,15,5983.617249
70,16,5888.586042
70,17,5835.044538
70,18,5540.644487
70,19,5324.522133
70,20,5160.530957
70,21,4999.847079
70,23,4555.810984
70,25,4357.214524
70,26,4308.219492
70,28,4282.443640
71,13,7164.057439
71,14,6205.734518
71,15,5983.617249
71,16,5888.586042
71,17,5835.044538
71,18,5540.644487
71,19,5324.522133
71,20,5160.530957
71,21,4999.847079
71,23,4555.810984
71,24,4499.606862
71,25,4357.214524
71,26,4308.219492
71,27,4302.976329
71,28,4282.443640
72,13,6807.264867
72,14,6018.525699
72,15,5983.617249
72,16,5888.586042
72,17,5827.957923
72,18,5223.514081
72,20,5160.530957
72,21,4980.503448
72,23,4516.964818
72,24,4413.891753
72,25,4355.737229
72,26,4305.057920
72,27,4302.976329
72,28,4256.485572
73,13,6332.139431
73,14,6018.525699
73,15,5983.617249
73,16,5888.586042
73,17,5827.957923
73,18,5223.514081
73,20,5160.530957
73,21,4980.503448
73,23,4516.964818
73,24,4413.891753
73,25,4355.737229
73,26,4305.057920
73,27,4302.976329
73,28,4256.485572
74,13,6332.139431
74,14,6018.525699
74,15,5983.617249
74,16,5698.145726
74,18,5223.514081
74,20,4664.229485
74,23,4516.964818
74,24,4413.891753
74,25,4355.737229
74,26,4305.057920
74,27,4302.976329
74,28,4256.485572
75,13,6332.139431
75,14,6018.525699
75,15,5983.617249
75,16,5698.145726
75,17,5610.113070
75,18,5223.514081
75,20,4664.229485
75,23,4516.964818
75,24,4413.891753
75,25,4342.296161
75,26,4305.057920
75,27,4302.976329
75,28,4256.485572
76,13,6332.139431
76,14,6018.525699
76,15,5983.617249
76,16,5698.145726
76,17,5610.113070
76,18,5223.514081
76,20,4664.229485
76,23,4516.964818
76,24,4413.891753
76,25,4342.296161
76,26,4305.057920
76,27,4292.152671
76,28,4256.485572
77,13,6303.000445
77,14,6018.525699
77,15,5983.617249
77,16,5632.937982
77,17,5464.189180
77,18,5223.514081
77,20,4664.229485
77,22,4541.697544
77,23,4495.305261
77,24,4413.891753
77,25,4342.296161
77,26,4301.784957
77,27,4291.174146
77,28,4256.485572
78,13,6285.645806
78,14,6018.525699
78,15,5531.729104
78,17,5464.189180
78,18,5223.514081
78,20,4664.229485
78,22,4541.697544
78,23,4495.305261
78,24,4413.891753
78,25,4342.296161
78,26,4291.266028
78,27,4291.174146
78,28,4256.485572
79,13,6285.645806
79,14,6018.525699
79,15,5531.729104
79,17,5464.189180
79,18,5223.514081
79,20,4664.229485
79,22,4541.697544
79,23,4475.039917
79,24,4413.891753
79,25,4342.296161
79,26,4291.266028
79,27,4291.174146
79,28,4256.485572
80,13,6285.645806
80,14,6018.525699
80,15,5531.729104
80,17,5464.189180
80,18,5223.514081
80,20,4664.229485
80,22,4541.697544
80,23,4475.039917
80,24,4413.891753
80,25,4342.296161
80,26,4291.266028
80,27,4291.174146
80,28,4256.485572
81,13,6285.645806
81,14,6018.525699
81,15,5531.729104
81,17,5461.540627
81,18,5223.514081
81,20,4664.229485
81,22,4541.697544
81,23,4475.039917
81,24,4413.891753
81,25,4342.296161
81,26,4243.122474
82,13,6285.645806
82,14,6018.525699
82,15,5531.729104
82,17,5237.155872
82,18,5189.299118
82,20,4664.229485
82,21,4525.505208
82,23,4468.810850
82,24,4413.891753
82,25,4324.144204
82,26,4243.122474
83,12,6846.184191
83,13,6262.775809
83,14,6018.525699
83,15,5531.729104
83,17,5237.155872
83,18,5105.926419
83,19,4725.643842
83,20,4664.229485
83,21,4525.505208
83,23,4468.810850
83,24,4413.891753
83,25,4248.926320
83,26,4243.122474
84,12,6846.184191
84,13,6262.775809
84,14,5646.693073
84,15,5531.729104
84,17,5237.155872
84,18,5105.926419
84,19,4725.643842
84,20,4664.229485
84,21,4525.505208
84,23,4468.810850
84,24,4413.891753
84,25,4248.926320
84,26,4243.122474
85,12,6846.184191
85,13,6262.775809
85,14,5646.693073
85,15,5531.729104
85,17,5237.155872
85,18,5105.926419
85,19,4725.643842
85,20,4664.229485
85,21,4525.505208
85,23,4468.810850
85,24,4413.891753
85,25,4248.926320
85,26,4243.122474
86,12,6846.184191
86,13,6122.385745
86,14,5646.693073
86,15,5531.729104
86,17,5237.155872
86,18,5105.926419
86,19,4571.440382
86,21,4525.505208
86,23,4468.810850
86,24,4218.520052
87,12,6846.184191
87,13,6104.134435
87,14,5631.355521
87,15,5531.729104
87,17,5237.155872
87,18,5014.357456
87,19,4570.013131
87,21,4525.505208
87,23,4459.502128
87,24,4216.566178
88,12,6846.184191
88,13,6104.134435
88,14,5631.355521
88,15,5531.729104
88,17,5237.155872
88,18,5014.357456
88,19,4570.013131
88,21,4525.505208
88,23,4459.502128
88,24,4216.566178
89,12,6845.280486
89,13,6104.134435
89,14,5631.355521
89,15,5351.054845
89,16,5198.193549
89,17,5044.882387
89,18,5014.357456
89,19,4570.013131
89,20,4564.038348
89,21,4525.505208
89,23,4459.502128
89,24,4216.566178
90,12,6845.280486
90,13,6104.134435
90,14,5631.355521
90,15,5100.779444
90,17,5044.882387
90,18,5014.357456
90,19,4570.013131
90,20,4564.038348
90,21,4525.505208
90,23,4459.502128
90,24,4216.566178
91,12,6705.714639
91,13,6104.134435
91,14,5488.519912
91,15,5100.779444
91,17,5044.882387
91,18,5014.357456
91,19,4570.013131
91,20,4564.038348
91,21,4525.505208
91,23,4459.502128
91,24,4216.566178
92,12,6705.714639
92,13,6048.640494
92,14,5390.558024
92,15,5100.779444
92,17,5044.882387
92,18,4938.075178
92,19,4570.013131
92,20,4564.038348
92,21,4524.892824
92,23,4458.311075
92,24,4187.446112
93,12,6705.714639
93,13,6048.640494
93,14,5390.558024
93,15,5100.779444
93,17,5044.882387
93,18,4938.075178
93,19,4570.013131
93,20,4564.038348
93,21,4524.892824
93,23,4429.676656
93,24,4187.446112
94,12,6705.714639
94,13,6048.640494
94,14,5390.558024
94,15,5100.779444
94,17,5044.882387
94,18,4938.075178
94,19,4535.284522
94,21,4524.892824
94,22,4494.816388
94,23,4429.676656
94,24,4187.446112
95,12,6705.714639
95,13,6046.161818
95,14,5390.558024
95,15,5100.779444
95,17,5044.882387
95,18,4938.075178
95,19,4535.284522
95,21,4524.892824
95,22,4494.816388
95,23,4429.676656
95,24,4187.446112
96,12,6705.714639
96,13,6046.161818
96,14,5390.558024
96,15,5100.779444
96,17,5044.882387
96,18,4938.075178
96,19,4535.284522
96,21,4488.762918
96,23,4271.466348
96,24,4184.026142
97,12,6491.558491
97,13,6001.028950
97,14,5367.962348
97,15,5067.504583
97,17,5044.882387
97,18,4938.075178
97,19,4535.284522
97,21,4481.302197
97,23,4227.925377
97,24,4184.026142
98,12,6491.558491
98,13,6001.028950
98,14,5367.962348
98,15,5067.504583
98,17,5044.882387
98,18,4938.075178
98,19,4535.284522
98,20,4529.354419
98,21,4481.302197
98,22,4263.094666
98,23,4227.925377
98,24,4180.391265
99,12,6491.558491
99,13,6001.028950
99,14,5367.962348
99,15,5067.504583
99,17,5044.882387
99,18,4938.075178
99,19,4535.284522
99,20,4529.354419
99,21,4481.302197
99,22,4263.094666
99,23,4227.925377
99,24,4180.391265
100,12,6491.558491
100,13,6001.028950
100,14,5318.772160
100,15,5067.504583
100,17,5044.882387
100,18,4938.075178
100,19,4531.384033
100,20,4529.354419
100,21,4480.466430
100,22,4263.094666
100,23,4227.925377
100,24,4180.391265
101,12,6491.558491
101,13,6001.028950
101,14,5318.772160
101,15,5067.504583
101,17,5044.882387
101,18,4938.075178
101,19,4531.384033
101,20,4529.354419
101,21,4480.466430
101,22,4263.094666
101,23,4227.925377
101,24,4180.391265
101,25,4175.374134
102,12,6491.558491
102,13,5542.847482
102,14,5318.772160
102,15,5063.775430
102,17,5039.694264
102,18,4938.075178
102,19,4531.384033
102,20,4509.525359
102,21,4464.167694
102,22,4202.436060
102,24,4174.299461
102,25,4146.315641
103,12,6491.558491
103,13,5542.847482
103,14,5283.555609
103,15,5063.775430
103,17,5039.694264
103,18,4938.075178
103,19,4531.384033
103,20,4509.525359
103,21,4464.167694
103,22,4202.436060
103,24,4174.299461
103,25,4146.315641
104,12,6491.558491
104,13,5542.847482
104,14,5283.555609
104,15,5063.775430
104,17,5039.694264
104,18,4938.075178
104,19,4531.384033
104,20,4509.525359
104,21,4464.167694
104,22,4202.436060
104,24,4174.299461
104,25,4146.315641
105,12,6491.558491
105,13,5542.847482
105,14,5283.555609
105,15,5063.775430
105,16,5053.885684
105,17,5039.694264
105,18,4938.075178
105,19,4531.384033
105,20,4509.525359
105,21,4464.167694
105,22,4202.436060
105,24,4174.299461
105,25,4146.315641
106,12,6491.558491
106,13,5542.847482
106,14,5283.555609
106,15,5063.775430
106,16,5053.885684
106,17,4856.238996
106,19,4531.384033
106,20,4509.525359
106,21,4464.167694
106,22,4202.436060
106,24,4174.299461
106,25,4146.315641
107,12,6491.558491
107,13,5392.261409
107,14,5275.567204
107,15,5063.775430
107,16,5014.573480
107,17,4851.598037
107,19,4531.384033
107,20,4509.525359
107,21,4456.123056
107,22,4200.686702
107,24,4174.299461
107,25,4140.487001
108,12,6491.558491
108,13,5392.261409
108,14,5275.567204
108,15,5063.775430
108,16,4927.903474
108,17,4851.598037
108,19,4531.384033
108,20,4509.525359
108,21,4456.123056
108,22,4200.686702
108,23,4196.381726
108,24,4174.299461
108,25,4140.487001
108,26,4123.583073
109,12,6426.951250
109,13,5392.261409
109,14,5275.567204
109,15,5063.775430
109,16,4927.903474
109,17,4851.598037
109,19,4531.384033
109,20,4509.525359
109,21,4456.123056
109,22,4200.686702
109,23,4196.381726
109,24,4174.299461
109,25,4140.487001
109,26,4123.583073
110,12,6426.951250
110,13,5392.261409
110,14,5275.567204
110,15,5063.775430
110,16,4927.903474
110,17,4851.598037
110,19,4531.384033
110,20,4509.525359
110,21,4456.123056
110,22,4200.686702
110,23,4196.381726
110,24,4174.299461
110,25,4140.487001
110,26,4123.583073
111,12,6426.951250
111,13,5392.261409
111,14,5275.567204
111,15,5063.775430
111,16,4927.903474
111,17,4851.598037
111,19,4531.384033
111,20,4509.525359
111,21,4456.123056
111,22,4200.686702
111,23,4196.381726
111,24,4174.299461
111,25,4140.487001
111,26,4123.583073
112,12,6426.951250
112,13,5392.261409
112,14,5275.567204
112,15,5063.775430
112,16,4927.903474
112,17,4851.514353
112,18,4504.759560
112,20,4411.970175
112,22,4200.686702
112,23,4193.463306
112,24,4174.299461
112,25,4138.968702
112,26,4123.583073
113,12,6426.951250
113,13,5392.261409
113,14,5275.567204
113,15,5063.775430
113,16,4927.903474
113,17,4646.573737
113,18,4504.759560
113,20,4411.970175
113,22,4200.686702
113,23,4193.463306
113,24,4174.299461
113,25,4138.968702
113,26,4123.583073
114,12,6426.951250
114,13,5302.349699
114,14,5275.567204
114,15,5063.775430
114,16,4744.264063
114,17,4646.573737
114,18,4504.759560
114,20,4411.970175
114,22,4200.686702
114,23,4193.463306
114,24,4174.299461
114,25,4138.968702
114,26,4123.583073
114,29,4103.092747
114,30,4102.909437
115,12,6426.951250
115,13,5302.349699
115,14,5275.567204
115,15,5063.775430
115,16,4744.264063
115,17,4646.573737
115,18,4504.759560
115,20,4411.970175
115,22,4180.767204
115,24,4174.299461
115,25,4138.968702
115,26,4123.583073
115,27,4098.888138
116,12,6426.951250
116,13,5302.349699
116,14,5275.567204
116,15,5063.775430
116,16,4744.264063
116,17,4646.573737
116,18,4504.759560
116,19,4499.630060
116,20,4411.970175
116,22,4180.767204
116,24,4174.299461
116,25,4138.968702
116,26,4123.583073
116,27,4098.888138
116,28,4078.989477
117,12,6225.868077
117,13,5302.349699
117,14,5264.572925
117,15,5063.775430
117,16,4737.281465
117,17,4646.573737
117,18,4472.277665
117,19,4376.045712
117,22,4154.686473
117,24,4138.693564
117,26,4123.583073
117,27,4096.234876
117,28,4078.989477
118,12,6225.868077
118,13,5302.349699
118,14,5264.572925
118,15,5063.775430
118,16,4737.281465
118,17,4646.573737
118,18,4472.277665
118,19,4376.045712
118,22,4154.686473
118,24,4138.693564
118,26,4123.583073
118,27,4096.234876
118,28,4078.989477
119,12,6225.868077
119,13,5302.349699
119,14,5264.572925
119,15,5063.775430
119,16,4737.281465
119,17,4646.573737
119,18,4472.277665
119,19,4376.045712
119,22,4154.686473
119,24,4138.693564
119,26,4123.583073
119,27,4096.234876
119,28,4078.989477
120,12,6225.868077
120,13,5302.349699
120,14,5264.572925
120,15,5063.775430
120,16,4737.281465
120,17,4646.573737
120,18,4472.277665
120,19,4376.045712
120,22,4154.686473
120,24,4138.693564
120,26,4123.583073
120,27,4096.234876
120,28,4078.989477
121,12,6225.868077
121,13,5302.349699
121,14,5264.572925
121,15,5063.775430
121,16,4737.281465
121,17,4646.573737
121,18,4472.277665
121,19,4376.045712
121,22,4154.686473
121,24,4138.693564
121,26,4123.583073
121,27,4096.234876
121,28,4078.989477
122,12,6225.868077
122,13,5205.966544
122,15,5056.194101
122,16,4662.067629
122,17,4645.125248
122,18,4472.277665
122,19,4376.045712
122,22,4144.688242
122,24,4132.764549
122,26,4123.583073
122,27,4095.028594
122,28,4078.989477
123,12,6225.868077
123,13,5205.966544
123,14,5143.973707
123,15,4985.725714
123,16,4662.067629
123,17,4645.125248
123,18,4472.277665
123,19,4376.045712
123,22,4144.688242
123,24,4132.764549
123,26,4110.637623
123,27,4095.028594
123,28,4078.989477
124,12,6225.868077
124,13,5059.297764
124,15,4985.725714
124,16,4662.067629
124,17,4645.125248
124,18,4472.277665
124,19,4376.045712
124,22,4144.688242
124,24,4132.764549
124,26,4084.808224
124,28,4078.989477
125,12,6225.868077
125,13,5059.297764
125,15,4985.725714
125,16,4662.067629
125,17,4645.125248
125,18,4472.277665
125,19,4376.045712
125,22,4144.688242
125,24,4132.764549
125,26,4084.808224
125,28,4078.989477
126,12,6225.868077
126,13,5059.297764
126,14,4930.116844
126,16,4662.067629
126,17,4645.125248
126,18,4472.277665
126,19,4376.045712
126,22,4144.688242
126,24,4132.093005
126,26,4084.808224
126,28,4078.989477
127,12,6225.868077
127,13,5059.297764
127,14,4930.116844
127,15,4813.841988
127,16,4662.067629
127,17,4645.125248
127,18,4472.277665
127,19,4344.537352
127,22,4132.473400
127,24,4115.189241
127,26,4079.638335
127,28,4078.989477
128,12,6225.868077
128,13,5059.297764
128,14,4930.116844
128,15,4813.841988
128,16,4662.067629
128,17,4514.702185
128,18,4430.414144
128,19,4344.537352
128,22,4132.473400
128,23,4116.003276
128,24,4115.189241
128,26,4079.638335
128,28,4078.989477
129,12,6225.868077
129,13,5059.297764
129,14,4930.116844
129,15,4813.841988
129,16,4662.067629
129,17,4514.702185
129,18,4430.414144
129,19,4344.537352
129,22,4132.473400
129,23,4116.003276
129,24,4115.189241
129,26,4079.638335
129,28,4078.989477
130,12,6113.867423
130,13,5059.297764
130,14,4930.116844
130,15,4813.841988
130,16,4662.067629
130,17,4514.702185
130,18,4430.414144
130,19,4344.537352
130,22,4132.473400
130,23,4116.003276
130,24,4115.189241
130,26,4079.638335
130,28,4078.989477
131,12,6113.867423
131,13,5059.297764
131,14,4930.116844
131,15,4771.346121
131,16,4662.067629
131,17,4514.702185
131,18,4430.414144
131,19,4344.537352
131,22,4132.473400
131,23,4116.003276
131,24,4115.189241
131,26,4079.638335
131,28,4078.989477
132,12,5944.617528
132,13,5058.222864
132,14,4930.116844
132,15,4771.346121
132,16,4616.394851
132,17,4510.684526
132,18,4425.271502
132,19,4344.537352
132,22,4132.473400
132,23,4115.869614
132,24,4115.189241
132,26,4079.638335
132,28,4078.989477
132,29,4045.370664
133,12,5944.617528
133,13,5058.222864
133,14,4930.116844
133,15,4767.444539
133,16,4616.394851
133,17,4510.684526
133,18,4425.271502
133,19,4344.537352
133,22,4132.473400
133,23,4115.869614
133,24,4115.189241
133,25,4068.673018
133,29,4045.370664
134,12,5944.617528
134,13,5058.222864
134,14,4930.116844
134,15,4767.444539
134,16,4616.394851
134,17,4430.591247
134,18,4425.271502
134,19,4344.537352
134,22,4132.473400
134,23,4115.869614
134,24,4115.189241
134,25,4068.673018
134,29,4045.370664
135,12,5804.245511
135,13,5058.222864
135,14,4930.116844
135,15,4767.444539
135,16,4616.394851
135,17,4387.084777
135,19,4344.537352
135,22,4132.473400
135,23,4115.869614
135,24,4115.189241
135,25,4068.673018
135,29,4045.370664
136,12,5804.245511
136,13,5058.222864
136,14,4930.116844
136,15,4506.027981
136,17,4387.084777
136,19,4344.537352
136,22,4132.473400
136,23,4115.869614
136,24,4115.189241
136,25,4068.673018
136,29,4045.370664
137,12,5804.245511
137,13,4992.718528
137,14,4902.395055
137,15,4506.027981
137,17,4370.783197
137,19,4337.548159
137,22,4132.473400
137,23,4115.869614
137,24,4095.004245
137,25,4068.673018
137,29,4045.370664
138,12,5804.245511
138,13,4992.718528
138,14,4902.395055
138,15,4506.027981
138,17,4370.783197
138,19,4337.548159
138,22,4132.473400
138,23,4115.869614
138,24,4095.004245
138,25,4068.673018
138,29,4045.370664
139,12,5804.245511
139,13,4992.718528
139,14,4902.395055
139,15,4506.027981
139,17,4370.783197
139,19,4337.548159
139,22,4132.473400
139,23,4115.869614
139,24,4095.004245
139,25,4068.673018
139,29,4045.370664
140,12,5753.569345
140,13,4992.718528
140,14,4902.031218
140,15,4506.027981
140,16,4482.740291
140,17,4370.783197
140,19,4337.548159
140,22,4132.473400
140,23,4115.869614
140,24,4095.004245
140,25,4068.673018
140,29,4045.370664
141,12,5753.569345
141,13,4992.718528
141,14,4902.031218
141,15,4506.027981
141,16,4482.740291
141,17,4370.783197
141,19,4337.548159
141,22,4132.473400
141,23,4115.869614
141,24,4095.004245
141,25,4068.673018
141,29,4045.370664
142,12,5753.569345
142,13,4992.718528
142,14,4887.514186
142,15,4506.027981
142,16,4482.740291
142,17,4370.783197
142,19,4331.500161
142,22,4118.229289
142,23,4115.869614
142,24,4080.658323
142,25,4068.673018
142,29,4045.370664
143,12,5753.569345
143,13,4987.955777
143,14,4887.514186
143,15,4506.027981
143,16,4482.740291
143,17,4370.783197
143,19,4331.500161
143,22,4118.229289
143,23,4115.869614
143,24,4080.658323
143,25,4068.673018
143,29,4045.370664
144,12,5753.569345
144,13,4987.955777
144,14,4887.514186
144,15,4506.027981
144,16,4482.740291
144,17,4370.783197
144,19,4331.500161
144,22,4118.229289
144,23,4115.869614
144,24,4080.658323
144,25,4068.673018
144,29,4045.370664
145,12,5753.569345
145,13,4987.955777
145,14,4887.514186
145,15,4506.027981
145,16,4482.740291
145,17,4370.783197
145,19,4331.500161
145,22,4118.229289
145,23,4115.869614
145,24,4080.658323
145,25,4068.673018
145,29,4045.370664
146,12,5753.569345
146,13,4987.955777
146,14,4887.514186
146,15,4506.027981
146,16,4482.740291
146,17,4370.783197
146,19,4331.500161
146,22,4118.229289
146,23,4115.869614
146,24,4080.658323
146,25,4068.673018
146,29,4045.370664
147,12,5753.569345
147,13,4987.955777
147,14,4880.124381
147,15,4489.119026
147,16,4472.128190
147,17,4338.672703
147,19,4331.500161
147,22,4118.229289
147,23,4073.873966
147,25,4062.800832
147,29,4045.370664
148,12,5753.569345
148,13,4987.955777
148,14,4880.124381
148,15,4489.119026
148,16,4472.128190
148,17,4338.672703
148,19,4331.500161
148,22,4118.229289
148,23,4073.873966
148,25,4062.800832
148,29,4045.370664
149,12,5753.569345
149,13,4987.955777
149,14,4880.124381
149,15,4489.119026
149,16,4415.196886
149,17,4338.672703
149,19,4331.500161
149,22,4118.229289
149,23,4073.873966
149,25,4062.800832
149,29,4045.370664
150,12,5753.569345
150,13,4987.955777
150,14,4825.544478
150,15,4489.119026
150,16,4415.196886
150,17,4338.672703
150,19,4331.500161
150,22,4118.229289
150,23,4073.873966
150,25,4062.800832
150,29,4045.370664
151,12,5753.569345
151,13,4987.955777
151,14,4825.544478
151,15,4489.119026
151,16,4415.196886
151,17,4338.672703
151,19,4331.500161
151,22,4118.229289
151,23,4073.873966
151,25,4062.800832
151,29,4045.370664
152,12,5469.207177
152,13,4987.955777
152,14,4808.284984
152,15,4489.119026
152,16,4334.049167
152,19,4331.500161
152,22,4110.771144
152,23,4068.695565
152,25,4058.078671
152,29,4045.370664
153,12,5469.207177
153,13,4987.955777
153,14,4808.284984
153,15,4489.119026
153,16,4334.049167
153,19,4331.500161
153,22,4110.771144
153,23,4068.695565
153,25,4058.078671
153,29,4045.370664
154,12,5469.207177
154,13,4987.955777
154,14,4808.284984
154,15,4489.119026
154,16,4334.049167
154,19,4331.500161
154,22,4110.771144
154,23,4068.695565
154,25,4058.078671
154,29,4045.370664
155,12,5469.207177
155,13,4987.955777
155,14,4808.284984
155,15,4489.119026
155,16,4334.049167
155,19,4331.500161
155,22,4110.771144
155,23,4068.695565
155,25,4058.078671
155,29,4045.370664
156,12,5469.207177
156,13,4987.955777
156,14,4808.284984
156,15,4489.119026
156,16,4334.049167
156,19,4323.003114
156,22,4110.771144
156,23,4068.695565
156,25,4058.078671
156,29,4045.370664
157,12,5438.732419
157,13,4987.955777
157,14,4808.284984
157,15,4476.991973
157,16,4332.739867
157,19,4317.653215
157,22,4110.771144
157,23,4046.364206
157,29,4045.370664
158,12,5438.732419
158,13,4963.383420
158,14,4808.284984
158,15,4476.991973
158,16,4332.739867
158,19,4317.653215
158,22,4110.771144
158,23,4046.364206
158,29,4045.370664
159,12,5438.732419
159,13,4963.383420
159,14,4808.284984
159,15,4476.991973
159,16,4332.739867
159,19,4317.653215
159,21,4314.829203
159,22,4110.771144
159,23,4046.364206
159,29,4045.370664
160,12,5438.732419
160,13,4963.383420
160,14,4808.284984
160,15,4476.991973
160,16,4332.739867
160,19,4317.653215
160,21,4314.829203
160,22,4110.771144
160,23,4046.364206
160,29,4045.370664
161,12,5438.732419
161,13,4963.383420
161,14,4808.284984
161,15,4476.991973
161,16,4332.739867
161,18,4321.330825
161,19,4317.653215
161,21,4314.829203
161,22,4110.771144
161,23,4046.364206
161,29,4045.370664
162,12,5159.683900
162,13,4934.336845
162,14,4800.463429
162,15,4467.968553
162,16,4322.869480
162,18,4321.256614
162,19,4276.456590
162,22,4110.771144
162,23,4046.364206
162,29,4045.370664
163,12,5159.683900
163,13,4934.336845
163,14,4800.463429
163,15,4467.968553
163,16,4322.869480
163,18,4321.256614
163,19,4276.456590
163,21,4102.291082
163,23,4046.364206
163,29,4045.370664
164,11,5819.824095
164,12,5159.683900
164,13,4934.336845
164,14,4800.463429
164,15,4467.968553
164,16,4322.869480
164,18,4321.256614
164,19,4276.456590
164,21,4102.291082
164,23,4046.364206
164,29,4045.370664
165,11,5819.824095
165,12,5159.683900
165,13,4934.336845
165,14,4800.463429
165,15,4467.968553
165,16,4322.869480
165,18,4321.256614
165,19,4267.472027
165,21,4102.291082
165,22,4090.450843
165,23,4046.364206
165,29,4045.370664
166,11,5819.824095
166,12,5159.683900
166,13,4934.336845
166,14,4800.463429
166,15,4467.968553
166,16,4322.869480
166,18,4321.256614
166,19,4267.472027
166,21,4102.291082
166,22,4090.450843
166,23,4046.364206
166,29,4045.370664
167,11,5819.824095
167,12,5153.594359
167,13,4924.465708
167,14,4794.081533
167,15,4419.832195
167,16,4322.795801
167,18,4320.414749
167,19,4267.472027
167,21,4100.991972
167,22,4090.450843
167,23,4046.132888
167,29,4043.781089
168,11,5819.824095
168,12,5153.594359
168,13,4924.465708
168,14,4646.012919
168,15,4419.832195
168,16,4322.795801
168,18,4320.414749
168,19,4267.472027
168,21,4100.991972
168,22,4090.450843
168,23,4046.132888
168,29,4043.781089
169,11,5819.824095
169,12,5153.594359
169,13,4924.465708
169,14,4646.012919
169,15,4299.696735
169,19,4267.472027
169,21,4100.991972
169,22,4090.450843
169,23,4046.132888
169,29,4043.781089
170,11,5819.824095
170,12,5153.594359
170,13,4924.465708
170,14,4646.012919
170,15,4299.696735
170,19,4264.898573
170,21,4100.991972
170,22,4090.450843
170,23,4046.132888
170,29,4043.781089
171,11,5819.824095
171,12,5024.085544
171,13,4924.465708
171,14,4646.012919
171,15,4299.696735
171,19,4264.898573
171,21,4100.991972
171,22,4090.450843
171,23,4046.132888
171,29,4043.781089
172,11,5731.348125
172,12,4998.372591
172,13,4924.465708
172,14,4646.012919
172,15,4297.775994
172,19,4264.898573
172,21,4085.381789
172,23,4042.746003
173,11,5731.348125
173,12,4982.007893
173,13,4852.503356
173,14,4646.012919
173,15,4297.775994
173,19,4264.898573
173,20,4100.434901
173,21,4085.381789
173,23,4042.746003
174,11,5731.348125
174,12,4982.007893
174,13,4852.503356
174,14,4646.012919
174,15,4297.775994
174,16,4277.930403
174,19,4264.898573
174,20,4100.434901
174,21,4085.381789
174,23,4042.746003
175,11,5731.348125
175,12,4982.007893
175,13,4852.503356
175,14,4646.012919
175,15,4297.775994
175,16,4277.930403
175,19,4264.898573
175,20,4084.723546
175,23,4042.746003
176,11,5731.348125
176,12,4982.007893
176,13,4852.503356
176,14,4646.012919
176,15,4297.775994
176,16,4277.930403
176,19,4264.898573
176,20,4084.723546
176,23,4042.746003
177,11,5163.782525
177,12,4982.007893
177,13,4852.503356
177,14,4646.012919
177,15,4297.775994
177,16,4277.930365
177,19,4260.804255
177,20,4079.174760
177,23,4039.786950
178,11,5163.782525
178,12,4982.007893
178,13,4852.503356
178,14,4646.012919
178,15,4297.775994
178,16,4277.930365
178,19,4260.804255
178,20,4079.174760
178,23,4039.786950
179,11,5163.782525
179,12,4982.007893
179,13,4852.503356
179,14,4646.012919
179,15,4297.775994
179,16,4277.930365
179,19,4260.804255
179,20,4079.174760
179,23,4039.786950
179,24,4021.847614
180,11,5133.235290
180,12,4982.007893
180,13,4852.503356
180,14,4646.012919
180,15,4297.775994
180,16,4277.930365
180,19,4260.804255
180,20,4079.174760
180,21,3999.155667
181,11,5133.235290
181,12,4982.007893
181,13,4852.503356
181,14,4646.012919
181,15,4278.004917
181,16,4277.930365
181,19,4260.804255
181,20,4079.174760
181,21,3999.155667
181,23,3977.099664
182,11,5133.235290
182,12,4982.007893
182,13,4852.503356
182,14,4601.877165
182,15,4264.651314
182,19,4223.402104
182,20,4078.889041
182,21,3996.116394
182,23,3977.099664
183,10,6240.862014
183,11,5133.235290
183,12,4982.007893
183,13,4852.503356
183,14,4601.877165
183,15,4264.651314
183,19,4223.402104
183,20,4078.889041
183,21,3996.116394
183,23,3977.099664
184,10,6183.520536
184,11,5133.235290
184,12,4982.007893
184,13,4852.503356
184,14,4601.877165
184,15,4264.651314
184,19,4223.402104
184,20,4078.889041
184,21,3996.116394
184,23,3977.099664
185,10,6183.520536
185,11,5133.235290
185,12,4982.007893
185,13,4852.503356
185,14,4601.877165
185,15,4264.651314
185,19,4223.402104
185,20,4078.889041
185,21,3996.116394
185,23,3977.099664
186,10,6183.520536
186,11,5133.235290
186,12,4982.007893
186,13,4852.503356
186,14,4601.877165
186,15,4264.651314
186,19,4223.402104
186,20,4078.889041
186,21,3996.116394
186,23,3977.099664
187,10,5806.966055
187,11,5074.568095
187,12,4977.585782
187,13,4848.091109
187,14,4599.469861
187,15,4262.730573
187,19,4219.900582
187,20,4078.889041
187,21,3995.779125
187,23,3964.990199
188,10,5806.966055
188,11,5074.568095
188,12,4977.585782
188,13,4848.091109
188,14,4599.469861
188,15,4262.730573
188,19,4219.900582
188,20,4078.889041
188,21,3995.779125
188,23,3964.990199
189,10,5806.966055
189,11,5074.568095
189,12,4977.585782
189,13,4848.091109
189,14,4599.469861
189,15,4262.730573
189,18,4260.540248
189,19,4219.900582
189,20,4078.889041
189,21,3995.779125
189,23,3964.990199
190,10,5806.966055
190,11,5074.568095
190,12,4977.585782
190,13,4848.091109
190,14,4599.469861
190,15,4262.730573
190,18,4260.540248
190,19,4219.900582
190,20,4078.889041
190,21,3995.779125
190,23,3964.990199
191,10,5806.966055
191,11,4985.568591
191,12,4977.585782
191,13,4848.091109
191,14,4599.469861
191,15,4262.730573
191,18,4260.540248
191,19,4219.900582
191,20,4078.889041
191,21,3995.779125
191,23,3964.990199
192,10,5806.966055
192,11,4967.476803
192,13,4813.913416
192,14,4599.469861
192,15,4262.730573
192,16,4250.223476
192,19,4212.025971
192,20,4078.889041
192,21,3993.253948
192,23,3958.214959
193,10,5806.966055
193,11,4967.476803
193,13,4813.913416
193,14,4599.469861
193,15,4262.730573
193,16,4250.223476
193,19,4212.025971
193,20,4078.889041
193,21,3993.253948
193,23,3958.214959
194,10,5806.966055
194,11,4967.476803
194,12,4845.313163
194,13,4813.913416
194,14,4599.469861
194,15,4256.660157
194,16,4250.223476
194,19,4212.025971
194,20,4078.889041
194,21,3993.253948
194,23,3958.214959
195,10,5806.966055
195,11,4967.476803
195,12,4808.450742
195,14,4599.469861
195,15,4256.660157
195,16,4250.223476
195,19,4212.025971
195,20,4078.889041
195,21,3993.253948
195,23,3958.214959
196,10,5806.966055
196,11,4967.476803
196,12,4808.450742
196,14,4599.469861
196,15,4256.660157
196,16,4238.233546
196,19,4212.025971
196,20,4078.889041
196,21,3993.253948
196,23,3958.214959
197,10,5806.966055
197,11,4952.503692
197,12,4808.450742
197,13,4747.063797
197,14,4599.469861
197,15,4256.660157
197,16,4238.233546
197,19,4208.262107
197,20,4078.556079
197,21,3993.253948
197,23,3958.214959
198,10,5806.966055
198,11,4952.503692
198,12,4808.450742
198,13,4747.063797
198,14,4446.061770
198,15,4256.660157
198,16,4232.404901
198,17,4221.665394
198,19,4208.262107
198,20,4078.556079
198,21,3993.253948
198,23,3958.214959
199,10,5806.966055
199,11,4952.503692
199,12,4808.450742
199,13,4747.063797
199,14,4446.061770
199,15,4256.660157
199,16,4232.404901
199,17,4221.665394
199,19,4208.262107
199,20,4078.556079
199,21,3993.253948
199,23,3958.214959
200,10,5806.966055
200,11,4952.503692
200,12,4808.450742
200,13,4747.063797
200,14,4446.061770
200,15,4256.660157
200,16,4232.404901
200,17,4221.665394
200,19,4208.262107
200,20,4078.556079
200,21,3993.253948
200,23,3958.214959
201,10,5806.966055
201,11,4952.503692
201,12,4808.450742
201,13,4747.063797
201,14,4446.061770
201,15,4256.660157
201,16,4232.404901
201,17,4221.665394
201,19,4208.262107
201,20,4078.556079
201,21,3993.253948
201,23,3958.214959
202,10,5806.966055
202,11,4952.503692
202,12,4808.450742
202,13,4739.334123
202,14,4445.078259
202,15,4256.660157
202,16,4230.614092
202,17,4218.557543
202,19,4208.262107
202,20,4078.556079
202,21,3993.064497
202,22,3923.637477
203,10,5806.966055
203,11,4952.503692
203,12,4808.450742
203,13,4739.334123
203,14,4238.017424
203,16,4230.614092
203,17,4218.557543
203,19,4208.262107
203,20,4078.556079
203,21,3993.064497
203,22,3923.637477
204,10,5806.966055
204,11,4952.503692
204,12,4808.450742
204,13,4739.334123
204,14,4238.017424
204,16,4230.614092
204,17,4218.557543
204,19,4208.262107
204,20,4065.750143
204,21,3993.064497
204,22,3923.637477
205,10,5646.577157
205,11,4952.503692
205,12,4808.450742
205,13,4739.334123
205,14,4229.003750
205,15,4209.670553
205,19,4208.262107
205,20,4065.750143
205,21,3993.064497
205,22,3923.637477
206,10,5646.577157
206,11,4952.503692
206,12,4808.450742
206,13,4739.334123
206,14,4229.003750
206,15,4209.670553
206,19,4208.262107
206,20,4065.750143
206,21,3993.064497
206,22,3923.637477
207,10,5646.577157
207,11,4952.503692
207,12,4808.450742
207,13,4739.242241
207,14,4229.003750
207,15,4209.377013
207,19,4208.262107
207,20,4065.750143
207,21,3984.171634
207,22,3921.475827
208,10,5646.577157
208,11,4952.503692
208,12,4808.450742
208,13,4739.242241
208,14,4229.003750
208,15,4209.377013
208,16,4187.892685
208,20,4060.500429
208,21,3984.171634
208,22,3921.475827
209,10,5646.577157
209,11,4950.834989
209,12,4808.450742
209,13,4715.014349
209,14,4229.003750
209,15,4209.377013
209,16,4187.892685
209,20,4060.500429
209,21,3984.171634
209,22,3921.475827
210,10,5646.577157
210,11,4811.785038
210,12,4808.450742
210,13,4715.014349
210,14,4229.003750
210,15,4209.377013
210,16,4187.892685
210,20,4060.500429
210,21,3984.171634
210,22,3921.475827
211,10,5646.577157
211,11,4811.785038
211,12,4807.416268
211,13,4677.698099
211,14,4229.003750
211,15,4209.377013
211,16,4187.892685
211,20,4053.607558
211,21,3984.171634
211,22,3921.475827
212,10,5555.521701
212,11,4811.785038
212,12,4766.647573
212,13,4654.572149
212,14,4229.003750
212,15,4169.290606
212,20,4053.607558
212,21,3983.501442
212,22,3921.475827
213,10,5322.508762
213,11,4811.785038
213,12,4766.647573
213,13,4654.572149
213,14,4229.003750
213,15,4169.290606
213,20,4053.607558
213,21,3983.501442
213,22,3921.475827
214,10,5322.508762
214,11,4811.785038
214,12,4756.902579
214,13,4654.572149
214,14,4229.003750
214,15,4169.290606
214,20,4053.607558
214,21,3983.501442
214,22,3921.475827
215,10,5322.508762
215,11,4811.785038
215,12,4756.902579
215,13,4654.572149
215,14,4229.003750
215,15,4169.290606
215,20,4053.607558
215,21,3983.501442
215,22,3921.475827
216,10,5322.508762
216,11,4811.785038
216,12,4756.902579
216,13,4654.572149
216,14,4229.003750
216,15,4169.290606
216,20,4045.494434
216,21,3983.501442
216,22,3921.475827
217,10,5258.234152
217,11,4811.785038
217,12,4756.902579
217,13,4617.241067
217,14,4229.003750
217,15,4169.290606
217,20,4045.494434
217,21,3982.639158
217,22,3893.295231
218,10,5258.234152
218,11,4811.785038
218,12,4756.902579
218,13,4617.241067
218,14,4227.533259
218,15,4169.290606
218,20,4045.494434
218,21,3982.639158
218,22,3893.295231
219,10,5258.234152
219,11,4811.785038
219,12,4756.902579
219,13,4617.241067
219,14,4227.533259
219,15,4169.290606
219,20,4045.494434
219,21,3982.639158
219,22,3893.295231
220,10,5258.234152
220,11,4811.785038
220,12,4741.431942
220,13,4617.241067
220,14,4227.533259
220,15,4169.290606
220,20,4041.234061
220,21,3982.639158
220,22,3893.295231
221,10,5258.234152
221,11,4811.785038
221,12,4741.431942
221,13,4617.241067
221,14,4227.533259
221,15,4169.290606
221,20,4041.234061
221,21,3982.639158
221,22,3893.295231
222,10,5234.970228
222,11,4786.057337
222,12,4736.865359
222,13,4617.241067
222,14,4210.338117
222,15,4169.290606
222,20,4036.087958
222,21,3982.639158
222,22,3893.295231
223,10,5234.970228
223,11,4786.057337
223,12,4736.865359
223,13,4617.241067
223,14,4209.798158
223,15,4169.290606
223,17,4164.979664
223,18,4163.511081
223,20,4036.087958
223,21,3982.639158
223,22,3893.295231
224,10,5234.970228
224,11,4786.057337
224,12,4736.865359
224,13,4617.241067
224,14,4209.798158
224,15,4169.290606
224,17,4164.979664
224,18,4163.511081
224,20,4036.087958
224,21,3982.639158
224,22,3893.295231
224,23,3882.340201
225,10,5234.970228
225,11,4786.057337
225,12,4736.865359
225,13,4617.241067
225,14,4209.798158
225,15,4169.290606
225,17,4164.979664
225,18,4163.511081
225,19,4159.646344
225,20,4036.087958
225,21,3982.639158
225,22,3893.295231
225,23,3882.340201
226,10,5234.970228
226,11,4786.057337
226,12,4736.865359
226,13,4617.241067
226,14,4206.939355
226,15,4169.290606
226,17,4164.979664
226,18,4163.511081
226,19,4018.014418
226,21,3982.639158
226,22,3893.295231
226,23,3865.079805
227,10,5234.970228
227,11,4786.057337
227,12,4736.865359
227,13,4615.625362
227,14,4196.261497
227,15,4169.290606
227,17,4158.245243
227,18,4153.255188
227,19,4018.014418
227,21,3976.830088
227,22,3893.295231
227,23,3858.825458
228,10,5234.970228
228,11,4786.057337
228,12,4736.865359
228,13,4615.625362
228,14,4196.261497
228,15,4169.290606
228,17,4158.245243
228,18,4153.255188
228,19,4018.014418
228,21,3976.830088
228,22,3893.295231
228,23,3858.825458
229,10,5234.970228
229,11,4786.057337
229,12,4736.865359
229,13,4615.625362
229,14,4196.261497
229,15,4169.290606
229,17,4158.245243
229,18,4153.255188
229,19,4018.014418
229,21,3976.830088
229,22,3893.295231
229,23,3858.825458
230,10,5234.970228
230,11,4786.057337
230,12,4736.865359
230,13,4615.625362
230,14,4196.261497
230,15,4169.290606
230,17,4158.245243
230,18,4153.255188
230,19,4018.014418
230,21,3976.830088
230,22,3893.295231
230,23,3858.825458
231,10,5234.970228
231,11,4786.057337
231,12,4674.119190
231,13,4615.625362
231,14,4196.261497
231,15,4169.290606
231,17,4158.245243
231,18,4153.255188
231,19,4018.014418
231,21,3976.830088
231,22,3893.295231
231,23,3847.175932
232,10,5234.970228
232,11,4786.057337
232,12,4673.899913
232,13,4615.625362
232,14,4196.261497
232,15,4165.985336
232,17,4121.214453
232,19,4018.014418
232,21,3976.830088
232,22,3893.295231
232,23,3847.175932
233,10,5234.970228
233,11,4786.057337
233,12,4673.899913
233,13,4615.625362
233,14,4194.997169
233,15,4165.985336
233,17,4121.214453
233,19,4010.866205
233,20,4005.770642
233,21,3976.830088
233,22,3893.295231
233,23,3847.175932
234,10,5175.023438
234,11,4786.057337
234,12,4673.899913
234,13,4615.625362
234,14,4194.997169
234,15,4165.985336
234,17,4121.214453
234,19,4010.866205
234,20,4005.770642
234,21,3976.830088
234,22,3893.295231
234,23,3847.175932
235,10,5175.023438
235,11,4786.057337
235,12,4673.899913
235,13,4615.625362
235,14,4194.997169
235,15,4165.985336
235,17,4121.214453
235,19,4010.866205
235,20,4005.770642
235,21,3976.830088
235,22,3893.295231
235,23,3847.175932
236,10,5175.023438
236,11,4786.057337
236,12,4673.899913
236,13,4615.625362
236,14,4176.880354
236,15,4165.985336
236,17,4121.214453
236,19,4010.866205
236,20,4005.770642
236,21,3976.830088
236,22,3893.295231
236,23,3847.175932
236,25,3840.981074
237,10,5175.023438
237,11,4786.057337
237,12,4673.899913
237,13,4615.625362
237,14,4176.880354
237,15,4135.466464
237,17,4121.214453
237,19,4010.866205
237,20,3988.378352
237,21,3976.830088
237,22,3849.999590
237,23,3847.175932
237,25,3840.981074
238,10,5175.023438
238,11,4753.033140
238,12,4673.899913
238,13,4615.625362
238,14,4176.880354
238,15,4135.466464
238,17,4121.214453
238,19,4010.866205
238,20,3988.378352
238,21,3976.830088
238,22,3849.999590
238,23,3847.175932
238,25,3840.981074
239,10,5175.023438
239,11,4753.033140
239,12,4673.899913
239,13,4615.625362
239,14,4176.880354
239,15,4135.466464
239,17,4121.214453
239,19,4010.866205
239,20,3988.378352
239,21,3976.830088
239,22,3849.999590
239,23,3847.175932
239,24,3841.149491
239,25,3840.981074
240,10,5143.228332
240,11,4753.033140
240,12,4673.899913
240,13,4615.625362
240,14,4176.880354
240,15,4135.466464
240,17,4121.214453
240,18,4110.819239
240,19,4010.866205
240,20,3988.378352
240,21,3976.830088
240,22,3849.999590
240,23,3847.175932
240,24,3841.149491
240,25,3840.981074
241,10,5143.228332
241,11,4753.033140
241,12,4673.899913
241,13,4615.625362
241,14,4176.880354
241,15,4135.466464
241,17,4121.214453
241,18,4110.819239
241,19,4010.866205
241,20,3988.378352
241,21,3976.830088
241,22,3849.999590
241,23,3847.175932
241,24,3841.149491
241,25,3840.981074
242,10,5143.228332
242,11,4747.553602
242,12,4673.899913
242,13,4615.625362
242,14,4176.880354
242,15,4135.466464
242,17,4120.239314
242,18,4110.819239
242,19,3993.473916
242,20,3980.521686
242,21,3975.086881
242,22,3849.974183
242,23,3847.175932
242,24,3841.149491
242,25,3840.810265
243,10,5143.228332
243,11,4747.553602
243,12,4673.899913
243,13,4610.327525
243,14,4176.880354
243,15,4135.466464
243,17,4100.321752
243,18,4094.948134
243,19,3993.473916
243,20,3980.521686
243,21,3975.086881
243,22,3849.974183
243,23,3847.175932
243,24,3841.149491
243,25,3840.810265
244,10,5143.228332
244,11,4747.553602
244,12,4673.899913
244,13,4610.327525
244,14,4176.880354
244,15,4135.466464
244,17,4100.321752
244,18,4094.948134
244,19,3993.473916
244,20,3979.396817
244,21,3975.086881
244,22,3849.974183
244,23,3847.175932
244,24,3841.149491
244,25,3840.810265
245,10,5143.228332
245,11,4729.552697
245,12,4673.899913
245,13,4610.327525
245,14,4176.880354
245,15,4135.466464
245,17,4100.321752
245,18,4094.948134
245,19,3993.473916
245,20,3979.396817
245,21,3975.086881
245,22,3849.974183
245,23,3847.175932
245,24,3841.149491
245,25,3840.810265
246,10,5084.050822
246,11,4729.552697
246,12,4673.899913
246,13,4610.327525
246,14,4176.880354
246,15,4135.466464
246,17,4100.321752
246,18,4094.948134
246,19,3993.473916
246,20,3979.396817
246,21,3975.086881
246,22,3849.974183
246,23,3844.878619
246,24,3841.149491
246,25,3840.810265
246,26,3814.184633
247,10,5084.050822
247,11,4729.552697
247,12,4673.899913
247,13,4610.327525
247,14,4176.880354
247,15,4135.466464
247,17,4100.321752
247,18,4094.948134
247,19,3993.034865
247,20,3968.298573
247,22,3844.180439
247,24,3841.149491
247,25,3840.810265
247,26,3811.488097
248,10,5084.050822
248,11,4729.552697
248,12,4673.899913
248,13,4610.327525
248,14,4176.880354
248,15,4135.466464
248,17,4100.321752
248,18,4094.948134
248,19,3993.034865
248,20,3968.298573
248,21,3825.852524
248,26,3793.981786
249,10,5084.050822
249,11,4729.552697
249,12,4673.899913
249,13,4610.327525
249,14,4176.880354
249,15,4135.466464
249,17,4100.321752
249,18,4094.948134
249,19,3993.034865
249,20,3968.298573
249,21,3825.852524
249,26,3793.981786
250,10,5084.050822
250,11,4729.552697
250,12,4673.899913
250,13,4610.327525
250,14,4176.880354
250,15,4135.466464
250,17,4100.321752
250,18,4094.948134
250,19,3993.034865
250,20,3968.298573
250,21,3825.852524
250,26,3793.981786
251,10,5084.050822
251,11,4729.552697
251,12,4662.565785
251,13,4610.327525
251,14,4176.880354
251,15,4135.466464
251,17,4100.321752
251,18,4094.948134
251,19,3993.034865
251,20,3968.298573
251,21,3825.852524
251,26,3793.981786
252,10,5084.050822
252,11,4728.804313
252,12,4662.565785
252,13,4609.101999
252,14,4174.712080
252,15,4132.277859
252,17,4100.321752
252,18,4092.329066
252,19,3990.704003
252,20,3968.298573
252,21,3825.852524
252,26,3793.981786
253,10,5084.050822
253,11,4728.804313
253,12,4624.514296
253,13,4609.101999
253,14,4174.712080
253,15,4132.277859
253,17,4100.321752
253,18,4092.329066
253,19,3990.704003
253,20,3968.298573
253,21,3825.852524
253,24,3805.102037
253,26,3793.981786
254,10,5084.050822
254,11,4728.804313
254,12,4624.514296
254,13,4609.101999
254,14,4174.712080
254,15,4132.277859
254,17,4095.237415
254,18,4092.329066
254,19,3990.704003
254,20,3968.298573
254,21,3825.852524
254,24,3805.102037
254,26,3793.981786
255,10,5084.050822
255,11,4728.804313
255,12,4624.514296
255,13,4609.101999
255,14,4174.712080
255,15,4132.277859
255,17,4095.237415
255,18,4092.329066
255,19,3990.704003
255,20,3968.298573
255,21,3825.852524
255,24,3805.102037
255,26,3793.981786
256,10,5084.050822
256,11,4728.804313
256,12,4624.514296
256,13,4609.101999
256,14,4174.712080
256,15,4132.277859
256,17,4095.237415
256,18,4092.329066
256,19,3990.704003
256,20,3968.298573
256,21,3825.852524
256,24,3805.102037
256,26,3793.981786
257,10,5084.050822
257,11,4728.804313
257,12,4624.514296
257,13,4609.101999
257,14,4168.827508
257,15,4132.277859
257,17,4093.753461
257,18,4092.329066
257,19,3990.704003
257,20,3966.050300
257,21,3825.852524
257,23,3820.529283
257,24,3805.102037
257,26,3793.942484
258,10,5035.105809
258,11,4728.804313
258,12,4624.514296
258,13,4609.101999
258,14,4168.827508
258,15,4132.277859
258,16,4129.287877
258,17,4093.753461
258,18,4092.329066
258,19,3990.704003
258,20,3966.050300
258,21,3825.852524
258,23,3820.529283
258,24,3805.102037
258,26,3793.942484
259,10,5035.105809
259,11,4728.804313
259,12,4624.514296
259,13,4609.101999
259,14,4168.827508
259,15,4132.277859
259,16,4129.287877
259,17,4093.753461
259,18,4092.329066
259,19,3990.704003
259,20,3966.050300
259,21,3825.852524
259,23,3820.529283
259,24,3805.102037
259,26,3793.942484
260,10,5035.105809
260,11,4728.804313
260,12,4624.514296
260,13,4609.101999
260,14,4168.827508
260,15,4132.277859
260,16,4129.287877
260,17,4093.753461
260,18,4092.329066
260,19,3990.704003
260,20,3966.050300
260,21,3825.852524
260,23,3820.529283
260,24,3805.102037
260,25,3795.005508
260,26,3793.942484
261,10,5035.105809
261,11,4728.804313
261,12,4624.514296
261,13,4609.101999
261,14,4168.827508
261,15,4132.277859
261,16,4129.287877
261,17,4093.753461
261,18,4092.329066
261,19,3990.704003
261,20,3966.050300
261,21,3825.852524
261,23,3790.508122
262,10,5035.105809
262,11,4728.804313
262,12,4624.514296
262,13,4588.530939
262,14,4168.827508
262,15,4132.277859
262,16,4129.287877
262,17,4093.318622
262,18,4092.329066
262,19,3990.010702
262,20,3964.974260
262,21,3822.661408
262,23,3790.508122
263,10,5035.105809
263,11,4726.928180
263,12,4624.514296
263,13,4588.530939
263,14,4168.827508
263,15,4132.277859
263,16,4086.257862
263,19,3990.010702
263,20,3964.974260
263,21,3822.661408
263,22,3793.207452
263,23,3790.508122
264,10,5035.105809
264,11,4726.585205
264,12,4624.514296
264,13,4588.530939
264,14,4168.827508
264,15,4132.277859
264,16,4086.257862
264,19,3990.010702
264,20,3964.974260
264,21,3822.661408
264,22,3793.207452
264,23,3790.508122
265,10,5035.105809
265,11,4726.585205
265,12,4624.514296
265,13,4588.530939
265,14,4168.827508
265,15,4132.277859
265,16,4086.257862
265,19,3990.010702
265,20,3964.974260
265,21,3822.661408
265,22,3793.207452
265,23,3790.508122
266,10,5035.105809
266,11,4723.754450
266,12,4624.514296
266,13,4576.124825
266,14,4168.827508
266,15,4132.277859
266,16,4086.257862
266,19,3990.010702
266,20,3964.974260
266,21,3822.661408
266,22,3793.207452
266,23,3790.508122
267,10,5035.105809
267,11,4723.754450
267,12,4619.863713
267,13,4567.870537
267,14,4165.321724
267,15,4132.277859
267,16,4086.257862
267,19,3984.863986
267,20,3964.974260
267,21,3822.661408
267,22,3793.207452
267,23,3790.015985
268,10,5035.105809
268,11,4723.754450
268,12,4619.863713
268,13,4567.870537
268,14,4165.321724
268,15,4132.277859
268,16,4086.257862
268,18,4078.425374
268,19,3984.863986
268,20,3964.974260
268,21,3822.661408
268,22,3793.207452
268,23,3790.015985
269,10,5035.105809
269,11,4723.754450
269,12,4619.863713
269,13,4567.870537
269,14,4165.321724
269,15,4132.277859
269,16,4086.257862
269,18,4078.425374
269,19,3984.863986
269,20,3964.974260
269,21,3822.661408
269,22,3793.207452
269,23,3790.015985
270,10,5035.105809
270,11,4723.754450
270,12,4619.863713
270,13,4567.870537
270,14,4165.321724
270,15,4132.277859
270,16,4086.257862
270,18,4078.425374
270,19,3984.863986
270,20,3964.974260
270,21,3822.661408
270,22,3793.207452
270,23,3790.015985
271,10,5035.105809
271,11,4723.754450
271,12,4619.863713
271,13,4567.870537
271,14,4165.321724
271,15,4132.277859
271,16,4086.257862
271,18,4078.425374
271,19,3984.863986
271,20,3787.052002
272,10,5035.105809
272,11,4723.754450
272,12,4613.874656
272,13,4566.275135
272,14,4165.321724
272,15,4132.277859
272,16,4083.237210
272,17,4071.600621
272,19,3984.863986
272,20,3786.925621
272,21,3772.194307
273,10,5035.105809
273,11,4723.754450
273,12,4613.874656
273,13,4566.275135
273,14,4165.321724
273,15,4132.277859
273,16,4083.237210
273,17,4071.600621
273,18,4065.723245
273,19,3984.863986
273,20,3786.925621
273,21,3772.194307
274,10,4987.004373
274,11,4723.754450
274,12,4613.874656
274,13,4566.275135
274,14,4165.321724
274,15,4132.277859
274,16,4083.237210
274,17,4071.600621
274,18,4065.723245
274,19,3984.863986
274,20,3786.925621
274,21,3769.860603
275,10,4987.004373
275,11,4723.754450
275,12,4613.287075
275,13,4566.275135
275,14,4165.321724
275,15,4132.277859
275,16,4083.237210
275,17,4071.600621
275,18,4065.723245
275,19,3984.863986
275,20,3786.925621
275,21,3769.860603
276,10,4987.004373
276,11,4723.754450
276,12,4613.287075
276,13,4566.275135
276,14,4165.321724
276,15,4132.277859
276,16,4083.237210
276,17,4071.600621
276,18,4065.723245
276,19,3984.863986
276,20,3786.925621
276,21,3769.860603
277,10,4945.843364
277,11,4705.528525
277,12,4592.510657
277,13,4550.589213
277,14,4161.397711
277,15,4132.277859
277,16,4083.237210
277,17,4061.638679
277,18,4057.837039
277,19,3984.794264
277,20,3786.925621
277,21,3769.860603
278,10,4945.843364
278,11,4704.766336
278,12,4592.510657
278,13,4550.589213
278,14,4161.397711
278,15,4132.277859
278,16,4083.237210
278,17,4061.638679
278,18,4057.837039
278,19,3984.794264
278,20,3786.925621
278,21,3769.860603
279,10,4945.843364
279,11,4704.766336
279,12,4592.510657
279,13,4550.589213
279,14,4161.397711
279,15,4132.277859
279,16,4083.237210
279,17,4061.638679
279,18,4057.837039
279,19,3984.794264
279,20,3786.925621
279,21,3768.554926
280,10,4945.843364
280,11,4704.766336
280,12,4592.510657
280,13,4550.589213
280,14,4161.397711
280,15,4132.277859
280,16,4083.237210
280,17,4061.638679
280,18,4057.837039
280,19,3980.886573
280,20,3786.925621
280,21,3768.554926
281,10,4945.843364
281,11,4704.766336
281,12,4592.510657
281,13,4550.589213
281,14,4161.397711
281,15,4132.277859
281,16,4083.237210
281,17,4061.638679
281,18,4030.824387
281,19,3978.686666
281,20,3786.925621
281,21,3768.554926
282,10,4945.843364
282,11,4704.766336
282,12,4590.605715
282,13,4550.589213
282,14,4161.397711
282,15,4132.277859
282,16,4083.237210
282,17,4061.638679
282,18,4030.824387
282,19,3978.686666
282,20,3786.925621
282,21,3768.554926
283,10,4945.843364
283,11,4704.766336
283,12,4590.605715
283,13,4550.589213
283,14,4161.397711
283,15,4132.277859
283,16,4083.237210
283,17,4061.638679
283,18,4030.824387
283,19,3978.686666
283,20,3786.925621
283,21,3768.554926
284,10,4945.843364
284,11,4704.766336
284,12,4590.605715
284,13,4550.589213
284,14,4161.397711
284,15,4132.277859
284,16,4066.503848
284,17,4061.638679
284,18,4030.824387
284,19,3978.686666
284,20,3786.925621
284,21,3768.554926
285,10,4945.843364
285,11,4704.766336
285,12,4590.605715
285,13,4550.589213
285,14,4161.397711
285,15,4132.277859
285,16,4066.503848
285,17,4061.638679
285,18,4030.824387
285,19,3978.686666
285,20,3786.925621
285,21,3768.554926
286,10,4945.843364
286,11,4679.585846
286,12,4590.605715
286,13,4550.589213
286,14,4161.397711
286,15,4132.277859
286,16,4066.503848
286,17,4061.638679
286,18,4030.824387
286,19,3978.686666
286,20,3786.925621
286,21,3768.554926
287,10,4945.843364
287,11,4679.585846
287,12,4575.807981
287,13,4549.832645
287,14,4161.397711
287,15,4122.918885
287,16,4065.903391
287,17,4061.638679
287,18,4030.824387
287,19,3970.905354
287,20,3786.925621
287,21,3768.554926
288,10,4945.843364
288,11,4679.585846
288,12,4575.807981
288,13,4549.832645
288,14,4161.397711
288,15,4122.918885
288,16,4065.903391
288,17,4061.638679
288,18,4030.824387
288,19,3970.905354
288,20,3786.925621
288,21,3768.554926
289,10,4945.843364
289,11,4679.585846
289,12,4575.807981
289,13,4549.832645
289,14,4161.397711
289,15,4122.918885
289,16,4065.903391
289,17,4061.638679
289,18,4030.824387
289,19,3970.905354
289,20,3773.650490
289,21,3768.554926
290,10,4945.843364
290,11,4673.906901
290,12,4575.807981
290,13,4549.832645
290,14,4161.397711
290,15,4122.918885
290,16,4065.903391
290,17,4061.638679
290,18,4030.824387
290,19,3970.905354
290,20,3773.650490
290,21,3768.554926
291,10,4945.843364
291,11,4673.906901
291,12,4575.807981
291,13,4549.832645
291,14,4161.397711
291,15,4122.918885
291,16,4053.420065
291,18,4030.824387
291,19,3970.905354
291,20,3770.742432
291,21,3768.554926
292,10,4945.843364
292,11,4660.122372
292,12,4575.807981
292,13,4549.832645
292,14,4161.397711
292,15,4041.013473
292,18,3998.729723
292,19,3970.905354
292,20,3766.917294
293,10,4945.843364
293,11,4635.403937
293,12,4575.807981
293,13,4549.832645
293,14,4161.397711
293,15,4041.013473
293,18,3998.729723
293,19,3970.905354
293,20,3766.917294
294,10,4945.843364
294,11,4635.403937
294,12,4575.807981
294,13,4549.832645
294,14,4161.397711
294,15,4041.013473
294,18,3998.729723
294,19,3970.905354
294,20,3764.067967
294,21,3758.972404
295,10,4945.843364
295,11,4635.403937
295,12,4575.807981
295,13,4541.845124
295,14,4161.397711
295,15,4041.013473
295,18,3998.729723
295,19,3970.905354
295,20,3764.067967
295,21,3758.972404
296,10,4945.843364
296,11,4635.403937
296,12,4575.807981
296,13,4541.845124
296,14,4161.397711
296,15,4041.013473
296,18,3998.729723
296,19,3970.905354
296,20,3764.067967
296,21,3758.972404
297,10,4945.843364
297,11,4635.403937
297,12,4575.807981
297,13,4541.845124
297,14,4161.397711
297,15,4041.013473
297,16,4026.133904
297,18,3988.587816
297,19,3970.905354
297,20,3764.067967
297,21,3758.972404
298,10,4945.843364
298,11,4635.403937
298,12,4575.807981
298,13,4541.845124
298,14,4161.397711
298,15,4041.013473
298,16,4026.133904
298,18,3988.587816
298,19,3970.905354
298,20,3764.067967
298,21,3758.972404
299,10,4945.843364
299,11,4635.403937
299,12,4575.807981
299,13,4541.845124
299,14,4161.397711
299,15,4041.013473
299,16,4026.133904
299,18,3988.587816
299,19,3970.905354
299,20,3764.067967
299,21,3758.972404
300,10,4945.843364
300,11,4635.403937
300,12,4575.807981
300,13,4541.845124
300,14,4161.397711
300,15,4041.013473
300,16,4026.133904
300,18,3988.587816
300,19,3970.905354
300,20,3764.067967
300,21,3758.972404
301,10,4945.843364
301,11,4589.788829
301,12,4575.807981
301,13,4541.845124
301,14,4161.397711
301,15,4041.013473
301,16,4026.133904
301,18,3988.587816
301,19,3970.905354
301,20,3764.067967
301,21,3758.972404
302,10,4945.843364
302,11,4589.788829
302,12,4574.968384
302,13,4534.866771
302,14,4161.397711
302,15,4041.013473
302,16,4026.133904
302,18,3985.873090
302,19,3938.504622
302,20,3764.067967
302,21,3758.972404
303,10,4945.843364
303,11,4589.788829
303,12,4574.968384
303,13,4534.866771
303,14,4161.397711
303,15,4041.013473
303,16,4026.133904
303,18,3985.873090
303,19,3938.504622
303,20,3751.000226
304,10,4945.843364
304,11,4589.788829
304,12,4574.968384
304,13,4534.866771
304,14,4161.397711
304,15,4041.013473
304,16,4026.133904
304,18,3985.873090
304,19,3938.504622
304,20,3751.000226
304,21,3743.472512
305,10,4945.843364
305,11,4589.788829
305,12,4574.968384
305,13,4534.866771
305,14,4161.397711
305,15,4041.013473
305,16,4026.133904
305,18,3985.873090
305,19,3938.504622
305,20,3751.000226
305,21,3743.472512
306,10,4945.843364
306,11,4589.788829
306,12,4574.968384
306,13,4534.866771
306,14,4161.397711
306,15,4041.013473
306,16,4014.877942
306,18,3985.873090
306,19,3938.504622
306,20,3751.000226
306,21,3743.472512
307,10,4945.843364
307,11,4584.376080
307,12,4566.408376
307,13,4534.866771
307,14,4161.397711
307,15,4041.013473
307,16,4014.877942
307,18,3978.098064
307,19,3938.504622
307,20,3751.000226
307,21,3743.472512
308,10,4945.843364
308,11,4584.376080
308,12,4566.408376
308,13,4534.866771
308,14,4161.397711
308,15,4017.190760
308,16,4014.877942
308,18,3978.098064
308,19,3938.504622
308,20,3751.000226
308,21,3743.472512
309,10,4945.843364
309,11,4584.376080
309,12,4538.636481
309,13,4534.866771
309,14,4161.397711
309,15,4017.190760
309,16,4014.877942
309,18,3978.098064
309,19,3938.504622
309,20,3751.000226
309,21,3743.472512
310,10,4945.843364
310,11,4584.376080
310,12,4538.636481
310,13,4534.866771
310,14,4161.397711
310,15,4017.190760
310,16,4014.877942
310,18,3978.098064
310,19,3938.504622
310,20,3751.000226
310,21,3743.472512
311,10,4945.843364
311,11,4584.376080
311,12,4538.636481
311,13,4534.866771
311,14,4161.397711
311,15,4017.190760
311,16,4014.877942
311,18,3978.098064
311,19,3938.504622
311,20,3751.000226
311,21,3743.472512
312,10,4945.843364
312,11,4584.376080
312,12,4538.636481
312,13,4531.233714
312,14,4161.397711
312,15,4015.626757
312,16,4014.877942
312,18,3978.098064
312,19,3938.239988
312,20,3751.000226
312,21,3743.472512
313,10,4945.843364
313,11,4567.139411
313,12,4538.636481
313,13,4531.233714
313,14,4161.397711
313,15,4015.626757
313,16,4014.877942
313,17,4012.707974
313,18,3978.098064
313,19,3938.239988
313,20,3751.000226
313,21,3743.472512
314,10,4945.843364
314,11,4567.139411
314,12,4513.939487
314,14,4161.397711
314,15,4015.626757
314,16,4014.877942
314,17,4012.707974
314,18,3978.098064
314,19,3938.239988
314,20,3751.000226
314,21,3743.472512
315,10,4945.843364
315,11,4549.491930
315,12,4513.939487
315,14,4161.397711
315,15,4015.626757
315,16,4014.877942
315,17,4000.101119
315,18,3978.098064
315,19,3938.239988
315,20,3751.000226
315,21,3743.472512
316,10,4945.843364
316,11,4549.491930
316,12,4513.939487
316,14,4161.397711
316,15,4015.626757
316,16,4014.877942
316,17,3979.550104
316,18,3978.098064
316,19,3938.239988
316,20,3751.000226
316,21,3743.472512
317,10,4945.843364
317,11,4549.491930
317,12,4513.939487
317,14,4161.397711
317,15,3993.608258
317,16,3975.855538
317,18,3975.758591
317,19,3938.239988
317,20,3751.000226
317,21,3743.472512
318,10,4945.843364
318,11,4549.491930
318,12,4459.767681
318,14,4161.397711
318,15,3993.608258
318,16,3975.855538
318,18,3975.758591
318,19,3938.239988
318,20,3751.000226
318,21,3743.472512
319,10,4945.843364
319,11,4549.491930
319,12,4459.767681
319,14,4161.397711
319,15,3993.608258
319,16,3975.855538
319,18,3975.758591
319,19,3938.239988
319,20,3751.000226
319,21,3743.472512
320,10,4945.843364
320,11,4549.491930
320,12,4459.767681
320,14,4155.954823
320,15,3993.608258
320,16,3975.855538
320,18,3975.758591
320,19,3938.239988
320,20,3751.000226
320,21,3743.472512
321,10,4894.626025
321,11,4549.491930
321,12,4428.795676
321,14,4155.954823
321,15,3993.608258
321,16,3975.855538
321,18,3975.758591
321,19,3938.239988
321,20,3751.000226
321,21,3743.472512
322,10,4894.626025
322,11,4547.442630
322,12,4428.546839
322,14,4155.954823
322,15,3993.608258
322,16,3975.855538
322,18,3975.758591
322,19,3933.031436
322,20,3751.000226
322,21,3743.472512
323,10,4894.626025
323,11,4547.442630
323,12,4428.546839
323,14,4155.954823
323,15,3993.608258
323,16,3975.855538
323,18,3975.758591
323,19,3933.031436
323,20,3751.000226
323,21,3743.472512
324,10,4894.626025
324,11,4547.442630
324,12,4428.546839
324,14,4155.954823
324,15,3993.608258
324,16,3975.855538
324,18,3910.638934
324,19,3841.706101
324,20,3751.000226
324,21,3743.472512
325,10,4894.626025
325,11,4547.442630
325,12,4428.546839
325,14,4155.954823
325,15,3993.608258
325,16,3975.855538
325,18,3910.638934
325,19,3841.706101
325,20,3751.000226
325,21,3743.472512
326,10,4894.626025
326,11,4547.442630
326,12,4428.546839
326,14,4155.954823
326,15,3993.608258
326,16,3975.855538
326,18,3910.638934
326,19,3841.706101
326,20,3751.000226
326,21,3743.472512
327,10,4853.882354
327,11,4547.442630
327,12,4415.793423
327,14,4155.050169
327,15,3990.561868
327,16,3975.855538
327,18,3910.638934
327,19,3841.706101
327,20,3751.000226
327,21,3743.472512
328,10,4853.882354
328,11,4547.442630
328,12,4415.793423
328,14,4155.050169
328,15,3990.561868
328,16,3975.855538
328,18,3910.638934
328,19,3797.276600
328,20,3751.000226
328,21,3743.472512
