Iteration,NV,TOC
1,6,9299.822734
1,8,5003.115284
1,9,4031.254819
1,10,3574.584435
1,11,3273.296671
1,14,2716.090152
1,16,2629.032460
1,17,2530.498696
1,18,2422.265181
1,25,2254.424944
2,6,9299.822734
2,7,8974.493628
2,8,5003.115284
2,9,4031.254819
2,10,3574.584435
2,11,3273.296671
2,14,2716.090152
2,16,2629.032460
2,17,2530.498696
2,18,2422.265181
2,25,2254.424944
3,6,9299.822734
3,7,8974.493628
3,8,5003.115284
3,9,4031.254819
3,10,3574.584435
3,11,3273.296671
3,14,2716.090152
3,16,2629.032460
3,17,2530.498696
3,18,2422.265181
3,20,2375.832647
3,24,2331.742956
3,25,2254.424944
4,6,9299.822734
4,7,8974.493628
4,8,5003.115284
4,9,4031.254819
4,10,3574.584435
4,11,3273.296671
4,13,3215.086070
4,14,2716.090152
4,16,2629.032460
4,17,2530.498696
4,18,2422.265181
4,20,2375.832647
4,24,2331.742956
4,25,2254.424944
5,6,9299.822734
5,7,8974.493628
5,8,5003.115284
5,9,4031.254819
5,10,3574.584435
5,11,3273.296671
5,13,3215.086070
5,14,2716.090152
5,16,2629.032460
5,17,2530.498696
5,18,2247.489950
5,20,2224.225000
6,6,9299.822734
6,7,8974.493628
6,8,5003.115284
6,9,4031.254819
6,10,3574.584435
6,11,3273.296671
6,12,3268.560085
6,13,3215.086070
6,14,2716.090152
6,16,2629.032460
6,17,2530.498696
6,18,2247.489950
6,20,2224.225000
7,6,9299.822734
7,7,8974.493628
7,8,5003.115284
7,9,4031.254819
7,10,3574.584435
7,11,3198.007688
7,12,3180.257236
7,14,2716.090152
7,16,2629.032460
7,17,2530.498696
7,18,2247.489950
7,20,2224.225000
8,6,9299.822734
8,7,8974.493628
8,8,5003.115284
8,9,4031.254819
8,10,3574.584435
8,11,3198.007688
8,12,3180.257236
8,14,2716.090152
8,16,2575.962346
8,17,2530.498696
8,18,2247.489950
8,20,2224.225000
9,6,9299.822734
9,7,7255.731122
9,8,5003.115284
9,9,4031.254819
9,10,3574.584435
9,11,3198.007688
9,12,3180.257236
9,13,2825.725350
9,14,2716.090152
9,16,2575.962346
9,17,2530.498696
9,18,2247.489950
9,20,2224.225000
10,6,9299.822734
10,7,7255.731122
10,8,5003.115284
10,9,4031.254819
10,10,3574.584435
10,11,3198.007688
10,12,3180.257236
10,13,2825.725350
10,14,2716.090152
10,15,2649.506508
10,16,2575.962346
10,17,2530.498696
10,18,2247.489950
10,20,2224.225000
11,6,9299.822734
11,7,7255.731122
11,8,5003.115284
11,9,3807.856296
11,10,3574.584435
11,11,3198.007688
11,12,3180.257236
11,13,2825.725350
11,14,2716.090152
11,15,2649.506508
11,16,2575.962346
11,17,2530.498696
11,18,2247.489950
11,20,2224.225000
12,6,9299.822734
12,7,7255.731122
12,8,4998.504990
12,9,3807.856296
12,10,3574.584435
12,11,3198.007688
12,12,3088.424350
12,13,2825.725350
12,14,2709.245754
12,15,2649.506508
12,16,2575.962346
12,17,2530.498696
12,18,2247.489950
12,20,2224.225000
13,6,9299.822734
13,7,7255.731122
13,8,4998.504990
13,9,3807.856296
13,10,3574.584435
13,11,3198.007688
13,12,3088.424350
13,13,2825.725350
13,14,2709.245754
13,15,2649.506508
13,16,2575.962346
13,17,2530.498696
13,18,2247.489950
13,20,2224.225000
14,6,9299.822734
14,7,7255.731122
14,8,4998.504990
14,9,3807.856296
14,10,3289.813210
14,11,3198.007688
14,12,3088.424350
14,13,2825.725350
14,14,2709.245754
14,15,2646.457603
14,16,2575.962346
14,17,2530.498696
14,18,2247.489950
14,20,2224.225000
15,6,9299.822734
15,7,6088.386464
15,8,4998.504990
15,9,3807.856296
15,10,3289.813210
15,11,3198.007688
15,12,3088.424350
15,13,2825.725350
15,14,2709.245754
15,15,2611.713232
15,16,2453.738717
15,18,2247.489950
15,20,2224.225000
16,6,9299.822734
16,7,6088.386464
16,8,4998.504990
16,9,3807.856296
16,10,3289.813210
16,11,3198.007688
16,12,3088.424350
16,13,2792.666161
16,14,2709.245754
16,15,2611.713232
16,16,2453.738717
16,18,2247.489950
16,20,2224.225000
17,6,9299.822734
17,7,6088.386464
17,8,4791.907089
17,9,3807.856296
17,10,3289.813210
17,11,3198.007688
17,12,3084.148000
17,13,2746.802123
17,14,2699.280527
17,15,2611.713232
17,16,2453.738717
17,18,2247.489950
17,20,2224.225000
18,6,9299.822734
18,7,6088.386464
18,8,4791.907089
18,9,3807.856296
18,10,3289.813210
18,11,3198.007688
18,12,3084.148000
18,13,2746.802123
18,14,2699.280527
18,15,2582.613272
18,16,2453.738717
18,17,2432.146216
18,18,2247.489950
18,20,2224.225000
19,6,9299.822734
19,7,6088.386464
19,8,4772.913913
19,9,3807.856296
19,10,3289.813210
19,11,3198.007688
19,12,3084.148000
19,13,2746.802123
19,14,2676.061714
19,15,2513.839049
19,16,2453.738717
19,17,2432.146216
19,18,2247.489950
19,20,2224.225000
20,6,9299.822734
20,7,6088.386464
20,8,4772.913913
20,9,3807.856296
20,10,3289.813210
20,11,3198.007688
20,12,3084.148000
20,13,2746.802123
20,14,2676.061714
20,15,2513.839049
20,16,2453.738717
20,17,2432.146216
20,18,2247.489950
20,20,2224.225000
21,6,9299.822734
21,7,6088.386464
21,8,4772.913913
21,9,3807.856296
21,10,3289.813210
21,11,3198.007688
21,12,3084.148000
21,13,2746.802123
21,14,2676.061714
21,15,2513.839049
21,16,2453.738717
21,17,2432.146216
21,18,2247.489950
21,20,2224.225000
22,6,9299.822734
22,7,6088.386464
22,8,4772.913913
22,9,3807.856296
22,10,3289.813210
22,11,3198.007688
22,12,3084.148000
22,13,2746.802123
22,14,2676.061714
22,15,2513.839049
22,16,2453.738717
22,17,2432.146216
22,18,2247.489950
22,20,2224.225000
23,6,9299.822734
23,7,6088.386464
23,8,4772.913913
23,9,3807.856296
23,10,3289.813210
23,11,3198.007688
23,12,3084.148000
23,13,2746.802123
23,14,2676.061714
23,15,2513.839049
23,16,2453.738717
23,17,2432.146216
23,18,2247.489950
23,20,2224.225000
24,6,9299.822734
24,7,6088.386464
24,8,4772.913913
24,9,3807.856296
24,10,3289.813210
24,11,3198.007688
24,12,3084.148000
24,13,2746.802123
24,14,2676.061714
24,15,2513.839049
24,16,2453.738717
24,17,2432.146216
24,18,2247.489950
24,20,2224.225000
24,25,2185.886523
25,6,9299.822734
25,7,6088.386464
25,8,4772.913913
25,9,3807.856296
25,10,3289.813210
25,11,3198.007688
25,12,3084.148000
25,13,2746.802123
25,14,2676.061714
25,15,2513.839049
25,16,2453.738717
25,17,2432.146216
25,18,2247.489950
25,20,2224.225000
25,25,2185.886523
26,6,9299.822734
26,7,6088.386464
26,8,4772.913913
26,9,3807.856296
26,10,3289.813210
26,11,3198.007688
26,12,3084.148000
26,13,2746.802123
26,14,2676.061714
26,15,2513.839049
26,16,2453.738717
26,17,2432.146216
26,18,2247.489950
26,20,2224.225000
26,25,2185.886523
27,6,9299.822734
27,7,6088.386464
27,8,4772.913913
27,9,3807.856296
27,10,3289.813210
27,11,3198.007688
27,12,3084.148000
27,13,2746.802123
27,14,2565.766214
27,15,2513.839049
27,16,2453.738717
27,17,2432.146216
27,18,2247.489950
27,20,2224.225000
27,25,2185.886523
28,6,9299.822734
28,7,6088.386464
28,8,4772.913913
28,9,3807.856296
28,10,3289.813210
28,11,3198.007688
28,12,3051.247647
28,13,2746.802123
28,14,2565.766214
28,15,2513.839049
28,16,2453.738717
28,17,2432.146216
28,18,2247.489950
28,20,2224.225000
28,25,2185.886523
29,6,9299.822734
29,7,6088.386464
29,8,4772.913913
29,9,3807.856296
29,10,3289.813210
29,11,3198.007688
29,12,3051.247647
29,13,2746.802123
29,14,2565.766214
29,15,2513.839049
29,16,2453.738717
29,17,2432.146216
29,18,2247.489950
29,20,2224.225000
29,25,2185.886523
30,6,9299.822734
30,7,6088.386464
30,8,4772.913913
30,9,3807.856296
30,10,3289.813210
30,11,3198.007688
30,12,3051.247647
30,13,2746.802123
30,14,2565.766214
30,15,2513.839049
30,16,2453.738717
30,17,2432.146216
30,18,2247.489950
30,20,2224.225000
30,25,2185.886523
31,6,9299.822734
31,7,6088.386464
31,8,4772.913913
31,9,3807.856296
31,10,3289.813210
31,11,3198.007688
31,12,3051.247647
31,13,2746.802123
31,14,2565.766214
31,15,2513.839049
31,16,2453.738717
31,17,2432.146216
31,18,2247.489950
31,20,2224.225000
31,25,2185.886523
32,6,9299.822734
32,7,6088.386464
32,8,4753.769203
32,9,3807.856296
32,10,3289.813210
32,11,3198.007688
32,12,3036.466000
32,13,2746.802123
32,14,2565.766214
32,15,2513.839049
32,16,2453.738717
32,17,2432.146216
32,18,2247.489950
32,20,2224.225000
32,25,2185.886523
33,6,9299.822734
33,7,6088.386464
33,8,4753.769203
33,9,3807.856296
33,10,3289.813210
33,11,3198.007688
33,12,3036.466000
33,13,2746.802123
33,14,2565.766214
33,15,2513.839049
33,16,2374.781328
33,18,2247.489950
33,20,2224.225000
33,25,2185.886523
34,6,8087.549479
34,7,6088.386464
34,8,4753.769203
34,9,3807.856296
34,10,3289.813210
34,11,3198.007688
34,12,3036.466000
34,13,2746.802123
34,14,2565.766214
34,15,2513.839049
34,16,2374.781328
34,18,2247.489950
34,20,2224.225000
34,25,2185.886523
35,6,8087.549479
35,7,6088.386464
35,8,4753.769203
35,9,3807.856296
35,10,3289.813210
35,11,3198.007688
35,12,3015.846613
35,13,2746.802123
35,14,2565.766214
35,15,2513.839049
35,16,2374.781328
35,17,2236.048880
35,20,2224.225000
35,22,2153.246429
36,6,8087.549479
36,7,6088.386464
36,8,4753.769203
36,9,3807.856296
36,10,3289.813210
36,11,3198.007688
36,12,3015.846613
36,13,2746.802123
36,14,2565.766214
36,15,2513.839049
36,16,2374.781328
36,17,2236.048880
36,20,2224.225000
36,22,2153.246429
37,6,8087.549479
37,7,6088.386464
37,8,4753.769203
37,9,3807.856296
37,10,3289.813210
37,11,3198.007688
37,12,3015.846613
37,13,2746.802123
37,14,2565.766214
37,15,2513.839049
37,16,2374.781328
37,17,2236.048880
37,20,2224.225000
37,22,2153.246429
38,6,8087.549479
38,7,6088.386464
38,8,4753.769203
38,9,3807.856296
38,10,3289.813210
38,11,3198.007688
38,12,3015.846613
38,13,2746.802123
38,14,2565.766214
38,15,2513.839049
38,16,2374.781328
38,17,2236.048880
38,20,2224.225000
38,22,2153.246429
39,6,8087.549479
39,7,6088.386464
39,8,4753.769203
39,9,3807.856296
39,10,3289.813210
39,11,3198.007688
39,12,3015.846613
39,13,2746.802123
39,14,2565.766214
39,15,2513.839049
39,16,2374.781328
39,17,2236.048880
39,20,2224.225000
39,22,2153.246429
40,6,8087.549479
40,7,6035.213076
40,8,4753.769203
40,9,3807.856296
40,10,3289.813210
40,11,3198.007688
40,12,2982.374922
40,13,2746.802123
40,14,2565.766214
40,15,2513.839049
40,16,2374.781328
40,17,2236.048880
40,20,2224.225000
40,22,2153.246429
41,6,8087.549479
41,7,6035.213076
41,8,4753.769203
41,9,3807.856296
41,10,3289.813210
41,11,3198.007688
41,12,2982.374922
41,13,2746.802123
41,14,2565.766214
41,15,2398.606179
41,16,2374.781328
41,17,2236.048880
41,20,2224.225000
41,22,2153.246429
42,6,8087.549479
42,7,6035.213076
42,8,4753.769203
42,9,3807.856296
42,10,3289.813210
42,11,3198.007688
42,12,2982.374922
42,13,2746.802123
42,14,2565.766214
42,15,2398.606179
42,16,2374.781328
42,17,2236.048880
42,20,2224.225000
42,22,2153.246429
43,6,8087.549479
43,7,5805.151494
43,8,4357.711682
43,9,3807.856296
43,10,3289.813210
43,11,3198.007688
43,12,2982.374922
43,13,2746.802123
43,14,2565.766214
43,15,2398.606179
43,16,2374.781328
43,17,2236.048880
43,20,2224.225000
43,22,2153.246429
44,6,8087.549479
44,7,5805.151494
44,8,4357.711682
44,9,3807.856296
44,10,3289.813210
44,11,3198.007688
44,12,2982.374922
44,13,2746.802123
44,14,2565.766214
44,15,2398.606179
44,16,2374.781328
44,17,2236.048880
44,20,2224.225000
44,22,2153.246429
45,6,8087.549479
45,7,5805.151494
45,8,4357.711682
45,9,3807.856296
45,10,3289.813210
45,11,3198.007688
45,12,2982.374922
45,13,2746.802123
45,14,2565.766214
45,15,2398.606179
45,16,2374.781328
45,17,2209.324446
45,22,2153.246429
46,6,8087.549479
46,7,5805.151494
46,8,4357.711682
46,9,3807.856296
46,10,3289.813210
46,11,3198.007688
46,12,2982.374922
46,13,2620.613949
46,14,2565.766214
46,15,2398.606179
46,16,2374.781328
46,17,2209.324446
46,22,2153.246429
47,6,8087.549479
47,7,5805.151494
47,8,4357.711682
47,9,3807.856296
47,10,3289.813210
47,11,3198.007688
47,12,2982.374922
47,13,2620.613949
47,14,2565.766214
47,15,2398.606179
47,16,2374.781328
47,17,2209.324446
47,22,2153.246429
48,6,8087.549479
48,7,5805.151494
48,8,4357.711682
48,9,3807.856296
48,10,3289.813210
48,11,3198.007688
48,12,2982.374922
48,13,2620.613949
48,14,2565.766214
48,15,2398.606179
48,16,2374.781328
48,17,2209.324446
48,22,2153.246429
49,6,8087.549479
49,7,5805.151494
49,8,4357.711682
49,9,3807.856296
49,10,3289.813210
49,11,3198.007688
49,12,2957.064737
49,13,2620.613949
49,14,2565.766214
49,15,2398.606179
49,16,2374.781328
49,17,2209.324446
49,22,2153.246429
50,6,7613.692817
50,7,5805.151494
50,8,4357.711682
50,9,3807.856296
50,10,3289.813210
50,11,3198.007688
50,12,2957.064737
50,13,2620.613949
50,14,2565.766214
50,15,2398.606179
50,16,2374.781328
50,17,2199.626607
50,22,2147.649414
51,6,7613.692817
51,7,5805.151494
51,8,4357.711682
51,9,3807.856296
51,10,3289.813210
51,11,3198.007688
51,12,2896.507169
51,13,2620.613949
51,14,2565.766214
51,15,2398.606179
51,16,2374.781328
51,17,2199.626607
51,22,2147.649414
52,6,7613.692817
52,7,5805.151494
52,8,4357.711682
52,9,3807.856296
52,10,3289.813210
52,11,3198.007688
52,12,2896.507169
52,13,2620.613949
52,14,2565.766214
52,15,2398.606179
52,16,2374.781328
52,17,2199.626607
52,22,2147.649414
53,6,7613.692817
53,7,5805.151494
53,8,4357.711682
53,9,3807.856296
53,10,3289.813210
53,11,3198.007688
53,12,2896.507169
53,13,2620.613949
53,14,2565.766214
53,15,2398.606179
53,16,2374.781328
53,17,2199.626607
53,22,2147.649414
54,6,7613.692817
54,7,5805.151494
54,8,4357.711682
54,9,3807.856296
54,10,3289.813210
54,11,3198.007688
54,12,2896.507169
54,13,2620.613949
54,14,2565.766214
54,15,2398.606179
54,16,2374.781328
54,17,2199.626607
54,22,2147.649414
55,6,7613.692817
55,7,5805.151494
55,8,4357.711682
55,9,3807.856296
55,10,3289.813210
55,11,3198.007688
55,12,2896.507169
55,13,2570.703571
55,14,2565.766214
55,15,2398.606179
55,16,2374.781328
55,17,2199.626607
55,22,2147.649414
56,6,7613.692817
56,7,5805.151494
56,8,4357.711682
56,9,3807.856296
56,10,3289.813210
56,11,3071.874926
56,12,2896.507169
56,13,2570.703571
56,14,2565.766214
56,15,2398.606179
56,16,2374.781328
56,17,2199.626607
56,22,2147.649414
57,6,7613.692817
57,7,5805.151494
57,8,4357.711682
57,9,3807.856296
57,10,3289.813210
57,11,3071.874926
57,12,2896.507169
57,13,2570.703571
57,14,2565.766214
57,15,2398.606179
57,16,2374.781328
57,17,2199.626607
57,22,2147.649414
58,6,7613.692817
58,7,5805.151494
58,8,4357.711682
58,9,3807.856296
58,10,3289.813210
58,11,3071.874926
58,12,2896.507169
58,13,2570.703571
58,14,2565.766214
58,15,2398.606179
58,16,2374.781328
58,17,2199.626607
58,22,2147.649414
59,6,7613.692817
59,7,5805.151494
59,8,4357.711682
59,9,3807.856296
59,10,3289.813210
59,11,3071.874926
59,12,2896.507169
59,13,2570.703571
59,14,2565.766214
59,15,2398.606179
59,16,2374.781328
59,17,2199.626607
59,22,2147.649414
60,6,7613.692817
60,7,5805.151494
60,8,4357.711682
60,9,3807.856296
60,10,3289.813210
60,11,3071.874926
60,12,2804.239525
60,13,2570.703571
60,14,2565.766214
60,15,2398.606179
60,16,2306.554143
60,17,2199.626607
60,22,2147.649414
61,6,7613.692817
61,7,5805.151494
61,8,4357.711682
61,9,3807.856296
61,10,3289.813210
61,11,3071.874926
61,12,2804.239525
61,13,2570.703571
61,14,2565.766214
61,15,2398.606179
61,16,2306.554143
61,17,2199.626607
61,22,2147.649414
62,6,7613.692817
62,7,5805.151494
62,8,4357.711682
62,9,3807.856296
62,10,3289.813210
62,11,3071.874926
62,12,2804.239525
62,13,2570.703571
62,14,2565.766214
62,15,2398.606179
62,16,2306.554143
62,17,2199.626607
62,22,2147.649414
63,6,7613.692817
63,7,5805.151494
63,8,4357.711682
63,9,3807.856296
63,10,3289.813210
63,11,3071.874926
63,12,2804.239525
63,13,2570.703571
63,14,2565.766214
63,15,2398.606179
63,16,2306.554143
63,17,2199.626607
63,22,2147.649414
64,6,7613.692817
64,7,5805.151494
64,8,4357.711682
64,9,3807.856296
64,10,3289.813210
64,11,3071.874926
64,12,2804.239525
64,13,2570.703571
64,14,2565.766214
64,15,2398.606179
64,16,2306.554143
64,17,2199.626607
64,22,2147.649414
65,6,7613.692817
65,7,5805.151494
65,8,4357.711682
65,9,3807.856296
65,10,3253.029108
65,11,3071.874926
65,12,2804.239525
65,13,2570.703571
65,14,2565.766214
65,15,2398.606179
65,16,2306.554143
65,17,2199.626607
65,22,2147.649414
66,6,7613.692817
66,7,5805.151494
66,8,4357.711682
66,9,3807.856296
66,10,3253.029108
66,11,3071.874926
66,12,2804.239525
66,13,2570.703571
66,14,2565.766214
66,15,2398.606179
66,16,2306.554143
66,17,2199.626607
66,22,2147.649414
67,6,7613.692817
67,7,5805.151494
67,8,4357.711682
67,9,3807.856296
67,10,3253.029108
67,11,3071.874926
67,12,2804.239525
67,13,2570.703571
67,14,2565.766214
67,15,2398.606179
67,16,2306.554143
67,17,2199.626607
67,22,2147.649414
68,6,7613.692817
68,7,5805.151494
68,8,4112.634360
68,9,3807.856296
68,10,3253.029108
68,11,3071.874926
68,12,2804.239525
68,13,2570.703571
68,14,2565.766214
68,15,2398.606179
68,16,2306.554143
68,17,2199.626607
68,22,2147.649414
69,6,7613.692817
69,7,5805.151494
69,8,4112.634360
69,9,3807.856296
69,10,3253.029108
69,11,3071.874926
69,12,2804.239525
69,13,2570.703571
69,14,2565.766214
69,15,2398.606179
69,16,2306.554143
69,17,2199.626607
69,22,2147.649414
70,6,7613.692817
70,7,5805.151494
70,8,4112.634360
70,9,3807.856296
70,10,3253.029108
70,11,3071.874926
70,12,2804.239525
70,13,2570.703571
70,14,2565.766214
70,15,2398.606179
70,16,2306.554143
70,17,2199.626607
70,22,2147.649414
71,6,7613.692817
71,7,5805.151494
71,8,4112.634360
71,9,3807.856296
71,10,3253.029108
71,11,3071.874926
71,12,2804.239525
71,13,2570.703571
71,14,2565.766214
71,15,2398.606179
71,16,2306.554143
71,17,2199.626607
71,22,2147.649414
72,6,7613.692817
72,7,5805.151494
72,8,4112.634360
72,9,3807.856296
72,10,3253.029108
72,11,3071.874926
72,12,2804.239525
72,13,2570.703571
72,14,2536.756075
72,15,2398.606179
72,16,2306.554143
72,17,2199.626607
72,22,2147.649414
73,6,7613.692817
73,7,5805.151494
73,8,4112.634360
73,9,3807.856296
73,10,3253.029108
73,11,3071.874926
73,12,2804.239525
73,13,2570.703571
73,14,2536.756075
73,15,2398.606179
73,16,2306.554143
73,17,2199.626607
73,22,2147.649414
74,6,7613.692817
74,7,5805.151494
74,8,4112.634360
74,9,3807.856296
74,10,3253.029108
74,11,3071.874926
74,12,2804.239525
74,13,2570.703571
74,14,2536.756075
74,15,2398.606179
74,16,2306.554143
74,17,2199.626607
74,22,2147.649414
75,6,7613.692817
75,7,5805.151494
75,8,4112.634360
75,9,3807.856296
75,10,3253.029108
75,11,3071.874926
75,12,2804.239525
75,13,2570.703571
75,14,2536.756075
75,15,2398.606179
75,16,2306.554143
75,17,2199.626607
75,22,2147.649414
76,6,7613.692817
76,7,5805.151494
76,8,4112.634360
76,9,3807.856296
76,10,3253.029108
76,11,3071.874926
76,12,2804.239525
76,13,2570.703571
76,14,2536.756075
76,15,2398.606179
76,16,2306.554143
76,17,2199.626607
76,22,2147.649414
77,6,7613.692817
77,7,5805.151494
77,8,4112.634360
77,9,3683.449436
77,10,3253.029108
77,11,3071.874926
77,12,2804.239525
77,13,2570.703571
77,14,2536.756075
77,15,2398.606179
77,16,2306.554143
77,17,2199.626607
77,22,2147.649414
78,6,7613.692817
78,7,5805.151494
78,8,4112.634360
78,9,3683.449436
78,10,3253.029108
78,11,3071.874926
78,12,2804.239525
78,13,2570.703571
78,14,2536.756075
78,15,2398.606179
78,16,2306.554143
78,17,2199.626607
78,22,2147.649414
79,6,7613.692817
79,7,5805.151494
79,8,4112.634360
79,9,3683.449436
79,10,3253.029108
79,11,3071.874926
79,12,2804.239525
79,13,2570.703571
79,14,2536.756075
79,15,2398.606179
79,16,2306.554143
79,17,2199.626607
79,22,2147.649414
80,6,7613.692817
80,7,5805.151494
80,8,4112.634360
80,9,3683.449436
80,10,3253.029108
80,11,3071.874926
80,12,2804.239525
80,13,2570.703571
80,14,2536.756075
80,15,2398.606179
80,16,2306.554143
80,17,2199.626607
80,22,2147.649414
81,6,7613.692817
81,7,5805.151494
81,8,4112.634360
81,9,3683.449436
81,10,3253.029108
81,11,3071.874926
81,12,2804.239525
81,13,2570.703571
81,14,2536.756075
81,15,2398.606179
81,16,2306.554143
81,17,2199.626607
81,22,2147.649414
82,6,7613.692817
82,7,5805.151494
82,8,4112.634360
82,9,3683.449436
82,10,3253.029108
82,11,3071.874926
82,12,2804.239525
82,13,2570.703571
82,14,2536.756075
82,15,2398.606179
82,16,2306.554143
82,17,2199.626607
82,22,2147.649414
83,6,7613.692817
83,7,5805.151494
83,8,4112.634360
83,9,3683.449436
83,10,3253.029108
83,11,3071.874926
83,12,2804.239525
83,13,2570.703571
83,14,2479.365926
83,15,2398.606179
83,16,2306.554143
83,17,2199.626607
83,22,2147.649414
84,6,7613.692817
84,7,5805.151494
84,8,4112.634360
84,9,3683.449436
84,10,3253.029108
84,11,3019.899317
84,12,2804.239525
84,13,2570.703571
84,14,2479.365926
84,15,2303.364462
84,17,2199.626607
84,22,2147.649414
85,6,7480.195745
85,7,5805.151494
85,8,4112.634360
85,9,3683.449436
85,10,3253.029108
85,11,3019.899317
85,12,2804.239525
85,13,2570.703571
85,14,2479.365926
85,15,2303.364462
85,17,2199.626607
85,22,2147.649414
86,6,7480.195745
86,7,5805.151494
86,8,4112.634360
86,9,3683.449436
86,10,3253.029108
86,11,3019.899317
86,12,2804.239525
86,13,2570.703571
86,14,2479.365926
86,15,2303.364462
86,17,2199.626607
86,19,2191.037429
86,22,2147.649414
87,6,7480.195745
87,7,5805.151494
87,8,4112.634360
87,9,3683.449436
87,10,3253.029108
87,11,3019.899317
87,12,2804.239525
87,13,2570.703571
87,14,2479.365926
87,15,2303.364462
87,17,2199.626607
87,19,2191.037429
87,22,2147.649414
88,6,7480.195745
88,7,5805.151494
88,8,4112.634360
88,9,3683.449436
88,10,3253.029108
88,11,3019.899317
88,12,2804.239525
88,13,2570.703571
88,14,2479.365926
88,15,2303.364462
88,17,2199.626607
88,19,2191.037429
88,22,2147.649414
89,6,7480.195745
89,7,5805.151494
89,8,4112.634360
89,9,3683.449436
89,10,3253.029108
89,11,3019.899317
89,12,2804.239525
89,13,2570.703571
89,14,2479.365926
89,15,2303.364462
89,17,2199.626607
89,19,2191.037429
89,22,2147.649414
90,6,7218.063074
90,7,5805.151494
90,8,4112.634360
90,9,3683.449436
90,10,3253.029108
90,11,3019.899317
90,12,2804.239525
90,13,2570.703571
90,14,2479.365926
90,15,2303.364462
90,17,2199.626607
90,19,2191.037429
90,22,2135.601106
91,6,7218.063074
91,7,5805.151494
91,8,4112.634360
91,9,3683.449436
91,10,3253.029108
91,11,3019.899317
91,12,2804.239525
91,13,2570.703571
91,14,2479.365926
91,15,2303.364462
91,17,2199.626607
91,19,2191.037429
91,21,2155.592131
91,22,2135.601106
92,6,7218.063074
92,7,5805.151494
92,8,4112.634360
92,9,3683.449436
92,10,3253.029108
92,11,3019.899317
92,12,2804.239525
92,13,2570.703571
92,14,2479.365926
92,15,2303.364462
92,17,2199.626607
92,19,2191.037429
92,21,2155.592131
92,22,2135.601106
93,6,7218.063074
93,7,5805.151494
93,8,4112.634360
93,9,3683.449436
93,10,3253.029108
93,11,3019.899317
93,12,2804.239525
93,13,2570.703571
93,14,2457.257187
93,15,2303.364462
93,17,2199.626607
93,19,2191.037429
93,21,2155.592131
93,22,2135.601106
94,6,7218.063074
94,7,5805.151494
94,8,4112.634360
94,9,3683.449436
94,10,3253.029108
94,11,3019.899317
94,12,2801.079772
94,13,2570.703571
94,14,2457.257187
94,15,2303.364462
94,17,2199.626607
94,19,2191.037429
94,20,2175.148022
94,21,2155.592131
94,22,2135.601106
95,6,7218.063074
95,7,5805.151494
95,8,4112.634360
95,9,3683.449436
95,10,3253.029108
95,11,3019.899317
95,12,2801.079772
95,13,2570.703571
95,14,2457.257187
95,15,2185.727481
95,20,2175.148022
95,21,2155.592131
95,22,2135.601106
96,6,7218.063074
96,7,5805.151494
96,8,4112.634360
96,9,3683.449436
96,10,3253.029108
96,11,3019.899317
96,12,2801.079772
96,13,2570.703571
96,14,2457.257187
96,15,2185.727481
96,20,2175.148022
96,21,2155.592131
96,22,2135.601106
97,5,13876.460962
97,6,7218.063074
97,7,5805.151494
97,8,4112.634360
97,9,3683.449436
97,10,3253.029108
97,11,2935.735710
97,12,2801.079772
97,13,2570.703571
97,14,2457.257187
97,15,2185.727481
97,20,2175.148022
97,21,2155.592131
97,22,2135.601106
98,5,13876.460962
98,6,7218.063074
98,7,5805.151494
98,8,4112.634360
98,9,3683.449436
98,10,3253.029108
98,11,2935.735710
98,12,2801.079772
98,13,2570.703571
98,14,2402.690859
98,15,2185.727481
98,20,2175.148022
98,21,2155.592131
98,22,2135.601106
99,5,13876.460962
99,6,7218.063074
99,7,5463.600278
99,8,4112.634360
99,9,3683.449436
99,10,3253.029108
99,11,2935.735710
99,12,2801.079772
99,13,2570.703571
99,14,2402.690859
99,15,2185.727481
99,20,2175.148022
99,21,2155.592131
99,22,2135.601106
100,5,13876.460962
100,6,7218.063074
100,7,5463.600278
100,8,4112.634360
100,9,3683.449436
100,10,3253.029108
100,11,2935.735710
100,12,2801.079772
100,13,2570.703571
100,14,2402.690859
100,15,2185.727481
100,20,2175.148022
100,21,2155.592131
100,22,2135.601106
101,5,13876.460962
101,6,7218.063074
101,7,5368.794770
101,8,4112.634360
101,9,3683.449436
101,10,3253.029108
101,11,2935.735710
101,12,2801.079772
101,13,2570.703571
101,14,2397.516987
101,15,2185.727481
101,20,2165.701603
101,21,2155.592131
101,22,2135.601106
102,5,13876.460962
102,6,7218.063074
102,7,5368.794770
102,8,4112.634360
102,9,3683.449436
102,10,3253.029108
102,11,2935.735710
102,12,2801.079772
102,13,2570.703571
102,14,2387.766068
102,15,2185.727481
102,20,2165.701603
102,21,2155.592131
102,22,2135.601106
103,5,13876.460962
103,6,7218.063074
103,7,5368.794770
103,8,4112.634360
103,9,3683.449436
103,10,3253.029108
103,11,2935.735710
103,12,2801.079772
103,13,2570.703571
103,14,2387.766068
103,15,2185.727481
103,20,2165.701603
103,21,2155.592131
103,22,2135.601106
104,5,13876.460962
104,6,7218.063074
104,7,5368.794770
104,8,4112.634360
104,9,3683.449436
104,10,3253.029108
104,11,2935.735710
104,12,2801.079772
104,13,2570.703571
104,14,2387.766068
104,15,2185.727481
104,20,2165.701603
104,21,2155.592131
104,22,2135.601106
105,5,13876.460962
105,6,7218.063074
105,7,5368.794770
105,8,4112.634360
105,9,3683.449436
105,10,3253.029108
105,11,2935.735710
105,12,2801.079772
105,13,2570.703571
105,14,2387.766068
105,15,2185.727481
105,20,2165.701603
105,21,2155.592131
105,22,2135.601106
106,5,13876.460962
106,6,7218.063074
106,7,5368.794770
106,8,4112.634360
106,9,3683.449436
106,10,3253.029108
106,11,2935.735710
106,12,2801.079772
106,13,2570.703571
106,14,2387.766068
106,15,2185.727481
106,20,2165.701603
106,21,2155.592131
106,22,2135.601106
107,5,13876.460962
107,6,7218.063074
107,7,5368.794770
107,8,4112.634360
107,9,3683.449436
107,10,3253.029108
107,11,2935.735710
107,12,2801.079772
107,13,2570.703571
107,14,2387.766068
107,15,2185.727481
107,20,2165.701603
107,21,2155.592131
107,22,2135.601106
108,5,13876.460962
108,6,7218.063074
108,7,5368.794770
108,8,4112.634360
108,9,3683.449436
108,10,3253.029108
108,11,2935.735710
108,12,2801.079772
108,13,2570.703571
108,14,2387.766068
108,15,2185.727481
108,20,2165.701603
108,21,2155.592131
108,22,2135.601106
109,5,13876.460962
109,6,7218.063074
109,7,5368.794770
109,8,4112.634360
109,9,3683.449436
109,10,3253.029108
109,11,2935.735710
109,12,2801.079772
109,13,2570.703571
109,14,2387.766068
109,15,2185.727481
109,20,2165.701603
109,21,2155.592131
109,22,2135.601106
110,5,13876.460962
110,6,7218.063074
110,7,5368.794770
110,8,4112.634360
110,9,3683.449436
110,10,3253.029108
110,11,2935.735710
110,12,2801.079772
110,13,2570.703571
110,14,2387.766068
110,15,2185.727481
110,20,2165.701603
110,21,2155.592131
110,22,2135.601106
111,5,13876.460962
111,6,7218.063074
111,7,5368.794770
111,8,4112.634360
111,9,3683.449436
111,10,3253.029108
111,11,2935.735710
111,12,2801.079772
111,13,2570.703571
111,14,2387.766068
111,15,2185.727481
111,20,2165.701603
111,21,2155.592131
111,22,2135.601106
112,5,13876.460962
112,6,7218.063074
112,7,5368.794770
112,8,4112.634360
112,9,3683.449436
112,10,3253.029108
112,11,2935.735710
112,12,2792.186268
112,13,2570.703571
112,14,2387.766068
112,15,2185.727481
112,20,2165.701603
112,21,2155.592131
112,22,2135.601106
113,5,13876.460962
113,6,7218.063074
113,7,5368.794770
113,8,4112.634360
113,9,3683.449436
113,10,3253.029108
113,11,2935.735710
113,12,2792.186268
113,13,2570.703571
113,14,2387.766068
113,15,2185.727481
113,20,2165.701603
113,21,2155.592131
113,22,2135.601106
114,5,13876.460962
114,6,7218.063074
114,7,5368.794770
114,8,4112.634360
114,9,3683.449436
114,10,3253.029108
114,11,2935.735710
114,12,2792.186268
114,13,2570.703571
114,14,2387.766068
114,15,2185.727481
114,20,2165.701603
114,21,2155.592131
114,22,2135.601106
115,5,13876.460962
115,6,7218.063074
115,7,5368.794770
115,8,4112.634360
115,9,3683.449436
115,10,3253.029108
115,11,2935.735710
115,12,2792.186268
115,13,2570.703571
115,14,2387.766068
115,15,2185.727481
115,20,2165.701603
115,21,2155.592131
115,22,2135.601106
116,5,13876.460962
116,6,7218.063074
116,7,5368.794770
116,8,4112.634360
116,9,3683.449436
116,10,3253.029108
116,11,2935.735710
116,12,2792.186268
116,13,2570.703571
116,14,2387.766068
116,15,2185.727481
116,20,2165.701603
116,21,2155.592131
116,22,2135.601106
117,5,13876.460962
117,6,7218.063074
117,7,5368.794770
117,8,4112.634360
117,9,3683.449436
117,10,3253.029108
117,11,2935.735710
117,12,2792.186268
117,13,2570.703571
117,14,2387.766068
117,15,2185.727481
117,20,2157.270078
117,21,2153.337636
117,22,2135.601106
118,5,13876.460962
118,6,7210.660572
118,7,5368.794770
118,8,4112.634360
118,9,3683.449436
118,10,3253.029108
118,11,2935.735710
118,12,2792.186268
118,13,2570.703571
118,14,2387.766068
118,15,2185.727481
118,20,2157.270078
118,21,2153.337636
118,22,2135.601106
119,5,13876.460962
119,6,7210.660572
119,7,5368.794770
119,8,4112.634360
119,9,3683.449436
119,10,3253.029108
119,11,2935.735710
119,12,2792.186268
119,13,2570.703571
119,14,2387.766068
119,15,2185.727481
119,20,2157.270078
119,21,2153.337636
119,22,2135.601106
120,5,13876.460962
120,6,7210.660572
120,7,5368.794770
120,8,4112.634360
120,9,3683.449436
120,10,3253.029108
120,11,2935.735710
120,12,2792.186268
120,13,2570.703571
120,14,2387.766068
120,15,2185.727481
120,20,2157.270078
120,21,2153.337636
120,22,2135.601106
121,5,13876.460962
121,6,7210.660572
121,7,5368.794770
121,8,4112.634360
121,9,3683.449436
121,10,3253.029108
121,11,2935.735710
121,12,2719.844518
121,13,2570.703571
121,14,2387.766068
121,15,2185.727481
121,20,2157.270078
121,21,2153.337636
121,22,2135.601106
122,5,13876.460962
122,6,7210.660572
122,7,5368.794770
122,8,4112.634360
122,9,3683.449436
122,10,3253.029108
122,11,2935.735710
122,12,2719.844518
122,13,2570.703571
122,14,2387.766068
122,15,2185.727481
122,20,2157.270078
122,21,2153.337636
122,22,2135.601106
123,5,13876.460962
123,6,7210.660572
123,7,5368.794770
123,8,4112.634360
123,9,3683.449436
123,10,3253.029108
123,11,2935.735710
123,12,2719.844518
123,13,2570.703571
123,14,2387.766068
123,15,2185.727481
123,20,2157.270078
123,21,2153.337636
123,22,2135.601106
124,5,13876.460962
124,6,7210.660572
124,7,5368.794770
124,8,4112.634360
124,9,3683.449436
124,10,3253.029108
124,11,2935.735710
124,12,2719.844518
124,13,2570.703571
124,14,2387.766068
124,15,2185.727481
124,20,2157.270078
124,21,2153.337636
124,22,2135.601106
125,5,13876.460962
125,6,7210.660572
125,7,5368.794770
125,8,4112.634360
125,9,3683.449436
125,10,3253.029108
125,11,2935.735710
125,12,2719.844518
125,13,2489.970579
125,14,2387.766068
125,15,2185.727481
125,19,2146.569962
125,22,2135.601106
126,5,13876.460962
126,6,7210.660572
126,7,5368.794770
126,8,4112.634360
126,9,3683.449436
126,10,3253.029108
126,11,2935.735710
126,12,2719.844518
126,13,2489.970579
126,14,2387.766068
126,15,2185.727481
126,19,2146.569962
126,22,2135.601106
127,5,13876.460962
127,6,7210.660572
127,7,5368.794770
127,8,4112.634360
127,9,3683.449436
127,10,3253.029108
127,11,2859.184529
127,12,2719.844518
127,13,2489.970579
127,14,2387.766068
127,15,2185.727481
127,19,2146.569962
127,22,2135.601106
128,5,13876.460962
128,6,7210.660572
128,7,5368.794770
128,8,4112.634360
128,9,3683.449436
128,10,3253.029108
128,11,2859.184529
128,12,2719.844518
128,13,2489.970579
128,14,2387.766068
128,15,2185.727481
128,19,2146.569962
128,22,2135.601106
129,5,13876.460962
129,6,7210.660572
129,7,5368.794770
129,8,4112.634360
129,9,3683.449436
129,10,3253.029108
129,11,2859.184529
129,12,2719.844518
129,13,2489.970579
129,14,2387.766068
129,15,2185.727481
129,19,2146.569962
129,22,2135.601106
130,5,13679.969026
130,6,7210.660572
130,7,5368.794770
130,8,4112.634360
130,9,3683.449436
130,10,3253.029108
130,11,2859.184529
130,12,2719.844518
130,13,2489.970579
130,14,2387.766068
130,15,2185.727481
130,19,2146.569962
130,22,2135.601106
131,5,13679.969026
131,6,7210.660572
131,7,5368.794770
131,8,4112.634360
131,9,3683.449436
131,10,3253.029108
131,11,2859.184529
131,12,2719.844518
131,13,2489.970579
131,14,2387.766068
131,15,2185.727481
131,19,2146.569962
131,22,2135.601106
132,5,13679.969026
132,6,7210.660572
132,7,5368.794770
132,8,4112.634360
132,9,3683.449436
132,10,3253.029108
132,11,2859.184529
132,12,2711.090382
132,13,2489.970579
132,14,2387.766068
132,15,2185.727481
132,19,2146.569962
132,22,2135.601106
133,5,13679.969026
133,6,7210.660572
133,7,5368.794770
133,8,4112.634360
133,9,3683.449436
133,10,3253.029108
133,11,2859.184529
133,12,2711.090382
133,13,2489.970579
133,14,2387.766068
133,15,2185.727481
133,19,2146.569962
133,22,2135.601106
134,5,13679.969026
134,6,7210.660572
134,7,5368.794770
134,8,4112.634360
134,9,3683.449436
134,10,3253.029108
134,11,2859.184529
134,12,2711.090382
134,13,2489.970579
134,14,2387.766068
134,15,2185.727481
134,19,2146.569962
134,22,2135.601106
135,5,13679.969026
135,6,7210.660572
135,7,5027.813337
135,8,4112.634360
135,9,3683.449436
135,10,3253.029108
135,11,2859.184529
135,12,2711.090382
135,13,2462.350637
135,14,2387.766068
135,15,2185.727481
135,19,2146.569962
135,22,2135.601106
136,5,13679.969026
136,6,7210.660572
136,7,5027.813337
136,8,4112.634360
136,9,3683.449436
136,10,3253.029108
136,11,2859.184529
136,12,2677.544014
136,13,2462.350637
136,14,2387.766068
136,15,2185.727481
136,19,2146.569962
136,22,2135.601106
137,5,13553.146115
137,6,7210.660572
137,7,5027.813337
137,8,4112.634360
137,9,3683.449436
137,10,3253.029108
137,11,2859.184529
137,12,2677.544014
137,13,2462.350637
137,14,2387.766068
137,15,2185.727481
137,19,2146.569962
137,22,2135.601106
138,5,13553.146115
138,6,7210.660572
138,7,5019.929213
138,8,4112.634360
138,9,3683.449436
138,10,3253.029108
138,11,2859.184529
138,12,2677.544014
138,13,2462.350637
138,14,2387.766068
138,15,2185.727481
138,19,2146.569962
138,22,2135.601106
139,5,13553.146115
139,6,7210.660572
139,7,5019.929213
139,8,4112.634360
139,9,3683.449436
139,10,3253.029108
139,11,2859.184529
139,12,2677.544014
139,13,2462.350637
139,14,2387.766068
139,15,2185.727481
139,19,2146.569962
139,22,2135.601106
140,5,13553.146115
140,6,6776.520320
140,7,5019.929213
140,8,4112.634360
140,9,3657.429685
140,10,3253.029108
140,11,2859.184529
140,12,2677.544014
140,13,2462.350637
140,14,2386.943890
140,15,2185.727481
140,19,2146.569962
140,22,2135.601106
141,5,13553.146115
141,6,6776.520320
141,7,5019.929213
141,8,4112.634360
141,9,3657.429685
141,10,3253.029108
141,11,2859.184529
141,12,2677.544014
141,13,2462.350637
141,14,2386.943890
141,15,2185.727481
141,19,2146.569962
141,22,2135.601106
142,5,13553.146115
142,6,6776.520320
142,7,5019.929213
142,8,4112.634360
142,9,3657.429685
142,10,3253.029108
142,11,2859.184529
142,12,2677.544014
142,13,2462.350637
142,14,2386.943890
142,15,2185.727481
142,19,2146.569962
142,22,2135.601106
143,5,13553.146115
143,6,6776.520320
143,7,5019.929213
143,8,4112.634360
143,9,3657.429685
143,10,3253.029108
143,11,2859.184529
143,12,2677.544014
143,13,2462.350637
143,14,2386.943890
143,15,2185.727481
143,19,2146.569962
143,22,2135.601106
144,5,13553.146115
144,6,6776.520320
144,7,5019.929213
144,8,4112.634360
144,9,3657.429685
144,10,3253.029108
144,11,2859.184529
144,12,2677.544014
144,13,2462.350637
144,14,2386.943890
144,15,2185.727481
144,19,2146.569962
144,22,2135.601106
144,23,2125.375149
145,5,13553.146115
145,6,6776.520320
145,7,5019.929213
145,8,4112.634360
145,9,3657.429685
145,10,3253.029108
145,11,2859.184529
145,12,2677.544014
145,13,2462.350637
145,14,2386.943890
145,15,2185.727481
145,19,2146.569962
145,22,2135.601106
145,23,2125.375149
146,5,13553.146115
146,6,6776.520320
146,7,5019.929213
146,8,4112.634360
146,9,3657.429685
146,10,3253.029108
146,11,2859.184529
146,12,2677.544014
146,13,2462.350637
146,14,2386.943890
146,15,2185.727481
146,19,2146.569962
146,22,2135.601106
146,23,2125.375149
147,5,13553.146115
147,6,6776.520320
147,7,5019.929213
147,8,4112.634360
147,9,3657.429685
147,10,3253.029108
147,11,2859.184529
147,12,2677.544014
147,13,2462.350637
147,14,2386.943890
147,15,2185.727481
147,19,2146.569962
147,22,2135.601106
147,23,2125.375149
148,5,13553.146115
148,6,6776.520320
148,7,5019.929213
148,8,4112.634360
148,9,3657.429685
148,10,3253.029108
148,11,2859.184529
148,12,2677.544014
148,13,2462.350637
148,14,2386.943890
148,15,2185.727481
148,19,2146.569962
148,22,2135.601106
148,23,2125.375149
149,5,13553.146115
149,6,6776.520320
149,7,5019.929213
149,8,4112.634360
149,9,3657.429685
149,10,3253.029108
149,11,2859.184529
149,12,2677.544014
149,13,2462.350637
149,14,2386.943890
149,15,2185.727481
149,19,2146.569962
149,22,2135.601106
149,23,2125.375149
150,5,13553.146115
150,6,6776.520320
150,7,5019.929213
150,8,4112.634360
150,9,3657.429685
150,10,3253.029108
150,11,2859.184529
150,12,2677.544014
150,13,2462.350637
150,14,2386.943890
150,15,2185.727481
150,19,2146.569962
150,21,2099.313031
151,5,13553.146115
151,6,6776.520320
151,7,5019.929213
151,8,4112.634360
151,9,3657.429685
151,10,3253.029108
151,11,2859.184529
151,12,2677.544014
151,13,2462.350637
151,14,2386.943890
151,15,2185.727481
151,19,2146.569962
151,21,2099.313031
152,5,13553.146115
152,6,6776.520320
152,7,5019.929213
152,8,4112.634360
152,9,3657.429685
152,10,3253.029108
152,11,2859.184529
152,12,2677.544014
152,13,2462.350637
152,14,2386.943890
152,15,2185.727481
152,19,2146.569962
152,21,2099.313031
153,5,13553.146115
153,6,6776.520320
153,7,5019.929213
153,8,4112.634360
153,9,3657.429685
153,10,3253.029108
153,11,2859.184529
153,12,2677.544014
153,13,2462.350637
153,14,2386.943890
153,15,2185.727481
153,19,2146.569962
153,21,2099.313031
154,5,13553.146115
154,6,6776.520320
154,7,5019.929213
154,8,4112.634360
154,9,3657.429685
154,10,3253.029108
154,11,2859.184529
154,12,2677.544014
154,13,2462.350637
154,14,2386.943890
154,15,2185.727481
154,19,2146.569962
154,21,2099.313031
155,5,13553.146115
155,6,6776.520320
155,7,5019.929213
155,8,4112.634360
155,9,3657.429685
155,10,3253.029108
155,11,2859.184529
155,12,2677.544014
155,13,2287.382458
155,15,2185.727481
155,19,2146.569962
155,21,2099.313031
156,5,13553.146115
156,6,6776.520320
156,7,5019.929213
156,8,4112.634360
156,9,3657.429685
156,10,3253.029108
156,11,2859.184529
156,12,2677.544014
156,13,2287.382458
156,15,2185.727481
156,19,2146.569962
156,21,2099.313031
157,5,13553.146115
157,6,6776.520320
157,7,5019.929213
157,8,4112.634360
157,9,3657.429685
157,10,3253.029108
157,11,2859.184529
157,12,2677.544014
157,13,2287.382458
157,15,2185.727481
157,19,2146.569962
157,21,2099.313031
158,5,13553.146115
158,6,6776.520320
158,7,5019.929213
158,8,4112.634360
158,9,3657.429685
158,10,3253.029108
158,11,2859.184529
158,12,2677.544014
158,13,2287.382458
158,15,2185.727481
158,19,2146.569962
158,21,2099.313031
159,5,13553.146115
159,6,6776.520320
159,7,5019.929213
159,8,4112.634360
159,9,3657.429685
159,10,3253.029108
159,11,2859.184529
159,12,2677.544014
159,13,2287.382458
159,15,2185.727481
159,19,2146.569962
159,21,2099.313031
160,5,13553.146115
160,6,6776.520320
160,7,5019.929213
160,8,4112.634360
160,9,3657.429685
160,10,3253.029108
160,11,2859.184529
160,12,2677.544014
160,13,2287.382458
160,15,2185.727481
160,19,2146.569962
160,21,2099.313031
161,5,13553.146115
161,6,6776.520320
161,7,5019.929213
161,8,4112.634360
161,9,3657.429685
161,10,3253.029108
161,11,2859.184529
161,12,2677.544014
161,13,2287.382458
161,15,2185.727481
161,18,2180.832389
161,19,2146.569962
161,21,2099.313031
162,5,13553.146115
162,6,6776.520320
162,7,5019.929213
162,8,4112.634360
162,9,3657.429685
162,10,3253.029108
162,11,2859.184529
162,12,2677.544014
162,13,2287.382458
162,15,2185.727481
162,18,2180.832389
162,19,2146.569962
162,21,2099.313031
163,5,13553.146115
163,6,6776.520320
163,7,5019.929213
163,8,4112.634360
163,9,3657.429685
163,10,3253.029108
163,11,2859.184529
163,12,2677.544014
163,13,2287.382458
163,15,2185.727481
163,18,2180.832389
163,19,2146.569962
163,21,2099.313031
164,5,13553.146115
164,6,6776.520320
164,7,5019.929213
164,8,4112.634360
164,9,3657.429685
164,10,3253.029108
164,11,2745.795206
164,12,2677.544014
164,13,2287.382458
164,15,2185.727481
164,18,2180.832389
164,19,2146.569962
164,21,2099.313031
165,5,13553.146115
165,6,6776.520320
165,7,5019.929213
165,8,4112.634360
165,9,3657.429685
165,10,3253.029108
165,11,2745.795206
165,12,2677.544014
165,13,2287.382458
165,15,2185.727481
165,18,2180.832389
165,19,2146.569962
165,21,2099.313031
166,5,13553.146115
166,6,6776.520320
166,7,5019.929213
166,8,4112.634360
166,9,3657.429685
166,10,3253.029108
166,11,2745.795206
166,12,2677.544014
166,13,2287.382458
166,15,2185.727481
166,18,2180.832389
166,19,2146.569962
166,21,2099.313031
167,5,13553.146115
167,6,6776.520320
167,7,5019.929213
167,8,4112.634360
167,9,3657.429685
167,10,3253.029108
167,11,2745.795206
167,12,2677.544014
167,13,2287.382458
167,15,2185.727481
167,18,2180.832389
167,19,2146.569962
167,21,2099.313031
168,5,13553.146115
168,6,6776.520320
168,7,5019.929213
168,8,4112.634360
168,9,3657.429685
168,10,3253.029108
168,11,2745.795206
168,12,2677.544014
168,13,2287.382458
168,15,2185.727481
168,18,2180.832389
168,19,2146.569962
168,21,2099.313031
169,5,13553.146115
169,6,6776.520320
169,7,5019.929213
169,8,4112.634360
169,9,3397.441455
169,10,3253.029108
169,11,2745.795206
169,12,2677.544014
169,13,2287.382458
169,15,2185.727481
169,18,2180.832389
169,19,2146.569962
169,21,2099.313031
170,5,13553.146115
170,6,6776.520320
170,7,5019.929213
170,8,4112.634360
170,9,3397.441455
170,10,3253.029108
170,11,2586.390410
170,13,2287.382458
170,15,2185.727481
170,18,2180.832389
170,19,2133.203094
170,21,2099.313031
171,5,13553.146115
171,6,6776.520320
171,7,5019.929213
171,8,4112.634360
171,9,3397.441455
171,10,3253.029108
171,11,2586.390410
171,13,2287.382458
171,15,2185.727481
171,18,2180.832389
171,19,2133.203094
171,21,2099.313031
172,5,13553.146115
172,6,6776.520320
172,7,5019.929213
172,8,4112.634360
172,9,3397.441455
172,10,3253.029108
172,11,2586.390410
172,13,2287.382458
172,15,2185.727481
172,18,2180.832389
172,19,2133.203094
172,21,2099.313031
173,5,13553.146115
173,6,6776.520320
173,7,5019.929213
173,8,4112.634360
173,9,3397.441455
173,10,3253.029108
173,11,2586.390410
173,13,2287.382458
173,15,2185.727481
173,18,2180.832389
173,19,2133.203094
173,21,2099.313031
174,5,13553.146115
174,6,6776.520320
174,7,5019.929213
174,8,4112.634360
174,9,3397.441455
174,10,3253.029108
174,11,2586.390410
174,13,2287.382458
174,15,2185.727481
174,18,2180.832389
174,19,2133.203094
174,21,2099.313031
175,5,13553.146115
175,6,6776.520320
175,7,5019.929213
175,8,4112.634360
175,9,3397.441455
175,10,3253.029108
175,11,2586.390410
175,13,2287.382458
175,15,2185.727481
175,18,2180.832389
175,19,2133.203094
175,21,2086.899131
176,5,13553.146115
176,6,6776.520320
176,7,5019.929213
176,8,4112.634360
176,9,3397.441455
176,10,3253.029108
176,11,2586.390410
176,13,2287.382458
176,15,2185.727481
176,18,2180.832389
176,19,2133.203094
176,21,2086.899131
177,5,13553.146115
177,6,6776.520320
177,7,5019.929213
177,8,4112.634360
177,9,3397.441455
177,10,3253.029108
177,11,2586.390410
177,13,2287.382458
177,15,2185.727481
177,18,2180.832389
177,19,2133.203094
177,21,2086.899131
178,5,13553.146115
178,6,6776.520320
178,7,5019.929213
178,8,4112.634360
178,9,3397.441455
178,10,3253.029108
178,11,2586.390410
178,13,2287.382458
178,15,2185.727481
178,18,2175.300747
178,19,2133.203094
178,21,2086.899131
179,5,13553.146115
179,6,6776.520320
179,7,5019.929213
179,8,4112.634360
179,9,3397.441455
179,10,3253.029108
179,11,2586.390410
179,13,2287.382458
179,15,2185.727481
179,18,2175.300747
179,19,2133.203094
179,21,2086.899131
180,5,13553.146115
180,6,6409.726404
180,7,5019.929213
180,8,4112.634360
180,9,3397.441455
180,10,3253.029108
180,11,2586.390410
180,13,2287.382458
180,15,2165.903364
180,17,2132.558844
180,20,2052.980912
181,5,13553.146115
181,6,6409.726404
181,7,5019.929213
181,8,4112.634360
181,9,3397.441455
181,10,3149.635080
181,11,2586.390410
181,13,2287.382458
181,15,2165.903364
181,17,2132.558844
181,19,2109.820966
181,20,2052.980912
182,5,13553.146115
182,6,6409.726404
182,7,5019.929213
182,8,4112.634360
182,9,3397.441455
182,10,3149.635080
182,11,2586.390410
182,12,2461.607405
182,13,2287.382458
182,15,2165.903364
182,17,2132.558844
182,19,2109.820966
182,20,2052.980912
183,5,13553.146115
183,6,6409.726404
183,7,5019.929213
183,8,4112.634360
183,9,3397.441455
183,10,3149.635080
183,11,2586.390410
183,12,2461.607405
183,13,2287.382458
183,15,2165.903364
183,17,2132.558844
183,19,2109.820966
183,20,2052.980912
184,5,13553.146115
184,6,5948.986784
184,7,5019.929213
184,8,4112.634360
184,9,3397.441455
184,10,3149.635080
184,11,2586.390410
184,12,2461.607405
184,13,2287.382458
184,15,2165.903364
184,17,2132.558844
184,19,2109.820966
184,20,2052.980912
185,5,13553.146115
185,6,5948.986784
185,7,5019.929213
185,8,4112.634360
185,9,3397.441455
185,10,3126.386051
185,11,2586.390410
185,12,2461.607405
185,13,2287.382458
185,15,2165.903364
185,17,2132.558844
185,18,2016.846801
186,5,13553.146115
186,6,5948.986784
186,7,5019.929213
186,8,4112.634360
186,9,3397.441455
186,10,2980.058831
186,11,2586.390410
186,12,2461.607405
186,13,2287.382458
186,15,2165.903364
186,17,2132.558844
186,18,2016.846801
187,5,13553.146115
187,6,5948.986784
187,7,5019.929213
187,8,4112.634360
187,9,3397.441455
187,10,2980.058831
187,11,2586.390410
187,12,2461.607405
187,13,2287.382458
187,15,2165.903364
187,17,2132.558844
187,18,2016.846801
188,5,13553.146115
188,6,5948.986784
188,7,5019.929213
188,8,4112.634360
188,9,3397.441455
188,10,2980.058831
188,11,2586.390410
188,12,2461.607405
188,13,2287.382458
188,15,2165.903364
188,17,2132.558844
188,18,2016.846801
189,5,13553.146115
189,6,5948.986784
189,7,5019.929213
189,8,4012.022483
189,9,3397.441455
189,10,2980.058831
189,11,2586.390410
189,12,2461.607405
189,13,2287.382458
189,15,2165.903364
189,17,2132.558844
189,18,2016.846801
190,5,13553.146115
190,6,5948.986784
190,7,5019.929213
190,8,4012.022483
190,9,3397.441455
190,10,2980.058831
190,11,2586.390410
190,12,2461.607405
190,13,2287.382458
190,15,2165.903364
190,17,2132.558844
190,18,2016.846801
191,5,13553.146115
191,6,5948.986784
191,7,5019.929213
191,8,4012.022483
191,9,3397.441455
191,10,2980.058831
191,11,2586.390410
191,12,2461.607405
191,13,2287.382458
191,15,2165.903364
191,17,2132.558844
191,18,2016.846801
192,5,13553.146115
192,6,5948.986784
192,7,5019.929213
192,8,4012.022483
192,9,3397.441455
192,10,2980.058831
192,11,2586.390410
192,12,2461.607405
192,13,2287.382458
192,15,2165.903364
192,16,2125.103683
192,18,2016.846801
193,5,13553.146115
193,6,5948.986784
193,7,5019.929213
193,8,4012.022483
193,9,3397.441455
193,10,2980.058831
193,11,2586.390410
193,12,2461.607405
193,13,2287.382458
193,15,2165.903364
193,16,2125.103683
193,18,2016.846801
194,5,13553.146115
194,6,5948.986784
194,7,5019.929213
194,8,3891.033976
194,9,3397.441455
194,10,2980.058831
194,11,2586.390410
194,12,2461.607405
194,13,2287.382458
194,15,2165.903364
194,16,2125.103683
194,18,2016.846801
195,5,13553.146115
195,6,5948.986784
195,7,4766.839109
195,8,3891.033976
195,9,3397.441455
195,10,2980.058831
195,11,2586.390410
195,12,2461.607405
195,13,2251.392391
195,14,2238.346916
195,15,2165.903364
195,16,2125.103683
195,18,2016.846801
196,5,13553.146115
196,6,5948.986784
196,7,4766.839109
196,8,3891.033976
196,9,3397.441455
196,10,2980.058831
196,11,2586.390410
196,12,2461.607405
196,13,2251.392391
196,14,2238.346916
196,15,2165.903364
196,16,2125.103683
196,18,2016.846801
197,5,13553.146115
197,6,5948.986784
197,7,4766.839109
197,8,3891.033976
197,9,3397.441455
197,10,2970.551939
197,11,2586.390410
197,12,2461.607405
197,13,2251.392391
197,14,2238.346916
197,15,2165.903364
197,16,2125.103683
197,18,2016.846801
198,5,13553.146115
198,6,5948.986784
198,7,4766.839109
198,8,3891.033976
198,9,3397.441455
198,10,2970.551939
198,11,2586.390410
198,12,2461.607405
198,13,2251.392391
198,14,2238.346916
198,15,2165.903364
198,16,2125.103683
198,18,2016.846801
199,5,12753.414146
199,6,5948.986784
199,7,4766.839109
199,8,3891.033976
199,9,3397.441455
199,10,2970.551939
199,11,2586.390410
199,12,2461.607405
199,13,2251.392391
199,14,2238.346916
199,15,2165.903364
199,16,2125.103683
199,18,2016.846801
200,5,12753.414146
200,6,5948.986784
200,7,4766.839109
200,8,3891.033976
200,9,3339.525331
200,10,2970.551939
200,11,2586.390410
200,12,2461.607405
200,13,2251.392391
200,14,2238.346916
200,15,2165.903364
200,16,2125.103683
200,18,2016.846801
201,5,12753.414146
201,6,5948.986784
201,7,4766.839109
201,8,3891.033976
201,9,3339.525331
201,10,2970.551939
201,11,2586.390410
201,12,2461.607405
201,13,2251.392391
201,14,2236.035810
201,15,2165.903364
201,16,2125.103683
201,18,2016.846801
202,5,12753.414146
202,6,5948.986784
202,7,4766.839109
202,8,3891.033976
202,9,3339.525331
202,10,2970.551939
202,11,2586.390410
202,12,2461.607405
202,13,2251.392391
202,14,2236.035810
202,15,2165.903364
202,16,2125.103683
202,18,2016.846801
203,5,12753.414146
203,6,5948.986784
203,7,4766.839109
203,8,3891.033976
203,9,3339.525331
203,10,2970.551939
203,11,2586.390410
203,12,2461.607405
203,13,2251.392391
203,14,2236.035810
203,15,2165.903364
203,16,2125.103683
203,18,2016.846801
204,5,12753.414146
204,6,5948.986784
204,7,4766.839109
204,8,3891.033976
204,9,3339.525331
204,10,2970.551939
204,11,2586.390410
204,12,2461.607405
204,13,2251.392391
204,14,2236.035810
204,15,2165.903364
204,16,2125.103683
204,18,2016.846801
205,5,12753.414146
205,6,5948.986784
205,7,4766.839109
205,8,3891.033976
205,9,3339.525331
205,10,2970.551939
205,11,2586.390410
205,12,2461.607405
205,13,2251.392391
205,14,2236.035810
205,15,2165.903364
205,16,2125.103683
205,18,2016.846801
206,5,12753.414146
206,6,5948.986784
206,7,4766.839109
206,8,3891.033976
206,9,3339.525331
206,10,2970.551939
206,11,2586.390410
206,12,2461.607405
206,13,2251.392391
206,14,2236.035810
206,15,2165.903364
206,16,2125.103683
206,18,2016.846801
207,5,12753.414146
207,6,5948.986784
207,7,4766.839109
207,8,3891.033976
207,9,3339.525331
207,10,2970.551939
207,11,2586.390410
207,12,2461.607405
207,13,2251.392391
207,14,2236.035810
207,15,2165.903364
207,16,2125.103683
207,18,2016.846801
208,5,12753.414146
208,6,5948.986784
208,7,4766.839109
208,8,3891.033976
208,9,3339.525331
208,10,2801.166216
208,11,2586.390410
208,12,2461.607405
208,13,2251.392391
208,14,2236.035810
208,15,2165.903364
208,16,2125.103683
208,18,2016.846801
209,5,12753.414146
209,6,5948.986784
209,7,4766.839109
209,8,3891.033976
209,9,3339.525331
209,10,2801.166216
209,11,2586.390410
209,12,2461.607405
209,13,2251.392391
209,14,2236.035810
209,15,2165.903364
209,16,2125.103683
209,18,2016.846801
210,5,12753.414146
210,6,5948.986784
210,7,4766.839109
210,8,3891.033976
210,9,3339.525331
210,10,2801.166216
210,11,2586.390410
210,12,2461.607405
210,13,2251.392391
210,14,2236.035810
210,15,2165.903364
210,16,2125.103683
210,18,2016.846801
211,5,12753.414146
211,6,5576.041685
211,7,4766.839109
211,8,3891.033976
211,9,3339.525331
211,10,2801.166216
211,11,2586.390410
211,12,2461.607405
211,13,2251.392391
211,14,2236.035810
211,15,2165.903364
211,16,2125.103683
211,18,2016.846801
212,5,12753.414146
212,6,5576.041685
212,7,4766.839109
212,8,3891.033976
212,9,3339.525331
212,10,2801.166216
212,11,2586.390410
212,12,2461.607405
212,13,2251.392391
212,14,2236.035810
212,15,2165.903364
212,16,2125.103683
212,18,2016.846801
213,5,12753.414146
213,6,5576.041685
213,7,4766.839109
213,8,3891.033976
213,9,3339.525331
213,10,2801.166216
213,11,2586.390410
213,12,2461.607405
213,13,2251.392391
213,14,2236.035810
213,15,2165.903364
213,16,2125.103683
213,18,2016.846801
214,5,12753.414146
214,6,5576.041685
214,7,4766.839109
214,8,3891.033976
214,9,3339.525331
214,10,2801.166216
214,11,2586.390410
214,12,2461.607405
214,13,2251.392391
214,14,2236.035810
214,15,2165.903364
214,16,2125.103683
214,18,2016.846801
215,5,12753.414146
215,6,5576.041685
215,7,4766.839109
215,8,3891.033976
215,9,3339.525331
215,10,2801.166216
215,11,2586.390410
215,12,2432.259812
215,13,2228.971574
215,15,2165.903364
215,16,2125.103683
215,18,2016.846801
216,5,12753.414146
216,6,5576.041685
216,7,4766.839109
216,8,3891.033976
216,9,3339.525331
216,10,2801.166216
216,11,2586.390410
216,12,2432.259812
216,13,2228.971574
216,15,2165.903364
216,16,2125.103683
216,18,2016.846801
217,5,12753.414146
217,6,5576.041685
217,7,4766.839109
217,8,3891.033976
217,9,3339.525331
217,10,2801.166216
217,11,2586.390410
217,12,2432.259812
217,13,2228.971574
217,15,2165.903364
217,16,2125.103683
217,17,2093.911617
217,18,2016.846801
218,5,12753.414146
218,6,5576.041685
218,7,4766.839109
218,8,3891.033976
218,9,3339.525331
218,10,2801.166216
218,11,2586.390410
218,12,2432.259812
218,13,2228.971574
218,15,2165.903364
218,16,2125.103683
218,17,2093.911617
218,18,2016.846801
219,5,12753.414146
219,6,5576.041685
219,7,4766.839109
219,8,3891.033976
219,9,3339.525331
219,10,2801.166216
219,11,2586.390410
219,12,2432.259812
219,13,2228.971574
219,15,2165.903364
219,16,2125.103683
219,17,2093.911617
219,18,2016.846801
220,5,12753.414146
220,6,5576.041685
220,7,4766.839109
220,8,3891.033976
220,9,3239.470915
220,10,2801.166216
220,11,2568.208858
220,12,2432.259812
220,13,2228.971574
220,15,2165.903364
220,16,2125.103683
220,17,2093.911617
220,18,2016.846801
221,5,12753.414146
221,6,5576.041685
221,7,4766.839109
221,8,3891.033976
221,9,3239.470915
221,10,2801.166216
221,11,2568.208858
221,12,2432.259812
221,13,2228.971574
221,15,2165.903364
221,16,2125.103683
221,17,2093.911617
221,18,2016.846801
222,5,12753.414146
222,6,5576.041685
222,7,4766.839109
222,8,3852.022580
222,9,3239.470915
222,10,2801.166216
222,11,2568.208858
222,12,2432.259812
222,13,2228.971574
222,15,2165.903364
222,16,2125.103683
222,17,2093.911617
222,18,2016.846801
223,5,12753.414146
223,6,5576.041685
223,7,4766.839109
223,8,3852.022580
223,9,3239.470915
223,10,2801.166216
223,11,2568.208858
223,12,2432.259812
223,13,2228.971574
223,15,2165.903364
223,16,2125.103683
223,17,2093.911617
223,18,2016.846801
224,5,12753.414146
224,6,5576.041685
224,7,4766.839109
224,8,3852.022580
224,9,3239.470915
224,10,2801.166216
224,11,2568.208858
224,12,2432.259812
224,13,2228.971574
224,15,2165.903364
224,16,2125.103683
224,17,2093.911617
224,18,2016.846801
225,5,12753.414146
225,6,5576.041685
225,7,4766.839109
225,8,3767.872744
225,9,3239.470915
225,10,2801.166216
225,11,2565.130233
225,12,2381.805581
225,13,2189.492009
225,15,2086.467571
225,18,2016.846801
226,5,12753.414146
226,6,5576.041685
226,7,4766.839109
226,8,3767.872744
226,9,3239.470915
226,10,2801.166216
226,11,2565.130233
226,12,2381.805581
226,13,2189.492009
226,15,2086.467571
226,18,2016.846801
227,5,12753.414146
227,6,5576.041685
227,7,4766.839109
227,8,3767.872744
227,9,3239.470915
227,10,2801.166216
227,11,2565.130233
227,12,2381.805581
227,13,2189.492009
227,15,2086.467571
227,18,2016.846801
228,5,12753.414146
228,6,5576.041685
228,7,4766.839109
228,8,3767.872744
228,9,3239.470915
228,10,2801.166216
228,11,2565.130233
228,12,2381.805581
228,13,2189.492009
228,15,2086.467571
228,18,2016.846801
229,5,12753.414146
229,6,5576.041685
229,7,4766.839109
229,8,3767.872744
229,9,3239.470915
229,10,2781.348993
229,11,2565.130233
229,12,2381.805581
229,13,2189.492009
229,15,2086.467571
229,18,2016.846801
230,5,12753.414146
230,6,5576.041685
230,7,4766.839109
230,8,3767.872744
230,9,3239.470915
230,10,2781.348993
230,11,2565.130233
230,12,2381.805581
230,13,2149.466685
230,15,2086.467571
230,18,2016.846801
231,5,12753.414146
231,6,5576.041685
231,7,4766.839109
231,8,3767.872744
231,9,3239.470915
231,10,2781.348993
231,11,2565.130233
231,12,2381.805581
231,13,2149.466685
231,15,2086.467571
231,18,2016.846801
232,5,12753.414146
232,6,5576.041685
232,7,4766.839109
232,8,3767.872744
232,9,3239.470915
232,10,2781.348993
232,11,2565.130233
232,12,2381.805581
232,13,2149.466685
232,15,2086.467571
232,18,2016.846801
233,5,12753.414146
233,6,5576.041685
233,7,4766.839109
233,8,3767.872744
233,9,3239.470915
233,10,2781.348993
233,11,2565.130233
233,12,2381.805581
233,13,2149.466685
233,15,2086.467571
233,18,2016.846801
234,5,12753.414146
234,6,5576.041685
234,7,4766.839109
234,8,3767.872744
234,9,3235.040193
234,10,2781.348993
234,11,2565.130233
234,12,2381.805581
234,13,2149.466685
234,15,2086.467571
234,17,2086.463015
234,18,2016.846801
235,5,12753.414146
235,6,5576.041685
235,7,4686.344170
235,8,3767.872744
235,9,3235.040193
235,10,2781.348993
235,11,2565.130233
235,12,2381.805581
235,13,2149.466685
235,15,2086.467571
235,17,2069.551402
235,18,2016.846801
236,5,12753.414146
236,6,5576.041685
236,7,4686.344170
236,8,3767.872744
236,9,3235.040193
236,10,2781.348993
236,11,2565.130233
236,12,2381.805581
236,13,2149.466685
236,15,2086.467571
236,17,2069.551402
236,18,2016.846801
237,5,12753.414146
237,6,5576.041685
237,7,4686.344170
237,8,3767.872744
237,9,3235.040193
237,10,2781.348993
237,11,2565.130233
237,12,2381.805581
237,13,2149.466685
237,15,2086.467571
237,17,2069.551402
237,18,2016.846801
238,5,12753.414146
238,6,5576.041685
238,7,4686.344170
238,8,3767.872744
238,9,3235.040193
238,10,2781.348993
238,11,2565.130233
238,12,2381.805581
238,13,2149.466685
238,15,2086.467571
238,17,2069.551402
238,18,2016.846801
239,5,12753.414146
239,6,5576.041685
239,7,4686.344170
239,8,3767.872744
239,9,3218.501770
239,10,2781.348993
239,11,2565.130233
239,12,2381.805581
239,13,2149.466685
239,15,2086.467571
239,17,2069.551402
239,18,2016.846801
240,5,12753.414146
240,6,5576.041685
240,7,4686.344170
240,8,3767.872744
240,9,3218.501770
240,10,2781.348993
240,11,2565.130233
240,12,2381.805581
240,13,2149.466685
240,15,2086.467571
240,17,2069.551402
240,18,2016.846801
241,5,12753.414146
241,6,5576.041685
241,7,4686.344170
241,8,3767.872744
241,9,3218.501770
241,10,2781.348993
241,11,2565.130233
241,12,2381.805581
241,13,2149.466685
241,15,2086.467571
241,17,2069.551402
241,18,2016.846801
242,5,12753.414146
242,6,5576.041685
242,7,4686.344170
242,8,3729.907571
242,9,3218.501770
242,10,2781.348993
242,11,2565.130233
242,12,2381.805581
242,13,2149.466685
242,15,2086.467571
242,17,2069.551402
242,18,2016.846801
243,5,12753.414146
243,6,5576.041685
243,7,4686.344170
243,8,3729.907571
243,9,3218.501770
243,10,2781.348993
243,11,2565.130233
243,12,2381.805581
243,13,2149.466685
243,15,2086.467571
243,17,2069.551402
243,18,2016.846801
244,5,12753.414146
244,6,5576.041685
244,7,4686.344170
244,8,3616.866729
244,9,3218.501770
244,10,2781.348993
244,11,2565.130233
244,12,2381.805581
244,13,2149.466685
244,15,2086.467571
244,17,2069.551402
244,18,2016.846801
245,5,12753.414146
245,6,5576.041685
245,7,4686.344170
245,8,3616.866729
245,9,3163.780838
245,10,2781.348993
245,11,2565.130233
245,12,2381.805581
245,13,2149.466685
245,15,2086.467571
245,17,2069.551402
245,18,2016.846801
246,5,12753.414146
246,6,5576.041685
246,7,4686.344170
246,8,3616.866729
246,9,3163.780838
246,10,2781.348993
246,11,2565.130233
246,12,2381.805581
246,13,2149.466685
246,15,2086.467571
246,17,2069.551402
246,18,2016.846801
247,5,12753.414146
247,6,5576.041685
247,7,4686.344170
247,8,3616.866729
247,9,3163.780838
247,10,2781.348993
247,11,2531.656940
247,12,2381.805581
247,13,2149.466685
247,15,2086.467571
247,17,2069.551402
247,18,2016.846801
248,5,12753.414146
248,6,5576.041685
248,7,4686.344170
248,8,3616.866729
248,9,3163.780838
248,10,2781.348993
248,11,2531.656940
248,12,2381.805581
248,13,2149.466685
248,15,2086.467571
248,17,2069.551402
248,18,2016.846801
249,5,12753.414146
249,6,5576.041685
249,7,4686.344170
249,8,3616.866729
249,9,3163.780838
249,10,2781.348993
249,11,2531.656940
249,12,2381.805581
249,13,2149.466685
249,15,2086.467571
249,17,2069.551402
249,18,2016.846801
250,5,12753.414146
250,6,5576.041685
250,7,4686.344170
250,8,3616.866729
250,9,3163.780838
250,10,2781.348993
250,11,2531.656940
250,12,2381.805581
250,13,2149.466685
250,15,2086.467571
250,17,2069.551402
250,18,2016.846801
251,5,12753.414146
251,6,5576.041685
251,7,4686.344170
251,8,3616.866729
251,9,3163.780838
251,10,2781.348993
251,11,2531.656940
251,12,2381.805581
251,13,2149.466685
251,15,2086.467571
251,17,2069.551402
251,18,2016.846801
252,5,12753.414146
252,6,5576.041685
252,7,4535.005910
252,8,3616.866729
252,9,3163.780838
252,10,2781.348993
252,11,2531.656940
252,12,2381.805581
252,13,2149.466685
252,15,2086.467571
252,17,2069.551402
252,18,2016.846801
253,5,12753.414146
253,6,5576.041685
253,7,4535.005910
253,8,3616.866729
253,9,3163.780838
253,10,2781.348993
253,11,2531.656940
253,12,2381.805581
253,13,2149.466685
253,15,2086.467571
253,17,2069.551402
253,18,2016.846801
254,5,12753.414146
254,6,5576.041685
254,7,4535.005910
254,8,3616.866729
254,9,3163.780838
254,10,2781.348993
254,11,2531.656940
254,12,2381.805581
254,13,2149.466685
254,15,2086.467571
254,17,2069.551402
254,18,2016.846801
255,5,12753.414146
255,6,5576.041685
255,7,4535.005910
255,8,3616.866729
255,9,3163.780838
255,10,2781.348993
255,11,2531.656940
255,12,2381.805581
255,13,2149.466685
255,15,2086.467571
255,17,2069.551402
255,18,2016.846801
256,5,12753.414146
256,6,5576.041685
256,7,4535.005910
256,8,3616.866729
256,9,3163.780838
256,10,2781.348993
256,11,2531.656940
256,12,2381.805581
256,13,2149.466685
256,15,2086.467571
256,17,2069.551402
256,18,2016.846801
257,5,12753.414146
257,6,5576.041685
257,7,4535.005910
257,8,3616.866729
257,9,3095.248819
257,10,2781.348993
257,11,2531.656940
257,12,2381.805581
257,13,2149.466685
257,15,2086.467571
257,17,2069.551402
257,18,2016.846801
258,5,12753.414146
258,6,5576.041685
258,7,4535.005910
258,8,3616.866729
258,9,3095.248819
258,10,2781.348993
258,11,2531.656940
258,12,2381.805581
258,13,2149.466685
258,15,2086.467571
258,17,2069.551402
258,18,2016.846801
259,5,12753.414146
259,6,5576.041685
259,7,4535.005910
259,8,3616.866729
259,9,3095.248819
259,10,2781.348993
259,11,2531.656940
259,12,2381.805581
259,13,2149.466685
259,15,2086.467571
259,17,2069.551402
259,18,2016.846801
260,5,12753.414146
260,6,5576.041685
260,7,4535.005910
260,8,3616.866729
260,9,3095.248819
260,10,2781.348993
260,11,2531.656940
260,12,2381.805581
260,13,2149.466685
260,15,2086.467571
260,17,2069.551402
260,18,2016.846801
261,5,12753.414146
261,6,5576.041685
261,7,4535.005910
261,8,3616.866729
261,9,3095.248819
261,10,2781.348993
261,11,2531.656940
261,12,2381.805581
261,13,2149.466685
261,15,2086.467571
261,17,2069.551402
261,18,2016.846801
262,5,12753.414146
262,6,5576.041685
262,7,4535.005910
262,8,3616.866729
262,9,3095.248819
262,10,2781.348993
262,11,2531.656940
262,12,2381.805581
262,13,2149.466685
262,15,2086.467571
262,17,2069.551402
262,18,2016.846801
263,5,12753.414146
263,6,5576.041685
263,7,4535.005910
263,8,3616.866729
263,9,3095.248819
263,10,2781.348993
263,11,2531.656940
263,12,2381.805581
263,13,2149.466685
263,15,2086.467571
263,17,2069.551402
263,18,2016.846801
264,5,12753.414146
264,6,5576.041685
264,7,4535.005910
264,8,3616.866729
264,9,3095.248819
264,10,2781.348993
264,11,2531.656940
264,12,2381.805581
264,13,2149.466685
264,15,2086.467571
264,17,2069.551402
264,18,2016.846801
265,5,12753.414146
265,6,5576.041685
265,7,4535.005910
265,8,3616.866729
265,9,3095.248819
265,10,2780.110181
265,11,2531.656940
265,12,2375.140903
265,13,2149.466685
265,15,2086.467571
265,17,2069.551402
265,18,2016.846801
266,5,12753.414146
266,6,5576.041685
266,7,4535.005910
266,8,3616.866729
266,9,3095.248819
266,10,2780.110181
266,11,2531.656940
266,12,2375.140903
266,13,2149.466685
266,15,2086.467571
266,17,2069.551402
266,18,2016.846801
267,5,12753.414146
267,6,5576.041685
267,7,4535.005910
267,8,3616.866729
267,9,3095.248819
267,10,2780.110181
267,11,2531.656940
267,12,2375.140903
267,13,2149.466685
267,15,2086.467571
267,17,2069.551402
267,18,2016.846801
268,5,12753.414146
268,6,5576.041685
268,7,4535.005910
268,8,3616.866729
268,9,3095.248819
268,10,2780.110181
268,11,2531.656940
268,12,2375.140903
268,13,2149.466685
268,15,2086.467571
268,17,2069.551402
268,18,2016.846801
269,5,12753.414146
269,6,5576.041685
269,7,4535.005910
269,8,3616.866729
269,9,3095.248819
269,10,2780.110181
269,11,2531.656940
269,12,2375.140903
269,13,2149.466685
269,15,2086.467571
269,17,2069.551402
269,18,2016.846801
270,5,12753.414146
270,6,5576.041685
270,7,4535.005910
270,8,3527.356209
270,9,3095.248819
270,10,2780.110181
270,11,2531.656940
270,12,2375.140903
270,13,2149.466685
270,15,2086.467571
270,17,2069.551402
270,18,2016.846801
271,5,12753.414146
271,6,5576.041685
271,7,4516.419050
271,8,3527.356209
271,9,3095.248819
271,10,2780.110181
271,11,2531.656940
271,12,2375.140903
271,13,2149.466685
271,15,2086.467571
271,17,2069.551402
271,18,2016.846801
272,5,12753.414146
272,6,5576.041685
272,7,4516.419050
272,8,3527.356209
272,9,3095.248819
272,10,2780.110181
272,11,2531.656940
272,12,2375.140903
272,13,2149.466685
272,15,2086.467571
272,17,2069.551402
272,18,2016.846801
273,5,12753.414146
273,6,5576.041685
273,7,4516.419050
273,8,3527.356209
273,9,3095.248819
273,10,2780.110181
273,11,2531.656940
273,12,2375.140903
273,13,2149.466685
273,15,2086.467571
273,17,2069.551402
273,18,2016.846801
274,5,12753.414146
274,6,5576.041685
274,7,4516.419050
274,8,3527.356209
274,9,3049.421715
274,10,2780.110181
274,11,2531.656940
274,12,2375.140903
274,13,2149.466685
274,15,2086.467571
274,17,2069.551402
274,18,2016.846801
275,5,12753.414146
275,6,5576.041685
275,7,4516.419050
275,8,3527.356209
275,9,3049.421715
275,10,2780.110181
275,11,2531.656940
275,12,2375.140903
275,13,2149.466685
275,15,2086.467571
275,17,2069.551402
275,18,2016.846801
276,5,9074.089625
276,6,5576.041685
276,7,4516.419050
276,8,3527.356209
276,9,3049.421715
276,10,2780.110181
276,11,2531.656940
276,12,2375.140903
276,13,2149.466685
276,15,2086.467571
276,17,2069.551402
276,18,2016.846801
277,5,9074.089625
277,6,5576.041685
277,7,4516.419050
277,8,3527.356209
277,9,3049.421715
277,10,2780.110181
277,11,2531.656940
277,12,2375.140903
277,13,2149.466685
277,15,2086.467571
277,17,2069.551402
277,18,2016.846801
278,5,9074.089625
278,6,5576.041685
278,7,4516.419050
278,8,3527.356209
278,9,3049.421715
278,10,2780.110181
278,11,2531.656940
278,12,2375.140903
278,13,2149.466685
278,15,2086.467571
278,17,2069.551402
278,18,2016.846801
279,5,9074.089625
279,6,5576.041685
279,7,4516.419050
279,8,3527.356209
279,9,3049.421715
279,10,2780.110181
279,11,2513.855982
279,12,2375.140903
279,13,2149.466685
279,15,2086.467571
279,17,2069.551402
279,18,2016.846801
280,5,9074.089625
280,6,5576.041685
280,7,4516.419050
280,8,3378.443404
280,9,3049.421715
280,10,2780.110181
280,11,2513.855982
280,12,2375.140903
280,13,2149.466685
280,15,2086.467571
280,17,2066.204888
280,18,2016.846801
281,5,9074.089625
281,6,5576.041685
281,7,4516.419050
281,8,3378.443404
281,9,3049.421715
281,10,2780.110181
281,11,2513.855982
281,12,2375.140903
281,13,2149.466685
281,15,2086.467571
281,17,2066.204888
281,18,2016.846801
282,5,9074.089625
282,6,5576.041685
282,7,4516.419050
282,8,3378.443404
282,9,3049.421715
282,10,2780.110181
282,11,2513.855982
282,12,2375.140903
282,13,2149.466685
282,15,2086.467571
282,17,2066.204888
282,18,2016.846801
283,5,9074.089625
283,6,5576.041685
283,7,4516.419050
283,8,3378.443404
283,9,3049.421715
283,10,2780.110181
283,11,2513.855982
283,12,2352.272197
283,13,2149.466685
283,15,2086.467571
283,17,2066.204888
283,18,2016.846801
284,5,9074.089625
284,6,5576.041685
284,7,4516.419050
284,8,3378.443404
284,9,3049.421715
284,10,2780.110181
284,11,2513.855982
284,12,2352.272197
284,13,2149.466685
284,15,2086.467571
284,17,2066.204888
284,18,2016.846801
285,5,9074.089625
285,6,5576.041685
285,7,4516.419050
285,8,3378.443404
285,9,3049.421715
285,10,2780.110181
285,11,2481.550586
285,12,2352.272197
285,13,2149.466685
285,15,2086.467571
285,17,2005.185361
286,5,9074.089625
286,6,5576.041685
286,7,4516.419050
286,8,3378.443404
286,9,3049.421715
286,10,2780.110181
286,11,2481.550586
286,12,2352.272197
286,13,2149.466685
286,15,2086.467571
286,17,2005.185361
287,5,9074.089625
287,6,5576.041685
287,7,4516.419050
287,8,3378.443404
287,9,3049.421715
287,10,2780.110181
287,11,2481.550586
287,12,2352.272197
287,13,2149.466685
287,15,2086.467571
287,17,2005.185361
288,5,9074.089625
288,6,5576.041685
288,7,4516.419050
288,8,3378.443404
288,9,3049.421715
288,10,2780.110181
288,11,2481.550586
288,12,2352.272197
288,13,2149.466685
288,15,2086.467571
288,17,2005.185361
289,5,9074.089625
289,6,5576.041685
289,7,4516.419050
289,8,3378.443404
289,9,3049.421715
289,10,2780.110181
289,11,2481.550586
289,12,2352.272197
289,13,2149.466685
289,15,2086.467571
289,17,2005.185361
290,5,9074.089625
290,6,5576.041685
290,7,4516.419050
290,8,3378.443404
290,9,3047.476102
290,10,2780.110181
290,11,2481.550586
290,12,2352.272197
290,13,2109.590621
290,15,2086.467571
290,17,2005.185361
291,5,9074.089625
291,6,5576.041685
291,7,4516.419050
291,8,3378.443404
291,9,3047.476102
291,10,2780.110181
291,11,2481.550586
291,12,2352.272197
291,13,2109.590621
291,15,2086.467571
291,17,2005.185361
292,5,9074.089625
292,6,5576.041685
292,7,4516.419050
292,8,3378.443404
292,9,3047.476102
292,10,2712.879455
292,11,2481.550586
292,12,2352.272197
292,13,2109.590621
292,15,2086.467571
292,17,2005.185361
293,5,9074.089625
293,6,5576.041685
293,7,4516.419050
293,8,3378.443404
293,9,3047.476102
293,10,2712.879455
293,11,2481.550586
293,12,2352.272197
293,13,2109.590621
293,15,2086.467571
293,17,2005.185361
294,5,9074.089625
294,6,5576.041685
294,7,4516.419050
294,8,3378.443404
294,9,3047.476102
294,10,2712.879455
294,11,2481.550586
294,12,2352.272197
294,13,2109.590621
294,15,2086.467571
294,17,2005.185361
295,5,9074.089625
295,6,5576.041685
295,7,4516.419050
295,8,3378.443404
295,9,3047.476102
295,10,2712.879455
295,11,2481.550586
295,12,2352.272197
295,13,2109.590621
295,15,2086.467571
295,17,2005.185361
296,5,9074.089625
296,6,5576.041685
296,7,4516.419050
296,8,3378.443404
296,9,3047.476102
296,10,2712.879455
296,11,2481.550586
296,12,2352.272197
296,13,2109.590621
296,15,2086.467571
296,17,2005.185361
297,5,9074.089625
297,6,5576.041685
297,7,4516.419050
297,8,3378.443404
297,9,3047.476102
297,10,2671.072277
297,11,2481.550586
297,12,2352.272197
297,13,2109.590621
297,15,2086.467571
297,17,2005.185361
298,5,9074.089625
298,6,5576.041685
298,7,4516.419050
298,8,3378.443404
298,9,3047.476102
298,10,2671.072277
298,11,2481.550586
298,12,2352.272197
298,13,2109.590621
298,15,2086.467571
298,17,2005.185361
299,5,9074.089625
299,6,5576.041685
299,7,4516.419050
299,8,3378.443404
299,9,3047.476102
299,10,2671.072277
299,11,2481.550586
299,12,2352.272197
299,13,2109.590621
299,15,2086.467571
299,17,2005.185361
300,5,9074.089625
300,6,5576.041685
300,7,4498.953821
300,8,3378.443404
300,9,3047.476102
300,10,2671.072277
300,11,2481.550586
300,12,2352.272197
300,13,2109.590621
300,15,2086.467571
300,17,2005.185361
301,5,9074.089625
301,6,5576.041685
301,7,4498.953821
301,8,3378.443404
301,9,3047.476102
301,10,2671.072277
301,11,2481.550586
301,12,2352.272197
301,13,2109.590621
301,15,2086.467571
301,17,2005.185361
302,5,9074.089625
302,6,5576.041685
302,7,4498.953821
302,8,3378.443404
302,9,3047.476102
302,10,2671.072277
302,11,2481.550586
302,12,2352.272197
302,13,2109.590621
302,15,2086.467571
302,17,2005.185361
303,5,9074.089625
303,6,5576.041685
303,7,4470.264809
303,8,3378.443404
303,9,3047.476102
303,10,2671.072277
303,11,2481.550586
303,12,2352.272197
303,13,2109.590621
303,15,2086.467571
303,17,2005.185361
304,5,9074.089625
304,6,5576.041685
304,7,4470.264809
304,8,3378.443404
304,9,3047.476102
304,10,2671.072277
304,11,2481.550586
304,12,2352.272197
304,13,2109.590621
304,15,2086.467571
304,17,2005.185361
305,5,9074.089625
305,6,5576.041685
305,7,4470.264809
305,8,3378.443404
305,9,3047.476102
305,10,2671.072277
305,11,2481.550586
305,12,2352.272197
305,13,2109.590621
305,15,2086.467571
305,17,2005.185361
306,5,9074.089625
306,6,5576.041685
306,7,4470.264809
306,8,3378.443404
306,9,3047.476102
306,10,2671.072277
306,11,2481.550586
306,12,2320.028399
306,13,2109.590621
306,15,2086.467571
306,17,2005.185361
307,5,9074.089625
307,6,5576.041685
307,7,4470.264809
307,8,3378.443404
307,9,3047.476102
307,10,2671.072277
307,11,2481.550586
307,12,2320.028399
307,13,2109.590621
307,15,2086.467571
307,17,2005.185361
308,5,9074.089625
308,6,5576.041685
308,7,4470.264809
308,8,3378.443404
308,9,3047.476102
308,10,2671.072277
308,11,2481.550586
308,12,2320.028399
308,13,2109.590621
308,15,2086.467571
308,17,2005.185361
309,5,9074.089625
309,6,5576.041685
309,7,4470.264809
309,8,3378.443404
309,9,3047.476102
309,10,2671.072277
309,11,2481.550586
309,12,2320.028399
309,13,2109.590621
309,15,2086.467571
309,17,2005.185361
310,5,9074.089625
310,6,5576.041685
310,7,4470.264809
310,8,3378.443404
310,9,3047.476102
310,10,2671.072277
310,11,2481.550586
310,12,2320.028399
310,13,2109.590621
310,15,2086.467571
310,17,2005.185361
311,5,9074.089625
311,6,5576.041685
311,7,4470.264809
311,8,3378.443404
311,9,3047.476102
311,10,2671.072277
311,11,2481.550586
311,12,2320.028399
311,13,2109.590621
311,15,2086.467571
311,17,2005.185361
312,5,9074.089625
312,6,5576.041685
312,7,4390.315347
312,8,3378.443404
312,9,3047.476102
312,10,2671.072277
312,11,2481.550586
312,12,2320.028399
312,13,2109.590621
312,15,2086.467571
312,17,2005.185361
313,5,9074.089625
313,6,5576.041685
313,7,4390.315347
313,8,3378.443404
313,9,3047.476102
313,10,2671.072277
313,11,2481.550586
313,12,2320.028399
313,13,2109.590621
313,15,2086.467571
313,17,2005.185361
314,5,9074.089625
314,6,5576.041685
314,7,4390.315347
314,8,3378.443404
314,9,3047.476102
314,10,2671.072277
314,11,2481.550586
314,12,2320.028399
314,13,2109.590621
314,15,2086.467571
314,17,2005.185361
315,5,9074.089625
315,6,5576.041685
315,7,4356.908083
315,8,3378.443404
315,9,3047.476102
315,10,2671.072277
315,11,2481.550586
315,12,2320.028399
315,13,2109.590621
315,15,2086.467571
315,17,2005.185361
316,5,9074.089625
316,6,5576.041685
316,7,4356.908083
316,8,3378.443404
316,9,3047.476102
316,10,2671.072277
316,11,2481.550586
316,12,2320.028399
316,13,2109.590621
316,15,2086.467571
316,17,2005.185361
317,5,9074.089625
317,6,5576.041685
317,7,4356.908083
317,8,3378.443404
317,9,3047.476102
317,10,2671.072277
317,11,2481.550586
317,12,2320.028399
317,13,2109.590621
317,15,2086.467571
317,17,2005.185361
318,5,9074.089625
318,6,5576.041685
318,7,4356.908083
318,8,3378.443404
318,9,3047.476102
318,10,2671.072277
318,11,2481.550586
318,12,2320.028399
318,13,2109.590621
318,15,2086.467571
318,17,2005.185361
319,5,9074.089625
319,6,5576.041685
319,7,4268.167591
319,8,3378.443404
319,9,3047.476102
319,10,2671.072277
319,11,2481.550586
319,12,2320.028399
319,13,2109.590621
319,15,2086.467571
319,17,2005.185361
320,5,9074.089625
320,6,5576.041685
320,7,4268.167591
320,8,3378.443404
320,9,3047.476102
320,10,2671.072277
320,11,2481.550586
320,12,2320.028399
320,13,2109.590621
320,15,2086.467571
320,17,2005.185361
321,5,9074.089625
321,6,5576.041685
321,7,4268.167591
321,8,3378.443404
321,9,3047.476102
321,10,2671.072277
321,11,2481.550586
321,12,2320.028399
321,13,2109.590621
321,15,2086.467571
321,17,2005.185361
322,5,9074.089625
322,6,5576.041685
322,7,4268.167591
322,8,3378.443404
322,9,3047.476102
322,10,2671.072277
322,11,2457.655506
322,12,2320.028399
322,13,2109.590621
322,15,2086.467571
322,17,2005.185361
323,5,9074.089625
323,6,5576.041685
323,7,4268.167591
323,8,3378.443404
323,9,3047.476102
323,10,2671.072277
323,11,2457.655506
323,12,2320.028399
323,13,2109.590621
323,15,2086.467571
323,17,2005.185361
324,5,8662.505748
324,6,5576.041685
324,7,4268.167591
324,8,3378.443404
324,9,3047.476102
324,10,2671.072277
324,11,2457.655506
324,12,2320.028399
324,13,2109.590621
324,15,2086.467571
324,17,2005.185361
325,5,8522.136544
325,6,5576.041685
325,7,4268.167591
325,8,3378.443404
325,9,3047.476102
325,10,2671.072277
325,11,2457.655506
325,12,2320.028399
325,13,2109.590621
325,15,2086.467571
325,17,2005.185361
326,5,8522.136544
326,6,5576.041685
326,7,4268.167591
326,8,3378.443404
326,9,3047.476102
326,10,2671.072277
326,11,2457.655506
326,12,2320.028399
326,13,2109.590621
326,15,2086.467571
326,17,2005.185361
