Generation,NV,TOC
1,12,4107.401716
1,13,3784.062849
1,16,3671.145747
1,17,3003.305778
1,19,2630.372082
1,20,2446.634855
1,21,2369.693378
1,23,2323.994774
1,26,2302.424977
2,12,3843.480412
2,13,3784.062849
2,16,3400.404155
2,17,3003.305778
2,19,2630.372082
2,20,2446.634855
2,21,2369.693378
2,23,2323.994774
2,26,2302.424977
3,12,3843.480412
3,13,3784.062849
3,14,3669.746161
3,15,3265.065662
3,16,2938.360851
3,18,2835.425499
3,19,2630.372082
3,20,2446.634855
3,21,2369.693378
3,23,2323.994774
3,24,2323.097462
3,26,2302.424977
3,30,2289.315827
4,11,3835.977185
4,12,3679.643362
4,13,3449.860719
4,15,2870.390184
4,17,2793.655177
4,18,2571.476262
4,20,2446.634855
4,21,2369.693378
4,23,2323.994774
4,24,2314.227351
4,25,2304.600237
4,26,2302.424977
4,29,2296.079011
4,30,2289.315827
4,31,2233.795394
5,11,3835.977185
5,12,3679.643362
5,13,3356.095065
5,14,3069.458109
5,15,2870.390184
5,17,2793.655177
5,18,2571.476262
5,20,2446.634855
5,21,2369.693378
5,22,2346.075097
5,23,2323.994774
5,24,2314.227351
5,25,2300.285429
5,27,2293.579227
5,28,2279.005189
5,31,2233.795394
6,11,3835.977185
6,12,3679.643362
6,13,3124.860758
6,14,3069.458109
6,15,2870.390184
6,16,2782.025409
6,18,2571.476262
6,19,2461.512278
6,20,2446.634855
6,21,2354.282284
6,22,2335.817841
6,23,2323.994774
6,24,2289.036798
6,27,2284.308030
6,28,2245.743697
6,31,2233.795394
7,11,3687.011912
7,12,3679.643362
7,13,3124.860758
7,14,3069.458109
7,15,2870.390184
7,16,2782.025409
7,18,2548.438971
7,19,2461.512278
7,20,2409.558082
7,21,2354.282284
7,22,2335.817841
7,23,2323.994774
7,24,2289.036798
7,25,2243.298413
7,31,2233.795394
8,11,3687.011912
8,12,3266.286199
8,13,3124.860758
8,14,3069.458109
8,15,2748.745237
8,16,2676.742302
8,18,2518.266018
8,19,2411.902191
8,20,2409.558082
8,21,2354.282284
8,22,2322.870291
8,24,2289.036798
8,25,2243.298413
8,28,2228.105198
9,11,3687.011912
9,12,3266.286199
9,13,3006.982108
9,14,2998.999870
9,15,2748.745237
9,16,2676.742302
9,17,2528.021112
9,18,2518.266018
9,19,2411.902191
9,20,2318.706950
9,23,2290.728487
9,24,2289.036798
9,25,2243.298413
9,28,2228.105198
10,11,3687.011912
10,12,3159.460385
10,13,3006.982108
10,14,2821.188549
10,15,2748.745237
10,16,2661.741556
10,17,2528.021112
10,18,2518.266018
10,19,2411.902191
10,20,2318.706950
10,22,2294.983790
10,23,2264.656865
10,25,2241.459749
10,28,2228.105198
11,10,4066.591343
11,11,3687.011912
11,12,3159.460385
11,13,3006.982108
11,14,2821.188549
11,15,2748.745237
11,16,2583.357880
11,17,2528.021112
11,18,2518.266018
11,19,2411.902191
11,20,2318.706950
11,21,2288.780373
11,23,2264.656865
11,25,2241.459749
11,28,2228.105198
12,10,4066.591343
12,11,3687.011912
12,12,2999.489981
12,14,2630.182910
12,16,2518.465308
12,18,2411.958911
12,19,2397.122928
12,20,2318.706950
12,21,2288.780373
12,23,2264.656865
12,25,2241.459749
12,26,2226.968101
12,27,2205.701666
13,10,4066.591343
13,11,3609.835515
13,12,2999.489981
13,14,2630.182910
13,16,2518.465308
13,17,2394.956092
13,20,2318.706950
13,21,2288.780373
13,22,2273.839689
13,23,2264.656865
13,25,2241.459749
13,26,2219.342623
13,27,2205.701666
14,10,3683.421045
14,11,3225.925262
14,12,2999.489981
14,13,2825.985789
14,14,2630.182910
14,16,2518.465308
14,17,2394.956092
14,18,2363.938145
14,19,2339.335387
14,20,2318.706950
14,21,2288.780373
14,22,2273.839689
14,23,2262.380053
14,25,2241.459749
14,26,2219.342623
14,27,2205.701666
15,10,3683.421045
15,11,3225.925262
15,12,2999.489981
15,13,2825.082134
15,14,2630.182910
15,16,2518.465308
15,17,2394.956092
15,18,2363.938145
15,19,2339.335387
15,20,2318.706950
15,21,2288.780373
15,22,2273.839689
15,23,2262.380053
15,25,2238.073148
15,26,2219.342623
15,27,2196.177704
16,10,3683.421045
16,11,3225.925262
16,12,2999.489981
16,13,2825.082134
16,14,2630.182910
16,16,2465.289021
16,17,2394.956092
16,18,2322.544794
16,20,2296.156978
16,21,2288.780373
16,22,2273.839689
16,23,2262.380053
16,24,2237.000734
16,26,2189.825873
17,10,3552.494947
17,11,3225.925262
17,12,2999.489981
17,13,2728.850982
17,14,2622.098838
17,16,2465.289021
17,17,2394.956092
17,18,2322.544794
17,19,2296.607953
17,20,2296.156978
17,21,2288.780373
17,22,2241.317137
17,24,2237.000734
17,26,2189.825873
17,27,2180.886544
18,10,3552.494947
18,11,3225.925262
18,12,2999.489981
18,13,2728.850982
18,14,2622.098838
18,15,2550.109647
18,16,2350.197443
18,18,2313.250038
18,19,2251.527316
18,21,2186.675113
18,23,2157.222890
19,10,3552.494947
19,11,3225.925262
19,12,2795.194967
19,13,2728.850982
19,14,2622.098838
19,15,2415.972337
19,16,2350.197443
19,18,2313.250038
19,19,2251.527316
19,21,2186.675113
19,23,2157.222890
20,10,3552.494947
20,11,3166.517189
20,12,2795.194967
20,13,2728.850982
20,14,2622.098838
20,15,2415.972337
20,16,2350.197443
20,18,2313.250038
20,19,2251.527316
20,20,2233.640697
20,21,2186.675113
20,23,2157.222890
21,10,3552.494947
21,11,3166.517189
21,12,2795.194967
21,13,2728.850982
21,14,2622.098838
21,15,2415.972337
21,16,2350.197443
21,18,2313.250038
21,19,2251.527316
21,20,2233.640697
21,21,2186.675113
21,23,2157.222890
22,10,3552.494947
22,11,3024.421851
22,12,2795.194967
22,13,2728.850982
22,14,2614.309256
22,15,2415.972337
22,16,2350.197443
22,18,2313.196886
22,19,2223.230229
22,20,2187.972072
22,21,2186.675113
22,23,2157.222890
23,10,3552.494947
23,11,3024.421851
23,12,2712.562313
23,14,2614.309256
23,15,2415.972337
23,16,2301.638642
23,17,2289.028283
23,19,2223.230229
23,20,2143.409892
24,10,3552.494947
24,11,3024.421851
24,12,2712.562313
24,14,2468.179526
24,15,2415.972337
24,16,2301.638642
24,17,2289.028283
24,18,2265.662597
24,19,2223.230229
24,20,2143.409892
25,10,3245.466132
25,11,2973.993382
25,12,2712.562313
25,13,2644.394889
25,14,2468.179526
25,15,2415.972337
25,16,2301.638642
25,17,2289.028283
25,18,2265.662597
25,19,2223.230229
25,20,2143.409892
26,10,3084.793314
26,11,2973.993382
26,12,2709.004970
26,13,2644.394889
26,14,2468.179526
26,15,2415.972337
26,16,2301.638642
26,17,2283.428901
26,18,2265.662597
26,19,2223.230229
26,20,2143.409892
26,23,2132.243988
27,9,3352.117968
27,10,3084.793314
27,11,2968.485581
27,12,2709.004970
27,13,2644.394889
27,14,2468.179526
27,15,2415.972337
27,16,2301.638642
27,17,2283.428901
27,18,2265.662597
27,19,2223.230229
27,20,2142.541676
27,23,2132.243988
28,9,3352.117968
28,10,3084.793314
28,11,2924.375862
28,12,2627.402265
28,13,2536.045912
28,14,2365.847294
28,16,2234.942720
28,19,2209.249708
28,20,2140.165386
28,22,2125.409520
29,9,3260.036800
29,10,3084.793314
29,11,2888.278123
29,12,2627.402265
29,13,2536.045912
29,14,2365.847294
29,16,2234.942720
29,19,2209.249708
29,20,2134.591135
29,22,2125.409520
29,23,2123.509593
30,9,3260.036800
30,10,3031.487671
30,11,2884.768818
30,12,2627.402265
30,13,2536.045912
30,14,2365.847294
30,16,2234.942720
30,17,2194.456913
30,20,2134.591135
30,21,2130.335439
30,22,2102.559367
31,9,3260.036800
31,10,3031.487671
31,11,2884.768818
31,12,2627.402265
31,13,2536.045912
31,14,2365.847294
31,16,2234.942720
31,17,2194.456913
31,20,2130.991428
31,21,2130.335439
31,22,2102.559367
32,9,3260.036800
32,10,2982.672201
32,11,2884.768818
32,12,2627.402265
32,13,2481.269118
32,14,2365.847294
32,16,2234.942720
32,17,2194.456913
32,20,2130.991428
32,21,2130.335439
32,22,2102.559367
33,9,3260.036800
33,10,2982.672201
33,11,2615.268679
33,13,2363.750273
33,14,2310.595349
33,16,2203.516465
33,17,2194.456913
33,18,2127.087791
33,21,2088.022111
34,9,3260.036800
34,10,2982.672201
34,11,2615.268679
34,13,2363.750273
34,14,2310.595349
34,15,2211.717676
34,16,2171.796208
34,18,2127.087791
34,21,2081.295359
35,9,3198.394212
35,10,2982.672201
35,11,2615.268679
35,13,2363.750273
35,14,2310.595349
35,15,2211.717676
35,16,2171.796208
35,17,2130.512078
35,18,2127.087791
35,21,2080.757943
36,9,3198.394212
36,10,2974.695248
36,11,2615.268679
36,12,2497.943620
36,13,2363.750273
36,14,2310.595349
36,15,2180.751848
36,16,2171.796208
36,17,2130.512078
36,18,2127.087791
36,19,2086.307721
36,21,2080.757943
37,9,3198.394212
37,10,2889.157529
37,11,2615.268679
37,12,2497.943620
37,13,2363.750273
37,14,2310.595349
37,15,2180.751848
37,16,2171.796208
37,17,2094.525364
37,19,2086.307721
37,20,2083.175644
37,21,2080.757943
38,9,2831.389163
38,11,2615.268679
38,12,2497.943620
38,13,2335.965361
38,14,2300.117371
38,15,2173.012047
38,16,2147.442557
38,17,2094.525364
38,18,2064.393340
38,19,2057.094724
39,9,2831.389163
39,11,2507.598489
39,12,2497.943620
39,13,2297.151318
39,14,2210.899241
39,15,2173.012047
39,16,2147.442557
39,17,2094.525364
39,18,2064.393340
39,19,2057.094724
40,9,2831.389163
40,11,2507.598489
40,12,2358.249755
40,13,2297.151318
40,14,2210.899241
40,15,2157.901665
40,16,2147.442557
40,17,2094.525364
40,18,2064.393340
40,19,2053.586003
41,9,2831.389163
41,11,2507.598489
41,12,2358.249755
41,13,2297.151318
41,14,2210.899241
41,15,2157.901665
41,16,2147.442557
41,17,2094.525364
41,18,2059.109981
41,19,2053.586003
42,9,2831.389163
42,11,2507.598489
42,12,2358.249755
42,13,2297.151318
42,14,2210.899241
42,15,2139.137758
42,17,2094.525364
42,18,2059.109981
42,19,2053.586003
43,8,3325.668572
43,9,2831.389163
43,10,2791.295376
43,11,2507.598489
43,12,2319.824379
43,13,2228.700208
43,14,2210.899241
43,15,2076.392789
43,18,2047.791668
43,19,2036.679122
44,8,3118.851823
44,9,2831.389163
44,10,2754.374169
44,11,2334.052327
44,12,2319.824379
44,13,2228.700208
44,14,2210.899241
44,15,2076.392789
44,16,2067.796175
44,18,2047.791668
44,19,2036.679122
45,8,3118.851823
45,9,2831.389163
45,10,2754.374169
45,11,2233.065522
45,13,2215.539292
45,14,2210.899241
45,15,2076.392789
45,16,2067.796175
45,18,2047.791668
45,19,2036.679122
46,8,3118.851823
46,9,2831.389163
46,10,2754.374169
46,11,2233.065522
46,13,2215.539292
46,14,2101.902504
46,15,2076.392789
46,16,2067.796175
46,18,2047.791668
46,19,2036.679122
47,8,3118.851823
47,9,2831.389163
47,10,2754.374169
47,11,2233.065522
47,13,2215.539292
47,14,2101.902504
47,15,2076.392789
47,16,2067.796175
47,18,2047.791668
47,19,2036.679122
48,8,3118.851823
48,9,2792.987504
48,10,2754.374169
48,11,2233.065522
48,13,2215.539292
48,14,2101.902504
48,15,2068.456281
48,16,2067.796175
48,18,2028.213973
48,19,2023.910966
49,8,3098.154987
49,9,2792.987504
49,10,2425.052907
49,11,2233.065522
49,13,2215.539292
49,14,2101.902504
49,15,2068.456281
49,16,2067.796175
49,18,2028.213973
49,19,2006.502814
50,8,3098.154987
50,9,2792.987504
50,10,2425.052907
50,11,2233.065522
50,13,2214.779890
50,14,2101.902504
50,15,2068.456281
50,16,2067.796175
50,18,2012.743247
50,19,2006.502814
51,8,3098.154987
51,9,2723.825593
51,10,2425.052907
51,11,2233.065522
51,12,2152.937873
51,14,2099.705111
51,15,2068.456281
51,16,2067.796175
51,18,2009.863541
51,19,2006.502814
52,8,2993.578085
52,9,2723.825593
52,10,2425.052907
52,11,2233.065522
52,12,2152.937873
52,13,2104.967063
52,14,2099.705111
52,15,2068.456281
52,16,2067.796175
52,18,2009.863541
52,19,2006.502814
53,8,2969.270291
53,9,2723.825593
53,10,2425.052907
53,11,2233.065522
53,12,2138.843798
53,13,2104.967063
53,14,2099.705111
53,15,2068.456281
53,16,2067.796175
53,17,2000.896907
54,8,2969.270291
54,9,2723.825593
54,10,2425.052907
54,11,2233.065522
54,12,2138.843798
54,13,2104.967063
54,14,2099.705111
54,15,2068.456281
54,16,2067.796175
54,17,2000.896907
55,8,2955.599695
55,9,2723.825593
55,10,2425.052907
55,11,2233.065522
55,12,2138.843798
55,13,2104.967063
55,14,2099.705111
55,15,2068.456281
55,16,2067.796175
55,17,2000.896907
56,8,2955.599695
56,9,2723.825593
56,10,2425.052907
56,11,2233.065522
56,12,2138.843798
56,13,2104.967063
56,14,2099.705111
56,15,2068.456281
56,16,2060.926792
56,17,2000.896907
57,8,2955.599695
57,9,2723.825593
57,10,2425.052907
57,11,2199.025804
57,12,2138.843798
57,13,2104.967063
57,14,2099.705111
57,15,2068.456281
57,16,2060.397260
57,17,2000.896907
58,8,2955.599695
58,9,2723.825593
58,10,2397.411072
58,11,2199.025804
58,12,2138.843798
58,13,2104.967063
58,14,2082.766542
58,15,2056.786895
58,16,2045.702534
58,17,1991.210512
59,7,3218.249242
59,8,2955.599695
59,9,2609.140891
59,10,2397.411072
59,11,2199.025804
59,12,2138.843798
59,13,2104.967063
59,14,2082.766542
59,15,2056.786895
59,16,2045.702534
59,17,1991.210512
60,7,3218.249242
60,8,2850.708652
60,9,2609.140891
60,10,2353.416206
60,11,2191.870991
60,12,2138.843798
60,13,2104.967063
60,14,2082.766542
60,15,2056.786895
60,16,2045.702534
60,17,1991.210512
61,7,3218.249242
61,8,2850.708652
61,9,2609.140891
61,10,2353.416206
61,11,2189.077471
61,12,2138.843798
61,13,2104.967063
61,14,2082.766542
61,15,2042.895305
61,17,1991.210512
62,7,3218.249242
62,8,2850.708652
62,9,2592.730973
62,10,2353.416206
62,11,2189.077471
62,12,2138.843798
62,13,2104.967063
62,14,2082.766542
62,15,2042.895305
62,17,1991.210512
63,7,3218.249242
63,8,2850.708652
63,9,2482.714146
63,10,2353.416206
63,11,2127.797105
63,13,2065.597834
63,15,2042.895305
63,17,1990.064375
64,7,3206.584496
64,8,2850.708652
64,9,2482.714146
64,10,2353.416206
64,11,2127.797105
64,13,2065.597834
64,15,2042.895305
64,17,1990.064375
65,7,3206.584496
65,8,2845.683867
65,9,2482.714146
65,10,2353.416206
65,11,2127.797105
65,12,2120.221728
65,13,2065.597834
65,15,2042.895305
65,17,1990.064375
66,7,3156.707030
66,8,2845.683867
66,9,2482.714146
66,10,2353.416206
66,11,2127.797105
66,12,2120.221728
66,13,2065.597834
66,15,2042.895305
66,16,2003.999367
66,17,1990.064375
67,7,3156.707030
67,8,2723.762380
67,9,2464.588280
67,10,2353.305435
67,11,2127.797105
67,12,2120.221728
67,13,2065.597834
67,15,2042.895305
67,16,2003.999367
67,17,1990.064375
68,7,2986.043784
68,8,2723.762380
68,9,2464.588280
68,10,2325.322947
68,11,2127.797105
68,12,2065.733244
68,13,2065.597834
68,15,1984.417191
68,17,1979.141285
69,7,2986.043784
69,8,2723.762380
69,9,2464.588280
69,10,2319.821643
69,11,2091.156535
69,12,2065.733244
69,13,2065.597834
69,15,1984.417191
69,17,1979.141285
70,7,2986.043784
70,8,2589.449693
70,9,2464.588280
70,10,2319.821643
70,11,2091.156535
70,12,2065.733244
70,13,2065.597834
70,14,2051.924867
70,15,1984.417191
70,17,1979.141285
71,7,2986.043784
71,8,2589.449693
71,9,2464.588280
71,10,2319.821643
71,11,2091.156535
71,12,2065.733244
71,13,2065.597834
71,14,2051.924867
71,15,1984.417191
71,17,1979.141285
72,7,2986.043784
72,8,2589.449693
72,9,2464.588280
72,10,2319.821643
72,11,2091.156535
72,12,2065.733244
72,13,2065.597834
72,14,2051.924867
72,15,1984.417191
72,17,1979.141285
73,7,2967.416418
73,8,2583.483469
73,9,2464.588280
73,10,2319.821643
73,11,2074.748135
73,12,2037.293867
73,15,1984.417191
73,17,1979.141285
74,7,2967.416418
74,8,2583.483469
74,9,2464.588280
74,10,2317.464026
74,11,2074.748135
74,12,2037.293867
74,15,1984.417191
74,17,1979.141285
75,7,2967.416418
75,8,2583.483469
75,9,2464.588280
75,10,2317.464026
75,11,2074.748135
75,12,2037.293867
75,15,1984.417191
75,17,1979.141285
76,7,2967.416418
76,8,2583.483469
76,9,2464.588280
76,10,2317.464026
76,11,2074.748135
76,12,2037.293867
76,15,1984.417191
76,17,1979.141285
77,7,2967.416418
77,8,2583.483469
77,9,2464.588280
77,10,2317.464026
77,11,2074.748135
77,12,2037.293867
77,15,1984.417191
77,17,1979.141285
78,7,2967.416418
78,8,2583.483469
78,9,2464.588280
78,10,2317.464026
78,11,2074.748135
78,12,2037.293867
78,15,1977.814695
78,17,1971.806419
79,7,2967.416418
79,8,2583.483469
79,9,2464.588280
79,10,2317.464026
79,11,2074.748135
79,12,2037.293867
79,14,2009.705488
79,15,1977.814695
79,17,1971.806419
80,7,2967.416418
80,8,2583.483469
80,9,2464.588280
80,10,2317.464026
80,11,2074.748135
80,12,2037.293867
80,14,2009.705488
80,15,1977.814695
80,17,1971.806419
81,7,2967.416418
81,8,2583.483469
81,9,2464.588280
81,10,2317.464026
81,11,2074.748135
81,12,2037.293867
81,14,2009.705488
81,15,1977.814695
81,17,1971.806419
81,18,1969.545624
82,7,2967.416418
82,8,2583.483469
82,9,2464.588280
82,10,2317.464026
82,11,2074.748135
82,12,2037.293867
82,13,2018.820928
82,14,2009.705488
82,15,1977.814695
82,17,1971.806419
82,18,1969.545624
83,7,2967.416418
83,8,2583.483469
83,9,2399.124269
83,10,2178.636941
83,11,2074.748135
83,12,2037.293867
83,13,2003.044217
83,14,2000.016978
83,15,1960.003247
84,7,2967.416418
84,8,2583.483469
84,9,2399.124269
84,10,2178.636941
84,11,2074.748135
84,12,2037.293867
84,13,2003.044217
84,14,2000.016978
84,15,1960.003247
85,7,2956.281077
85,8,2583.483469
85,9,2399.124269
85,10,2178.636941
85,11,2074.748135
85,12,2037.293867
85,13,2003.044217
85,14,2000.016978
85,15,1960.003247
86,7,2938.477107
86,8,2583.483469
86,9,2399.124269
86,10,2178.636941
86,11,2074.748135
86,12,2037.293867
86,13,2003.044217
86,14,2000.016978
86,15,1960.003247
87,7,2923.010008
87,8,2583.483469
87,9,2399.124269
87,10,2178.636941
87,11,2074.748135
87,12,2037.293867
87,13,2003.044217
87,14,2000.016978
87,15,1960.003247
88,7,2923.010008
88,8,2583.483469
88,9,2399.124269
88,10,2178.636941
88,11,2074.748135
88,12,2037.028442
88,13,1996.399666
88,15,1960.003247
89,7,2923.010008
89,8,2583.483469
89,9,2399.124269
89,10,2178.636941
89,11,2074.748135
89,12,2037.028442
89,13,1996.399666
89,15,1960.003247
90,7,2885.766727
90,8,2572.781452
90,9,2399.124269
90,10,2178.636941
90,11,2074.748135
90,12,2037.028442
90,13,1996.399666
90,15,1960.003247
91,7,2885.766727
91,8,2572.781452
91,9,2399.124269
91,10,2178.636941
91,11,2074.748135
91,12,2037.028442
91,13,1996.399666
91,15,1960.003247
92,7,2885.766727
92,8,2572.781452
92,9,2399.124269
92,10,2178.636941
92,11,2074.748135
92,12,2037.028442
92,13,1996.399666
92,15,1960.003247
93,7,2834.842526
93,8,2572.781452
93,9,2399.124269
93,10,2178.636941
93,11,2074.748135
93,12,2037.028442
93,13,1996.399666
93,15,1960.003247
94,7,2834.842526
94,8,2572.781452
94,9,2399.124269
94,10,2178.636941
94,11,2074.748135
94,12,2037.028442
94,13,1996.399666
94,15,1960.003247
95,7,2834.842526
95,8,2572.781452
95,9,2399.124269
95,10,2178.636941
95,11,2074.748135
95,12,2037.028442
95,13,1996.399666
95,15,1960.003247
96,7,2834.842526
96,8,2557.095361
96,9,2399.124269
96,10,2178.636941
96,11,2074.748135
96,12,2037.028442
96,13,1996.399666
96,15,1960.003247
97,7,2834.842526
97,8,2546.295786
97,9,2399.124269
97,10,2178.636941
97,11,2074.748135
97,12,2037.028442
97,13,1996.399666
97,15,1960.003247
98,7,2834.842526
98,8,2546.295786
98,9,2399.124269
98,10,2178.636941
98,11,2074.748135
98,12,2037.028442
98,13,1996.399666
98,15,1958.035511
99,7,2834.842526
99,8,2546.295786
99,9,2399.124269
99,10,2178.636941
99,11,2074.748135
99,12,2037.028442
99,13,1996.399666
99,15,1958.035511
100,7,2834.842526
100,8,2546.295786
100,9,2399.124269
100,10,2178.636941
100,11,2074.748135
100,12,2037.028442
100,13,1996.399666
100,15,1958.035511
101,7,2834.842526
101,8,2546.295786
101,9,2399.124269
101,10,2178.636941
101,11,2074.748135
101,12,2037.028442
101,13,1996.399666
101,15,1958.035511
102,7,2834.842526
102,8,2546.295786
102,9,2399.124269
102,10,2178.636941
102,11,2074.748135
102,12,2037.028442
102,13,1996.399666
102,14,1985.849981
102,15,1958.035511
103,7,2834.842526
103,8,2546.295786
103,9,2399.124269
103,10,2178.636941
103,11,2074.748135
103,12,2037.028442
103,13,1975.053345
103,15,1958.035511
104,7,2834.842526
104,8,2546.295786
104,9,2399.124269
104,10,2178.636941
104,11,2074.748135
104,12,2037.028442
104,13,1975.053345
104,15,1958.035511
105,7,2834.842526
105,8,2546.295786
105,9,2399.124269
105,10,2178.636941
105,11,2074.748135
105,12,2037.028442
105,13,1975.053345
105,15,1958.035511
106,7,2834.842526
106,8,2546.295786
106,9,2399.124269
106,10,2178.636941
106,11,2074.748135
106,12,2037.028442
106,13,1975.053345
106,15,1958.035511
106,17,1944.301445
107,7,2834.842526
107,8,2546.295786
107,9,2399.124269
107,10,2178.636941
107,11,2074.748135
107,12,2037.028442
107,13,1975.053345
107,15,1958.035511
107,17,1944.301445
108,7,2834.842526
108,8,2546.295786
108,9,2399.124269
108,10,2178.636941
108,11,2074.748135
108,12,2036.423036
108,13,1964.688628
108,15,1958.035511
108,16,1952.950220
108,17,1944.301445
109,7,2834.842526
109,8,2546.295786
109,9,2399.124269
109,10,2178.636941
109,11,2074.748135
109,12,2036.423036
109,13,1964.688628
109,15,1958.035511
109,16,1952.950220
109,17,1944.301445
109,18,1938.237873
110,7,2773.527593
110,8,2546.295786
110,9,2399.124269
110,10,2178.636941
110,11,2074.748135
110,12,2036.423036
110,13,1964.688628
110,15,1958.035511
110,16,1952.950220
110,17,1944.301445
110,18,1938.237873
111,7,2773.527593
111,8,2546.295786
111,9,2399.124269
111,10,2178.636941
111,11,2050.650139
111,12,2036.423036
111,13,1964.688628
111,15,1958.035511
111,16,1952.950220
111,17,1944.301445
111,18,1938.237873
112,7,2766.592459
112,8,2546.295786
112,9,2399.124269
112,10,2178.636941
112,11,2050.650139
112,12,2036.423036
112,13,1964.688628
112,15,1958.035511
112,16,1952.950220
112,17,1944.301445
112,18,1938.237873
113,7,2766.592459
113,8,2546.295786
113,9,2399.124269
113,10,2178.636941
113,11,2050.650139
113,12,2031.605470
113,13,1950.955610
113,15,1946.698958
113,16,1942.819979
113,17,1929.808998
114,7,2766.592459
114,8,2546.295786
114,9,2399.124269
114,10,2178.636941
114,11,2050.650139
114,12,2031.605470
114,13,1950.955610
114,15,1946.698958
114,16,1942.819979
114,17,1929.808998
115,7,2766.592459
115,8,2546.295786
115,9,2399.124269
115,10,2178.636941
115,11,2050.650139
115,12,2031.605470
115,13,1950.955610
115,15,1946.698958
115,16,1942.819979
115,17,1929.808998
116,7,2766.592459
116,8,2546.295786
116,9,2399.124269
116,10,2178.636941
116,11,2050.650139
116,12,2031.605470
116,13,1950.955610
116,15,1946.698958
116,16,1942.819979
116,17,1929.808998
117,7,2754.021615
117,8,2546.295786
117,9,2399.124269
117,10,2178.636941
117,11,2050.650139
117,12,2031.605470
117,13,1950.955610
117,15,1946.698958
117,16,1942.819979
117,17,1929.808998
118,7,2733.960583
118,8,2535.011031
118,9,2293.078910
118,10,2178.636941
118,11,2050.650139
118,12,2031.605470
118,13,1950.955610
118,15,1946.698958
118,16,1942.819979
118,17,1926.477059
119,7,2733.960583
119,8,2535.011031
119,9,2293.078910
119,10,2178.636941
119,11,2050.650139
119,12,2031.605470
119,13,1950.955610
119,15,1946.698958
119,16,1942.819979
119,17,1926.477059
120,7,2714.578366
120,8,2527.371778
120,9,2293.078910
120,10,2178.636941
120,11,2050.650139
120,12,2031.605470
120,13,1950.955610
120,14,1930.218871
120,17,1926.477059
121,7,2714.578366
121,8,2527.371778
121,9,2293.078910
121,10,2178.636941
121,11,2050.650139
121,12,2031.605470
121,13,1950.955610
121,14,1930.218871
121,17,1926.477059
122,7,2697.999719
122,8,2527.371778
122,9,2293.078910
122,10,2178.636941
122,11,2050.650139
122,12,2031.605470
122,13,1950.955610
122,14,1930.218871
122,17,1926.477059
123,7,2697.999719
123,8,2527.371778
123,9,2267.688287
123,10,2173.308891
123,11,2050.650139
123,12,2031.605470
123,13,1949.625965
123,14,1912.715017
124,7,2697.999719
124,8,2527.371778
124,9,2267.688287
124,10,2173.308891
124,11,2050.650139
124,12,2031.605470
124,13,1949.625965
124,14,1912.715017
125,7,2697.999719
125,8,2527.371778
125,9,2267.688287
125,10,2173.308891
125,11,2050.650139
125,12,2031.605470
125,13,1949.625965
125,14,1912.715017
126,7,2695.594040
126,8,2527.371778
126,9,2267.688287
126,10,2173.308891
126,11,2050.650139
126,12,2031.605470
126,13,1949.625965
126,14,1912.715017
127,7,2695.594040
127,8,2527.371778
127,9,2267.688287
127,10,2173.308891
127,11,2050.650139
127,12,2031.605470
127,13,1949.625965
127,14,1912.715017
128,7,2695.594040
128,8,2527.371778
128,9,2267.688287
128,10,2150.092375
128,11,2050.650139
128,12,2019.389239
128,13,1949.625965
128,14,1905.727762
129,7,2685.015647
129,8,2527.371778
129,9,2267.688287
129,10,2150.092375
129,11,2050.650139
129,12,2019.389239
129,13,1949.625965
129,14,1905.727762
130,7,2685.015647
130,8,2524.829436
130,9,2267.688287
130,10,2150.092375
130,11,2050.650139
130,12,2019.389239
130,13,1949.625965
130,14,1905.727762
131,7,2685.015647
131,8,2524.829436
131,9,2267.688287
131,10,2141.967145
131,11,2050.650139
131,12,2019.389239
131,13,1949.625965
131,14,1905.727762
132,7,2685.015647
132,8,2524.829436
132,9,2267.688287
132,10,2141.967145
132,11,2050.650139
132,12,2019.389239
132,13,1949.625965
132,14,1905.727762
133,7,2648.929714
133,8,2524.829436
133,9,2232.906712
133,10,2140.511945
133,11,2050.650139
133,12,2019.389239
133,13,1949.625965
133,14,1905.727762
134,7,2648.929714
134,8,2524.829436
134,9,2232.906712
134,10,2140.511945
134,11,2050.650139
134,12,2019.389239
134,13,1949.625965
134,14,1905.727762
135,7,2634.860736
135,8,2524.829436
135,9,2232.906712
135,10,2134.950864
135,11,2050.650139
135,12,2019.389239
135,13,1949.625965
135,14,1905.727762
136,7,2634.860736
136,8,2524.829436
136,9,2232.906712
136,10,2134.950864
136,11,2050.650139
136,12,2019.389239
136,13,1949.625965
136,14,1905.727762
137,7,2634.860736
137,8,2521.519133
137,9,2232.906712
137,10,2134.950864
137,11,2050.650139
137,12,2019.389239
137,13,1949.625965
137,14,1905.727762
138,7,2634.860736
138,8,2521.519133
138,9,2232.906712
138,10,2134.950864
138,11,2050.650139
138,12,1996.854649
138,13,1949.625965
138,14,1905.727762
139,7,2634.860736
139,8,2521.519133
139,9,2232.906712
139,10,2134.950864
139,11,2050.650139
139,12,1996.854649
139,13,1949.625965
139,14,1905.727762
140,7,2634.860736
140,8,2521.519133
140,9,2232.906712
140,10,2134.950864
140,11,2050.650139
140,12,1996.854649
140,13,1949.625965
140,14,1905.727762
141,7,2634.860736
141,8,2521.519133
141,9,2232.906712
141,10,2133.270072
141,11,2050.650139
141,12,1996.854649
141,13,1949.625965
141,14,1905.727762
142,7,2634.860736
142,8,2520.965202
142,9,2232.906712
142,10,2133.270072
142,11,2050.650139
142,12,1996.854649
142,13,1949.625965
142,14,1905.727762
143,7,2634.860736
143,8,2507.410290
143,9,2232.906712
143,10,2133.270072
143,11,2050.650139
143,12,1993.422288
143,13,1949.625965
143,14,1905.727762
144,7,2575.850704
144,8,2507.410290
144,9,2232.906712
144,10,2133.270072
144,11,2050.650139
144,12,1993.422288
144,13,1949.625965
144,14,1905.727762
145,7,2575.850704
145,8,2441.018898
145,9,2232.906712
145,10,2133.270072
145,11,2049.025422
145,12,1993.422288
145,13,1949.625965
145,14,1905.727762
146,7,2575.850704
146,8,2441.018898
146,9,2232.906712
146,10,2133.270072
146,11,2049.025422
146,12,1993.422288
146,13,1949.625965
146,14,1905.727762
147,7,2575.850704
147,8,2441.018898
147,9,2232.906712
147,10,2133.270072
147,11,2049.025422
147,12,1993.422288
147,13,1949.625965
147,14,1905.727762
148,7,2558.664591
148,8,2441.018898
148,9,2232.906712
148,10,2133.270072
148,11,2045.967695
148,12,1993.422288
148,13,1949.625965
148,14,1905.727762
149,7,2558.664591
149,8,2441.018898
149,9,2232.906712
149,10,2133.270072
149,11,2045.967695
149,12,1993.422288
149,13,1949.625965
149,14,1905.727762
150,7,2558.664591
150,8,2440.066875
150,9,2232.906712
150,10,2133.270072
150,11,2045.967695
150,12,1993.422288
150,13,1949.625965
150,14,1905.727762
151,7,2558.664591
151,8,2440.066875
151,9,2232.906712
151,10,2133.270072
151,11,2045.967695
151,12,1993.422288
151,13,1949.625965
151,14,1905.727762
152,7,2558.664591
152,8,2440.066875
152,9,2232.906712
152,10,2131.311996
152,11,2045.967695
152,12,1993.422288
152,13,1949.625965
152,14,1905.727762
153,7,2558.664591
153,8,2418.478598
153,9,2232.906712
153,10,2131.311996
153,11,2045.967695
153,12,1993.422288
153,13,1949.625965
153,14,1905.727762
154,7,2558.664591
154,8,2418.478598
154,9,2232.906712
154,10,2131.311996
154,11,2045.967695
154,12,1993.422288
154,13,1949.625965
154,14,1905.727762
155,7,2558.664591
155,8,2418.478598
155,9,2232.906712
155,10,2131.311996
155,11,2045.967695
155,12,1993.422288
155,13,1949.625965
155,14,1905.727762
156,7,2558.664591
156,8,2418.478598
156,9,2232.906712
156,10,2115.973298
156,11,2045.967695
156,12,1993.422288
156,13,1949.625965
156,14,1905.727762
157,7,2558.664591
157,8,2418.478598
157,9,2232.906712
157,10,2115.973298
157,11,2034.904475
157,12,1993.422288
157,13,1949.625965
157,14,1905.727762
158,7,2558.664591
158,8,2418.478598
158,9,2232.906712
158,10,2115.973298
158,11,2034.904475
158,12,1993.422288
158,13,1949.625965
158,14,1905.385051
159,7,2558.664591
159,8,2418.478598
159,9,2232.906712
159,10,2086.767691
159,11,2034.904475
159,12,1993.422288
159,13,1949.625965
159,14,1905.385051
160,7,2558.664591
160,8,2418.478598
160,9,2232.906712
160,10,2086.767691
160,11,2034.904475
160,12,1993.422288
160,13,1949.625965
160,14,1905.385051
161,7,2558.664591
161,8,2418.478598
161,9,2232.906712
161,10,2086.767691
161,11,2034.904475
161,12,1993.390299
161,13,1949.625965
161,14,1905.385051
162,7,2558.664591
162,8,2418.478598
162,9,2232.906712
162,10,2086.767691
162,11,2034.904475
162,12,1993.390299
162,13,1949.625965
162,14,1905.385051
163,7,2551.562575
163,8,2418.478598
163,9,2204.180107
163,10,2086.767691
163,11,2018.672644
163,12,1993.390299
163,13,1949.625965
163,14,1905.385051
164,7,2551.562575
164,8,2418.478598
164,9,2204.180107
164,10,2086.767691
164,11,2018.672644
164,12,1993.390299
164,13,1949.625965
164,14,1905.385051
165,7,2551.562575
165,8,2418.478598
165,9,2177.045383
165,10,2086.767691
165,11,2018.672644
165,12,1993.390299
165,13,1949.625965
165,14,1905.385051
166,7,2544.153198
166,8,2418.478598
166,9,2177.045383
166,10,2086.767691
166,11,2018.672644
166,12,1993.390299
166,13,1949.625965
166,14,1905.385051
167,6,3031.106578
167,7,2544.153198
167,8,2418.478598
167,9,2177.045383
167,10,2086.767691
167,11,2018.672644
167,12,1993.390299
167,13,1949.625965
167,14,1905.385051
168,6,3031.106578
168,7,2544.153198
168,8,2418.478598
168,9,2174.534686
168,10,2086.767691
168,11,2018.672644
168,12,1983.287979
168,13,1949.625965
168,14,1905.385051
169,6,3031.106578
169,7,2531.496814
169,8,2418.478598
169,9,2174.534686
169,10,2086.767691
169,11,2018.672644
169,12,1983.287979
169,13,1949.625965
169,14,1905.385051
170,6,3031.106578
170,7,2531.496814
170,8,2418.478598
170,9,2166.233654
170,10,2086.767691
170,11,2018.672644
170,12,1983.287979
170,13,1949.625965
170,14,1905.385051
171,6,3031.106578
171,7,2531.496814
171,8,2418.478598
171,9,2166.233654
171,10,2086.767691
171,11,2018.672644
171,12,1983.287979
171,13,1949.625965
171,14,1905.385051
172,6,3031.106578
172,7,2531.496814
172,8,2418.478598
172,9,2165.789194
172,10,2086.767691
172,11,2018.672644
172,12,1983.287979
172,13,1949.625965
172,14,1905.385051
173,6,3031.106578
173,7,2531.496814
173,8,2418.478598
173,9,2165.789194
173,10,2078.366686
173,11,2018.672644
173,12,1981.832778
173,13,1949.625965
173,14,1905.385051
174,6,3031.106578
174,7,2531.496814
174,8,2418.478598
174,9,2165.789194
174,10,2078.366686
174,11,2018.672644
174,12,1981.832778
174,13,1949.625965
174,14,1905.385051
175,6,3031.106578
175,7,2531.496814
175,8,2418.478598
175,9,2165.789194
175,10,2078.366686
175,11,2018.672644
175,12,1981.832778
175,13,1949.625965
175,14,1905.385051
176,6,3031.106578
176,7,2531.496814
176,8,2418.478598
176,9,2165.789194
176,10,2078.366686
176,11,2018.672644
176,12,1981.832778
176,13,1949.625965
176,14,1905.385051
177,6,3031.106578
177,7,2531.496814
177,8,2418.478598
177,9,2164.646521
177,10,2078.366686
177,11,2018.672644
177,12,1981.832778
177,13,1949.625965
177,14,1905.385051
178,6,3031.106578
178,7,2531.496814
178,8,2418.478598
178,9,2164.646521
178,10,2078.366686
178,11,2018.672644
178,12,1977.485314
178,13,1949.625965
178,14,1905.385051
179,6,2988.445091
179,7,2531.496814
179,8,2418.478598
179,9,2164.646521
179,10,2064.920634
179,11,2018.672644
179,12,1977.485314
179,13,1949.625965
179,14,1905.385051
180,6,2988.445091
180,7,2531.496814
180,8,2418.478598
180,9,2164.646521
180,10,2064.920634
180,11,2018.672644
180,12,1977.485314
180,13,1949.625965
180,14,1905.385051
181,6,2988.445091
181,7,2531.496814
181,8,2418.478598
181,9,2164.646521
181,10,2064.920634
181,11,2018.672644
181,12,1977.485314
181,13,1949.625965
181,14,1905.385051
182,6,2988.445091
182,7,2531.496814
182,8,2418.478598
182,9,2164.646521
182,10,2064.920634
182,11,2018.672644
182,12,1977.485314
182,13,1949.625965
182,14,1905.385051
183,6,2976.466480
183,7,2531.496814
183,8,2418.478598
183,9,2164.646521
183,10,2064.920634
183,11,2018.627091
183,12,1977.485314
183,13,1949.625965
183,14,1904.684739
184,6,2964.042182
184,7,2531.496814
184,8,2418.478598
184,9,2164.646521
184,10,2064.920634
184,11,2018.627091
184,12,1977.485314
184,13,1949.625965
184,14,1904.684739
185,6,2964.042182
185,7,2531.496814
185,8,2418.478598
185,9,2164.646521
185,10,2061.680429
185,11,2018.627091
185,12,1977.485314
185,13,1949.625965
185,14,1904.684739
186,6,2930.220255
186,7,2531.496814
186,8,2418.478598
186,9,2164.646521
186,10,2061.680429
186,11,2018.627091
186,12,1977.485314
186,13,1949.625965
186,14,1904.684739
187,6,2930.220255
187,7,2531.496814
187,8,2418.478598
187,9,2164.646521
187,10,2061.680429
187,11,2018.627091
187,12,1977.485314
187,13,1949.625965
187,14,1904.684739
188,6,2930.220255
188,7,2477.800259
188,8,2418.478598
188,9,2164.646521
188,10,2061.680429
188,11,2018.627091
188,12,1977.485314
188,13,1942.330921
188,14,1904.684739
189,6,2930.220255
189,7,2477.800259
189,8,2418.478598
189,9,2164.646521
189,10,2061.680429
189,11,2018.627091
189,12,1977.485314
189,13,1942.330921
189,14,1904.684739
190,6,2902.740495
190,7,2477.800259
190,8,2418.478598
190,9,2164.646521
190,10,2061.680429
190,11,2018.627091
190,12,1977.485314
190,13,1942.330921
190,14,1904.684739
191,6,2902.740495
191,7,2477.800259
191,8,2418.478598
191,9,2164.646521
191,10,2061.680429
191,11,2018.627091
191,12,1977.485314
191,13,1942.330921
191,14,1904.684739
192,6,2902.740495
192,7,2477.800259
192,8,2418.478598
192,9,2164.646521
192,10,2061.680429
192,11,2018.627091
192,12,1977.485314
192,13,1942.330921
192,14,1904.684739
193,6,2902.740495
193,7,2477.800259
193,8,2417.438519
193,9,2164.646521
193,10,2044.901202
193,11,2018.627091
193,12,1966.899220
193,13,1923.675755
193,14,1904.684739
194,6,2902.740495
194,7,2477.800259
194,8,2417.438519
194,9,2163.278497
194,10,2044.901202
194,11,2018.627091
194,12,1966.899220
194,13,1923.675755
194,14,1904.684739
195,6,2902.740495
195,7,2477.800259
195,8,2417.438519
195,9,2163.278497
195,10,2044.901202
195,11,2018.627091
195,12,1966.899220
195,13,1923.675755
195,14,1904.684739
196,6,2902.740495
196,7,2477.800259
196,8,2417.438519
196,9,2163.278497
196,10,2044.901202
196,11,2018.627091
196,12,1966.899220
196,13,1923.675755
196,14,1904.684739
197,6,2902.740495
197,7,2477.800259
197,8,2417.438519
197,9,2145.592424
197,10,2044.901202
197,11,2018.627091
197,12,1966.899220
197,13,1923.675755
197,14,1904.684739
198,6,2902.740495
198,7,2477.800259
198,8,2417.438519
198,9,2145.592424
198,10,2005.800552
198,12,1960.713937
198,13,1923.675755
198,14,1904.684739
199,6,2902.740495
199,7,2477.800259
199,8,2417.438519
199,9,2145.592424
199,10,2005.800552
199,12,1960.713937
199,13,1923.675755
199,14,1904.684739
200,6,2902.740495
200,7,2477.800259
200,8,2417.438519
200,9,2145.592424
200,10,2005.800552
200,12,1960.713937
200,13,1923.675755
200,14,1904.684739
201,6,2896.320731
201,7,2477.800259
201,8,2417.438519
201,9,2145.592424
201,10,2005.800552
201,12,1960.713937
201,13,1923.675755
201,14,1904.684739
202,6,2896.320731
202,7,2477.800259
202,8,2417.438519
202,9,2145.592424
202,10,2005.800552
202,12,1960.713937
202,13,1923.675755
202,14,1904.684739
203,6,2896.320731
203,7,2469.722539
203,8,2417.438519
203,9,2145.592424
203,10,2001.978731
203,12,1960.713937
203,13,1923.675755
203,14,1904.684739
204,6,2883.171002
204,7,2469.722539
204,8,2417.438519
204,9,2145.592424
204,10,2001.978731
204,12,1960.713937
204,13,1923.675755
204,14,1904.684739
205,6,2883.171002
205,7,2469.722539
205,8,2378.793723
205,9,2145.592424
205,10,2001.978731
205,12,1960.713937
205,13,1923.675755
205,14,1904.684739
206,6,2883.171002
206,7,2469.722539
206,8,2378.793723
206,9,2145.592424
206,10,2001.978731
206,11,1998.332275
206,12,1960.713937
206,13,1923.675755
206,14,1904.684739
207,6,2883.171002
207,7,2469.722539
207,8,2378.793723
207,9,2145.592424
207,10,2001.978731
207,11,1998.332275
207,12,1960.713937
207,13,1923.675755
207,14,1904.684739
208,6,2859.826950
208,7,2463.773390
208,8,2378.793723
208,9,2145.592424
208,10,2001.978731
208,11,1992.096687
208,12,1960.713937
208,13,1920.257028
208,14,1904.684739
209,6,2859.826950
209,7,2463.773390
209,8,2378.793723
209,9,2145.592424
209,10,2001.978731
209,11,1992.096687
209,12,1960.713937
209,13,1920.257028
209,14,1904.684739
210,6,2859.826950
210,7,2463.773390
210,8,2378.793723
210,9,2145.592424
210,10,2001.978731
210,11,1992.096687
210,12,1960.713937
210,13,1920.257028
210,14,1904.684739
211,6,2859.826950
211,7,2463.773390
211,8,2378.793723
211,9,2145.592424
211,10,2001.978731
211,11,1992.096687
211,12,1960.713937
211,13,1920.257028
211,14,1904.684739
212,6,2859.826950
212,7,2463.773390
212,8,2378.793723
212,9,2145.592424
212,10,2001.978731
212,11,1992.096687
212,12,1960.713937
212,13,1920.257028
212,14,1904.684739
213,6,2859.826950
213,7,2463.773390
213,8,2366.960884
213,9,2145.592424
213,10,2001.978731
213,11,1990.246406
213,12,1960.713937
213,13,1920.257028
213,14,1904.684739
214,6,2859.826950
214,7,2463.773390
214,8,2366.960884
214,9,2145.592424
214,10,2001.978731
214,11,1990.246406
214,12,1960.713937
214,13,1920.257028
214,14,1904.684739
215,6,2859.826950
215,7,2463.773390
215,8,2366.960884
215,9,2145.592424
215,10,2001.978731
215,11,1990.246406
215,12,1960.713937
215,13,1920.257028
215,14,1904.684739
216,6,2859.826950
216,7,2463.773390
216,8,2366.960884
216,9,2145.335814
216,10,2001.978731
216,11,1990.246406
216,12,1960.713937
216,13,1920.257028
216,14,1904.684739
217,6,2859.826950
217,7,2463.773390
217,8,2366.960884
217,9,2145.335814
217,10,2001.978731
217,11,1990.246406
217,12,1960.713937
217,13,1920.257028
217,14,1904.684739
218,6,2859.826950
218,7,2463.773390
218,8,2366.960884
218,9,2139.564548
218,10,1992.575140
218,11,1965.291000
218,12,1960.713937
218,13,1917.448143
218,14,1904.684739
219,6,2859.826950
219,7,2463.773390
219,8,2366.960884
219,9,2139.564548
219,10,1992.575140
219,11,1965.291000
219,12,1960.713937
219,13,1917.448143
219,14,1904.684739
220,6,2859.826950
220,7,2463.773390
220,8,2366.960884
220,9,2139.564548
220,10,1992.575140
220,11,1965.291000
220,12,1960.713937
220,13,1917.448143
220,14,1904.684739
221,6,2859.826950
221,7,2463.773390
221,8,2366.960884
221,9,2139.564548
221,10,1992.575140
221,11,1965.291000
221,12,1960.713937
221,13,1917.448143
221,14,1904.684739
222,6,2859.826950
222,7,2463.773390
222,8,2366.960884
222,9,2139.564548
222,10,1992.575140
222,11,1965.291000
222,12,1960.713937
222,13,1917.448143
222,14,1904.684739
223,6,2859.826950
223,7,2463.773390
223,8,2366.960884
223,9,2134.124892
223,10,1992.575140
223,11,1963.258429
223,12,1960.713937
223,13,1913.198090
223,14,1904.684739
224,6,2859.826950
224,7,2463.773390
224,8,2366.960884
224,9,2134.124892
224,10,1992.575140
224,11,1963.258429
224,12,1960.713937
224,13,1913.198090
224,14,1904.684739
225,6,2859.826950
225,7,2463.773390
225,8,2366.960884
225,9,2134.124892
225,10,1992.575140
225,11,1961.284670
225,12,1960.713937
225,13,1913.198090
225,14,1904.684739
226,6,2859.826950
226,7,2463.773390
226,8,2366.960884
226,9,2134.124892
226,10,1992.575140
226,11,1961.284670
226,12,1960.713937
226,13,1913.198090
226,14,1904.684739
227,6,2859.826950
227,7,2463.773390
227,8,2366.960884
227,9,2134.124892
227,10,1992.575140
227,11,1961.284670
227,12,1960.713937
227,13,1913.198090
227,14,1904.684739
228,6,2859.826950
228,7,2460.081032
228,8,2366.960884
228,9,2125.723887
228,10,1992.575140
228,11,1944.817551
228,13,1913.198090
228,14,1896.424164
229,6,2859.826950
229,7,2460.081032
229,8,2366.960884
229,9,2125.723887
229,10,1992.575140
229,11,1944.817551
229,13,1913.198090
229,14,1896.424164
230,6,2859.826950
230,7,2460.081032
230,8,2366.960884
230,9,2125.723887
230,10,1992.575140
230,11,1944.817551
230,13,1913.198090
230,14,1896.424164
231,6,2859.826950
231,7,2460.081032
231,8,2360.331339
231,9,2125.723887
231,10,1992.575140
231,11,1944.817551
231,13,1913.198090
231,14,1895.829488
232,6,2859.826950
232,7,2460.081032
232,8,2360.331339
232,9,2125.723887
232,10,1992.575140
232,11,1944.817551
232,13,1913.198090
232,14,1895.829488
233,6,2859.826950
233,7,2460.081032
233,8,2360.331339
233,9,2125.723887
233,10,1992.575140
233,11,1944.817551
233,13,1913.198090
233,14,1895.829488
234,6,2859.826950
234,7,2460.081032
234,8,2360.331339
234,9,2125.723887
234,10,1992.575140
234,11,1944.817551
234,13,1913.198090
234,14,1895.829488
235,6,2859.826950
235,7,2460.081032
235,8,2360.331339
235,9,2125.723887
235,10,1992.575140
235,11,1944.817551
235,13,1913.198090
235,14,1895.829488
236,6,2859.826950
236,7,2460.081032
236,8,2360.331339
236,9,2125.723887
236,10,1992.575140
236,11,1944.817551
236,13,1913.198090
236,14,1895.829488
237,6,2859.826950
237,7,2460.081032
237,8,2360.331339
237,9,2125.723887
237,10,1992.575140
237,11,1944.817551
237,13,1913.198090
237,14,1895.829488
238,6,2859.826950
238,7,2460.081032
238,8,2344.052420
238,9,2125.723887
238,10,1992.575140
238,11,1944.817551
238,13,1913.056831
238,14,1895.829488
239,6,2859.826950
239,7,2460.081032
239,8,2344.052420
239,9,2125.723887
239,10,1992.575140
239,11,1944.817551
239,13,1913.056831
239,14,1895.829488
240,6,2824.234280
240,7,2460.081032
240,8,2344.052420
240,9,2125.723887
240,10,1992.575140
240,11,1944.817551
240,13,1913.056831
240,14,1895.829488
241,6,2824.234280
241,7,2460.081032
241,8,2344.052420
241,9,2125.723887
241,10,1992.575140
241,11,1944.817551
241,13,1913.056831
241,14,1895.829488
242,6,2824.234280
242,7,2460.081032
242,8,2344.052420
242,9,2125.723887
242,10,1992.575140
242,11,1944.817551
242,13,1913.056831
242,14,1895.829488
243,6,2824.234280
243,7,2460.081032
243,8,2344.052420
243,9,2125.723887
243,10,1992.575140
243,11,1944.817551
243,13,1906.643804
243,14,1895.829488
244,6,2824.234280
244,7,2460.081032
244,8,2344.052420
244,9,2125.723887
244,10,1992.575140
244,11,1944.817551
244,13,1906.643804
244,14,1895.829488
245,6,2824.234280
245,7,2460.081032
245,8,2344.052420
245,9,2125.723887
245,10,1992.575140
245,11,1944.817551
245,13,1906.643804
245,14,1895.829488
246,6,2824.234280
246,7,2460.081032
246,8,2344.052420
246,9,2125.723887
246,10,1992.575140
246,11,1944.817551
246,13,1906.643804
246,14,1895.829488
247,6,2824.234280
247,7,2460.081032
247,8,2344.052420
247,9,2125.723887
247,10,1992.575140
247,11,1944.817551
247,13,1906.643804
247,14,1895.829488
248,6,2824.234280
248,7,2453.959259
248,8,2344.052420
248,9,2125.723887
248,10,1991.338102
248,11,1944.817551
248,13,1903.978336
248,14,1895.829488
249,6,2824.234280
249,7,2453.959259
249,8,2344.052420
249,9,2125.723887
249,10,1991.338102
249,11,1944.817551
249,13,1903.978336
249,14,1895.829488
250,6,2824.234280
250,7,2453.959259
250,8,2344.052420
250,9,2125.723887
250,10,1991.338102
250,11,1944.817551
250,13,1903.978336
250,14,1895.829488
251,6,2824.234280
251,7,2453.959259
251,8,2344.052420
251,9,2125.723887
251,10,1991.338102
251,11,1944.817551
251,13,1903.978336
251,14,1895.829488
252,6,2824.234280
252,7,2453.959259
252,8,2344.052420
252,9,2125.723887
252,10,1991.338102
252,11,1944.817551
252,13,1903.978336
252,14,1895.617504
253,6,2824.234280
253,7,2453.959259
253,8,2344.052420
253,9,2125.723887
253,10,1990.774629
253,11,1940.835188
253,13,1903.978336
253,14,1893.907381
254,6,2824.234280
254,7,2453.959259
254,8,2344.052420
254,9,2125.723887
254,10,1990.774629
254,11,1940.835188
254,13,1903.978336
254,14,1893.907381
255,6,2824.234280
255,7,2453.959259
255,8,2344.052420
255,9,2125.723887
255,10,1990.774629
255,11,1940.835188
255,13,1903.978336
255,14,1893.907381
256,6,2824.234280
256,7,2453.959259
256,8,2344.052420
256,9,2125.723887
256,10,1990.774629
256,11,1940.835188
256,13,1903.978336
256,14,1893.907381
257,6,2824.234280
257,7,2453.959259
257,8,2344.052420
257,9,2125.723887
257,10,1990.774629
257,11,1940.835188
257,13,1903.978336
257,14,1893.907381
258,6,2824.234280
258,7,2453.959259
258,8,2344.052420
258,9,2125.723887
258,10,1990.774629
258,11,1928.862211
258,13,1879.880256
259,6,2824.234280
259,7,2453.959259
259,8,2344.052420
259,9,2125.723887
259,10,1990.774629
259,11,1928.862211
259,13,1879.880256
260,6,2824.234280
260,7,2453.959259
260,8,2344.052420
260,9,2125.723887
260,10,1990.774629
260,11,1928.862211
260,13,1879.880256
261,6,2824.234280
261,7,2453.959259
261,8,2344.052420
261,9,2125.723887
261,10,1990.774629
261,11,1928.862211
261,13,1879.880256
262,6,2824.234280
262,7,2453.959259
262,8,2344.052420
262,9,2125.723887
262,10,1990.774629
262,11,1928.862211
262,13,1879.880256
263,6,2824.234280
263,7,2453.959259
263,8,2322.986327
263,9,2125.723887
263,10,1990.774629
263,11,1928.862211
263,13,1878.783913
264,6,2824.234280
264,7,2453.959259
264,8,2322.986327
264,9,2125.723887
264,10,1990.774629
264,11,1928.862211
264,13,1878.783913
265,6,2824.234280
265,7,2453.959259
265,8,2322.986327
265,9,2125.723887
265,10,1990.774629
265,11,1928.862211
265,13,1878.783913
266,6,2824.234280
266,7,2453.959259
266,8,2322.986327
266,9,2125.723887
266,10,1990.774629
266,11,1928.862211
266,13,1878.783913
267,6,2824.234280
267,7,2453.959259
267,8,2322.986327
267,9,2125.723887
267,10,1990.774629
267,11,1928.862211
267,13,1878.783913
268,6,2824.234280
268,7,2401.378215
268,8,2322.986327
268,9,2125.723887
268,10,1990.774629
268,11,1928.862211
268,13,1878.783913
269,6,2824.234280
269,7,2401.378215
269,8,2322.986327
269,9,2125.723887
269,10,1990.774629
269,11,1928.862211
269,13,1878.783913
270,6,2824.234280
270,7,2401.378215
270,8,2322.986327
270,9,2125.723887
270,10,1990.774629
270,11,1928.862211
270,13,1878.783913
271,6,2824.234280
271,7,2401.378215
271,8,2322.986327
271,9,2125.723887
271,10,1990.774629
271,11,1928.862211
271,13,1878.783913
272,6,2824.234280
272,7,2401.378215
272,8,2322.986327
272,9,2125.723887
272,10,1990.774629
272,11,1928.862211
272,13,1878.783913
273,6,2824.234280
273,7,2401.378215
273,8,2322.986327
273,9,2125.723887
273,10,1990.774629
273,11,1917.439894
273,13,1875.881318
274,6,2824.234280
274,7,2401.378215
274,8,2322.986327
274,9,2125.723887
274,10,1990.774629
274,11,1917.439894
274,13,1875.881318
275,6,2824.234280
275,7,2401.378215
275,8,2322.986327
275,9,2125.723887
275,10,1990.774629
275,11,1917.439894
275,13,1875.881318
276,6,2824.234280
276,7,2401.378215
276,8,2322.986327
276,9,2125.723887
276,10,1990.774629
276,11,1917.439894
276,13,1875.881318
277,6,2824.234280
277,7,2401.378215
277,8,2303.260667
277,9,2125.723887
277,10,1990.774629
277,11,1917.439894
277,13,1875.881318
278,6,2824.234280
278,7,2401.378215
278,8,2293.018060
278,9,2125.723887
278,10,1990.774629
278,11,1905.506577
278,13,1875.881318
279,6,2824.234280
279,7,2401.378215
279,8,2293.018060
279,9,2125.723887
279,10,1978.100382
279,11,1905.506577
279,13,1875.881318
280,6,2824.234280
280,7,2401.378215
280,8,2293.018060
280,9,2125.723887
280,10,1978.100382
280,11,1905.506577
280,13,1875.881318
281,6,2824.234280
281,7,2401.378215
281,8,2293.018060
281,9,2125.723887
281,10,1978.100382
281,11,1905.506577
281,13,1875.881318
282,6,2824.234280
282,7,2401.378215
282,8,2293.018060
282,9,2125.723887
282,10,1978.100382
282,11,1905.506577
282,13,1875.881318
283,6,2824.234280
283,7,2401.378215
283,8,2293.018060
283,9,2125.723887
283,10,1978.100382
283,11,1905.506577
283,13,1875.881318
284,6,2824.234280
284,7,2401.378215
284,8,2293.018060
284,9,2125.723887
284,10,1978.100382
284,11,1905.506577
284,13,1875.881318
285,6,2824.234280
285,7,2401.378215
285,8,2293.018060
285,9,2125.723887
285,10,1978.100382
285,11,1905.506577
285,13,1875.881318
286,6,2824.234280
286,7,2399.160889
286,8,2293.018060
286,9,2125.723887
286,10,1978.100382
286,11,1905.506577
286,13,1875.881318
287,6,2824.234280
287,7,2399.160889
287,8,2293.018060
287,9,2125.723887
287,10,1978.100382
287,11,1905.506577
287,13,1875.881318
288,6,2824.234280
288,7,2399.160889
288,8,2293.018060
288,9,2125.723887
288,10,1978.100382
288,11,1903.704804
288,13,1875.881318
289,6,2811.084551
289,7,2399.160889
289,8,2293.018060
289,9,2125.723887
289,10,1978.100382
289,11,1903.704804
289,13,1875.881318
290,6,2811.084551
290,7,2399.160889
290,8,2293.018060
290,9,2125.723887
290,10,1978.100382
290,11,1903.704804
290,13,1875.881318
291,6,2811.084551
291,7,2399.160889
291,8,2293.018060
291,9,2125.723887
291,10,1978.100382
291,11,1903.704804
291,13,1875.881318
292,6,2811.084551
292,7,2399.160889
292,8,2293.018060
292,9,2125.723887
292,10,1978.100382
292,11,1903.704804
292,13,1875.881318
293,6,2791.231828
293,7,2399.160889
293,8,2293.018060
293,9,2125.723887
293,10,1971.778342
293,11,1903.704804
293,13,1875.881318
294,6,2791.231828
294,7,2399.160889
294,8,2293.018060
294,9,2125.723887
294,10,1971.778342
294,11,1903.704804
294,13,1875.881318
295,6,2791.231828
295,7,2399.160889
295,8,2293.018060
295,9,2125.723887
295,10,1971.778342
295,11,1903.704804
295,13,1875.881318
296,6,2791.231828
296,7,2399.160889
296,8,2293.018060
296,9,2125.723887
296,10,1971.778342
296,11,1903.704804
296,13,1875.881318
297,6,2791.231828
297,7,2399.160889
297,8,2293.018060
297,9,2125.723887
297,10,1971.778342
297,11,1903.704804
297,13,1875.881318
298,6,2791.231828
298,7,2399.160889
298,8,2293.018060
298,9,2125.723887
298,10,1970.088358
298,11,1903.704804
298,13,1875.881318
299,6,2791.231828
299,7,2399.160889
299,8,2293.018060
299,9,2125.723887
299,10,1970.088358
299,11,1903.704804
299,13,1875.881318
300,6,2791.231828
300,7,2399.160889
300,8,2293.018060
300,9,2125.723887
300,10,1970.088358
300,11,1903.704804
300,13,1875.881318
301,6,2791.231828
301,7,2399.160889
301,8,2293.018060
301,9,2125.723887
301,10,1970.088358
301,11,1903.704804
301,13,1875.881318
302,6,2791.231828
302,7,2399.160889
302,8,2282.751462
302,9,2125.723887
302,10,1970.088358
302,11,1903.704804
302,13,1875.881318
303,6,2791.231828
303,7,2399.160889
303,8,2281.114248
303,9,2125.723887
303,10,1970.088358
303,11,1903.704804
303,13,1875.881318
304,6,2791.231828
304,7,2399.160889
304,8,2281.114248
304,9,2125.723887
304,10,1970.088358
304,11,1903.704804
304,13,1875.881318
305,6,2791.231828
305,7,2376.906934
305,8,2281.114248
305,9,2125.723887
305,10,1970.088358
305,11,1903.704804
305,13,1875.881318
306,6,2791.231828
306,7,2376.906934
306,8,2278.979520
306,9,2125.723887
306,10,1970.088358
306,11,1903.704804
306,13,1875.881318
307,6,2791.231828
307,7,2376.906934
307,8,2278.979520
307,9,2125.723887
307,10,1970.088358
307,11,1903.704804
307,13,1875.881318
308,6,2791.231828
308,7,2376.906934
308,8,2278.979520
308,9,2120.819366
308,10,1967.223503
308,11,1896.826406
308,13,1875.881318
309,6,2791.231828
309,7,2376.906934
309,8,2278.979520
309,9,2120.819366
309,10,1967.223503
309,11,1896.826406
309,13,1875.881318
310,6,2791.231828
310,7,2376.906934
310,8,2272.689493
310,9,2120.819366
310,10,1967.223503
310,11,1896.826406
310,13,1875.881318
311,6,2791.231828
311,7,2376.906934
311,8,2272.689493
311,9,2120.819366
311,10,1967.223503
311,11,1896.826406
311,13,1875.881318
312,6,2791.231828
312,7,2376.906934
312,8,2272.689493
312,9,2120.819366
312,10,1967.223503
312,11,1896.826406
312,13,1875.881318
313,6,2791.231828
313,7,2376.906934
313,8,2272.689493
313,9,2120.819366
313,10,1967.223503
313,11,1896.826406
313,13,1875.881318
314,6,2791.231828
314,7,2376.906934
314,8,2272.689493
314,9,2120.819366
314,10,1967.223503
314,11,1896.826406
314,13,1875.881318
315,6,2791.231828
315,7,2376.906934
315,8,2272.689493
315,9,2120.819366
315,10,1967.223503
315,11,1896.826406
315,13,1875.881318
316,6,2791.231828
316,7,2374.151326
316,8,2272.689493
316,9,2120.819366
316,10,1967.223503
316,11,1896.826406
316,13,1875.881318
317,6,2791.231828
317,7,2369.836462
317,8,2272.689493
317,9,2120.819366
317,10,1967.223503
317,11,1896.826406
317,13,1875.881318
318,6,2791.231828
318,7,2369.202213
318,8,2272.689493
318,9,2120.819366
318,10,1967.223503
318,11,1896.826406
318,13,1875.312795
319,6,2791.231828
319,7,2369.202213
319,8,2272.689493
319,9,2120.819366
319,10,1967.223503
319,11,1896.826406
319,13,1875.312795
320,6,2791.231828
320,7,2369.202213
320,8,2272.689493
320,9,2120.819366
320,10,1967.223503
320,11,1896.826406
320,13,1875.312795
321,6,2791.231828
321,7,2369.202213
321,8,2272.689493
321,9,2120.819366
321,10,1967.223503
321,11,1896.826406
321,13,1875.312795
322,6,2791.231828
322,7,2369.202213
322,8,2272.689493
322,9,2120.819366
322,10,1967.223503
322,11,1896.826406
322,13,1875.312795
323,6,2791.231828
323,7,2369.202213
323,8,2272.689493
323,9,2112.682067
323,10,1967.223503
323,11,1896.826406
323,13,1874.158829
324,6,2791.231828
324,7,2369.202213
324,8,2272.689493
324,9,2112.682067
324,10,1967.223503
324,11,1896.826406
324,13,1874.158829
325,6,2791.231828
325,7,2369.202213
325,8,2272.689493
325,9,2112.682067
325,10,1967.223503
325,11,1896.826406
325,13,1874.158829
326,6,2789.424788
326,7,2369.202213
326,8,2272.689493
326,9,2112.682067
326,10,1967.223503
326,11,1896.826406
326,13,1874.158829
327,6,2789.424788
327,7,2367.179232
327,8,2272.689493
327,9,2112.682067
327,10,1967.223503
327,11,1896.826406
327,13,1874.158829
328,6,2789.424788
328,7,2367.179232
328,8,2272.689493
328,9,2112.682067
328,10,1967.223503
328,11,1896.826406
328,13,1874.158829
