Generation,NV,TOC
1,51,21802.251504
1,54,21183.125798
1,62,18662.801440
2,49,21054.098929
2,58,18789.778654
2,62,18662.801440
2,63,18452.345665
2,66,18306.583387
3,49,21054.098929
3,51,20738.386658
3,54,19749.734351
3,58,18789.778654
3,60,18722.335588
3,62,18662.801440
3,63,18421.447864
3,64,17991.427124
4,49,21054.098929
4,51,20738.386658
4,53,19675.764885
4,54,19197.121557
4,58,18789.778654
4,60,18722.335588
4,61,18689.552461
4,62,18355.038898
4,63,17992.603461
4,64,17991.427124
4,70,17420.605937
5,48,19726.363817
5,53,19675.764885
5,54,19197.121557
5,55,18753.352321
5,58,18398.138174
5,62,18288.877843
5,63,17992.603461
5,64,17747.982759
5,66,17569.560219
5,70,17420.605937
6,48,19726.363817
6,49,19073.351604
6,55,18140.120997
6,57,17870.802337
6,61,17849.922072
6,63,17825.079106
6,64,17448.036186
6,70,17420.605937
7,47,20398.990903
7,48,19726.363817
7,49,19073.351604
7,54,19037.278817
7,55,18140.120997
7,56,18034.244312
7,57,17870.802337
7,59,17638.266738
7,62,17587.198301
7,63,17090.075324
7,66,16916.639710
8,46,20304.252447
8,48,19726.363817
8,49,19073.351604
8,53,18993.971963
8,55,18140.120997
8,56,18034.244312
8,57,17436.511571
8,62,17135.945591
8,63,17090.075324
8,66,16916.639710
9,46,19584.591851
9,48,19452.937264
9,49,19073.351604
9,53,18993.971963
9,55,18140.120997
9,56,17905.886305
9,57,17436.511571
9,59,17316.737517
9,60,16985.284423
9,63,16953.431277
9,66,16916.639710
10,46,19584.591851
10,48,17985.861692
10,49,17910.136561
10,52,17505.739526
10,57,17436.511571
10,59,17316.737517
10,60,16985.284423
10,63,16948.950183
10,64,16827.491604
10,66,16730.547110
11,46,19584.591851
11,48,17985.861692
11,49,17910.136561
11,52,17505.739526
11,57,17436.511571
11,58,17370.252904
11,59,16937.955349
11,61,16932.942216
11,62,16786.738166
11,63,16734.055932
11,64,16699.821884
11,66,16675.311986
12,46,19024.504466
12,48,17907.472820
12,51,17827.386703
12,52,17505.739526
12,57,17436.511571
12,58,17222.169829
12,59,16937.955349
12,60,16923.404282
12,61,16638.708730
12,62,16531.605977
12,63,16458.006342
13,46,18060.380450
13,48,17458.589191
13,50,17352.935032
13,51,17244.059568
13,58,17222.169829
13,59,16937.955349
13,60,16923.404282
13,61,16506.152062
13,63,16353.563372
13,64,16301.738099
14,46,17969.998583
14,48,17458.589191
14,50,17352.935032
14,51,17244.059568
14,52,17237.579687
14,53,17035.062431
14,56,17022.112128
14,59,16937.955349
14,60,16923.404282
14,61,16484.963750
14,63,16301.579087
15,45,18824.175006
15,46,17969.998583
15,47,17862.805561
15,48,17002.627639
15,54,16839.213696
15,60,16573.472944
15,61,16484.963750
15,62,16228.780457
16,44,17611.574282
16,45,17291.854488
16,47,17278.165208
16,48,16462.216789
16,50,16204.554125
16,60,15618.874929
16,61,15305.056523
17,43,19678.180235
17,44,17611.574282
17,45,17291.854488
17,47,16672.685871
17,48,16462.216789
17,50,16204.554125
17,55,15830.802793
17,56,15824.349277
17,60,15618.874929
17,61,15305.056523
18,43,19678.180235
18,44,17611.574282
18,45,17291.854488
18,47,16672.685871
18,48,16462.216789
18,50,16204.554125
18,55,15830.802793
18,56,15824.349277
18,57,15693.664952
18,60,15618.874929
18,61,15305.056523
19,43,19676.271935
19,44,17611.574282
19,45,16494.412616
19,48,16462.216789
19,50,16204.554125
19,55,15830.802793
19,56,15824.349277
19,57,15693.664952
19,58,15688.798835
19,60,15450.468718
19,61,15305.056523
20,42,19548.034262
20,43,19222.283307
20,44,17611.574282
20,45,16494.412616
20,48,16462.216789
20,50,16204.554125
20,54,15627.867296
20,55,15531.861140
20,57,15457.815196
20,60,15449.637599
20,61,15305.056523
21,42,19548.034262
21,43,18936.350126
21,44,17611.574282
21,45,16494.412616
21,47,16263.577218
21,50,15907.395087
21,54,15627.867296
21,55,15531.861140
21,57,15457.815196
21,60,15264.604098
22,42,19548.034262
22,43,18936.350126
22,44,17611.574282
22,45,16494.412616
22,47,16118.795982
22,50,15907.395087
22,54,15627.867296
22,55,15531.861140
22,57,15457.815196
22,59,15366.185685
22,60,15264.604098
23,42,19205.587198
23,43,16951.935385
23,45,16494.412616
23,47,16118.795982
23,50,15907.395087
23,53,15611.276395
23,55,15192.579787
24,41,19445.077949
24,42,19205.587198
24,43,16951.935385
24,45,16494.412616
24,46,16427.804303
24,47,16118.795982
24,49,15665.741435
24,53,15362.998227
24,55,15192.579787
24,61,15112.807701
25,41,19445.077949
25,42,19205.587198
25,43,16951.935385
25,45,16494.412616
25,46,16427.804303
25,47,16118.795982
25,49,15665.741435
25,53,15362.998227
25,54,15325.820237
25,55,15172.813173
25,59,15072.193766
25,60,15049.571401
25,61,15022.871309
26,41,19445.077949
26,42,17719.064908
26,43,16951.935385
26,45,16239.073922
26,46,15752.532164
26,47,15681.828029
26,49,15665.741435
26,51,15569.523100
26,52,14709.379874
27,41,19390.637738
27,42,17719.064908
27,43,16951.935385
27,44,16609.876700
27,45,15890.245699
27,46,15752.532164
27,47,15681.828029
27,49,15665.741435
27,51,15569.523100
27,52,14709.379874
27,53,14672.803993
28,41,19390.637738
28,42,17373.009645
28,43,16951.935385
28,44,16609.876700
28,45,15890.245699
28,46,15752.532164
28,47,15681.828029
28,49,15665.741435
28,51,15569.523100
28,52,14709.379874
28,53,14672.803993
29,41,18750.788510
29,42,16152.338655
29,45,15484.897906
29,48,15274.382068
29,52,14554.598235
30,41,18750.788510
30,42,16152.338655
30,45,15484.897906
30,48,15274.382068
30,52,14554.598235
31,41,18750.788510
31,42,16152.338655
31,44,15186.815060
31,49,14736.744811
31,52,14554.598235
32,41,18750.788510
32,42,16152.338655
32,44,15186.815060
32,46,14957.653529
32,49,14736.744811
32,51,14583.710988
32,52,14554.598235
33,41,17779.368426
33,42,16152.338655
33,44,15186.815060
33,46,14957.653529
33,49,14736.744811
33,51,14583.710988
33,52,14554.598235
34,40,18036.739493
34,41,17779.368426
34,42,16152.338655
34,43,15486.818822
34,44,15186.815060
34,46,14957.653529
34,47,14953.982882
34,49,14736.744811
34,51,14550.692588
34,52,14503.811087
35,40,18036.739493
35,41,17779.368426
35,42,16152.338655
35,43,15486.818822
35,44,15186.815060
35,46,14854.077514
35,49,14736.744811
35,50,14496.312126
36,40,18036.739493
36,41,17779.368426
36,42,16152.338655
36,43,15486.818822
36,44,15186.815060
36,46,14854.077514
36,49,14736.744811
36,50,14496.312126
36,51,14492.932843
36,54,14439.973057
37,40,17402.700896
37,42,15267.665393
37,44,14933.430931
37,46,14731.995471
37,49,14098.183989
38,40,17402.700896
38,42,15267.665393
38,44,14933.430931
38,46,14731.995471
38,47,14718.000387
38,49,14098.183989
39,39,18120.434026
39,40,17402.700896
39,42,15267.665393
39,44,14558.143020
39,49,14098.183989
40,39,18120.434026
40,40,17402.700896
40,42,15267.665393
40,44,14558.143020
40,47,14438.728244
40,49,14098.183989
40,51,14092.600345
41,39,17511.719733
41,40,17402.700896
41,42,15267.665393
41,44,14558.143020
41,47,14438.728244
41,49,14096.003163
41,51,14092.600345
42,39,16741.322922
42,41,16173.325129
42,42,15267.665393
42,44,14039.354744
42,48,13870.167063
43,39,16741.322922
43,41,15979.605962
43,42,15267.665393
43,44,14039.354744
43,48,13870.167063
44,39,16741.322922
44,41,15979.605962
44,42,15267.665393
44,43,14976.224791
44,44,14039.354744
44,48,13870.167063
45,39,16741.322922
45,40,14820.759435
45,43,14585.683532
45,44,14039.354744
45,48,13848.815150
46,39,16741.322922
46,40,14820.759435
46,42,14681.784196
46,43,14499.477427
46,44,14039.354744
46,48,13848.815150
47,39,15459.039920
47,40,14716.916703
47,41,14566.964183
47,43,14292.084765
47,44,14039.354744
47,47,13849.537065
47,48,13726.284357
48,39,15459.039920
48,40,14716.916703
48,41,14566.964183
48,42,13745.070466
48,48,13660.673593
49,39,14848.180868
49,40,14716.916703
49,41,14566.964183
49,42,13745.070466
49,48,13660.673593
50,38,15059.224660
50,39,14848.180868
50,40,14716.916703
50,41,14566.964183
50,42,13745.070466
50,48,13660.673593
51,38,15059.224660
51,39,14848.180868
51,40,14716.916703
51,41,14566.964183
51,42,13745.070466
51,48,13660.673593
52,38,14711.752346
52,40,14685.831842
52,41,14562.362510
52,42,13720.460234
52,47,13676.554469
52,48,13640.147516
53,38,14711.752346
53,40,14685.831842
53,41,14562.362510
53,42,13720.460234
53,44,13720.426507
53,47,13676.554469
53,48,13640.147516
54,38,14711.752346
54,40,14685.831842
54,41,14104.979815
54,42,13720.460234
54,44,13720.426507
54,47,13676.554469
54,48,13640.147516
55,38,14711.752346
55,40,14480.864222
55,41,13871.904653
55,42,13720.460234
55,44,13720.426507
55,47,13660.997194
55,48,13640.147516
56,38,14711.752346
56,40,14480.864222
56,41,13861.695684
56,42,13720.460234
56,44,13720.426507
56,47,13660.997194
56,48,13595.167384
57,38,14474.171879
57,41,13658.127662
57,45,13611.170442
57,48,13567.409061
58,38,14474.171879
58,41,13658.127662
58,43,13627.997007
58,45,13611.170442
58,48,13567.409061
59,38,14474.171879
59,41,13658.127662
59,43,13627.997007
59,45,13545.930153
59,49,13493.714408
60,37,17378.023365
60,38,14474.171879
60,41,13658.127662
60,43,13600.968201
60,45,13545.930153
60,49,13493.714408
61,37,17378.023365
61,38,14474.171879
61,41,13658.127662
61,43,13600.968201
61,44,13587.067318
61,45,13545.930153
61,49,13493.714408
62,37,17378.023365
62,38,14474.171879
62,41,13655.712952
62,43,13600.968201
62,44,13587.067318
62,45,13545.930153
62,49,13493.714408
63,37,16783.728583
63,38,14474.171879
63,41,13655.712952
63,43,13600.968201
63,44,13581.106090
63,45,13545.930153
63,49,13493.714408
64,37,16783.728583
64,38,14474.171879
64,39,14420.629879
64,41,13655.712952
64,42,13637.392076
64,43,13600.968201
64,44,13581.106090
64,45,13545.930153
64,49,13493.714408
65,37,16783.728583
65,38,14474.171879
65,39,14420.629879
65,40,13838.144253
65,41,13654.421830
65,42,13637.392076
65,43,13569.581984
65,45,13545.930153
65,49,13493.714408
66,37,14958.698857
66,38,14474.171879
66,39,14420.629879
66,40,13838.144253
66,41,13654.421830
66,42,13637.392076
66,43,13569.581984
66,44,13523.172898
66,47,13412.117903
67,37,14870.599625
67,38,14474.171879
67,39,14383.132574
67,40,13838.144253
67,41,13654.421830
67,42,13637.392076
67,43,13569.581984
67,44,13523.172898
67,45,13522.090432
67,46,13521.056166
67,47,13412.117903
68,36,14864.618305
68,37,14697.902984
68,38,14474.171879
68,39,14383.132574
68,40,13838.144253
68,41,13654.421830
68,42,13599.991382
68,43,13569.581984
68,44,13454.131280
68,47,13412.117903
69,36,14864.618305
69,37,14697.902984
69,38,14474.171879
69,39,14383.132574
69,40,13838.144253
69,41,13574.131845
69,43,13569.581984
69,44,13454.131280
69,46,13398.908519
70,36,14634.585667
70,38,14474.171879
70,39,13740.947886
70,41,13509.649766
70,43,13263.354307
71,36,14634.585667
71,38,14362.522695
71,39,13740.947886
71,41,13509.649766
71,43,13263.354307
72,36,14634.585667
72,38,14362.522695
72,39,13740.947886
72,41,13509.649766
72,42,13507.994696
72,43,13263.354307
73,36,14634.585667
73,38,14174.652875
73,39,13740.947886
73,41,13509.649766
73,42,13507.994696
73,43,13263.354307
74,36,14634.585667
74,38,14174.652875
74,39,13523.685127
74,40,13517.494373
74,41,13509.649766
74,42,13227.015052
75,36,14629.818564
75,37,14462.489010
75,38,14083.693231
75,39,13523.685127
75,40,13517.494373
75,41,13499.838586
75,42,13227.015052
76,36,14629.818564
76,37,14343.989244
76,38,14083.693231
76,39,13523.685127
76,40,13517.494373
76,41,13499.838586
76,42,13227.015052
77,36,14629.818564
77,37,14343.989244
77,38,13575.931818
77,39,13523.685127
77,40,13517.494373
77,41,13499.838586
77,42,13208.504821
78,35,14889.158194
78,36,14629.818564
78,37,14343.989244
78,38,13575.931818
78,39,13523.685127
78,40,13205.336428
79,35,14841.828828
79,36,14629.818564
79,37,14343.989244
79,38,13575.931818
79,39,13523.685127
79,40,13205.336428
79,41,13200.160768
80,35,14700.609719
80,36,14629.818564
80,37,14318.670752
80,38,13537.400754
80,39,13459.766479
80,40,13182.762142
80,42,13148.777200
81,35,14595.445164
81,37,14318.670752
81,38,13537.400754
81,39,13459.766479
81,40,13182.762142
81,42,13148.777200
82,35,14450.314255
82,36,14357.126605
82,37,14318.670752
82,38,13528.999431
82,39,13459.766479
82,40,13182.762142
82,42,13148.777200
83,35,14334.056468
83,37,14318.670752
83,38,13527.166796
83,39,13320.179855
83,40,13152.307898
83,42,13148.777200
84,34,14924.795563
84,35,14319.534965
84,37,14318.670752
84,38,13513.191453
84,39,13210.036014
84,40,13152.307898
84,42,13148.777200
85,34,14694.908269
85,35,14257.961027
85,36,14257.686415
85,38,13486.934221
85,39,13178.142828
85,40,13105.490361
86,34,14694.908269
86,35,14257.961027
86,36,13343.865989
86,39,13178.142828
86,40,13083.806229
87,34,14694.908269
87,35,14112.124883
87,36,13343.865989
87,39,13178.142828
87,40,13083.596847
88,34,14694.908269
88,35,14112.124883
88,36,13343.865989
88,39,13178.142828
88,40,13083.596847
89,34,14616.706530
89,35,14042.311116
89,36,13343.865989
89,37,13147.613287
89,38,13076.954369
90,34,14616.706530
90,35,14012.519525
90,36,13303.578540
90,37,13126.214962
90,38,13031.198301
91,33,15242.790199
91,34,14616.706530
91,35,13994.076921
91,36,13303.578540
91,37,13049.961269
91,38,13031.198301
92,33,15242.790199
92,34,14616.706530
92,35,13994.076921
92,36,13303.578540
92,37,13017.475467
93,33,15242.790199
93,34,14616.706530
93,35,13721.249101
93,36,13132.229819
93,37,13017.475467
94,33,14900.759193
94,34,14442.008116
94,35,13721.249101
94,36,13132.229819
94,37,13017.475467
95,33,14675.695864
95,34,14299.060139
95,35,13721.249101
95,36,13109.701778
95,37,13017.475467
96,33,14675.695864
96,34,14129.340683
96,35,13721.249101
96,36,13109.701778
96,37,12976.677249
97,33,14675.695864
97,34,14129.340683
97,35,13721.249101
97,36,13109.701778
97,37,12976.677249
98,33,14391.746053
98,34,14129.340683
98,35,13721.249101
98,36,13098.404386
98,37,12976.677249
99,33,14353.456100
99,34,14129.340683
99,35,13528.158650
99,36,13098.404386
99,37,12943.512978
100,32,14816.416458
100,33,14171.715392
100,34,13918.209427
100,35,13518.471692
100,36,13079.787975
100,37,12938.101655
101,32,14562.283434
101,33,14078.350542
101,34,13918.209427
101,35,13518.471692
101,36,13079.787975
101,37,12931.331037
102,32,14562.283434
102,33,13839.223818
102,34,13726.186300
102,35,13518.471692
102,36,13016.907632
102,37,12931.331037
103,32,14562.283434
103,33,13839.223818
103,34,13715.597444
103,35,13518.471692
103,36,12966.513421
103,37,12931.331037
104,32,14562.283434
104,33,13839.223818
104,34,13715.597444
104,35,13094.101080
104,36,12966.513421
104,37,12931.331037
105,32,14483.089090
105,33,13717.313149
105,34,13533.364952
105,35,12942.149672
105,37,12928.692351
106,32,14483.089090
106,33,13717.313149
106,34,13533.364952
106,35,12942.149672
106,37,12928.692351
107,32,14370.016513
107,33,13717.313149
107,34,13533.364952
107,35,12942.149672
107,37,12928.692351
108,32,14370.016513
108,33,13717.313149
108,34,13533.364952
108,35,12942.149672
108,37,12928.692351
109,31,14837.821954
109,32,14370.016513
109,33,13717.313149
109,34,13533.364952
109,35,12942.149672
109,37,12928.692351
110,31,14827.889581
110,32,14312.163302
110,33,13716.401786
110,34,13533.364952
110,35,12941.011435
110,36,12857.855546
111,31,14827.889581
111,32,14312.163302
111,33,13716.401786
111,34,13280.585629
111,35,12941.011435
111,36,12857.855546
112,31,14503.119452
112,32,14312.163302
112,33,13716.401786
112,34,13037.925375
112,35,12941.011435
112,36,12857.855546
113,31,14503.119452
113,32,14312.163302
113,33,13716.401786
113,34,13037.925375
113,35,12941.011435
113,36,12816.891422
114,31,14503.119452
114,32,14312.163302
114,33,13716.401786
114,34,12926.254477
114,36,12816.891422
115,31,14503.119452
115,32,14277.652006
115,33,13698.405978
115,34,12922.993773
115,36,12803.381525
116,31,14333.275505
116,32,14177.531417
116,33,13698.405978
116,34,12863.096411
116,36,12803.381525
117,31,14333.275505
117,32,14177.531417
117,33,13662.775512
117,34,12863.096411
117,36,12803.381525
118,31,14333.275505
118,32,14177.531417
118,33,13662.775512
118,34,12863.096411
118,36,12803.381525
119,31,14333.275505
119,32,14177.531417
119,33,13662.775512
119,34,12863.096411
119,35,12860.327678
119,36,12803.381525
120,31,14333.172445
120,32,14177.531417
120,33,13658.657334
120,34,12861.236880
120,35,12860.211482
120,36,12743.030277
121,31,14333.172445
121,32,14177.531417
121,33,13658.657334
121,34,12861.236880
121,35,12860.211482
121,36,12743.030277
122,31,14333.172445
122,32,13965.769485
122,33,12922.787987
122,34,12861.236880
122,35,12860.211482
122,36,12743.030277
123,31,14333.172445
123,32,13637.357352
123,33,12922.787987
123,34,12858.158685
123,36,12743.030277
124,31,14333.172445
124,32,13637.357352
124,33,12922.787987
124,34,12858.158685
124,36,12743.030277
124,37,12737.758877
125,31,14317.948999
125,32,13635.388768
125,33,12889.903694
125,34,12848.865394
125,36,12743.030277
125,37,12713.142708
126,31,14317.948999
126,32,13635.388768
126,33,12889.903694
126,34,12848.865394
126,36,12743.030277
126,37,12713.142708
127,31,14317.948999
127,32,13508.792180
127,33,12889.903694
127,34,12848.865394
127,36,12743.030277
127,37,12713.142708
128,31,14317.948999
128,32,13508.792180
128,33,12889.903694
128,34,12848.865394
128,36,12743.030277
128,37,12713.142708
129,31,14317.948999
129,32,13508.792180
129,33,12889.903694
129,34,12848.865394
129,36,12743.030277
129,37,12713.142708
130,31,14036.858366
130,32,13484.350242
130,33,12854.450739
130,34,12845.435834
130,36,12719.689940
130,37,12710.227788
131,31,14036.858366
131,32,13484.350242
131,33,12854.450739
131,34,12845.435834
131,36,12719.689940
131,37,12710.227788
132,31,14034.878721
132,32,13484.350242
132,33,12854.450739
132,34,12845.435834
132,36,12719.689940
132,37,12710.227788
133,30,14545.742549
133,31,13950.818645
133,32,13484.350242
133,33,12854.450739
133,34,12845.435834
133,35,12783.213127
133,36,12719.689940
133,37,12710.227788
134,30,14545.742549
134,31,13950.818645
134,32,13484.350242
134,33,12854.450739
134,34,12845.435834
134,35,12783.213127
134,36,12621.415375
135,30,14539.874350
135,31,13810.575556
135,32,13484.350242
135,33,12825.423827
135,34,12807.072491
135,35,12781.014034
135,36,12620.279071
136,30,14539.874350
136,31,13810.575556
136,32,13395.540158
136,33,12825.423827
136,34,12807.072491
136,35,12781.014034
136,36,12620.279071
137,30,14539.874350
137,31,13810.575556
137,32,13395.540158
137,33,12825.423827
137,34,12807.072491
137,35,12781.014034
137,36,12620.279071
138,30,14539.874350
138,31,13810.575556
138,32,13395.540158
138,33,12825.423827
138,34,12757.881495
138,36,12620.279071
139,30,14539.874350
139,31,13810.575556
139,32,13395.540158
139,33,12825.423827
139,34,12757.881495
139,36,12620.279071
140,30,14427.740852
140,31,13808.889760
140,32,13386.458971
140,33,12811.950352
140,34,12743.364533
140,36,12620.279071
141,30,14263.404538
141,31,13808.889760
141,32,13386.458971
141,33,12811.950352
141,34,12743.364533
141,35,12721.959319
141,36,12620.279071
142,30,14263.404538
142,31,13808.889760
142,32,13380.007975
142,33,12811.950352
142,34,12743.364533
142,35,12721.959319
142,36,12614.389115
143,30,14263.404538
143,31,13808.889760
143,32,13380.007975
143,33,12811.950352
143,34,12743.364533
143,35,12721.959319
143,36,12614.389115
144,30,14171.319220
144,31,13808.889760
144,32,13300.174939
144,33,12811.950352
144,34,12743.364533
144,35,12721.959319
144,36,12614.389115
145,30,14157.432965
145,31,13808.889760
145,32,13300.174939
145,33,12761.443236
145,34,12732.112534
145,35,12666.620951
145,36,12609.441518
146,30,14157.432965
146,31,13808.889760
146,32,13182.913918
146,33,12761.443236
146,34,12732.112534
146,35,12666.620951
146,36,12609.441518
147,30,14157.432965
147,31,13808.889760
147,32,13159.150954
147,33,12761.443236
147,34,12732.112534
147,35,12666.620951
147,36,12609.441518
148,30,14157.432965
148,31,13808.889760
148,32,13159.150954
148,33,12761.443236
148,34,12732.112534
148,35,12666.620951
148,36,12609.441518
149,30,14157.432965
149,31,13808.889760
149,32,13156.684025
149,33,12761.443236
149,34,12732.112534
149,35,12666.620951
149,36,12582.681114
150,30,14157.432965
150,31,13771.559351
150,32,13155.546263
150,33,12760.675704
150,34,12683.607383
150,35,12661.337192
150,36,12582.240800
151,30,14157.432965
151,31,13771.559351
151,32,13155.546263
151,33,12760.675704
151,34,12683.607383
151,35,12661.337192
151,36,12582.240800
152,30,14157.432965
152,31,13771.559351
152,32,13155.546263
152,33,12760.675704
152,34,12683.607383
152,35,12661.337192
152,36,12582.240800
153,30,14157.432965
153,31,13771.559351
153,32,13036.633639
153,33,12760.675704
153,34,12683.607383
153,35,12661.337192
153,36,12582.240800
154,30,14157.432965
154,31,13771.559351
154,32,13036.633639
154,33,12760.675704
154,34,12683.607383
154,35,12661.337192
154,36,12582.240800
155,30,14099.870474
155,31,13754.724635
155,32,13033.718290
155,33,12758.396459
155,34,12669.548179
155,35,12550.369952
156,30,14099.870474
156,31,13719.940584
156,32,13033.718290
156,33,12758.396459
156,34,12669.548179
156,35,12550.369952
157,30,14079.762306
157,31,13719.940584
157,32,13033.718290
157,33,12758.396459
157,34,12669.548179
157,35,12550.369952
158,30,14079.762306
158,31,13719.940584
158,32,13033.718290
158,33,12758.396459
158,34,12669.548179
158,35,12550.369952
159,30,14049.249630
159,31,13719.940584
159,32,13033.718290
159,33,12758.396459
159,34,12669.548179
159,35,12550.369952
160,30,13917.000249
160,31,13657.617329
160,32,12794.032556
160,33,12758.396459
160,34,12669.548179
160,35,12514.630290
161,30,13732.973929
161,31,13657.617329
161,32,12794.032556
161,33,12758.396459
161,34,12669.548179
161,35,12514.630290
162,30,13732.973929
162,31,13657.617329
162,32,12794.032556
162,33,12758.396459
162,34,12669.548179
162,35,12514.630290
163,30,13732.973929
163,31,13657.617329
163,32,12794.032556
163,33,12758.396459
163,34,12669.548179
163,35,12514.630290
164,30,13732.973929
164,31,13657.617329
164,32,12794.032556
164,33,12758.396459
164,34,12669.548179
164,35,12514.630290
165,30,13732.973929
165,31,13078.339161
165,32,12790.494098
165,33,12758.396459
165,34,12669.548179
165,35,12509.085092
166,30,13732.973929
166,31,13078.339161
166,32,12698.414518
166,34,12669.548179
166,35,12509.085092
167,30,13664.649968
167,31,13078.339161
167,32,12698.414518
167,34,12669.548179
167,35,12509.085092
168,30,13664.649968
168,31,13078.339161
168,32,12698.414518
168,34,12669.548179
168,35,12509.085092
169,30,13664.649968
169,31,13078.339161
169,32,12698.414518
169,34,12489.752600
170,30,13659.205769
170,31,13050.916525
170,32,12698.414518
170,34,12467.921088
171,30,13659.205769
171,31,13050.916525
171,32,12698.414518
171,34,12467.921088
172,30,13659.205769
172,31,13050.916525
172,32,12698.414518
172,34,12467.921088
173,30,13620.693386
173,31,13011.452767
173,32,12698.414518
173,33,12470.581637
173,34,12467.921088
174,30,13619.973503
174,31,13011.452767
174,32,12698.414518
174,33,12470.581637
174,34,12467.921088
175,30,13565.116926
175,31,12998.959715
175,32,12683.156990
175,33,12456.998481
176,30,13545.586713
176,31,12842.374850
176,32,12683.156990
176,33,12456.998481
177,30,13502.349919
177,31,12842.374850
177,32,12683.156990
177,33,12456.998481
178,30,13502.349919
178,31,12842.374850
178,32,12683.156990
178,33,12456.998481
179,30,13502.349919
179,31,12842.374850
179,32,12683.156990
179,33,12456.998481
180,30,13303.817648
180,31,12812.720039
180,32,12664.954519
180,33,12439.140479
181,30,13303.817648
181,31,12812.720039
181,32,12664.954519
181,33,12439.140479
182,30,13303.817648
182,31,12812.720039
182,32,12664.954519
182,33,12439.140479
183,30,13303.817648
183,31,12812.720039
183,32,12664.954519
183,33,12439.140479
184,30,13303.817648
184,31,12812.720039
184,32,12641.416556
184,33,12439.140479
184,34,12426.018663
185,30,13302.292246
185,31,12697.075110
185,32,12641.416556
185,33,12439.140479
185,34,12424.184090
186,30,13302.292246
186,31,12697.075110
186,32,12641.416556
186,33,12439.140479
186,34,12424.184090
187,30,13251.963565
187,31,12697.075110
187,32,12641.416556
187,33,12439.140479
187,34,12409.476343
188,30,13251.963565
188,31,12697.075110
188,32,12641.416556
188,33,12439.140479
188,34,12387.745973
189,30,13251.963565
189,31,12697.075110
189,32,12641.416556
189,33,12439.140479
189,34,12387.745973
190,30,13251.963565
190,31,12696.056006
190,32,12628.179430
190,33,12424.129408
190,34,12360.432824
191,29,13862.478244
191,30,13251.963565
191,31,12696.056006
191,32,12628.179430
191,33,12424.129408
191,34,12360.432824
192,29,13862.478244
192,30,13251.963565
192,31,12696.056006
192,32,12628.179430
192,33,12424.129408
192,34,12360.432824
193,29,13862.478244
193,30,13251.963565
193,31,12696.056006
193,32,12622.023167
193,33,12424.129408
193,34,12360.432824
194,29,13862.478244
194,30,13251.963565
194,31,12696.056006
194,32,12622.023167
194,33,12417.253508
194,34,12360.432824
195,29,13789.584660
195,30,13249.886985
195,31,12681.175244
195,32,12616.569189
195,33,12410.837698
195,34,12359.121662
196,29,13394.307336
196,30,13249.886985
196,31,12681.175244
196,32,12616.569189
196,33,12410.837698
196,34,12359.121662
197,29,13394.307336
197,30,12747.488354
197,31,12681.175244
197,32,12616.569189
197,33,12410.837698
197,34,12359.121662
198,29,13394.307336
198,30,12735.176233
198,31,12681.175244
198,32,12605.841895
198,33,12410.837698
198,34,12359.121662
199,29,13394.307336
199,30,12735.176233
199,31,12681.175244
199,32,12605.841895
199,33,12410.837698
199,34,12359.121662
200,29,13158.561026
200,30,12731.144886
200,31,12644.967627
200,32,12604.936539
200,33,12381.754249
200,34,12344.680727
201,29,13158.561026
201,30,12731.144886
201,31,12644.967627
201,32,12604.936539
201,33,12381.754249
201,34,12344.680727
202,29,13158.561026
202,30,12658.674614
202,31,12607.279635
202,32,12604.936539
202,33,12381.754249
202,34,12344.680727
203,29,13016.180684
203,30,12658.674614
203,31,12607.279635
203,32,12604.936539
203,33,12381.754249
203,34,12336.675582
204,29,13016.180684
204,30,12658.674614
204,31,12607.279635
204,32,12604.936539
204,33,12381.754249
204,34,12336.675582
205,29,13008.115335
205,30,12658.674614
205,31,12581.434100
205,33,12327.165275
206,29,12981.773736
206,30,12658.674614
206,31,12581.434100
206,33,12327.165275
207,29,12981.773736
207,30,12548.885053
207,33,12327.165275
208,29,12981.773736
208,30,12548.885053
208,33,12327.165275
209,29,12622.833673
209,30,12548.885053
209,31,12544.913873
209,33,12327.165275
210,29,12591.774941
210,30,12548.885053
210,31,12517.284112
210,33,12322.637107
211,29,12591.774941
211,30,12548.885053
211,31,12513.737706
211,33,12322.637107
212,29,12591.774941
212,30,12548.885053
212,31,12513.737706
212,33,12322.637107
213,29,12591.774941
213,30,12408.425386
213,33,12322.637107
214,29,12591.774941
214,30,12408.425386
214,33,12322.637107
215,29,12591.774941
215,30,12402.574173
215,33,12320.665328
216,29,12516.769089
216,30,12402.574173
216,33,12320.665328
217,29,12516.769089
217,30,12402.574173
217,33,12320.665328
218,29,12516.769089
218,30,12402.574173
218,33,12320.665328
219,29,12516.769089
219,30,12402.574173
219,33,12320.665328
220,29,12516.769089
220,30,12401.555069
220,33,12320.486150
221,29,12516.769089
221,30,12401.555069
221,33,12320.486150
222,29,12516.769089
222,30,12401.555069
222,33,12320.486150
223,29,12516.769089
223,30,12401.555069
223,33,12306.631333
224,29,12516.769089
224,30,12401.555069
224,33,12306.631333
225,28,13039.851329
225,29,12516.769089
225,30,12387.984284
225,33,12273.547586
226,28,13039.851329
226,29,12516.769089
226,30,12347.530677
226,33,12273.547586
227,28,13039.851329
227,29,12516.769089
227,30,12347.530677
227,33,12273.547586
228,28,13039.851329
228,29,12516.769089
228,30,12347.530677
228,33,12273.547586
229,28,13039.851329
229,29,12516.769089
229,30,12347.530677
229,33,12273.547586
230,28,13038.972156
230,29,12514.606293
230,30,12341.643512
230,33,12266.456234
231,28,13038.972156
231,29,12514.606293
231,30,12341.643512
231,33,12266.456234
232,28,12893.462545
232,29,12514.606293
232,30,12341.643512
232,33,12266.456234
233,28,12893.462545
233,29,12514.606293
233,30,12341.643512
233,31,12336.549323
233,33,12266.456234
234,28,12891.192345
234,29,12514.606293
234,30,12311.925715
234,33,12266.456234
235,28,12847.405871
235,29,12279.829603
235,33,12266.456234
236,28,12847.405871
236,29,12279.829603
236,33,12266.456234
237,28,12847.405871
237,29,12279.829603
237,33,12266.456234
238,28,12847.405871
238,29,12279.829603
238,33,12266.456234
239,28,12847.405871
239,29,12279.829603
239,33,12266.456234
240,28,12817.014685
240,29,12275.461699
240,33,12266.456234
241,28,12817.014685
241,29,12275.461699
241,33,12266.456234
242,28,12817.014685
242,29,12275.461699
242,33,12266.456234
243,28,12817.014685
243,29,12275.461699
243,33,12266.456234
244,28,12817.014685
244,29,12275.461699
244,33,12266.456234
245,28,12816.304248
245,29,12272.838861
245,33,12265.809090
246,28,12816.304248
246,29,12272.838861
246,33,12265.809090
247,28,12816.304248
247,29,12266.040939
247,33,12265.809090
248,28,12816.304248
248,29,12266.040939
248,33,12265.809090
249,28,12816.304248
249,29,12253.235331
250,28,12816.304248
250,29,12242.912490
251,28,12816.304248
251,29,12242.912490
252,28,12816.304248
252,29,12242.912490
253,28,12816.304248
253,29,12242.912490
254,28,12816.304248
254,29,12242.912490
255,28,12816.304248
255,29,12240.862512
256,28,12816.304248
256,29,12240.862512
257,28,12816.304248
257,29,12238.532351
258,28,12816.304248
258,29,12238.532351
258,30,12226.443462
259,28,12816.304248
259,29,12238.532351
259,30,12226.443462
260,28,12809.678793
260,29,12224.212323
260,30,12202.914615
261,28,12809.678793
261,29,12224.212323
261,30,12202.914615
262,28,12791.453658
262,29,12224.212323
262,30,12202.914615
263,28,12791.453658
263,29,12217.399181
263,30,12202.914615
264,28,12749.790554
264,29,12217.399181
264,30,12202.914615
265,28,12742.673249
265,29,12214.333744
265,30,12193.968534
266,28,12728.852749
266,29,12214.333744
266,30,12193.968534
267,28,12728.852749
267,29,12214.333744
267,30,12193.968534
268,28,12728.852749
268,29,12214.333744
268,30,12193.968534
269,28,12727.960193
269,29,12214.333744
269,30,12193.968534
270,28,12669.528282
270,29,12208.944993
270,30,12181.042752
271,28,12669.528282
271,29,12208.944993
271,30,12181.042752
272,28,12669.528282
272,29,12187.081702
272,30,12181.042752
273,28,12669.528282
273,29,12187.081702
273,30,12181.042752
274,28,12669.528282
274,29,12187.081702
274,30,12181.042752
275,28,12669.528282
275,29,12187.081702
275,30,12163.508068
276,28,12669.528282
276,29,12187.081702
276,30,12163.508068
277,28,12669.528282
277,29,12187.081702
277,30,12163.508068
278,28,12669.528282
278,29,12187.081702
278,30,12163.508068
279,28,12669.528282
279,29,12181.290679
279,30,12163.508068
280,28,12647.657612
280,29,12158.817043
281,28,12647.657612
281,29,12158.817043
282,28,12647.657612
282,29,12158.817043
283,28,12647.657612
283,29,12139.065020
284,28,12647.657612
284,29,12139.065020
285,28,12643.437539
285,29,12129.857980
286,28,12643.437539
286,29,12129.857980
287,28,12643.437539
287,29,12129.857980
288,28,12643.437539
288,29,12129.857980
289,28,12643.437539
289,29,12129.857980
290,28,12643.437539
290,29,12126.115707
291,28,12643.437539
291,29,12126.115707
292,28,12610.408123
292,29,12126.115707
293,28,12610.408123
293,29,12126.115707
294,28,12610.408123
294,29,12126.115707
295,28,12122.310460
296,28,12122.310460
297,28,12122.310460
298,28,12122.310460
299,28,12122.310460
300,28,12122.310460
301,28,12117.939527
302,28,12114.329630
302,29,12110.820318
303,28,12114.329630
303,29,12110.820318
304,28,12095.549708
305,28,12095.549708
306,28,12060.753290
307,28,12060.753290
308,28,12060.753290
309,28,12060.753290
310,28,12060.753290
311,28,12056.462454
312,28,12056.462454
313,28,12056.462454
314,28,12056.462454
315,28,12048.114240
316,28,12048.114240
317,28,12048.114240
318,28,12048.114240
319,28,12048.114240
320,28,12048.114240
321,28,12043.041442
322,28,12043.041442
323,28,12043.041442
324,28,12043.041442
325,28,12043.041442
326,28,12043.041442
327,28,12041.648274
328,28,12041.648274
328,29,12031.985200
329,28,12033.725565
329,29,12031.985200
330,28,12026.826557
