Generation,NV,TOC
1,8,2155.792156
1,9,2146.881766
1,10,2012.400724
1,11,1581.263800
1,12,1500.381238
2,8,2155.792156
2,9,2053.218291
2,10,2012.400724
2,11,1581.263800
2,12,1500.381238
3,7,1931.017681
3,8,1853.905001
3,9,1667.460061
3,10,1522.363024
3,12,1481.748153
3,13,1467.567511
4,7,1931.017681
4,8,1710.349620
4,9,1478.895735
4,11,1457.592135
4,12,1446.646815
5,7,1931.017681
5,8,1611.074211
5,9,1422.956421
5,12,1355.735210
6,7,1931.017681
6,8,1471.385854
6,9,1422.956421
6,10,1378.210756
6,11,1361.423525
6,12,1355.735210
7,7,1808.611505
7,8,1405.319129
7,10,1335.056564
8,7,1808.611505
8,8,1405.319129
8,9,1388.189235
8,10,1335.056564
9,7,1808.611505
9,8,1405.319129
9,9,1361.516691
9,10,1335.056564
10,6,2017.309959
10,7,1682.291027
10,8,1405.319129
10,9,1361.516691
10,10,1335.056564
10,11,1316.579549
11,6,2017.309959
11,7,1682.291027
11,8,1401.745469
11,9,1348.442560
11,10,1335.056564
11,11,1316.579549
12,6,2017.309959
12,7,1589.099971
12,8,1343.431580
12,10,1331.283965
12,11,1316.579549
13,6,2017.309959
13,7,1589.099971
13,8,1343.431580
13,9,1290.972669
14,6,2017.309959
14,7,1486.247331
14,8,1343.431580
14,9,1290.972669
15,6,1918.180215
15,7,1486.247331
15,8,1260.470138
16,5,2144.622568
16,6,1915.137092
16,7,1447.603044
16,8,1260.470138
17,5,2144.622568
17,6,1787.935421
17,7,1447.603044
17,8,1260.470138
18,5,2144.622568
18,6,1633.326951
18,7,1374.895761
18,8,1260.470138
18,9,1252.529897
19,5,2144.622568
19,6,1633.326951
19,7,1374.895761
19,8,1256.471082
19,9,1252.529897
20,5,2144.622568
20,6,1633.326951
20,7,1374.895761
20,8,1256.471082
20,9,1237.686489
21,5,1994.309902
21,6,1393.335470
21,7,1241.225798
21,9,1237.686489
22,5,1994.309902
22,6,1364.950823
22,7,1241.225798
22,9,1237.686489
23,5,1994.309902
23,6,1364.950823
23,7,1241.225798
23,8,1227.274268
24,5,1994.309902
24,6,1364.950823
24,7,1241.225798
24,8,1227.274268
25,5,1994.309902
25,6,1364.950823
25,7,1241.225798
25,8,1222.753085
26,5,1994.309902
26,6,1330.416232
26,7,1222.930363
26,8,1222.753085
27,5,1994.309902
27,6,1330.416232
27,7,1222.930363
27,8,1222.753085
28,5,1945.990981
28,6,1330.416232
28,7,1222.930363
28,8,1222.753085
28,9,1222.096053
29,5,1793.768301
29,6,1330.416232
29,7,1222.930363
29,8,1222.753085
29,9,1222.096053
30,5,1793.768301
30,6,1330.416232
30,7,1222.930363
30,8,1220.238138
31,5,1664.914818
31,6,1330.004681
31,7,1214.402024
32,5,1296.980585
32,6,1285.264644
32,7,1214.402024
33,5,1296.980585
33,6,1266.577572
33,7,1212.014063
34,5,1296.980585
34,6,1266.577572
34,7,1212.014063
35,5,1282.992060
35,6,1266.577572
35,7,1212.014063
36,5,1277.953728
36,6,1258.197658
36,7,1208.457669
37,5,1277.953728
37,6,1211.023897
37,7,1200.254863
38,5,1277.953728
38,6,1211.023897
38,7,1200.254863
39,5,1277.953728
39,6,1211.023897
39,7,1200.254863
40,5,1277.953728
40,6,1211.023897
40,7,1200.254863
41,5,1277.953728
41,6,1211.023897
41,7,1200.254863
42,5,1277.953728
42,6,1211.023897
42,7,1200.254863
43,5,1277.953728
43,6,1208.983492
43,7,1200.254863
44,5,1277.953728
44,6,1208.983492
44,7,1200.254863
45,5,1277.953728
45,6,1208.983492
45,7,1195.794764
46,5,1277.953728
46,6,1208.983492
46,7,1195.794764
47,5,1274.044244
47,6,1208.983492
47,7,1195.794764
48,5,1274.044244
48,6,1208.983492
48,7,1195.794764
49,5,1274.044244
49,6,1207.270093
49,7,1195.794764
50,5,1274.044244
50,6,1207.270093
50,7,1195.794764
51,5,1254.425617
51,6,1207.270093
51,7,1195.794764
52,5,1254.425617
52,6,1191.831405
53,5,1254.425617
53,6,1191.831405
54,5,1254.425617
54,6,1191.831405
55,5,1254.425617
55,6,1191.831405
56,5,1254.425617
56,6,1191.831405
56,7,1188.990001
57,5,1254.425617
57,6,1190.853328
57,7,1188.990001
58,5,1254.425617
58,6,1190.853328
58,7,1188.990001
59,5,1254.425617
59,6,1190.853328
59,7,1188.990001
60,5,1254.425617
60,6,1190.131395
60,7,1188.990001
61,5,1254.425617
61,6,1190.131395
61,7,1188.990001
62,5,1254.425617
62,6,1190.131395
62,7,1188.990001
63,5,1254.425617
63,6,1190.131395
63,7,1188.990001
64,5,1254.425617
64,6,1190.131395
64,7,1188.990001
65,5,1254.425617
65,6,1190.131395
65,7,1188.990001
66,5,1254.425617
66,6,1189.608496
66,7,1188.990001
67,5,1254.425617
67,6,1187.460259
68,5,1254.425617
68,6,1187.460259
69,5,1254.425617
69,6,1187.460259
70,5,1254.425617
70,6,1187.460259
71,5,1254.425617
71,6,1187.460259
72,5,1254.425617
72,6,1187.460259
73,5,1254.425617
73,6,1187.460259
74,5,1254.425617
74,6,1187.460259
75,5,1254.425617
75,6,1187.460259
76,5,1254.425617
76,6,1187.460259
77,5,1254.425617
77,6,1187.460259
78,5,1254.425617
78,6,1187.460259
79,5,1254.425617
79,6,1187.460259
80,5,1254.425617
80,6,1187.460259
81,5,1254.425617
81,6,1187.460259
82,5,1254.425617
82,6,1187.460259
83,5,1254.425617
83,6,1187.460259
83,7,1186.441705
84,5,1254.425617
84,6,1187.460259
84,7,1186.441705
85,5,1254.425617
85,6,1187.460259
85,7,1186.441705
86,5,1254.425617
86,6,1187.460259
86,7,1186.441705
87,5,1254.425617
87,6,1187.460259
87,7,1186.441705
88,5,1254.425617
88,6,1187.460259
88,7,1186.441705
89,5,1254.425617
89,6,1187.460259
89,7,1186.441705
90,5,1254.425617
90,6,1187.460259
90,7,1186.441705
91,5,1254.425617
91,6,1187.460259
91,7,1186.441705
92,5,1254.425617
92,6,1187.460259
92,7,1186.441705
93,5,1254.425617
93,6,1187.460259
93,7,1186.441705
94,5,1254.425617
94,6,1187.460259
94,7,1186.441705
95,5,1254.425617
95,6,1187.460259
95,7,1186.441705
96,5,1254.425617
96,6,1187.460259
96,7,1186.441705
97,5,1254.425617
97,6,1187.460259
97,7,1186.441705
98,5,1254.425617
98,6,1187.460259
98,7,1186.441705
99,5,1254.425617
99,6,1187.460259
99,7,1186.441705
100,5,1254.425617
100,6,1187.460259
100,7,1186.441705
101,5,1254.425617
101,6,1187.460259
101,7,1186.441705
102,5,1254.425617
102,6,1187.460259
102,7,1186.441705
103,5,1254.425617
103,6,1187.460259
103,7,1186.441705
104,5,1254.425617
104,6,1187.460259
104,7,1186.441705
105,5,1254.425617
105,6,1187.460259
105,7,1186.441705
106,5,1254.425617
106,6,1187.460259
106,7,1186.441705
107,5,1254.425617
107,6,1187.460259
107,7,1186.441705
108,5,1254.425617
108,6,1187.460259
108,7,1186.441705
109,5,1254.425617
109,6,1187.460259
109,7,1186.441705
110,5,1254.425617
110,6,1187.460259
110,7,1186.441705
111,5,1254.425617
111,6,1187.460259
111,7,1186.441705
112,5,1250.694831
112,6,1187.460259
112,7,1186.441705
113,5,1250.694831
113,6,1187.460259
113,7,1185.918805
114,5,1250.694831
114,6,1187.460259
114,7,1185.918805
115,5,1250.694831
115,6,1187.460259
115,7,1185.918805
116,5,1250.694831
116,6,1187.460259
116,7,1185.918805
117,5,1250.694831
117,6,1187.460259
117,7,1185.918805
118,5,1250.694831
118,6,1187.460259
118,7,1185.918805
119,5,1250.694831
119,6,1187.460259
119,7,1185.918805
120,5,1250.694831
120,6,1187.460259
120,7,1185.918805
121,5,1250.694831
121,6,1187.460259
121,7,1185.918805
122,5,1250.694831
122,6,1187.460259
122,7,1185.918805
123,5,1250.694831
123,6,1187.460259
123,7,1185.918805
124,5,1250.694831
124,6,1187.460259
124,7,1185.918805
125,5,1250.694831
125,6,1187.460259
125,7,1185.918805
126,5,1250.694831
126,6,1187.460259
126,7,1185.918805
127,5,1250.694831
127,6,1187.460259
127,7,1185.918805
128,5,1250.694831
128,6,1187.460259
128,7,1185.918805
129,5,1250.694831
129,6,1187.460259
129,7,1185.918805
130,5,1250.694831
130,6,1187.460259
130,7,1185.918805
131,5,1250.694831
131,6,1187.460259
131,7,1185.918805
132,5,1250.694831
132,6,1187.460259
132,7,1185.918805
133,5,1250.694831
133,6,1187.460259
133,7,1185.918805
134,5,1250.694831
134,6,1187.460259
134,7,1185.918805
135,5,1250.694831
135,6,1187.460259
135,7,1185.918805
136,5,1250.694831
136,6,1187.460259
136,7,1185.918805
137,5,1250.694831
137,6,1187.460259
137,7,1185.918805
138,5,1250.694831
138,6,1187.460259
138,7,1185.918805
139,5,1250.694831
139,6,1187.460259
139,7,1185.918805
140,5,1250.694831
140,6,1187.460259
140,7,1185.918805
141,5,1250.694831
141,6,1187.460259
141,7,1185.918805
142,5,1250.694831
142,6,1187.460259
142,7,1185.918805
143,5,1250.694831
143,6,1187.460259
143,7,1185.918805
144,5,1250.694831
144,6,1187.460259
144,7,1185.918805
145,5,1250.694831
145,6,1187.460259
145,7,1185.918805
146,5,1250.694831
146,6,1187.460259
146,7,1185.918805
147,5,1249.387284
147,6,1187.460259
147,7,1185.918805
148,5,1249.387284
148,6,1187.460259
148,7,1185.918805
149,5,1249.387284
149,6,1186.893312
149,7,1185.918805
150,5,1249.387284
150,6,1186.893312
150,7,1185.918805
151,5,1249.387284
151,6,1186.893312
151,7,1185.918805
152,5,1249.387284
152,6,1186.893312
152,7,1185.918805
153,5,1249.387284
153,6,1186.893312
153,7,1185.918805
154,5,1245.656498
154,6,1186.893312
154,7,1185.918805
155,5,1245.656498
155,6,1186.893312
155,7,1185.918805
156,5,1245.656498
156,6,1186.893312
156,7,1185.704346
157,5,1245.656498
157,6,1186.893312
157,7,1185.704346
158,5,1245.656498
158,6,1186.893312
158,7,1185.704346
159,5,1245.656498
159,6,1186.893312
159,7,1185.704346
160,5,1245.656498
160,6,1186.893312
160,7,1185.704346
161,5,1245.656498
161,6,1186.893312
161,7,1185.704346
162,5,1245.656498
162,6,1186.893312
162,7,1185.704346
163,5,1245.656498
163,6,1186.893312
163,7,1185.704346
164,5,1245.656498
164,6,1186.893312
164,7,1185.704346
165,5,1245.656498
165,6,1186.893312
165,7,1185.704346
166,5,1245.656498
166,6,1186.893312
166,7,1185.704346
167,5,1245.656498
167,6,1186.893312
167,7,1185.704346
168,5,1245.656498
168,6,1186.893312
168,7,1185.704346
169,5,1245.656498
169,6,1186.893312
169,7,1185.704346
170,5,1245.656498
170,6,1186.893312
170,7,1185.704346
171,5,1245.656498
171,6,1186.893312
171,7,1185.704346
172,5,1245.656498
172,6,1186.893312
172,7,1185.704346
173,5,1245.656498
173,6,1186.893312
173,7,1185.704346
174,5,1245.656498
174,6,1186.893312
174,7,1185.704346
175,5,1245.656498
175,6,1186.893312
175,7,1185.704346
176,5,1245.656498
176,6,1186.893312
176,7,1185.704346
177,5,1245.656498
177,6,1186.893312
177,7,1185.704346
178,5,1245.656498
178,6,1186.893312
178,7,1185.704346
179,5,1245.656498
179,6,1186.893312
179,7,1185.704346
180,5,1245.656498
180,6,1186.893312
180,7,1185.704346
181,5,1245.656498
181,6,1186.893312
181,7,1185.704346
182,5,1245.656498
182,6,1186.893312
182,7,1185.704346
183,5,1245.656498
183,6,1186.893312
183,7,1185.704346
184,5,1245.656498
184,6,1186.893312
184,7,1185.704346
185,5,1245.656498
185,6,1186.893312
185,7,1185.704346
186,5,1245.656498
186,6,1186.893312
186,7,1185.704346
187,5,1245.656498
187,6,1186.893312
187,7,1185.704346
188,5,1245.656498
188,6,1186.893312
188,7,1185.704346
189,5,1245.656498
189,6,1186.893312
189,7,1185.704346
190,5,1245.656498
190,6,1186.893312
190,7,1185.704346
191,5,1245.656498
191,6,1186.893312
191,7,1185.704346
192,5,1245.656498
192,6,1186.893312
192,7,1185.704346
193,5,1245.656498
193,6,1186.893312
193,7,1185.704346
194,5,1245.656498
194,6,1186.893312
194,7,1185.704346
195,5,1245.656498
195,6,1186.893312
195,7,1185.704346
196,5,1245.656498
196,6,1186.893312
196,7,1185.704346
197,5,1245.656498
197,6,1186.893312
197,7,1185.704346
198,5,1245.656498
198,6,1186.893312
198,7,1185.704346
199,5,1245.656498
199,6,1186.893312
199,7,1185.704346
200,5,1245.656498
200,6,1186.893312
200,7,1185.704346
201,5,1245.656498
201,6,1186.893312
201,7,1185.704346
202,5,1245.656498
202,6,1186.893312
202,7,1185.704346
203,5,1245.656498
203,6,1186.893312
203,7,1185.704346
204,5,1245.656498
204,6,1186.893312
204,7,1185.704346
205,5,1245.656498
205,6,1186.893312
205,7,1185.704346
206,5,1245.656498
206,6,1186.893312
206,7,1185.704346
207,5,1245.656498
207,6,1186.893312
207,7,1185.704346
208,5,1245.656498
208,6,1186.893312
208,7,1185.704346
209,5,1245.656498
209,6,1186.893312
209,7,1185.704346
210,5,1245.656498
210,6,1186.893312
210,7,1185.704346
211,5,1245.656498
211,6,1186.893312
211,7,1185.704346
212,5,1245.656498
212,6,1186.893312
212,7,1185.704346
213,5,1245.656498
213,6,1186.893312
213,7,1185.704346
214,5,1245.656498
214,6,1186.893312
214,7,1185.704346
215,5,1245.656498
215,6,1186.893312
215,7,1185.704346
216,5,1245.656498
216,6,1186.893312
216,7,1185.704346
217,5,1245.656498
217,6,1186.893312
217,7,1185.704346
218,5,1245.656498
218,6,1186.893312
218,7,1185.704346
219,5,1245.656498
219,6,1186.893312
219,7,1185.704346
220,5,1245.656498
220,6,1186.893312
220,7,1185.704346
221,5,1245.656498
221,6,1186.893312
221,7,1185.704346
222,5,1245.656498
222,6,1186.893312
222,7,1185.704346
223,5,1245.656498
223,6,1186.893312
223,7,1185.704346
224,5,1245.656498
224,6,1186.893312
224,7,1185.704346
225,5,1245.656498
225,6,1186.893312
225,7,1185.704346
226,5,1245.656498
226,6,1186.893312
226,7,1185.704346
227,5,1245.656498
227,6,1186.893312
227,7,1185.704346
228,5,1245.656498
228,6,1186.893312
228,7,1185.704346
229,5,1245.656498
229,6,1186.893312
229,7,1185.704346
230,5,1245.656498
230,6,1186.893312
230,7,1185.704346
231,5,1245.656498
231,6,1186.893312
231,7,1185.704346
232,5,1245.656498
232,6,1186.893312
232,7,1185.704346
233,5,1245.656498
233,6,1186.893312
233,7,1185.704346
234,5,1245.656498
234,6,1186.893312
234,7,1185.704346
235,5,1245.656498
235,6,1186.893312
235,7,1185.704346
236,5,1245.656498
236,6,1186.893312
236,7,1185.704346
237,5,1245.656498
237,6,1186.893312
237,7,1185.704346
238,5,1245.656498
238,6,1186.893312
238,7,1185.704346
239,5,1245.656498
239,6,1186.893312
239,7,1185.704346
240,5,1245.656498
240,6,1186.893312
240,7,1185.704346
241,5,1245.656498
241,6,1186.893312
241,7,1185.704346
242,5,1245.656498
242,6,1186.893312
242,7,1185.704346
243,5,1245.656498
243,6,1186.893312
243,7,1185.704346
244,5,1245.656498
244,6,1186.893312
244,7,1185.704346
245,5,1245.656498
245,6,1186.893312
245,7,1185.704346
246,5,1245.656498
246,6,1186.893312
246,7,1185.704346
247,5,1245.656498
247,6,1186.893312
247,7,1185.704346
248,5,1245.656498
248,6,1186.893312
248,7,1185.704346
249,5,1245.656498
249,6,1186.893312
249,7,1185.704346
250,5,1245.656498
250,6,1186.893312
250,7,1185.704346
251,5,1245.656498
251,6,1186.893312
251,7,1185.704346
252,5,1245.656498
252,6,1186.893312
252,7,1185.704346
253,5,1245.656498
253,6,1186.893312
253,7,1185.704346
254,5,1245.656498
254,6,1186.893312
254,7,1185.704346
255,5,1245.656498
255,6,1186.893312
255,7,1185.704346
256,5,1245.656498
256,6,1186.893312
256,7,1185.704346
257,5,1245.656498
257,6,1186.893312
257,7,1185.704346
258,5,1245.656498
258,6,1186.893312
258,7,1185.704346
259,5,1245.656498
259,6,1186.893312
259,7,1185.704346
260,5,1245.656498
260,6,1186.893312
260,7,1185.704346
261,5,1245.656498
261,6,1186.893312
261,7,1185.704346
262,5,1245.656498
262,6,1186.893312
262,7,1185.704346
263,5,1245.656498
263,6,1186.893312
263,7,1185.704346
264,5,1245.656498
264,6,1186.893312
264,7,1185.704346
265,5,1245.656498
265,6,1186.893312
265,7,1185.704346
266,5,1245.656498
266,6,1186.893312
266,7,1185.704346
267,5,1245.656498
267,6,1186.893312
267,7,1185.704346
268,5,1245.656498
268,6,1186.893312
268,7,1185.704346
269,5,1245.656498
269,6,1186.893312
269,7,1185.704346
270,5,1245.656498
270,6,1186.893312
270,7,1185.704346
271,5,1245.656498
271,6,1186.893312
271,7,1185.704346
272,5,1245.656498
272,6,1186.893312
272,7,1185.704346
273,5,1245.656498
273,6,1186.893312
273,7,1185.704346
274,5,1245.656498
274,6,1186.893312
274,7,1185.704346
275,5,1245.656498
275,6,1185.343876
276,5,1245.656498
276,6,1184.346262
277,5,1245.656498
277,6,1184.346262
278,5,1245.656498
278,6,1184.346262
279,5,1245.656498
279,6,1184.346262
280,5,1245.656498
280,6,1184.346262
281,5,1245.656498
281,6,1184.346262
282,5,1245.656498
282,6,1184.346262
283,5,1245.656498
283,6,1184.346262
284,5,1245.656498
284,6,1184.346262
285,5,1245.656498
285,6,1184.346262
286,5,1245.656498
286,6,1184.346262
287,5,1245.656498
287,6,1184.346262
288,5,1245.656498
288,6,1184.346262
289,5,1245.656498
289,6,1184.346262
290,5,1245.656498
290,6,1184.346262
291,5,1245.656498
291,6,1184.346262
292,5,1245.656498
292,6,1184.346262
293,5,1245.656498
293,6,1184.346262
294,5,1245.656498
294,6,1184.346262
295,5,1245.656498
295,6,1184.346262
296,5,1245.656498
296,6,1184.346262
296,7,1182.899868
297,5,1245.656498
297,6,1184.346262
297,7,1182.899868
298,5,1245.656498
298,6,1184.346262
298,7,1182.899868
299,5,1245.656498
299,6,1184.346262
299,7,1182.899868
300,5,1245.656498
300,6,1184.346262
300,7,1182.899868
301,5,1245.656498
301,6,1184.346262
301,7,1182.899868
302,5,1245.656498
302,6,1184.346262
302,7,1182.899868
303,5,1245.656498
303,6,1184.346262
303,7,1182.899868
304,5,1245.656498
304,6,1184.346262
304,7,1182.899868
305,5,1245.656498
305,6,1184.346262
305,7,1182.899868
306,5,1245.656498
306,6,1184.346262
306,7,1182.899868
307,5,1245.656498
307,6,1184.346262
307,7,1182.899868
308,5,1245.656498
308,6,1184.346262
308,7,1182.899868
309,5,1245.656498
309,6,1184.346262
309,7,1182.899868
310,5,1245.656498
310,6,1184.346262
310,7,1182.899868
311,5,1245.656498
311,6,1184.346262
311,7,1182.899868
312,5,1245.656498
312,6,1184.346262
312,7,1182.899868
313,5,1245.656498
313,6,1184.346262
313,7,1182.899868
314,5,1245.656498
314,6,1184.346262
314,7,1182.899868
315,5,1245.656498
315,6,1184.346262
315,7,1182.899868
316,5,1245.656498
316,6,1184.346262
316,7,1182.899868
317,5,1245.656498
317,6,1184.346262
317,7,1182.899868
318,5,1245.656498
318,6,1184.346262
318,7,1182.899868
319,5,1245.656498
319,6,1184.346262
319,7,1182.899868
320,5,1245.656498
320,6,1184.346262
320,7,1182.899868
321,5,1245.656498
321,6,1182.414700
322,5,1245.656498
322,6,1182.414700
323,5,1245.656498
323,6,1182.414700
324,5,1245.656498
324,6,1182.414700
325,5,1245.656498
325,6,1182.414700
326,5,1245.656498
326,6,1182.414700
327,5,1245.656498
327,6,1182.414700
328,5,1245.656498
328,6,1182.414700
329,5,1245.656498
329,6,1182.414700
330,5,1245.656498
330,6,1182.414700
331,5,1245.656498
331,6,1182.414700
