Generation,NV,TOC
1,12,3176.700241
1,14,2769.499224
1,16,2598.323898
1,18,2438.124776
1,20,2325.289851
2,12,2934.180752
2,14,2726.836872
2,15,2662.352298
2,16,2598.323898
2,17,2463.634135
2,18,2278.300406
3,11,3457.805687
3,12,2934.180752
3,14,2651.021711
3,16,2289.479456
3,18,2258.714259
4,10,3978.322110
4,11,3025.148453
4,12,2934.180752
4,13,2665.345170
4,14,2651.021711
4,16,2289.479456
4,18,2258.714259
4,20,2244.986546
4,22,2234.496689
5,10,3978.322110
5,11,2945.695848
5,12,2914.524885
5,13,2657.266748
5,14,2599.469472
5,15,2405.032949
5,16,2289.479456
5,18,2258.714259
5,20,2244.986546
5,21,2206.749860
6,10,3978.322110
6,11,2605.025014
6,14,2599.469472
6,15,2327.097018
6,16,2289.479456
6,18,2258.714259
6,19,2199.800485
6,21,2182.216067
6,23,2156.311644
7,10,3293.269780
7,11,2531.467900
7,14,2512.683471
7,15,2246.085959
7,19,2142.548843
8,10,3264.608965
8,11,2531.467900
8,13,2488.192789
8,15,2246.085959
8,16,2195.444786
8,19,2142.548843
9,10,2962.854083
9,11,2531.467900
9,13,2472.794765
9,14,2337.314675
9,15,2246.085959
9,16,2142.793185
9,19,2142.548843
10,9,3009.798567
10,10,2775.264161
10,11,2531.467900
10,13,2472.794765
10,14,2337.314675
10,15,2246.085959
10,16,2142.793185
10,18,2116.895456
11,9,2903.248252
11,10,2498.248996
11,13,2331.158078
11,14,2245.025946
11,16,2138.807088
11,17,2126.829715
11,18,2088.069677
12,8,2852.212512
12,9,2828.611562
12,10,2492.960718
12,11,2424.522367
12,13,2331.158078
12,14,2238.443259
12,15,2147.569257
12,16,2138.807088
12,17,2102.408722
12,18,2088.069677
13,8,2852.212512
13,9,2828.611562
13,10,2492.960718
13,11,2424.522367
13,13,2331.158078
13,14,2142.921377
13,16,2138.807088
13,17,2102.408722
13,18,2073.307379
14,8,2852.212512
14,9,2740.348848
14,10,2492.960718
14,11,2424.522367
14,12,2290.711892
14,13,2289.287873
14,14,2142.921377
14,15,2072.367918
15,8,2852.212512
15,9,2593.157830
15,10,2492.960718
15,11,2382.980673
15,12,2290.711892
15,13,2289.287873
15,14,2142.921377
15,15,2072.367918
16,8,2779.678643
16,9,2515.300408
16,10,2480.058924
16,11,2382.980673
16,12,2227.782522
16,14,2133.532628
16,15,2072.367918
16,16,2061.894166
17,8,2651.902527
17,9,2515.300408
17,10,2480.058924
17,11,2369.228331
17,12,2227.782522
17,14,2133.532628
17,15,2072.367918
17,16,2061.894166
18,8,2594.282460
18,9,2515.300408
18,10,2450.934264
18,11,2369.228331
18,12,2227.782522
18,14,2133.532628
18,15,2072.367918
18,16,2061.894166
19,8,2594.282460
19,9,2515.300408
19,10,2450.934264
19,11,2235.070674
19,12,2227.782522
19,14,2133.532628
19,15,2072.367918
19,16,2061.894166
20,8,2594.282460
20,9,2515.300408
20,10,2450.934264
20,11,2235.070674
20,12,2167.120766
20,14,2133.532628
20,15,2072.367918
20,16,2061.894166
21,8,2579.358517
21,9,2470.334749
21,10,2389.308613
21,11,2235.070674
21,12,2153.386574
21,14,2133.532628
21,15,2062.371855
21,16,2061.894166
22,7,2753.655525
22,8,2579.358517
22,9,2470.334749
22,10,2389.308613
22,11,2235.070674
22,12,2153.386574
22,13,2143.614286
22,14,2111.780986
22,15,2062.371855
22,16,2061.894166
23,7,2753.655525
23,8,2579.358517
23,9,2426.273111
23,10,2244.609625
23,11,2235.070674
23,12,2153.386574
23,13,2114.070010
23,14,2085.116124
23,15,2062.371855
23,16,2061.894166
24,7,2753.655525
24,8,2579.358517
24,9,2378.823203
24,10,2244.609625
24,11,2235.070674
24,12,2123.405743
24,13,2114.070010
24,14,2085.116124
24,15,2060.952412
24,16,2049.616800
25,7,2753.655525
25,8,2418.345372
25,9,2279.874826
25,10,2244.609625
25,11,2235.070674
25,12,2123.405743
25,13,2114.070010
25,14,2085.116124
25,15,2060.952412
25,16,2049.616800
26,7,2753.655525
26,8,2337.028851
26,9,2279.874826
26,10,2225.881196
26,12,2123.405743
26,13,2103.017628
26,14,2076.403405
26,15,2060.724570
26,16,2046.337197
27,7,2753.655525
27,8,2337.028851
27,9,2279.874826
27,10,2225.881196
27,12,2123.405743
27,13,2096.308675
27,14,2076.403405
27,15,2054.376627
27,16,2046.337197
28,7,2749.151127
28,8,2337.028851
28,9,2279.874826
28,10,2221.605919
28,11,2176.989834
28,12,2118.345745
28,13,2096.308675
28,14,2065.126607
28,15,2054.376627
28,16,2046.337197
29,7,2733.467983
29,8,2337.028851
29,9,2279.874826
29,10,2199.817470
29,11,2176.989834
29,12,2118.345745
29,13,2096.308675
29,14,2065.126607
29,15,2054.376627
29,16,2046.337197
29,17,2046.148687
30,7,2733.467983
30,8,2312.916828
30,9,2279.874826
30,10,2199.817470
30,11,2154.746285
30,12,2118.345745
30,13,2096.308675
30,14,2057.743790
30,15,2054.376627
30,16,2046.337197
30,17,2046.148687
31,7,2733.467983
31,8,2289.358699
31,9,2247.146352
31,10,2195.819817
31,11,2090.772203
31,14,2029.051572
32,7,2733.467983
32,8,2289.358699
32,9,2247.146352
32,10,2195.819817
32,11,2090.772203
32,14,2029.051572
33,7,2733.467983
33,8,2262.263254
33,9,2204.977241
33,10,2187.923592
33,11,2090.772203
33,14,2029.051572
34,7,2615.136679
34,8,2262.263254
34,9,2204.977241
34,10,2187.923592
34,11,2090.772203
34,14,2029.051572
35,7,2595.590298
35,8,2262.263254
35,9,2204.977241
35,10,2187.923592
35,11,2090.772203
35,12,2065.875327
35,14,2029.051572
36,7,2595.590298
36,8,2227.455448
36,9,2204.977241
36,10,2187.923592
36,11,2082.370678
36,12,2059.673042
36,14,2029.051572
37,7,2595.590298
37,8,2227.455448
37,9,2204.977241
37,10,2187.923592
37,11,2082.370678
37,12,2059.673042
37,14,2029.051572
38,7,2595.590298
38,8,2227.455448
38,9,2204.977241
38,10,2187.923592
38,11,2082.370678
38,12,2059.673042
38,13,2039.914003
38,14,2016.782854
39,7,2594.401307
39,8,2227.455448
39,9,2204.977241
39,10,2176.686298
39,11,2082.370678
39,12,2059.673042
39,13,2039.914003
39,14,2016.782854
40,7,2588.894667
40,8,2227.455448
40,9,2204.977241
40,10,2150.331498
40,11,2082.370678
40,12,2059.673042
40,13,2039.914003
40,14,2016.782854
41,7,2579.273282
41,8,2210.434373
41,9,2175.313490
41,10,2091.997606
41,11,2082.370678
41,12,2044.184472
41,13,2039.914003
41,14,2016.782854
42,7,2570.434847
42,8,2210.434373
42,9,2175.313490
42,10,2091.997606
42,11,2082.370678
42,12,2044.184472
42,13,2039.914003
42,14,2016.782854
43,7,2570.434847
43,8,2210.434373
43,9,2153.801844
43,10,2091.997606
43,11,2082.370678
43,12,2044.184472
43,13,2039.914003
43,14,2016.782854
44,7,2556.678214
44,8,2210.434373
44,9,2153.801844
44,10,2091.997606
44,11,2082.370678
44,12,2044.184472
44,13,2039.914003
44,14,2016.782854
45,7,2556.678214
45,8,2210.434373
45,9,2153.801844
45,10,2091.997606
45,11,2082.370678
45,12,2044.184472
45,13,2039.914003
45,14,2016.782854
46,7,2530.404781
46,8,2210.434373
46,9,2153.801844
46,10,2089.245438
46,11,2065.757264
46,12,2035.022424
46,13,2007.778706
47,7,2530.404781
47,8,2205.789608
47,9,2153.801844
47,10,2089.245438
47,11,2065.757264
47,12,2002.556465
48,7,2530.404781
48,8,2205.789608
48,9,2150.046272
48,10,2089.245438
48,11,2065.757264
48,12,2002.556465
49,7,2530.404781
49,8,2205.789608
49,9,2150.046272
49,10,2089.245438
49,11,2057.448769
49,12,2002.556465
50,7,2477.239470
50,8,2205.789608
50,9,2150.046272
50,10,2089.245438
50,11,2057.448769
50,12,2002.556465
51,7,2477.239470
51,8,2185.408286
51,9,2150.046272
51,10,2089.245438
51,11,2052.879599
51,12,2002.556465
52,7,2477.239470
52,8,2185.408286
52,9,2150.046272
52,10,2089.245438
52,11,2052.879599
52,12,2002.556465
52,14,1999.426067
53,7,2411.364162
53,8,2185.408286
53,9,2150.046272
53,10,2089.245438
53,11,2052.879599
53,12,2002.556465
53,14,1999.426067
54,7,2411.364162
54,8,2185.408286
54,9,2150.046272
54,10,2089.245438
54,11,2052.879599
54,12,2002.556465
54,14,1999.426067
55,7,2411.364162
55,8,2185.408286
55,9,2150.046272
55,10,2089.245438
55,11,2052.879599
55,12,2002.556465
55,14,1999.426067
56,7,2411.364162
56,8,2185.408286
56,9,2150.046272
56,10,2089.245438
56,11,2052.879599
56,12,2002.556465
56,14,1999.426067
57,7,2411.364162
57,8,2185.408286
57,9,2150.046272
57,10,2089.245438
57,11,2052.879599
57,12,2002.556465
57,14,1999.426067
58,7,2411.364162
58,8,2182.821517
58,9,2150.046272
58,10,2089.245438
58,11,2052.879599
58,12,1983.857586
59,7,2411.364162
59,8,2182.821517
59,9,2139.233195
59,10,2089.245438
59,11,2052.879599
59,12,1983.857586
60,7,2411.364162
60,8,2182.821517
60,9,2139.233195
60,10,2089.245438
60,11,2052.879599
60,12,1983.857586
61,7,2411.364162
61,8,2141.486314
61,9,2139.233195
61,10,2089.245438
61,11,2052.879599
61,12,1983.857586
62,7,2411.364162
62,8,2141.486314
62,9,2139.233195
62,10,2089.245438
62,11,2052.879599
62,12,1983.857586
63,7,2411.364162
63,8,2141.486314
63,9,2139.233195
63,10,2089.245438
63,11,2052.879599
63,12,1972.869160
64,7,2411.364162
64,8,2141.486314
64,9,2139.233195
64,10,2089.245438
64,11,2040.045232
64,12,1972.869160
65,7,2411.364162
65,8,2141.486314
65,9,2134.261059
65,10,2089.245438
65,11,2040.045232
65,12,1968.241213
66,7,2411.364162
66,8,2141.486314
66,9,2112.251763
66,10,2089.245438
66,11,2033.211825
66,12,1968.241213
67,7,2411.364162
67,8,2141.486314
67,9,2110.394897
67,10,2082.682240
67,11,2033.211825
67,12,1968.241213
68,7,2411.364162
68,8,2123.273294
68,9,2110.394897
68,10,2082.682240
68,11,2033.211825
68,12,1968.241213
69,7,2411.364162
69,8,2120.039736
69,9,2104.406714
69,10,2082.682240
69,11,2019.349125
69,12,1968.241213
70,7,2398.667212
70,8,2120.039736
70,9,2098.550116
70,10,2082.682240
70,11,2013.276385
70,12,1956.753841
71,7,2398.667212
71,8,2113.914427
71,9,2098.550116
71,10,2068.799343
71,11,2008.925127
71,12,1956.753841
72,7,2398.667212
72,8,2113.914427
72,9,2098.550116
72,10,2068.799343
72,11,2008.925127
72,12,1956.753841
73,7,2398.667212
73,8,2084.886181
73,9,2055.190599
73,11,1938.876934
74,7,2370.966501
74,8,2084.886181
74,9,2055.190599
74,11,1938.876934
75,7,2370.966501
75,8,2084.886181
75,9,2055.190599
75,11,1938.876934
76,7,2370.966501
76,8,2084.886181
76,9,2052.716365
76,11,1938.876934
77,7,2370.966501
77,8,2084.886181
77,9,2052.716365
77,11,1938.876934
78,7,2370.966501
78,8,2084.886181
78,9,2052.716365
78,10,2034.407321
78,11,1938.876934
79,7,2362.438712
79,8,2084.886181
79,9,2035.963975
79,10,2034.407321
79,11,1938.876934
80,7,2362.438712
80,8,2069.171706
80,9,2035.963975
80,10,2034.187411
80,11,1938.876934
81,7,2362.438712
81,8,2069.171706
81,9,2035.963975
81,10,2034.187411
81,11,1938.876934
82,7,2328.603773
82,8,2069.171706
82,9,2035.963975
82,10,2034.187411
82,11,1938.876934
83,7,2324.163966
83,8,2069.171706
83,9,2035.963975
83,10,2018.149266
83,11,1938.876934
84,7,2324.163966
84,8,2069.171706
84,9,2035.963975
84,10,2018.149266
84,11,1938.876934
85,7,2324.163966
85,8,2069.171706
85,9,2031.121898
85,10,2018.149266
85,11,1938.876934
86,7,2324.163966
86,8,2062.912013
86,9,2031.121898
86,10,2018.149266
86,11,1938.876934
87,7,2297.021004
87,8,2062.912013
87,9,2031.121898
87,10,2018.149266
87,11,1938.876934
88,7,2289.702076
88,8,2062.912013
88,9,2031.121898
88,10,2018.149266
88,11,1938.876934
89,7,2289.702076
89,8,2062.912013
89,9,2031.121898
89,10,2018.149266
89,11,1937.712609
90,7,2289.702076
90,8,2062.912013
90,9,2031.121898
90,10,2018.149266
90,11,1937.712609
91,7,2289.702076
91,8,2062.912013
91,9,2031.121898
91,10,2018.149266
91,11,1937.712609
92,7,2282.841268
92,8,2062.912013
92,9,2031.121898
92,10,2017.070195
92,11,1937.712609
93,7,2282.841268
93,8,2062.912013
93,9,2031.121898
93,10,2017.070195
93,11,1937.712609
94,7,2282.841268
94,8,2061.537368
94,9,2031.121898
94,10,2017.070195
94,11,1937.712609
95,7,2282.841268
95,8,2036.378328
95,9,2031.121898
95,10,2017.070195
95,11,1937.712609
96,7,2282.841268
96,8,2036.378328
96,9,2031.121898
96,10,2017.070195
96,11,1937.712609
97,7,2254.139932
97,8,2036.378328
97,9,2030.944803
97,10,2006.953668
97,11,1937.712609
98,7,2254.139932
98,8,2036.378328
98,9,1999.814241
98,10,1932.223014
99,7,2243.799537
99,8,2036.378328
99,9,1999.814241
99,10,1932.223014
100,7,2243.799537
100,8,2036.378328
100,9,1999.814241
100,10,1932.223014
101,7,2243.799537
101,8,2036.378328
101,9,1999.814241
101,10,1932.223014
102,7,2243.799537
102,8,2036.378328
102,9,1999.814241
102,10,1932.223014
103,7,2243.799537
103,8,2036.378328
103,9,1999.814241
103,10,1932.223014
104,7,2243.799537
104,8,2036.378328
104,9,1999.814241
104,10,1932.223014
105,7,2221.687204
105,8,2036.378328
105,9,1999.814241
105,10,1930.514554
106,7,2221.687204
106,8,2036.378328
106,9,1999.814241
106,10,1930.514554
107,7,2221.687204
107,8,2036.378328
107,9,1999.814241
107,10,1930.514554
108,7,2221.687204
108,8,2036.378328
108,9,1999.814241
108,10,1930.514554
109,7,2221.687204
109,8,2036.378328
109,9,1999.814241
109,10,1930.514554
110,7,2221.687204
110,8,2036.378328
110,9,1999.814241
110,10,1930.514554
110,12,1924.928033
111,7,2221.687204
111,8,2036.378328
111,9,1999.814241
111,10,1930.514554
111,12,1924.928033
112,7,2219.583146
112,8,2036.378328
112,9,1999.814241
112,10,1930.514554
112,12,1924.928033
113,7,2219.583146
113,8,2036.378328
113,9,1999.814241
113,10,1930.514554
113,12,1924.928033
114,7,2219.583146
114,8,2036.378328
114,9,1999.814241
114,10,1930.514554
114,12,1924.928033
115,7,2219.583146
115,8,2036.378328
115,9,1999.814241
115,10,1929.558573
115,12,1924.928033
116,7,2219.583146
116,8,2036.378328
116,9,1999.814241
116,10,1929.558573
116,12,1924.928033
117,7,2219.583146
117,8,2036.378328
117,9,1999.814241
117,10,1929.558573
117,12,1924.928033
118,7,2219.583146
118,8,2036.378328
118,9,1999.814241
118,10,1929.558573
118,12,1924.928033
119,7,2219.583146
119,8,2036.378328
119,9,1999.814241
119,10,1929.558573
119,12,1924.928033
120,7,2219.583146
120,8,2036.378328
120,9,1999.814241
120,10,1929.558573
120,12,1924.928033
121,7,2214.599957
121,8,2036.378328
121,9,1999.814241
121,10,1929.558573
121,12,1924.928033
122,7,2214.599957
122,8,2036.378328
122,9,1999.814241
122,10,1922.313403
123,7,2214.599957
123,8,2036.378328
123,9,1984.426942
123,10,1922.313403
124,7,2201.245477
124,8,2036.378328
124,9,1984.426942
124,10,1922.313403
125,7,2201.245477
125,8,2036.378328
125,9,1984.426942
125,10,1922.313403
126,7,2201.245477
126,8,2036.378328
126,9,1984.426942
126,10,1922.313403
127,7,2201.245477
127,8,2036.378328
127,9,1984.426942
127,10,1922.313403
128,7,2201.245477
128,8,2036.378328
128,9,1984.426942
128,10,1922.313403
129,7,2201.245477
129,8,2036.378328
129,9,1984.426942
129,10,1922.313403
130,7,2201.245477
130,8,2036.378328
130,9,1984.426942
130,10,1922.313403
131,7,2201.245477
131,8,2036.378328
131,9,1984.426942
131,10,1922.313403
132,7,2199.858192
132,8,2036.378328
132,9,1984.426942
132,10,1922.313403
133,7,2199.858192
133,8,2036.378328
133,9,1984.426942
133,10,1922.313403
134,7,2199.858192
134,8,2036.378328
134,9,1984.426942
134,10,1922.313403
135,7,2199.858192
135,8,2036.378328
135,9,1984.426942
135,10,1922.313403
136,7,2199.858192
136,8,2036.378328
136,9,1984.426942
136,10,1922.313403
137,7,2199.858192
137,8,2036.378328
137,9,1984.426942
137,10,1922.313403
137,12,1920.383897
138,7,2196.639920
138,8,2036.378328
138,9,1984.426942
138,10,1922.313403
138,12,1920.383897
139,7,2196.639920
139,8,2036.378328
139,9,1984.426942
139,10,1922.313403
139,12,1920.383897
140,7,2196.639920
140,8,2036.378328
140,9,1984.426942
140,10,1922.313403
140,12,1920.383897
141,7,2196.639920
141,8,2036.378328
141,9,1984.426942
141,10,1922.313403
141,12,1920.383897
142,7,2196.639920
142,8,2036.378328
142,9,1984.426942
142,10,1922.313403
142,12,1920.383897
143,7,2196.639920
143,8,2036.378328
143,9,1984.426942
143,10,1922.313403
143,12,1920.383897
144,7,2196.639920
144,8,2036.378328
144,9,1984.426942
144,10,1922.313403
144,12,1920.383897
145,7,2196.639920
145,8,2036.378328
145,9,1984.426942
145,10,1920.717976
145,12,1920.383897
146,7,2196.639920
146,8,2036.378328
146,9,1984.426942
146,10,1920.717976
146,12,1920.383897
147,7,2196.639920
147,8,2036.378328
147,9,1984.426942
147,10,1920.717976
147,12,1920.383897
148,7,2196.639920
148,8,2036.378328
148,9,1984.426942
148,10,1920.717976
148,12,1920.383897
149,7,2196.639920
149,8,2036.378328
149,9,1984.426942
149,10,1920.557812
149,12,1920.383897
150,7,2187.228742
150,8,2036.378328
150,9,1984.426942
150,10,1920.557812
150,12,1920.383897
151,7,2187.228742
151,8,2036.378328
151,9,1984.426942
151,10,1920.557812
151,12,1920.383897
152,7,2187.228742
152,8,2036.378328
152,9,1984.426942
152,10,1920.557812
152,12,1920.383897
153,7,2187.228742
153,8,2036.378328
153,9,1984.426942
153,10,1919.364956
154,7,2187.228742
154,8,2036.378328
154,9,1984.426942
154,10,1919.364956
155,7,2187.228742
155,8,2036.378328
155,9,1984.426942
155,10,1919.364956
156,7,2187.228742
156,8,2036.378328
156,9,1984.426942
156,10,1919.364956
157,7,2179.147790
157,8,2036.378328
157,9,1984.426942
157,10,1919.364956
158,7,2179.147790
158,8,2036.378328
158,9,1984.426942
158,10,1919.364956
159,7,2179.147790
159,8,2036.378328
159,9,1984.426942
159,10,1919.364956
160,7,2179.147790
160,8,2036.378328
160,9,1984.426942
160,10,1919.364956
161,7,2179.147790
161,8,2036.378328
161,9,1984.426942
161,10,1917.078381
162,7,2179.147790
162,8,2036.378328
162,9,1984.426942
162,10,1917.078381
163,7,2179.147790
163,8,2036.378328
163,9,1984.426942
163,10,1917.078381
164,7,2179.147790
164,8,2036.378328
164,9,1984.426942
164,10,1917.078381
165,7,2179.147790
165,8,2036.378328
165,9,1984.426942
165,10,1915.767406
166,7,2179.147790
166,8,2036.378328
166,9,1983.920390
166,10,1915.607242
167,7,2179.147790
167,8,2036.378328
167,9,1983.920390
167,10,1915.607242
168,7,2179.147790
168,8,2036.378328
168,9,1983.920390
168,10,1915.607242
169,7,2179.147790
169,8,2036.378328
169,9,1983.920390
169,10,1915.607242
170,7,2179.147790
170,8,2026.166879
170,9,1983.920390
170,10,1915.607242
171,7,2179.147790
171,8,2026.166879
171,9,1983.920390
171,10,1915.607242
172,6,2698.116165
172,7,2179.147790
172,8,2026.166879
172,9,1983.920390
172,10,1910.302615
173,6,2698.116165
173,7,2179.147790
173,8,2026.166879
173,9,1983.920390
173,10,1910.302615
174,6,2698.116165
174,7,2179.147790
174,8,2026.166879
174,9,1983.920390
174,10,1910.302615
175,6,2698.116165
175,7,2179.147790
175,8,2026.166879
175,9,1983.920390
175,10,1910.302615
176,6,2698.116165
176,7,2179.147790
176,8,2026.166879
176,9,1983.920390
176,10,1910.302615
177,6,2698.116165
177,7,2179.147790
177,8,2026.166879
177,9,1983.920390
177,10,1910.302615
178,6,2698.116165
178,7,2179.147790
178,8,2026.166879
178,9,1983.920390
178,10,1910.302615
179,6,2591.385185
179,7,2179.147790
179,8,2026.166879
179,9,1983.920390
179,10,1910.302615
180,6,2591.385185
180,7,2179.147790
180,8,2026.166879
180,9,1983.920390
180,10,1910.302615
181,6,2591.385185
181,7,2179.147790
181,8,2026.166879
181,9,1983.920390
181,10,1910.302615
182,6,2556.124434
182,7,2179.147790
182,8,2026.166879
182,9,1983.920390
182,10,1910.302615
183,6,2556.124434
183,7,2179.147790
183,8,2026.166879
183,9,1983.920390
183,10,1910.302615
184,6,2556.124434
184,7,2179.147790
184,8,2026.166879
184,9,1983.920390
184,10,1910.302615
185,6,2556.124434
185,7,2179.147790
185,8,2026.166879
185,9,1983.920390
185,10,1910.302615
186,6,2552.180447
186,7,2179.147790
186,8,2026.166879
186,9,1983.920390
186,10,1910.302615
187,6,2552.180447
187,7,2179.147790
187,8,2026.166879
187,9,1983.920390
187,10,1910.302615
188,6,2552.180447
188,7,2179.147790
188,8,2026.166879
188,9,1983.920390
188,10,1910.302615
189,6,2552.180447
189,7,2179.147790
189,8,2026.166879
189,9,1983.920390
189,10,1910.302615
190,6,2552.180447
190,7,2179.147790
190,8,2026.166879
190,9,1983.920390
190,10,1910.302615
191,6,2552.180447
191,7,2179.147790
191,8,2026.166879
191,9,1983.920390
191,10,1910.302615
192,6,2552.180447
192,7,2179.147790
192,8,2026.166879
192,9,1983.920390
192,10,1910.302615
193,6,2552.180447
193,7,2179.147790
193,8,2026.166879
193,9,1983.920390
193,10,1910.302615
194,6,2552.180447
194,7,2179.147790
194,8,2026.166879
194,9,1983.920390
194,10,1910.302615
195,6,2552.180447
195,7,2179.147790
195,8,2026.166879
195,9,1983.920390
195,10,1910.302615
196,6,2552.180447
196,7,2179.147790
196,8,2026.166879
196,9,1983.813526
196,10,1910.302615
197,6,2552.180447
197,7,2179.147790
197,8,2026.166879
197,9,1983.813526
197,10,1910.302615
198,6,2552.180447
198,7,2179.147790
198,8,2026.166879
198,9,1983.813526
198,10,1910.302615
199,6,2552.180447
199,7,2179.147790
199,8,2026.166879
199,9,1983.813526
199,10,1910.302615
200,6,2552.180447
200,7,2179.147790
200,8,2026.166879
200,9,1983.813526
200,10,1910.302615
201,6,2552.180447
201,7,2179.147790
201,8,2026.166879
201,9,1982.239473
201,10,1910.302615
202,6,2552.180447
202,7,2179.147790
202,8,2026.166879
202,9,1982.239473
202,10,1910.302615
203,6,2526.278114
203,7,2179.147790
203,8,2026.166879
203,9,1982.239473
203,10,1910.302615
204,6,2526.278114
204,7,2179.147790
204,8,2026.166879
204,9,1982.239473
204,10,1910.302615
205,6,2489.370271
205,7,2179.147790
205,8,2026.166879
205,9,1982.239473
205,10,1910.302615
206,6,2448.313269
206,7,2179.147790
206,8,2026.166879
206,9,1982.239473
206,10,1910.302615
207,6,2448.313269
207,7,2179.147790
207,8,2026.166879
207,9,1982.239473
207,10,1910.302615
208,6,2448.313269
208,7,2179.147790
208,8,2026.166879
208,9,1982.239473
208,10,1910.302615
209,6,2448.313269
209,7,2179.147790
209,8,2026.166879
209,9,1982.239473
209,10,1910.302615
210,6,2448.313269
210,7,2179.147790
210,8,2026.166879
210,9,1982.239473
210,10,1910.302615
211,6,2448.313269
211,7,2178.315161
211,8,2026.166879
211,9,1970.793669
211,10,1910.302615
212,6,2448.313269
212,7,2178.315161
212,8,2026.166879
212,9,1970.793669
212,10,1910.302615
213,6,2448.313269
213,7,2178.315161
213,8,2026.166879
213,9,1970.793669
213,10,1910.302615
214,6,2448.313269
214,7,2178.315161
214,8,2026.166879
214,9,1970.793669
214,10,1910.302615
215,6,2448.313269
215,7,2178.315161
215,8,2026.166879
215,9,1970.793669
215,10,1910.302615
216,6,2448.313269
216,7,2176.117709
216,8,2026.166879
216,9,1970.793669
216,10,1910.302615
217,6,2448.313269
217,7,2176.117709
217,8,2026.166879
217,9,1970.793669
217,10,1910.302615
218,6,2448.313269
218,7,2176.117709
218,8,2026.166879
218,9,1970.793669
218,10,1910.302615
219,6,2448.313269
219,7,2176.117709
219,8,2026.166879
219,9,1970.793669
219,10,1910.302615
220,6,2448.313269
220,7,2176.117709
220,8,2026.166879
220,9,1970.793669
220,10,1910.302615
221,6,2448.313269
221,7,2176.117709
221,8,2026.166879
221,9,1970.793669
221,10,1910.302615
222,6,2448.313269
222,7,2176.117709
222,8,2026.166879
222,9,1970.793669
222,10,1910.302615
223,6,2448.313269
223,7,2176.117709
223,8,2026.166879
223,9,1970.793669
223,10,1910.302615
224,6,2448.313269
224,7,2176.117709
224,8,2026.166879
224,9,1970.793669
224,10,1910.302615
225,6,2448.313269
225,7,2176.117709
225,8,2026.166879
225,9,1970.793669
225,10,1910.302615
226,6,2448.313269
226,7,2176.117709
226,8,2026.166879
226,9,1970.793669
226,10,1910.302615
227,6,2448.313269
227,7,2176.117709
227,8,2026.166879
227,9,1970.793669
227,10,1910.302615
228,6,2448.313269
228,7,2176.117709
228,8,2026.166879
228,9,1970.793669
228,10,1910.302615
229,6,2448.313269
229,7,2176.117709
229,8,2026.166879
229,9,1970.793669
229,10,1910.302615
230,6,2448.313269
230,7,2175.927748
230,8,2026.166879
230,9,1970.793669
230,10,1910.302615
231,6,2448.313269
231,7,2175.927748
231,8,2026.166879
231,9,1970.793669
231,10,1910.302615
232,6,2448.313269
232,7,2175.927748
232,8,2026.166879
232,9,1970.793669
232,10,1910.302615
233,6,2448.313269
233,7,2175.927748
233,8,2026.166879
233,9,1970.793669
233,10,1910.302615
234,6,2448.313269
234,7,2175.927748
234,8,2026.166879
234,9,1970.793669
234,10,1910.302615
235,6,2444.016621
235,7,2175.927748
235,8,2026.166879
235,9,1970.793669
235,10,1910.302615
236,6,2444.016621
236,7,2175.927748
236,8,2026.166879
236,9,1970.793669
236,10,1910.302615
237,6,2444.016621
237,7,2175.927748
237,8,2026.166879
237,9,1970.793669
237,10,1910.302615
238,6,2442.091331
238,7,2175.927748
238,8,2026.166879
238,9,1968.936071
238,10,1910.302615
239,6,2442.091331
239,7,2175.927748
239,8,2026.166879
239,9,1968.936071
239,10,1910.302615
240,6,2442.091331
240,7,2175.927748
240,8,2026.166879
240,9,1968.936071
240,10,1910.302615
241,6,2442.091331
241,7,2175.927748
241,8,2026.166879
241,9,1968.936071
241,10,1910.302615
242,6,2442.091331
242,7,2175.927748
242,8,2026.166879
242,9,1968.936071
242,10,1910.302615
243,6,2442.091331
243,7,2175.927748
243,8,2026.166879
243,9,1968.936071
243,10,1910.302615
244,6,2442.091331
244,7,2175.611579
244,8,2026.166879
244,9,1968.936071
244,10,1910.302615
245,6,2442.091331
245,7,2175.611579
245,8,2026.166879
245,9,1968.936071
245,10,1910.302615
246,6,2442.091331
246,7,2175.611579
246,8,2026.166879
246,9,1968.936071
246,10,1910.302615
247,6,2435.304130
247,7,2175.611579
247,8,2026.166879
247,9,1968.936071
247,10,1910.302615
248,6,2431.642179
248,7,2175.611579
248,8,2026.166879
248,9,1968.936071
248,10,1910.302615
249,6,2431.642179
249,7,2175.611579
249,8,2026.166879
249,9,1968.108289
249,10,1910.302615
250,6,2431.642179
250,7,2175.611579
250,8,2026.166879
250,9,1968.108289
250,10,1910.302615
251,6,2431.642179
251,7,2175.611579
251,8,2026.166879
251,9,1968.108289
251,10,1910.302615
252,6,2431.642179
252,7,2175.611579
252,8,2026.166879
252,9,1968.108289
252,10,1910.302615
253,6,2431.642179
253,7,2175.611579
253,8,2026.166879
253,9,1968.108289
253,10,1910.302615
254,6,2431.642179
254,7,2175.611579
254,8,2026.166879
254,9,1968.108289
254,10,1910.302615
255,6,2431.642179
255,7,2175.611579
255,8,2026.166879
255,9,1965.444830
255,10,1910.302615
256,6,2431.642179
256,7,2175.611579
256,8,2026.166879
256,9,1965.444830
256,10,1910.302615
257,6,2431.642179
257,7,2175.611579
257,8,2026.166879
257,9,1965.444830
257,10,1910.302615
258,6,2431.642179
258,7,2175.611579
258,8,2026.166879
258,9,1965.444830
258,10,1910.302615
259,6,2431.642179
259,7,2175.611579
259,8,2026.166879
259,9,1965.444830
259,10,1910.302615
260,6,2431.642179
260,7,2175.611579
260,8,2026.166879
260,9,1965.444830
260,10,1910.302615
261,6,2431.642179
261,7,2175.611579
261,8,2026.166879
261,9,1965.444830
261,10,1910.302615
262,6,2428.763821
262,7,2175.611579
262,8,2026.166879
262,9,1965.444830
262,10,1910.302615
263,6,2418.622681
263,7,2175.611579
263,8,2026.166879
263,9,1965.444830
263,10,1910.302615
264,6,2418.622681
264,7,2175.611579
264,8,2026.166879
264,9,1965.444830
264,10,1910.302615
265,6,2418.622681
265,7,2175.611579
265,8,2026.166879
265,9,1965.444830
265,10,1910.302615
266,6,2418.622681
266,7,2175.611579
266,8,2026.166879
266,9,1965.444830
266,10,1910.302615
267,6,2418.622681
267,7,2175.611579
267,8,2026.166879
267,9,1965.444830
267,10,1910.302615
268,6,2392.347457
268,7,2175.611579
268,8,2026.166879
268,9,1965.444830
268,10,1910.302615
269,6,2392.347457
269,7,2175.611579
269,8,2026.166879
269,9,1965.444830
269,10,1910.302615
270,6,2392.347457
270,7,2175.611579
270,8,2026.166879
270,9,1965.444830
270,10,1910.302615
271,6,2392.347457
271,7,2175.611579
271,8,2026.166879
271,9,1965.444830
271,10,1910.302615
272,6,2392.347457
272,7,2175.611579
272,8,2026.166879
272,9,1965.444830
272,10,1910.302615
273,6,2392.347457
273,7,2175.611579
273,8,2026.166879
273,9,1965.444830
273,10,1910.302615
274,6,2392.347457
274,7,2175.611579
274,8,2026.166879
274,9,1965.444830
274,10,1910.302615
275,6,2392.347457
275,7,2175.611579
275,8,2026.166879
275,9,1965.444830
275,10,1910.302615
276,6,2392.347457
276,7,2175.611579
276,8,2026.166879
276,9,1965.444830
276,10,1910.302615
277,6,2392.347457
277,7,2175.611579
277,8,2026.166879
277,9,1965.444830
277,10,1910.302615
278,6,2392.347457
278,7,2175.611579
278,8,2026.166879
278,9,1965.444830
278,10,1910.302615
279,6,2392.347457
279,7,2175.611579
279,8,2026.166879
279,9,1965.444830
279,10,1910.302615
280,6,2392.347457
280,7,2175.611579
280,8,2026.166879
280,9,1965.444830
280,10,1910.302615
281,6,2392.347457
281,7,2175.611579
281,8,2024.590503
281,9,1965.444830
281,10,1910.302615
282,6,2392.347457
282,7,2175.611579
282,8,2024.590503
282,9,1965.444830
282,10,1910.302615
283,6,2392.347457
283,7,2175.611579
283,8,2024.590503
283,9,1965.444830
283,10,1910.302615
284,6,2392.347457
284,7,2175.611579
284,8,2024.590503
284,9,1965.444830
284,10,1910.302615
284,11,1910.197986
285,6,2392.347457
285,7,2175.611579
285,8,2024.590503
285,9,1965.444830
285,10,1909.331906
286,6,2392.347457
286,7,2175.611579
286,8,2024.590503
286,9,1965.136654
286,10,1909.331906
286,11,1907.992092
287,6,2392.347457
287,7,2175.611579
287,8,2024.590503
287,9,1965.136654
287,10,1909.331906
287,11,1907.992092
288,6,2392.347457
288,7,2175.611579
288,8,2024.590503
288,9,1965.136654
288,10,1909.331906
288,11,1907.992092
289,6,2392.347457
289,7,2175.611579
289,8,2024.590503
289,9,1965.136654
289,10,1909.331906
289,11,1907.992092
290,6,2392.347457
290,7,2175.611579
290,8,2024.590503
290,9,1965.136654
290,10,1909.331906
290,11,1907.992092
291,6,2392.347457
291,7,2175.611579
291,8,2024.590503
291,9,1962.195962
291,10,1909.331906
291,11,1907.992092
292,6,2392.347457
292,7,2175.611579
292,8,2024.590503
292,9,1959.720992
292,10,1909.331906
292,11,1907.992092
293,6,2392.347457
293,7,2175.611579
293,8,2024.590503
293,9,1959.720992
293,10,1909.331906
293,11,1907.992092
294,6,2392.347457
294,7,2175.611579
294,8,2024.590503
294,9,1959.720992
294,10,1909.331906
294,11,1907.992092
295,6,2392.347457
295,7,2175.611579
295,8,2024.590503
295,9,1959.720992
295,10,1909.331906
295,11,1907.992092
296,6,2392.347457
296,7,2175.611579
296,8,2024.590503
296,9,1959.720992
296,10,1907.826887
297,6,2392.347457
297,7,2175.611579
297,8,2024.590503
297,9,1959.720992
297,10,1907.826887
298,6,2392.347457
298,7,2175.611579
298,8,2024.590503
298,9,1959.720992
298,10,1907.826887
299,6,2392.347457
299,7,2175.611579
299,8,2024.590503
299,9,1959.720992
299,10,1907.826887
300,6,2392.347457
300,7,2175.611579
300,8,2024.590503
300,9,1959.720992
300,10,1907.826887
301,6,2392.347457
301,7,2175.611579
301,8,2024.590503
301,9,1959.720992
301,10,1907.826887
302,6,2392.347457
302,7,2175.611579
302,8,2024.590503
302,9,1959.720992
302,10,1907.826887
303,6,2392.347457
303,7,2175.611579
303,8,2024.590503
303,9,1959.720992
303,10,1907.826887
304,6,2392.347457
304,7,2175.611579
304,8,2024.590503
304,9,1959.720992
304,10,1907.826887
305,6,2392.347457
305,7,2175.611579
305,8,2024.590503
305,9,1959.720992
305,10,1907.826887
306,6,2392.347457
306,7,2175.611579
306,8,2024.590503
306,9,1959.720992
306,10,1907.826887
307,6,2392.347457
307,7,2175.611579
307,8,2024.590503
307,9,1959.251643
307,10,1907.826887
308,6,2392.347457
308,7,2175.611579
308,8,2024.590503
308,9,1959.251643
308,10,1907.826887
309,6,2392.347457
309,7,2175.611579
309,8,2024.590503
309,9,1959.251643
309,10,1907.826887
310,6,2392.347457
310,7,2175.611579
310,8,2024.590503
310,9,1959.251643
310,10,1907.826887
311,6,2392.347457
311,7,2175.611579
311,8,2024.590503
311,9,1959.251643
311,10,1907.826887
312,6,2392.347457
312,7,2175.611579
312,8,2024.590503
312,9,1959.251643
312,10,1907.826887
313,6,2392.347457
313,7,2175.611579
313,8,2024.590503
313,9,1959.251643
313,10,1907.826887
314,6,2392.347457
314,7,2175.611579
314,8,2024.590503
314,9,1959.251643
314,10,1907.826887
315,6,2392.347457
315,7,2175.611579
315,8,2024.590503
315,9,1959.251643
315,10,1907.826887
316,6,2392.347457
316,7,2175.611579
316,8,2024.590503
316,9,1959.251643
316,10,1907.826887
317,6,2392.347457
317,7,2175.611579
317,8,2024.590503
317,9,1959.251643
317,10,1907.826887
318,6,2392.347457
318,7,2175.611579
318,8,2024.590503
318,9,1959.251643
318,10,1907.826887
319,6,2392.347457
319,7,2175.611579
319,8,2024.590503
319,9,1959.251643
319,10,1907.826887
320,6,2392.347457
320,7,2175.611579
320,8,2024.590503
320,9,1959.251643
320,10,1907.826887
321,6,2392.347457
321,7,2175.611579
321,8,2024.590503
321,9,1959.251643
321,10,1907.826887
322,6,2392.347457
322,7,2175.611579
322,8,2024.590503
322,9,1959.251643
322,10,1907.826887
323,6,2392.347457
323,7,2175.611579
323,8,2024.590503
323,9,1954.413160
323,10,1907.826887
324,6,2392.347457
324,7,2175.611579
324,8,2024.590503
324,9,1954.413160
324,10,1907.826887
324,11,1906.940009
325,6,2392.347457
325,7,2175.611579
325,8,2024.590503
325,9,1954.413160
325,10,1907.826887
325,11,1906.940009
326,6,2392.347457
326,7,2175.611579
326,8,2024.590503
326,9,1954.413160
326,10,1907.826887
326,11,1906.940009
327,6,2392.347457
327,7,2175.611579
327,8,2024.590503
327,9,1954.413160
327,10,1907.826887
327,11,1906.940009
328,6,2392.347457
328,7,2175.611579
328,8,2024.590503
328,9,1954.413160
328,10,1907.826887
328,11,1906.940009
329,6,2392.347457
329,7,2175.611579
329,8,2024.590503
329,9,1954.413160
329,10,1907.826887
329,11,1906.940009
330,6,2392.347457
330,7,2175.611579
330,8,2024.590503
330,9,1954.413160
330,10,1907.826887
330,11,1906.940009
