Generation,NV,TOC
1,10,3447.656398
1,11,3226.221505
1,12,2989.614967
1,18,2675.457565
1,27,2459.225993
2,10,3447.656398
2,11,3226.221505
2,12,2989.614967
2,16,2809.109185
2,18,2675.457565
2,23,2562.784263
2,27,2459.225993
3,10,3447.656398
3,11,3226.221505
3,12,2989.614967
3,16,2809.109185
3,18,2675.457565
3,22,2651.410707
3,23,2562.784263
3,27,2459.225993
4,10,3447.656398
4,11,3226.221505
4,12,2989.614967
4,16,2726.269864
4,18,2675.457565
4,19,2660.749789
4,22,2651.410707
4,23,2562.784263
4,26,2454.708564
5,10,3447.656398
5,11,3037.198794
5,12,2831.040902
5,16,2659.833514
5,17,2633.409692
5,21,2602.225033
5,22,2526.150677
5,25,2405.090118
6,10,3447.656398
6,11,3037.198794
6,12,2831.040902
6,16,2659.833514
6,17,2633.409692
6,21,2602.225033
6,22,2526.150677
6,25,2405.090118
7,10,3447.656398
7,11,3037.198794
7,12,2831.040902
7,16,2659.833514
7,17,2633.409692
7,21,2602.225033
7,22,2526.150677
7,25,2405.090118
8,10,3447.656398
8,11,3037.198794
8,12,2831.040902
8,15,2719.759475
8,16,2659.833514
8,17,2577.598801
8,22,2526.150677
8,25,2405.090118
9,10,3447.656398
9,11,3037.198794
9,12,2831.040902
9,14,2746.352752
9,15,2717.898854
9,16,2659.833514
9,17,2577.598801
9,22,2526.150677
9,25,2405.090118
10,9,4670.217188
10,10,3339.922434
10,11,3037.198794
10,12,2831.040902
10,14,2746.352752
10,15,2717.898854
10,16,2659.833514
10,17,2577.598801
10,22,2526.150677
10,25,2405.090118
11,9,4670.217188
11,10,3339.922434
11,11,3037.198794
11,12,2831.040902
11,14,2746.352752
11,15,2717.898854
11,16,2659.833514
11,17,2577.598801
11,22,2520.976161
11,25,2405.090118
12,9,4670.217188
12,10,3339.922434
12,11,3037.198794
12,12,2831.040902
12,14,2746.352752
12,15,2717.898854
12,16,2659.833514
12,17,2577.598801
12,22,2520.976161
12,25,2405.090118
13,9,4670.217188
13,10,3339.922434
13,11,3037.198794
13,12,2831.040902
13,14,2746.352752
13,15,2690.881939
13,16,2659.833514
13,17,2577.598801
13,22,2520.976161
13,25,2405.090118
14,9,4670.217188
14,10,3339.922434
14,11,3037.198794
14,12,2831.040902
14,14,2746.352752
14,15,2690.881939
14,16,2659.833514
14,17,2577.598801
14,22,2514.519185
14,25,2405.090118
15,9,4308.397111
15,10,2924.720901
15,12,2753.987754
15,13,2640.521441
15,15,2490.161575
15,22,2442.766626
15,24,2369.477319
16,9,4308.397111
16,10,2924.720901
16,12,2753.987754
16,13,2640.521441
16,15,2490.161575
16,21,2482.204031
16,22,2442.766626
16,24,2369.477319
17,9,4308.397111
17,10,2924.720901
17,12,2753.987754
17,13,2638.891459
17,15,2490.161575
17,21,2482.204031
17,22,2442.766626
17,24,2369.477319
18,9,4308.397111
18,10,2924.720901
18,12,2753.987754
18,13,2638.891459
18,15,2490.161575
18,17,2468.879813
18,22,2442.766626
18,24,2369.477319
19,8,3992.654647
19,9,3873.383887
19,10,2924.720901
19,12,2753.987754
19,13,2638.891459
19,15,2490.161575
19,17,2468.879813
19,22,2442.766626
19,24,2369.477319
20,8,3992.654647
20,9,3873.383887
20,10,2924.720901
20,12,2753.987754
20,13,2638.891459
20,14,2613.111199
20,15,2490.161575
20,17,2468.879813
20,22,2442.766626
20,24,2369.477319
21,8,3486.959788
21,10,2841.277024
21,12,2753.987754
21,13,2591.814972
21,14,2516.493967
21,15,2471.388106
21,17,2406.866943
21,22,2385.044723
21,24,2345.730538
22,8,3486.959788
22,10,2841.277024
22,12,2753.987754
22,13,2591.814972
22,14,2516.493967
22,15,2471.388106
22,17,2406.866943
22,22,2385.044723
22,24,2345.730538
23,8,3281.732158
23,10,2807.991083
23,12,2753.987754
23,13,2591.814972
23,14,2516.493967
23,15,2471.388106
23,17,2406.866943
23,22,2385.044723
23,24,2345.730538
24,8,3281.732158
24,10,2807.991083
24,12,2753.987754
24,13,2591.814972
24,14,2516.493967
24,15,2471.388106
24,17,2406.866943
24,22,2385.044723
24,24,2345.730538
25,8,3281.732158
25,10,2807.991083
25,12,2730.442191
25,13,2591.814972
25,14,2516.493967
25,15,2471.388106
25,16,2444.358086
25,17,2406.866943
25,22,2385.044723
25,24,2345.730538
26,8,3180.208822
26,10,2799.782648
26,11,2545.188295
26,14,2482.838658
26,15,2459.428834
26,16,2408.923669
26,17,2371.905901
26,24,2319.310483
27,8,3180.208822
27,10,2799.782648
27,11,2545.188295
27,14,2482.838658
27,15,2459.428834
27,16,2408.923669
27,17,2371.905901
27,24,2319.310483
28,7,4127.473334
28,8,3180.208822
28,10,2799.782648
28,11,2545.188295
28,14,2482.838658
28,15,2459.428834
28,16,2408.923669
28,17,2371.905901
28,24,2319.310483
29,7,4127.473334
29,8,3180.208822
29,10,2799.782648
29,11,2545.188295
29,14,2482.838658
29,15,2459.428834
29,16,2408.923669
29,17,2371.905901
29,24,2319.310483
30,7,4127.473334
30,8,3180.208822
30,10,2799.782648
30,11,2545.188295
30,14,2482.838658
30,15,2459.428834
30,16,2408.037583
30,17,2371.905901
30,24,2319.310483
31,7,3702.697300
31,8,3180.208822
31,10,2799.782648
31,11,2505.044181
31,13,2450.123212
31,14,2326.720568
31,24,2319.310483
32,7,3702.697300
32,8,3180.208822
32,10,2799.782648
32,11,2505.044181
32,13,2450.123212
32,14,2326.720568
32,24,2319.310483
33,7,3702.697300
33,8,3180.208822
33,10,2799.782648
33,11,2505.044181
33,13,2450.123212
33,14,2326.720568
33,24,2319.310483
34,7,3702.697300
34,8,3180.208822
34,10,2799.782648
34,11,2505.044181
34,13,2450.123212
34,14,2326.720568
34,24,2319.310483
35,7,3702.697300
35,8,3180.208822
35,10,2799.782648
35,11,2505.044181
35,13,2450.123212
35,14,2326.720568
35,24,2319.310483
36,7,3702.697300
36,8,3168.373742
36,10,2681.884185
36,11,2505.044181
36,13,2311.020756
36,24,2306.613140
37,7,3702.697300
37,8,3168.373742
37,10,2681.884185
37,11,2505.044181
37,12,2491.402220
37,13,2311.020756
37,24,2306.613140
38,7,3702.697300
38,8,3168.373742
38,10,2681.884185
38,11,2505.044181
38,12,2491.402220
38,13,2311.020756
38,24,2306.613140
39,7,3702.697300
39,8,3168.373742
39,10,2681.884185
39,11,2505.044181
39,12,2491.402220
39,13,2311.020756
39,24,2306.613140
40,7,3702.697300
40,8,3168.373742
40,10,2681.884185
40,11,2505.044181
40,12,2491.402220
40,13,2311.020756
40,24,2306.613140
41,7,3702.697300
41,8,3168.373742
41,9,3016.724456
41,10,2681.884185
41,11,2505.044181
41,12,2491.402220
41,13,2311.020756
41,24,2306.613140
42,7,3702.697300
42,8,3168.373742
42,9,3016.724456
42,10,2681.884185
42,11,2505.044181
42,12,2491.402220
42,13,2311.020756
42,24,2306.613140
43,7,3702.697300
43,8,3021.941142
43,9,3016.724456
43,10,2681.884185
43,11,2505.044181
43,12,2491.402220
43,13,2311.020756
43,24,2306.613140
44,7,3702.697300
44,8,2851.183723
44,10,2625.759183
44,11,2505.044181
44,12,2491.402220
44,13,2311.020756
44,24,2306.613140
45,7,3702.697300
45,8,2851.183723
45,10,2625.759183
45,11,2505.044181
45,12,2491.402220
45,13,2311.020756
45,24,2306.613140
46,7,3702.697300
46,8,2851.183723
46,9,2721.136164
46,10,2625.759183
46,11,2505.044181
46,12,2491.402220
46,13,2311.020756
46,14,2310.003109
46,24,2306.613140
47,7,3702.697300
47,8,2851.183723
47,9,2706.576485
47,10,2625.759183
47,11,2505.044181
47,12,2491.402220
47,13,2311.020756
47,14,2310.003109
47,24,2306.613140
48,7,3702.697300
48,8,2851.183723
48,9,2706.576485
48,10,2625.759183
48,11,2505.044181
48,12,2491.402220
48,13,2311.020756
48,14,2310.003109
48,24,2306.613140
49,7,3702.697300
49,8,2791.746387
49,9,2706.576485
49,10,2625.759183
49,11,2505.044181
49,12,2491.402220
49,13,2311.020756
49,14,2310.003109
49,24,2306.613140
50,7,3702.697300
50,8,2791.746387
50,9,2706.576485
50,10,2625.759183
50,11,2505.044181
50,12,2491.402220
50,13,2311.020756
50,14,2310.003109
50,24,2306.613140
51,7,3702.697300
51,8,2629.760191
51,10,2588.241043
51,11,2421.005020
51,12,2303.996861
51,23,2280.606036
52,7,3702.697300
52,8,2629.760191
52,10,2588.241043
52,11,2421.005020
52,12,2303.996861
52,23,2280.606036
53,7,3702.697300
53,8,2629.760191
53,10,2588.241043
53,11,2421.005020
53,12,2303.996861
53,23,2280.606036
54,7,3702.697300
54,8,2629.760191
54,10,2588.241043
54,11,2421.005020
54,12,2303.996861
54,23,2280.606036
55,7,3702.697300
55,8,2629.760191
55,10,2588.241043
55,11,2421.005020
55,12,2303.996861
55,23,2280.606036
56,7,3702.697300
56,8,2629.760191
56,9,2616.923084
56,10,2588.241043
56,11,2421.005020
56,12,2303.996861
56,23,2280.606036
57,7,3003.803824
57,8,2542.443761
57,11,2383.454817
57,12,2294.070069
57,21,2238.345211
58,7,3003.803824
58,8,2542.443761
58,11,2383.454817
58,12,2294.070069
58,21,2238.345211
59,7,3003.803824
59,8,2542.443761
59,11,2383.454817
59,12,2294.070069
59,21,2238.345211
60,7,3003.803824
60,8,2542.443761
60,11,2383.454817
60,12,2294.070069
60,21,2238.345211
61,7,3003.803824
61,8,2542.443761
61,10,2532.466496
61,11,2383.454817
61,12,2290.685005
61,21,2238.345211
62,7,2945.092288
62,8,2495.642565
62,10,2490.396672
62,11,2289.102281
62,20,2232.416879
63,7,2945.092288
63,8,2495.642565
63,10,2490.396672
63,11,2289.102281
63,20,2232.416879
64,7,2945.092288
64,8,2495.642565
64,10,2490.396672
64,11,2289.102281
64,20,2232.416879
65,7,2945.092288
65,8,2495.642565
65,10,2490.396672
65,11,2289.102281
65,20,2232.416879
66,7,2945.092288
66,8,2495.642565
66,10,2490.396672
66,11,2289.102281
66,20,2232.416879
67,7,2816.327265
67,8,2425.977351
67,11,2274.849562
67,20,2209.027447
68,7,2816.327265
68,8,2425.977351
68,11,2274.849562
68,20,2209.027447
69,7,2816.327265
69,8,2425.977351
69,11,2274.849562
69,20,2209.027447
70,7,2816.327265
70,8,2425.977351
70,11,2274.849562
70,20,2209.027447
71,7,2816.327265
71,8,2425.977351
71,11,2274.849562
71,20,2209.027447
72,7,2816.327265
72,8,2424.205277
72,11,2274.849562
72,18,2184.651047
73,7,2816.327265
73,8,2401.000447
73,11,2274.849562
73,18,2184.651047
74,7,2816.327265
74,8,2401.000447
74,11,2274.849562
74,18,2184.651047
75,7,2816.327265
75,8,2401.000447
75,11,2274.849562
75,18,2184.651047
76,7,2816.327265
76,8,2401.000447
76,9,2400.028299
76,11,2274.849562
76,18,2184.651047
77,6,3127.842576
77,7,2760.032744
77,8,2401.000447
77,9,2397.655825
77,11,2254.043822
77,17,2176.424515
78,6,3127.842576
78,7,2760.032744
78,8,2401.000447
78,9,2397.655825
78,11,2254.043822
78,13,2252.128116
78,17,2176.424515
79,6,3127.842576
79,7,2760.032744
79,8,2401.000447
79,9,2397.655825
79,11,2254.043822
79,13,2252.128116
79,17,2176.424515
80,6,3127.842576
80,7,2760.032744
80,8,2401.000447
80,9,2397.655825
80,11,2254.043822
80,13,2252.128116
80,17,2176.424515
81,6,3127.842576
81,7,2760.032744
81,8,2401.000447
81,9,2397.655825
81,11,2254.043822
81,13,2252.128116
81,17,2176.424515
82,6,3106.105225
82,7,2748.542999
82,8,2401.000447
82,9,2384.058803
82,11,2252.855914
82,13,2202.581256
82,17,2176.424515
83,6,3106.105225
83,7,2748.542999
83,8,2401.000447
83,9,2384.058803
83,11,2252.855914
83,13,2202.581256
83,17,2176.424515
84,6,3106.105225
84,7,2748.542999
84,8,2389.199548
84,9,2369.225371
84,11,2252.855914
84,13,2202.581256
84,17,2176.424515
85,6,3106.105225
85,7,2748.542999
85,8,2389.199548
85,9,2369.225371
85,11,2252.855914
85,13,2202.581256
85,17,2176.424515
86,6,3106.105225
86,7,2748.542999
86,8,2389.199548
86,9,2369.225371
86,11,2252.855914
86,13,2202.581256
86,17,2176.424515
87,6,3106.105225
87,7,2709.897324
87,8,2357.484564
87,11,2234.648994
87,13,2202.581256
87,16,2160.928207
88,6,3106.105225
88,7,2709.897324
88,8,2357.484564
88,11,2234.648994
88,13,2202.581256
88,16,2160.928207
89,6,3106.105225
89,7,2709.897324
89,8,2357.484564
89,11,2234.648994
89,13,2202.581256
89,16,2160.928207
90,6,3106.105225
90,7,2709.897324
90,8,2357.484564
90,11,2234.648994
90,13,2202.581256
90,16,2160.928207
91,6,3106.105225
91,7,2709.897324
91,8,2357.484564
91,11,2234.648994
91,13,2202.581256
91,16,2160.928207
92,6,3106.105225
92,7,2709.897324
92,8,2289.183295
92,11,2234.573871
92,13,2192.766663
92,16,2160.928207
93,6,3104.418276
93,7,2709.897324
93,8,2289.183295
93,11,2234.573871
93,13,2192.766663
93,16,2160.928207
94,6,3015.563515
94,7,2709.897324
94,8,2289.183295
94,11,2234.573871
94,13,2192.766663
94,16,2160.928207
95,6,3015.563515
95,7,2709.897324
95,8,2289.183295
95,11,2234.573871
95,13,2192.766663
95,16,2160.928207
96,6,3015.563515
96,7,2709.897324
96,8,2289.183295
96,11,2234.573871
96,13,2192.766663
96,16,2160.928207
97,6,2981.606789
97,7,2653.145631
97,8,2287.063110
97,11,2234.573871
97,13,2192.190852
97,16,2160.216990
98,6,2981.606789
98,7,2653.145631
98,8,2287.063110
98,11,2234.573871
98,13,2192.190852
98,16,2160.216990
99,6,2981.606789
99,7,2540.286623
99,8,2287.063110
99,11,2234.573871
99,13,2192.190852
99,16,2160.216990
100,6,2981.606789
100,7,2540.286623
100,8,2287.063110
100,11,2234.573871
100,13,2192.190852
100,16,2160.216990
101,6,2981.606789
101,7,2540.286623
101,8,2287.063110
101,11,2234.573871
101,13,2192.190852
101,16,2160.216990
102,6,2969.154149
102,7,2470.812518
102,8,2287.063110
102,9,2263.128442
102,11,2234.573871
102,13,2190.827285
102,16,2160.216990
103,6,2969.154149
103,7,2470.812518
103,8,2287.063110
103,9,2255.127670
103,11,2234.573871
103,13,2190.827285
103,16,2160.216990
104,6,2969.154149
104,7,2470.812518
104,8,2287.063110
104,9,2255.127670
104,11,2226.159498
104,13,2190.827285
104,16,2160.216990
105,6,2969.154149
105,7,2470.812518
105,8,2287.063110
105,9,2255.127670
105,11,2226.159498
105,13,2190.827285
105,16,2160.216990
106,6,2969.154149
106,7,2470.812518
106,8,2287.063110
106,9,2255.127670
106,11,2226.159498
106,13,2190.827285
106,16,2160.216990
107,6,2868.662241
107,7,2470.812518
107,8,2242.900629
107,11,2212.449170
107,13,2190.827285
107,16,2160.216990
108,6,2868.662241
108,7,2470.812518
108,8,2242.900629
108,11,2212.449170
108,13,2190.827285
108,16,2160.216990
109,6,2868.662241
109,7,2470.812518
109,8,2242.900629
109,11,2212.449170
109,13,2190.827285
109,16,2160.216990
110,6,2868.662241
110,7,2470.812518
110,8,2242.900629
110,11,2212.449170
110,13,2190.827285
110,16,2160.216990
111,6,2868.662241
111,7,2470.812518
111,8,2242.900629
111,11,2212.449170
111,13,2190.827285
111,16,2160.216990
112,6,2854.171690
112,7,2470.812518
112,8,2242.900629
112,11,2195.052931
112,13,2184.632803
112,16,2151.485385
113,6,2854.171690
113,7,2358.250299
113,8,2242.900629
113,11,2195.052931
113,13,2184.632803
113,16,2151.485385
114,6,2854.171690
114,7,2358.250299
114,8,2234.846023
114,11,2195.052931
114,13,2184.632803
114,16,2151.485385
115,6,2854.171690
115,7,2358.250299
115,8,2234.846023
115,11,2195.052931
115,13,2184.632803
115,16,2151.485385
116,6,2854.171690
116,7,2358.250299
116,8,2234.846023
116,11,2195.052931
116,13,2184.632803
116,16,2151.485385
117,6,2838.306184
117,7,2319.711283
117,8,2215.274705
117,11,2194.817143
117,13,2183.939670
117,16,2151.485385
118,6,2838.306184
118,7,2319.711283
118,8,2215.274705
118,11,2194.817143
118,13,2183.939670
118,16,2151.485385
119,6,2838.306184
119,7,2319.711283
119,8,2215.274705
119,11,2194.817143
119,13,2183.939670
119,16,2151.485385
120,6,2838.306184
120,7,2319.711283
120,8,2215.274705
120,11,2194.817143
120,13,2183.939670
120,16,2151.485385
121,6,2838.306184
121,7,2319.711283
121,8,2215.274705
121,11,2194.817143
121,13,2183.939670
121,16,2151.485385
122,6,2838.306184
122,7,2315.749562
122,8,2210.919255
122,11,2194.644356
122,13,2181.345167
122,15,2147.693650
123,6,2838.306184
123,7,2315.749562
123,8,2210.919255
123,11,2194.644356
123,13,2181.345167
123,15,2147.693650
124,6,2838.306184
124,7,2248.685370
124,8,2210.919255
124,11,2194.644356
124,13,2181.345167
124,15,2147.693650
125,6,2838.306184
125,7,2248.685370
125,8,2210.919255
125,11,2194.644356
125,13,2181.345167
125,15,2147.693650
126,6,2838.306184
126,7,2248.685370
126,8,2210.919255
126,11,2194.644356
126,13,2181.345167
126,15,2147.693650
127,6,2831.374408
127,7,2247.708911
127,8,2204.310266
127,11,2194.644356
127,13,2181.345167
127,15,2142.996682
128,6,2831.374408
128,7,2247.708911
128,8,2204.310266
128,11,2194.644356
128,13,2181.345167
128,15,2142.996682
129,6,2831.374408
129,7,2247.708911
129,8,2204.310266
129,11,2194.644356
129,13,2181.345167
129,15,2142.996682
130,6,2831.374408
130,7,2247.708911
130,8,2204.310266
130,11,2194.644356
130,13,2181.345167
130,15,2142.996682
131,6,2831.374408
131,7,2247.708911
131,8,2204.310266
131,11,2194.644356
131,13,2181.345167
131,15,2142.996682
132,6,2831.374408
132,7,2247.708911
132,8,2193.520708
132,11,2187.005903
132,13,2176.112231
132,15,2142.996682
133,6,2831.374408
133,7,2247.708911
133,8,2193.520708
133,11,2187.005903
133,13,2176.112231
133,15,2142.996682
134,6,2831.374408
134,7,2247.708911
134,8,2193.520708
134,11,2187.005903
134,13,2176.112231
134,15,2142.996682
135,6,2831.374408
135,7,2247.708911
135,8,2193.520708
135,11,2187.005903
135,13,2176.112231
135,15,2142.996682
136,6,2831.374408
136,7,2247.708911
136,8,2193.520708
136,11,2187.005903
136,13,2176.112231
136,15,2142.996682
137,6,2774.560176
137,7,2247.708911
137,8,2193.520708
137,11,2175.852007
137,13,2175.727081
137,15,2142.996682
138,6,2774.560176
138,7,2246.518577
138,8,2193.520708
138,11,2175.852007
138,13,2175.727081
138,15,2142.996682
139,6,2774.560176
139,7,2246.518577
139,8,2193.520708
139,11,2175.852007
139,13,2175.727081
139,15,2142.996682
140,6,2774.560176
140,7,2246.518577
140,8,2193.520708
140,11,2175.852007
140,13,2175.727081
140,15,2142.996682
141,6,2774.560176
141,7,2246.518577
141,8,2193.520708
141,11,2175.852007
141,13,2175.727081
141,15,2142.996682
142,6,2774.560176
142,7,2246.518577
142,8,2193.520708
142,11,2175.852007
142,13,2175.727081
142,15,2142.708053
143,6,2774.560176
143,7,2246.518577
143,8,2193.520708
143,11,2175.852007
143,13,2175.727081
143,15,2142.708053
144,6,2774.560176
144,7,2246.518577
144,8,2193.520708
144,11,2175.852007
144,13,2175.727081
144,15,2142.708053
145,6,2774.560176
145,7,2246.518577
145,8,2193.520708
145,11,2175.852007
145,13,2175.727081
145,15,2142.708053
146,6,2774.560176
146,7,2246.518577
146,8,2193.520708
146,11,2175.852007
146,13,2175.727081
146,15,2142.708053
147,6,2774.550658
147,7,2242.189530
147,8,2193.520708
147,11,2159.621080
147,12,2157.106156
147,15,2142.708053
148,6,2774.550658
148,7,2242.189530
148,8,2193.520708
148,10,2175.667501
148,11,2159.621080
148,12,2157.106156
148,15,2142.708053
149,6,2774.550658
149,7,2242.189530
149,8,2193.520708
149,10,2175.667501
149,11,2159.621080
149,12,2157.106156
149,15,2142.708053
150,6,2774.550658
150,7,2242.189530
150,8,2193.520708
150,10,2175.667501
150,11,2159.621080
150,12,2157.106156
150,15,2142.708053
151,6,2774.550658
151,7,2242.189530
151,8,2193.520708
151,10,2175.667501
151,11,2159.621080
151,12,2157.106156
151,15,2142.708053
152,6,2774.550658
152,7,2242.189530
152,8,2193.520708
152,10,2175.667501
152,11,2159.621080
152,12,2156.131594
152,15,2125.136997
153,6,2774.550658
153,7,2242.189530
153,8,2193.520708
153,10,2175.667501
153,11,2159.621080
153,12,2156.131594
153,15,2125.136997
154,6,2774.550658
154,7,2242.189530
154,8,2193.520708
154,10,2175.667501
154,11,2159.621080
154,12,2156.131594
154,15,2125.136997
155,6,2774.550658
155,7,2242.189530
155,8,2193.520708
155,10,2175.667501
155,11,2159.621080
155,12,2156.131594
155,15,2125.136997
156,6,2774.550658
156,7,2242.189530
156,8,2193.520708
156,10,2175.667501
156,11,2159.621080
156,12,2156.131594
156,15,2125.136997
157,6,2746.381794
157,7,2242.189530
157,8,2193.520708
157,10,2175.667501
157,11,2159.621080
157,12,2152.363053
157,15,2122.221380
158,6,2746.381794
158,7,2242.189530
158,8,2193.520708
158,10,2175.667501
158,11,2159.621080
158,12,2152.363053
158,15,2122.221380
159,6,2746.381794
159,7,2242.189530
159,8,2193.520708
159,10,2175.667501
159,11,2159.621080
159,12,2152.363053
159,15,2122.221380
160,6,2746.381794
160,7,2242.189530
160,8,2193.520708
160,10,2175.667501
160,11,2159.621080
160,12,2152.363053
160,15,2122.221380
161,6,2746.381794
161,7,2242.189530
161,8,2193.520708
161,10,2175.667501
161,11,2159.621080
161,12,2152.363053
161,15,2122.221380
162,6,2740.688492
162,7,2230.783733
162,8,2186.990214
162,10,2118.436404
163,6,2740.688492
163,7,2230.783733
163,8,2186.990214
163,10,2118.436404
164,6,2740.688492
164,7,2230.783733
164,8,2186.990214
164,10,2118.436404
165,6,2740.688492
165,7,2230.783733
165,8,2186.990214
165,10,2118.436404
166,6,2740.688492
166,7,2230.783733
166,8,2186.990214
166,10,2118.436404
167,6,2712.897807
167,7,2230.783733
167,8,2172.944500
167,10,2114.350674
168,6,2712.897807
168,7,2230.783733
168,8,2172.944500
168,9,2167.903759
168,10,2114.350674
169,6,2712.897807
169,7,2230.783733
169,8,2172.944500
169,9,2167.903759
169,10,2114.350674
170,6,2712.897807
170,7,2230.783733
170,8,2172.944500
170,9,2167.903759
170,10,2114.350674
171,6,2712.897807
171,7,2230.783733
171,8,2172.944500
171,9,2167.903759
171,10,2114.350674
172,6,2712.897807
172,7,2230.783733
172,8,2166.008393
172,9,2142.245885
172,10,2114.350674
173,6,2712.897807
173,7,2230.783733
173,8,2166.008393
173,9,2142.245885
173,10,2114.350674
174,6,2712.897807
174,7,2230.783733
174,8,2154.792678
174,9,2142.245885
174,10,2114.350674
175,6,2712.897807
175,7,2230.783733
175,8,2154.792678
175,9,2142.245885
175,10,2114.350674
176,6,2712.897807
176,7,2230.783733
176,8,2154.792678
176,9,2142.245885
176,10,2114.350674
177,6,2700.749192
177,7,2221.561047
177,8,2154.792678
177,9,2142.245885
177,10,2110.037801
178,5,3318.677926
178,6,2700.749192
178,7,2221.561047
178,8,2154.792678
178,9,2142.245885
178,10,2110.037801
179,5,3318.677926
179,6,2700.749192
179,7,2221.561047
179,8,2154.792678
179,9,2142.245885
179,10,2110.037801
180,5,3318.677926
180,6,2700.749192
180,7,2221.561047
180,8,2154.792678
180,9,2142.245885
180,10,2110.037801
181,5,3318.677926
181,6,2700.749192
181,7,2221.561047
181,8,2154.792678
181,9,2142.245885
181,10,2110.037801
182,5,3163.530582
182,6,2687.824381
182,7,2221.561047
182,8,2154.792678
182,9,2135.623115
182,10,2103.439928
183,5,3163.530582
183,6,2687.824381
183,7,2221.561047
183,8,2154.792678
183,9,2135.623115
183,10,2103.439928
184,5,3163.530582
184,6,2687.824381
184,7,2221.561047
184,8,2154.792678
184,9,2135.623115
184,10,2103.439928
185,5,3163.530582
185,6,2687.824381
185,7,2221.561047
185,8,2154.792678
185,9,2135.623115
185,10,2103.439928
186,5,3163.530582
186,6,2687.824381
186,7,2221.561047
186,8,2154.792678
186,9,2135.623115
186,10,2103.439928
187,5,2998.605882
187,6,2686.490040
187,7,2218.275250
187,8,2145.004289
187,9,2135.623115
187,10,2103.439928
188,5,2998.605882
188,6,2686.490040
188,7,2218.275250
188,8,2145.004289
188,9,2135.623115
188,10,2103.439928
189,5,2998.605882
189,6,2686.490040
189,7,2218.275250
189,8,2145.004289
189,9,2135.623115
189,10,2103.439928
190,5,2998.605882
190,6,2686.490040
190,7,2218.275250
190,8,2145.004289
190,9,2135.623115
190,10,2103.439928
191,5,2998.605882
191,6,2686.490040
191,7,2218.275250
191,8,2145.004289
191,9,2135.623115
191,10,2103.439928
192,5,2998.605882
192,6,2679.644683
192,7,2218.275250
192,8,2145.004289
192,9,2125.004954
192,10,2103.439928
193,5,2998.605882
193,6,2679.644683
193,7,2218.275250
193,8,2145.004289
193,9,2125.004954
193,10,2103.439928
194,5,2998.605882
194,6,2679.644683
194,7,2218.275250
194,8,2145.004289
194,9,2125.004954
194,10,2103.439928
195,5,2998.605882
195,6,2679.644683
195,7,2218.275250
195,8,2145.004289
195,9,2125.004954
195,10,2103.439928
196,5,2998.605882
196,6,2679.644683
196,7,2218.275250
196,8,2145.004289
196,9,2125.004954
196,10,2103.439928
197,5,2988.939813
197,6,2655.511942
197,7,2218.275250
197,8,2145.004289
197,9,2125.004954
197,10,2103.439928
198,5,2988.939813
198,6,2655.511942
198,7,2218.275250
198,8,2145.004289
198,9,2125.004954
198,10,2103.439928
199,5,2988.939813
199,6,2655.511942
199,7,2218.275250
199,8,2145.004289
199,9,2125.004954
199,10,2103.439928
200,5,2988.939813
200,6,2655.511942
200,7,2218.275250
200,8,2145.004289
200,9,2125.004954
200,10,2103.439928
201,5,2988.939813
201,6,2655.511942
201,7,2218.275250
201,8,2145.004289
201,9,2125.004954
201,10,2103.412335
202,5,2979.404175
202,6,2655.511942
202,7,2217.646074
202,8,2145.004289
202,9,2125.004954
202,10,2103.412335
203,5,2979.404175
203,6,2651.225674
203,7,2217.646074
203,8,2145.004289
203,9,2125.004954
203,10,2103.412335
204,5,2934.666435
204,6,2651.225674
204,7,2206.856515
204,8,2145.004289
204,9,2125.004954
204,10,2103.412335
205,5,2934.666435
205,6,2651.225674
205,7,2206.856515
205,8,2145.004289
205,9,2125.004954
205,10,2103.412335
206,5,2934.666435
206,6,2651.225674
206,7,2206.856515
206,8,2145.004289
206,9,2125.004954
206,10,2103.412335
207,5,2934.666435
207,6,2651.225674
207,7,2206.856515
207,8,2141.351496
207,9,2109.289482
207,10,2102.681360
208,5,2934.666435
208,6,2651.225674
208,7,2206.856515
208,8,2141.351496
208,9,2109.289482
208,10,2102.681360
209,5,2934.666435
209,6,2651.225674
209,7,2206.856515
209,8,2141.351496
209,9,2109.289482
209,10,2102.681360
210,5,2934.666435
210,6,2651.225674
210,7,2206.856515
210,8,2141.351496
210,9,2109.289482
210,10,2102.681360
211,5,2934.666435
211,6,2651.225674
211,7,2206.856515
211,8,2141.351496
211,9,2109.289482
211,10,2102.681360
212,5,2685.390791
212,6,2646.326967
212,7,2206.856515
212,8,2141.351496
212,9,2109.259064
212,10,2102.650941
213,5,2685.390791
213,6,2646.326967
213,7,2206.856515
213,8,2141.351496
213,9,2109.259064
213,10,2102.650941
214,5,2685.390791
214,6,2646.326967
214,7,2206.856515
214,8,2141.351496
214,9,2109.259064
214,10,2102.650941
215,5,2685.390791
215,6,2646.326967
215,7,2206.856515
215,8,2141.351496
215,9,2109.259064
215,10,2102.650941
216,5,2685.390791
216,6,2646.326967
216,7,2206.856515
216,8,2141.351496
216,9,2109.259064
216,10,2102.650941
217,5,2651.563895
217,6,2617.252674
217,7,2194.559693
217,8,2115.914018
217,9,2109.259064
217,10,2102.650941
218,5,2651.563895
218,6,2617.252674
218,7,2194.559693
218,8,2115.914018
218,9,2109.259064
218,10,2102.650941
219,5,2651.563895
219,6,2617.252674
219,7,2194.559693
219,8,2115.914018
219,9,2109.259064
219,10,2102.650941
220,5,2651.563895
220,6,2617.252674
220,7,2194.559693
220,8,2115.914018
220,9,2109.259064
220,10,2102.650941
221,5,2651.563895
221,6,2617.252674
221,7,2194.559693
221,8,2115.914018
221,9,2108.753011
221,10,2102.650941
222,5,2639.972446
222,6,2517.511032
222,7,2194.559693
222,8,2103.794608
222,10,2097.734241
223,5,2639.972446
223,6,2517.511032
223,7,2194.559693
223,8,2103.794608
223,10,2097.734241
224,5,2639.972446
224,6,2517.511032
224,7,2194.559693
224,8,2103.794608
224,10,2097.734241
225,5,2639.972446
225,6,2517.511032
225,7,2194.559693
225,8,2103.794608
225,10,2097.734241
226,5,2639.972446
226,6,2517.511032
226,7,2194.559693
226,8,2103.794608
226,10,2097.734241
227,5,2572.422174
227,6,2517.511032
227,7,2194.559693
227,8,2103.794608
227,10,2097.369466
228,5,2572.422174
228,6,2517.511032
228,7,2194.559693
228,8,2103.794608
228,10,2097.369466
229,5,2572.422174
229,6,2463.538405
229,7,2194.559693
229,8,2103.794608
229,10,2097.369466
230,5,2572.422174
230,6,2463.538405
230,7,2194.559693
230,8,2103.794608
230,10,2097.369466
231,5,2572.422174
231,6,2463.538405
231,7,2194.559693
231,8,2103.794608
231,10,2097.369466
232,5,2572.422174
232,6,2463.538405
232,7,2194.559693
232,8,2103.605139
232,10,2097.369466
233,5,2572.422174
233,6,2463.538405
233,7,2194.559693
233,8,2103.605139
233,10,2097.369466
234,5,2572.422174
234,6,2463.538405
234,7,2192.181311
234,8,2103.605139
234,10,2097.369466
235,5,2572.422174
235,6,2463.538405
235,7,2192.181311
235,8,2103.605139
235,10,2097.369466
236,5,2572.422174
236,6,2463.538405
236,7,2192.181311
236,8,2103.605139
236,10,2097.369466
237,5,2572.422174
237,6,2417.950661
237,7,2192.181311
237,8,2101.539246
237,10,2097.369466
238,5,2572.422174
238,6,2417.950661
238,7,2192.181311
238,8,2101.539246
238,10,2097.369466
239,5,2572.422174
239,6,2417.950661
239,7,2192.181311
239,8,2101.539246
239,10,2097.369466
240,5,2572.422174
240,6,2417.950661
240,7,2192.181311
240,8,2101.539246
240,10,2097.369466
241,5,2572.422174
241,6,2417.950661
241,7,2192.181311
241,8,2101.539246
241,10,2097.369466
242,5,2572.422174
242,6,2382.823858
242,7,2187.974042
242,8,2101.539246
242,10,2097.369466
243,5,2572.422174
243,6,2382.823858
243,7,2187.974042
243,8,2101.539246
243,10,2097.369466
244,5,2572.422174
244,6,2382.823858
244,7,2187.974042
244,8,2101.539246
244,10,2097.369466
245,5,2572.422174
245,6,2382.823858
245,7,2187.974042
245,8,2101.539246
245,10,2097.369466
246,5,2572.422174
246,6,2382.823858
246,7,2187.974042
246,8,2101.539246
246,10,2097.369466
247,5,2504.756150
247,6,2382.823858
247,7,2187.870740
247,8,2101.539246
247,10,2097.369466
248,5,2504.756150
248,6,2382.823858
248,7,2187.870740
248,8,2101.539246
248,10,2097.369466
249,5,2504.756150
249,6,2382.823858
249,7,2187.870740
249,8,2101.539246
249,10,2097.369466
250,5,2504.756150
250,6,2382.823858
250,7,2187.870740
250,8,2101.539246
250,10,2097.369466
251,5,2504.756150
251,6,2382.823858
251,7,2187.870740
251,8,2101.539246
251,10,2097.369466
252,5,2481.480583
252,6,2373.857095
252,7,2184.858587
252,8,2101.539246
252,10,2091.477044
253,5,2481.480583
253,6,2373.857095
253,7,2184.858587
253,8,2101.539246
253,10,2091.477044
254,5,2481.480583
254,6,2373.857095
254,7,2184.858587
254,8,2101.539246
254,10,2091.477044
255,5,2481.480583
255,6,2373.857095
255,7,2184.858587
255,8,2101.539246
255,10,2091.477044
256,5,2481.480583
256,6,2373.857095
256,7,2184.858587
256,8,2101.539246
256,10,2091.477044
257,5,2481.480583
257,6,2364.260391
257,7,2178.766909
257,8,2080.902779
258,5,2481.480583
258,6,2364.260391
258,7,2178.766909
258,8,2080.902779
259,5,2481.480583
259,6,2364.260391
259,7,2178.766909
259,8,2080.902779
260,5,2481.480583
260,6,2364.260391
260,7,2178.766909
260,8,2080.902779
261,5,2481.480583
261,6,2364.260391
261,7,2178.766909
261,8,2080.902779
262,5,2480.764213
262,6,2364.260391
262,7,2178.587178
262,8,2080.902779
263,5,2480.764213
263,6,2364.260391
263,7,2178.587178
263,8,2080.902779
264,5,2480.764213
264,6,2364.260391
264,7,2178.587178
264,8,2080.902779
265,5,2480.764213
265,6,2364.260391
265,7,2178.587178
265,8,2080.902779
266,5,2424.574731
266,6,2364.260391
266,7,2178.587178
266,8,2080.902779
267,5,2396.145749
267,6,2364.260391
267,7,2178.587178
267,8,2075.474860
268,5,2396.145749
268,6,2364.260391
268,7,2178.587178
268,8,2075.474860
269,5,2396.145749
269,6,2364.260391
269,7,2178.587178
269,8,2075.474860
270,5,2396.145749
270,6,2364.260391
270,7,2178.587178
270,8,2075.474860
271,5,2396.145749
271,6,2364.260391
271,7,2178.587178
271,8,2075.474860
272,5,2396.145749
272,6,2364.260391
272,7,2178.251267
272,8,2070.805565
273,5,2396.145749
273,6,2364.260391
273,7,2178.251267
273,8,2070.805565
274,5,2396.145749
274,6,2364.260391
274,7,2178.251267
274,8,2070.805565
275,5,2396.145749
275,6,2364.260391
275,7,2178.251267
275,8,2070.805565
276,5,2396.145749
276,6,2364.260391
276,7,2178.251267
276,8,2070.805565
277,5,2384.058207
277,6,2364.260391
277,7,2178.251267
277,8,2068.076749
278,5,2384.058207
278,6,2364.260391
278,7,2178.251267
278,8,2068.076749
279,5,2384.058207
279,6,2364.260391
279,7,2178.251267
279,8,2068.076749
280,5,2384.058207
280,6,2364.260391
280,7,2178.251267
280,8,2068.076749
281,5,2384.058207
281,6,2364.260391
281,7,2178.251267
281,8,2068.076749
282,5,2384.058207
282,6,2364.260391
282,7,2178.251267
282,8,2068.076749
283,5,2384.058207
283,6,2364.260391
283,7,2178.251267
283,8,2068.076749
284,5,2384.058207
284,6,2364.260391
284,7,2178.251267
284,8,2068.076749
285,5,2384.058207
285,6,2364.260391
285,7,2178.251267
285,8,2068.076749
286,5,2384.058207
286,6,2364.260391
286,7,2178.251267
286,8,2068.076749
287,5,2384.058207
287,6,2364.260391
287,7,2172.736379
287,8,2068.076749
288,5,2384.058207
288,6,2364.260391
288,7,2172.736379
288,8,2068.076749
289,5,2384.058207
289,6,2364.260391
289,7,2172.736379
289,8,2068.076749
290,5,2384.058207
290,6,2364.260391
290,7,2171.597506
290,8,2068.076749
291,5,2384.058207
291,6,2364.260391
291,7,2171.597506
291,8,2068.076749
292,5,2383.830034
292,6,2364.260391
292,7,2171.597506
292,8,2062.382849
293,5,2383.830034
293,6,2364.260391
293,7,2171.597506
293,8,2062.382849
294,5,2383.830034
294,6,2364.260391
294,7,2171.597506
294,8,2062.382849
295,5,2383.830034
295,6,2364.260391
295,7,2171.597506
295,8,2062.382849
296,5,2383.830034
296,6,2357.007676
296,7,2171.597506
296,8,2062.382849
297,5,2383.830034
297,6,2357.007676
297,7,2171.597506
297,8,2062.382849
298,5,2383.830034
298,6,2357.007676
298,7,2171.597506
298,8,2062.382849
299,5,2383.830034
299,6,2357.007676
299,7,2171.597506
299,8,2062.382849
300,5,2383.830034
300,6,2357.007676
300,7,2171.597506
300,8,2062.382849
301,5,2383.830034
301,6,2357.007676
301,7,2171.597506
301,8,2062.382849
302,5,2383.830034
302,6,2357.007676
302,7,2171.597506
302,8,2062.382849
303,5,2383.830034
303,6,2357.007676
303,7,2171.597506
303,8,2062.382849
304,5,2383.830034
304,6,2357.007676
304,7,2171.597506
304,8,2062.382849
305,5,2383.830034
305,6,2321.021108
305,7,2171.597506
305,8,2062.382849
306,5,2383.830034
306,6,2321.021108
306,7,2171.597506
306,8,2062.382849
307,5,2383.830034
307,6,2298.158470
307,7,2171.597506
307,8,2062.382849
308,5,2383.830034
308,6,2298.158470
308,7,2171.597506
308,8,2062.382849
309,5,2383.830034
309,6,2279.692568
309,7,2171.597506
309,8,2062.382849
310,5,2383.830034
310,6,2279.692568
310,7,2171.597506
310,8,2062.382849
311,5,2383.830034
311,6,2279.692568
311,7,2171.597506
311,8,2062.382849
312,5,2383.830034
312,6,2261.827851
312,7,2171.597506
312,8,2061.965768
313,5,2383.830034
313,6,2261.827851
313,7,2169.822553
313,8,2061.965768
314,5,2383.830034
314,6,2261.827851
314,7,2169.822553
314,8,2061.965768
315,5,2383.830034
315,6,2261.827851
315,7,2169.822553
315,8,2061.965768
316,5,2383.830034
316,6,2261.827851
316,7,2169.822553
316,8,2061.965768
317,5,2383.830034
317,6,2261.827851
317,7,2169.822553
317,8,2061.965768
318,5,2383.830034
318,6,2261.827851
318,7,2169.822553
318,8,2061.965768
319,5,2383.830034
319,6,2261.827851
319,7,2169.822553
319,8,2061.965768
320,5,2383.830034
320,6,2261.827851
320,7,2169.822553
320,8,2061.965768
321,5,2383.830034
321,6,2261.827851
321,7,2169.822553
321,8,2061.965768
322,5,2381.260268
322,6,2257.957700
322,7,2169.822553
322,8,2061.965768
323,5,2381.260268
323,6,2257.957700
323,7,2169.822553
323,8,2061.965768
324,5,2381.260268
324,6,2257.957700
324,7,2169.822553
324,8,2061.965768
325,5,2381.260268
325,6,2257.957700
325,7,2169.822553
325,8,2061.965768
326,5,2381.260268
326,6,2257.957700
326,7,2169.822553
326,8,2061.965768
327,5,2381.260268
327,6,2253.309872
327,7,2169.822553
327,8,2061.965768
328,5,2381.260268
328,6,2253.309872
328,7,2169.822553
328,8,2061.965768
329,5,2381.260268
329,6,2253.309872
329,7,2169.822553
329,8,2061.965768
