Iteration,NV,TOC
1,21,2935.077879
1,22,2798.723167
1,23,2767.166140
2,21,2935.077879
2,22,2798.723167
2,23,2767.166140
3,21,2935.077879
3,22,2798.723167
3,23,2767.166140
4,21,2880.677808
4,22,2798.723167
4,23,2767.166140
5,21,2880.677808
5,22,2798.723167
5,23,2767.166140
6,21,2880.677808
6,22,2798.723167
6,23,2767.166140
7,21,2880.677808
7,22,2798.723167
7,23,2767.166140
8,21,2880.677808
8,22,2798.723167
8,23,2767.166140
9,21,2880.677808
9,22,2798.723167
9,23,2767.166140
10,21,2880.677808
10,22,2798.723167
10,23,2767.166140
11,21,2880.677808
11,22,2798.723167
11,23,2767.166140
12,21,2880.677808
12,22,2798.723167
12,23,2767.166140
13,21,2880.677808
13,22,2798.723167
13,23,2767.166140
14,21,2880.677808
14,22,2798.723167
14,23,2767.166140
15,21,2880.677808
15,22,2798.723167
15,23,2767.166140
16,21,2880.677808
16,22,2798.723167
16,23,2767.166140
17,21,2880.677808
17,22,2798.723167
17,23,2767.166140
18,21,2880.677808
18,22,2798.723167
18,23,2767.166140
19,21,2880.677808
19,22,2798.723167
19,23,2767.166140
20,21,2880.677808
20,22,2798.723167
20,23,2767.166140
21,21,2880.677808
21,22,2798.723167
21,23,2767.166140
22,21,2880.677808
22,22,2798.723167
22,23,2767.166140
23,21,2880.677808
23,22,2798.723167
23,23,2767.166140
24,21,2880.677808
24,22,2798.723167
24,23,2767.166140
25,21,2880.677808
25,22,2798.723167
25,23,2767.166140
26,21,2880.677808
26,22,2798.723167
26,23,2767.166140
27,21,2880.677808
27,22,2798.723167
27,23,2767.166140
28,21,2880.677808
28,22,2798.723167
28,23,2767.166140
29,21,2880.677808
29,22,2798.723167
29,23,2767.166140
30,21,2880.677808
30,22,2798.723167
30,23,2767.166140
31,21,2880.677808
31,22,2798.723167
31,23,2767.166140
32,21,2880.677808
32,22,2798.723167
32,23,2767.166140
33,21,2880.677808
33,22,2798.723167
33,23,2767.166140
34,21,2880.677808
34,22,2798.723167
34,23,2767.166140
35,21,2880.677808
35,22,2798.723167
35,23,2767.166140
36,21,2880.677808
36,22,2798.723167
36,23,2767.166140
37,21,2880.677808
37,22,2798.723167
37,23,2767.166140
38,21,2880.677808
38,22,2798.723167
38,23,2767.166140
39,21,2880.677808
39,22,2798.723167
39,23,2767.166140
40,21,2880.677808
40,22,2798.723167
40,23,2767.166140
41,21,2880.677808
41,22,2798.723167
41,23,2767.166140
42,21,2880.677808
42,22,2798.723167
42,23,2767.166140
43,21,2880.677808
43,22,2798.723167
43,23,2767.166140
44,21,2880.677808
44,22,2798.723167
44,23,2767.166140
45,21,2880.677808
45,22,2798.723167
45,23,2767.166140
46,21,2880.677808
46,22,2798.723167
46,23,2767.166140
47,21,2880.677808
47,22,2798.723167
47,23,2767.166140
48,21,2880.677808
48,22,2798.723167
48,23,2767.166140
49,21,2880.677808
49,22,2798.723167
49,23,2767.166140
50,21,2880.677808
50,22,2798.723167
50,23,2767.166140
51,21,2880.677808
51,22,2798.723167
51,23,2767.166140
52,21,2880.677808
52,22,2798.723167
52,23,2767.166140
53,21,2880.677808
53,22,2798.723167
53,23,2767.166140
54,21,2880.677808
54,22,2798.723167
54,23,2767.166140
55,21,2880.677808
55,22,2798.723167
55,23,2767.166140
56,21,2880.677808
56,22,2798.723167
56,23,2767.166140
57,21,2880.677808
57,22,2798.723167
57,23,2767.166140
58,21,2880.677808
58,22,2798.723167
58,23,2767.166140
59,21,2880.677808
59,22,2798.723167
59,23,2767.166140
60,21,2880.677808
60,22,2798.723167
60,23,2767.166140
61,21,2880.677808
61,22,2798.723167
61,23,2767.166140
62,21,2880.677808
62,22,2798.723167
62,23,2767.166140
63,21,2880.677808
63,22,2798.723167
63,23,2767.166140
64,21,2880.677808
64,22,2798.723167
64,23,2767.166140
65,21,2880.677808
65,22,2798.723167
65,23,2767.166140
66,21,2880.677808
66,22,2798.723167
66,23,2767.166140
67,21,2880.677808
67,22,2798.723167
67,23,2767.166140
68,21,2880.677808
68,22,2798.723167
68,23,2767.166140
69,21,2880.677808
69,22,2798.723167
69,23,2767.166140
70,21,2880.677808
70,22,2798.723167
70,23,2767.166140
71,21,2880.677808
71,22,2798.723167
71,23,2767.166140
72,21,2880.677808
72,22,2798.723167
72,23,2767.166140
73,21,2880.677808
73,22,2798.723167
73,23,2767.166140
74,21,2880.677808
74,22,2798.723167
74,23,2767.166140
75,21,2880.677808
75,22,2798.723167
75,23,2767.166140
76,21,2880.677808
76,22,2798.723167
76,23,2767.166140
77,21,2880.677808
77,22,2798.723167
77,23,2767.166140
78,21,2880.677808
78,22,2798.723167
78,23,2767.166140
79,21,2880.677808
79,22,2798.723167
79,23,2767.166140
80,21,2880.677808
80,22,2798.723167
80,23,2767.166140
81,21,2880.677808
81,22,2798.723167
81,23,2767.166140
82,21,2880.677808
82,22,2798.723167
82,23,2767.166140
83,21,2880.677808
83,22,2798.723167
83,23,2767.166140
84,21,2880.677808
84,22,2798.723167
84,23,2767.166140
85,21,2880.677808
85,22,2798.723167
85,23,2767.166140
86,21,2880.677808
86,22,2798.723167
86,23,2767.166140
87,21,2880.677808
87,22,2798.723167
87,23,2767.166140
88,21,2880.677808
88,22,2798.723167
88,23,2767.166140
89,21,2880.677808
89,22,2798.723167
89,23,2767.166140
90,21,2880.677808
90,22,2798.723167
90,23,2767.166140
91,21,2880.677808
91,22,2798.723167
91,23,2767.166140
92,21,2880.677808
92,22,2798.723167
92,23,2767.166140
93,21,2880.677808
93,22,2798.723167
93,23,2767.166140
94,21,2880.677808
94,22,2798.723167
94,23,2767.166140
95,21,2880.677808
95,22,2798.723167
95,23,2767.166140
96,21,2880.677808
96,22,2798.723167
96,23,2767.166140
97,21,2880.677808
97,22,2798.723167
97,23,2767.166140
98,21,2880.677808
98,22,2798.723167
98,23,2767.166140
99,21,2880.677808
99,22,2798.723167
99,23,2767.166140
100,21,2880.677808
100,22,2798.723167
100,23,2767.166140
101,21,2880.677808
101,22,2798.723167
101,23,2767.166140
102,21,2880.677808
102,22,2798.723167
102,23,2767.166140
103,21,2880.677808
103,22,2798.723167
103,23,2767.166140
104,21,2880.677808
104,22,2798.723167
104,23,2767.166140
105,21,2880.677808
105,22,2798.723167
105,23,2767.166140
106,21,2880.677808
106,22,2798.723167
106,23,2767.166140
107,21,2880.677808
107,22,2798.723167
107,23,2767.166140
108,21,2880.677808
108,22,2798.723167
108,23,2767.166140
109,21,2880.677808
109,22,2798.723167
109,23,2767.166140
110,21,2880.677808
110,22,2798.723167
110,23,2767.166140
111,21,2880.677808
111,22,2798.723167
111,23,2767.166140
112,21,2880.677808
112,22,2798.723167
112,23,2767.166140
113,21,2880.677808
113,22,2798.723167
113,23,2767.166140
114,21,2880.677808
114,22,2798.723167
114,23,2767.166140
115,21,2880.677808
115,22,2798.723167
115,23,2767.166140
116,21,2880.677808
116,22,2798.723167
116,23,2767.166140
117,21,2880.677808
117,22,2798.723167
117,23,2767.166140
118,21,2880.677808
118,22,2798.723167
118,23,2767.166140
119,21,2880.677808
119,22,2798.723167
119,23,2767.166140
120,21,2880.677808
120,22,2798.723167
120,23,2767.166140
121,21,2880.677808
121,22,2798.723167
121,23,2767.166140
122,21,2880.677808
122,22,2798.723167
122,23,2767.166140
123,21,2880.677808
123,22,2798.723167
123,23,2767.166140
124,21,2880.677808
124,22,2798.723167
124,23,2767.166140
125,21,2880.677808
125,22,2798.723167
125,23,2767.166140
126,21,2880.677808
126,22,2798.723167
126,23,2767.166140
127,21,2880.677808
127,22,2798.723167
127,23,2767.166140
128,21,2880.677808
128,22,2798.723167
128,23,2767.166140
129,21,2880.677808
129,22,2798.723167
129,23,2767.166140
130,21,2880.677808
130,22,2798.723167
130,23,2767.166140
131,21,2880.677808
131,22,2798.723167
131,23,2767.166140
132,21,2880.677808
132,22,2798.723167
132,23,2767.166140
133,21,2880.677808
133,22,2798.723167
133,23,2767.166140
134,21,2880.677808
134,22,2798.723167
134,23,2767.166140
135,21,2880.677808
135,22,2798.723167
135,23,2767.166140
136,21,2880.677808
136,22,2798.723167
136,23,2767.166140
137,21,2880.677808
137,22,2798.723167
137,23,2767.166140
138,21,2880.677808
138,22,2798.723167
138,23,2767.166140
139,21,2880.677808
139,22,2798.723167
139,23,2767.166140
140,21,2880.677808
140,22,2798.723167
140,23,2767.166140
141,21,2880.677808
141,22,2798.723167
141,23,2767.166140
142,21,2880.677808
142,22,2798.723167
142,23,2767.166140
143,21,2880.677808
143,22,2798.723167
143,23,2767.166140
144,21,2880.677808
144,22,2798.723167
144,23,2767.166140
145,21,2880.677808
145,22,2798.723167
145,23,2767.166140
146,21,2880.677808
146,22,2798.723167
146,23,2767.166140
147,21,2880.677808
147,22,2798.723167
147,23,2767.166140
148,21,2880.677808
148,22,2798.723167
148,23,2767.166140
149,21,2880.677808
149,22,2798.723167
149,23,2767.166140
150,21,2880.677808
150,22,2798.723167
150,23,2767.166140
151,21,2880.677808
151,22,2798.723167
151,23,2767.166140
152,21,2880.677808
152,22,2798.723167
152,23,2767.166140
153,21,2880.677808
153,22,2798.723167
153,23,2767.166140
154,21,2880.677808
154,22,2798.723167
154,23,2767.166140
155,21,2880.677808
155,22,2798.723167
155,23,2767.166140
156,21,2880.677808
156,22,2798.723167
156,23,2767.166140
157,21,2880.677808
157,22,2798.723167
157,23,2767.166140
158,21,2880.677808
158,22,2798.723167
158,23,2767.166140
159,21,2880.677808
159,22,2798.723167
159,23,2767.166140
160,21,2880.677808
160,22,2798.723167
160,23,2767.166140
161,21,2880.677808
161,22,2798.723167
161,23,2767.166140
162,21,2880.677808
162,22,2798.723167
162,23,2767.166140
163,21,2880.677808
163,22,2798.723167
163,23,2767.166140
164,21,2880.677808
164,22,2798.723167
164,23,2767.166140
165,21,2880.677808
165,22,2798.723167
165,23,2767.166140
166,21,2880.677808
166,22,2798.723167
166,23,2767.166140
167,21,2880.677808
167,22,2798.723167
167,23,2767.166140
168,21,2880.677808
168,22,2798.723167
168,23,2767.166140
169,21,2880.677808
169,22,2798.723167
169,23,2767.166140
170,21,2880.677808
170,22,2798.723167
170,23,2767.166140
171,21,2880.677808
171,22,2798.723167
171,23,2767.166140
172,21,2880.677808
172,22,2798.723167
172,23,2767.166140
173,21,2880.677808
173,22,2798.723167
173,23,2767.166140
174,21,2880.677808
174,22,2798.723167
174,23,2767.166140
175,21,2880.677808
175,22,2798.723167
175,23,2767.166140
176,21,2880.677808
176,22,2798.723167
176,23,2767.166140
177,21,2880.677808
177,22,2798.723167
177,23,2767.166140
178,21,2880.677808
178,22,2798.723167
178,23,2767.166140
179,21,2880.677808
179,22,2798.723167
179,23,2767.166140
180,21,2880.677808
180,22,2798.723167
180,23,2767.166140
181,21,2880.677808
181,22,2798.723167
181,23,2767.166140
182,21,2880.677808
182,22,2798.723167
182,23,2767.166140
183,21,2880.677808
183,22,2798.723167
183,23,2767.166140
184,21,2880.677808
184,22,2798.723167
184,23,2767.166140
185,21,2880.677808
185,22,2798.723167
185,23,2767.166140
186,21,2880.677808
186,22,2798.723167
186,23,2767.166140
187,21,2880.677808
187,22,2798.723167
187,23,2767.166140
188,21,2880.677808
188,22,2798.723167
188,23,2767.166140
189,21,2880.677808
189,22,2798.723167
189,23,2767.166140
190,21,2880.677808
190,22,2798.723167
190,23,2767.166140
191,21,2880.677808
191,22,2798.723167
191,23,2767.166140
192,21,2880.677808
192,22,2798.723167
192,23,2767.166140
193,21,2880.677808
193,22,2798.723167
193,23,2767.166140
194,21,2880.677808
194,22,2798.723167
194,23,2767.166140
195,21,2880.677808
195,22,2798.723167
195,23,2767.166140
196,21,2880.677808
196,22,2798.723167
196,23,2767.166140
197,21,2880.677808
197,22,2798.723167
197,23,2767.166140
198,21,2880.677808
198,22,2798.723167
198,23,2767.166140
199,21,2880.677808
199,22,2798.723167
199,23,2767.166140
200,21,2880.677808
200,22,2798.723167
200,23,2767.166140
201,21,2880.677808
201,22,2798.723167
201,23,2767.166140
202,21,2880.677808
202,22,2798.723167
202,23,2767.166140
203,21,2880.677808
203,22,2798.723167
203,23,2767.166140
204,21,2880.677808
204,22,2798.723167
204,23,2767.166140
205,21,2880.677808
205,22,2798.723167
205,23,2767.166140
206,21,2880.677808
206,22,2798.723167
206,23,2767.166140
207,21,2880.677808
207,22,2798.723167
207,23,2767.166140
208,21,2880.677808
208,22,2798.723167
208,23,2767.166140
209,21,2880.677808
209,22,2798.723167
209,23,2767.166140
210,19,3067.099559
210,21,2880.677808
210,22,2798.723167
210,23,2767.166140
211,19,3067.099559
211,21,2880.677808
211,22,2798.723167
211,23,2767.166140
212,19,3067.099559
212,21,2880.677808
212,22,2798.723167
212,23,2767.166140
213,19,3067.099559
213,21,2880.677808
213,22,2798.723167
213,23,2767.166140
214,19,3067.099559
214,21,2880.677808
214,22,2798.723167
214,23,2767.166140
215,19,3067.099559
215,21,2880.677808
215,22,2798.723167
215,23,2767.166140
216,19,3067.099559
216,21,2880.677808
216,22,2798.723167
216,23,2767.166140
217,19,3067.099559
217,21,2880.677808
217,22,2798.723167
217,23,2767.166140
218,19,3067.099559
218,21,2880.677808
218,22,2798.723167
218,23,2767.166140
219,19,3067.099559
219,21,2880.677808
219,22,2798.723167
219,23,2767.166140
220,19,3067.099559
220,21,2880.677808
220,22,2798.723167
220,23,2767.166140
221,19,3067.099559
221,21,2880.677808
221,22,2798.723167
221,23,2767.166140
222,19,3067.099559
222,21,2880.677808
222,22,2798.723167
222,23,2767.166140
223,19,3067.099559
223,21,2880.677808
223,22,2798.723167
223,23,2767.166140
224,19,3067.099559
224,21,2880.677808
224,22,2798.723167
224,23,2767.166140
225,19,3067.099559
225,21,2880.677808
225,22,2798.723167
225,23,2767.166140
226,19,3067.099559
226,21,2880.677808
226,22,2798.723167
226,23,2767.166140
227,19,3067.099559
227,21,2880.677808
227,22,2798.723167
227,23,2767.166140
228,19,3067.099559
228,21,2880.677808
228,22,2798.723167
228,23,2767.166140
229,19,3067.099559
229,21,2880.677808
229,22,2798.723167
229,23,2767.166140
230,19,3067.099559
230,21,2880.677808
230,22,2798.723167
230,23,2767.166140
231,19,3067.099559
231,21,2880.677808
231,22,2798.723167
231,23,2767.166140
232,19,3067.099559
232,21,2880.677808
232,22,2798.723167
232,23,2767.166140
233,19,3067.099559
233,21,2880.677808
233,22,2798.723167
233,23,2767.166140
234,19,3067.099559
234,21,2880.677808
234,22,2798.723167
234,23,2767.166140
235,19,3067.099559
235,21,2880.677808
235,22,2798.723167
235,23,2767.166140
236,19,3067.099559
236,21,2880.677808
236,22,2798.723167
236,23,2767.166140
237,19,3067.099559
237,21,2880.677808
237,22,2798.723167
237,23,2767.166140
238,19,3067.099559
238,21,2880.677808
238,22,2798.723167
238,23,2767.166140
239,19,3067.099559
239,21,2880.677808
239,22,2798.723167
239,23,2767.166140
240,19,3067.099559
240,21,2880.677808
240,22,2798.723167
240,23,2767.166140
241,19,3067.099559
241,21,2880.677808
241,22,2798.723167
241,23,2767.166140
242,19,3067.099559
242,21,2880.677808
242,22,2798.723167
242,23,2767.166140
243,19,3067.099559
243,21,2880.677808
243,22,2798.723167
243,23,2767.166140
244,19,3067.099559
244,21,2880.677808
244,22,2798.723167
244,23,2767.166140
245,19,3067.099559
245,21,2880.677808
245,22,2798.723167
245,23,2767.166140
246,19,3067.099559
246,21,2880.677808
246,22,2798.723167
246,23,2767.166140
247,19,3067.099559
247,21,2880.677808
247,22,2798.723167
247,23,2767.166140
248,19,3067.099559
248,21,2880.677808
248,22,2798.723167
248,23,2767.166140
249,19,3067.099559
249,21,2880.677808
249,22,2798.723167
249,23,2767.166140
250,19,3067.099559
250,21,2880.677808
250,22,2798.723167
250,23,2767.166140
251,19,3067.099559
251,21,2880.677808
251,22,2798.723167
251,23,2767.166140
252,19,3067.099559
252,21,2880.677808
252,22,2798.723167
252,23,2767.166140
253,19,3067.099559
253,21,2880.677808
253,22,2798.723167
253,23,2767.166140
254,19,3067.099559
254,21,2880.677808
254,22,2798.723167
254,23,2767.166140
255,19,3067.099559
255,21,2880.677808
255,22,2798.723167
255,23,2767.166140
256,19,3067.099559
256,21,2880.677808
256,22,2798.723167
256,23,2767.166140
257,19,3067.099559
257,21,2880.677808
257,22,2798.723167
257,23,2767.166140
258,19,3067.099559
258,21,2880.677808
258,22,2798.723167
258,23,2767.166140
259,19,3067.099559
259,21,2880.677808
259,22,2798.723167
259,23,2767.166140
260,19,3067.099559
260,21,2880.677808
260,22,2798.723167
260,23,2767.166140
261,19,3067.099559
261,21,2880.677808
261,22,2798.723167
261,23,2767.166140
262,19,3067.099559
262,21,2880.677808
262,22,2798.723167
262,23,2767.166140
263,19,3067.099559
263,21,2880.677808
263,22,2798.723167
263,23,2767.166140
264,19,3067.099559
264,21,2880.677808
264,22,2798.723167
264,23,2767.166140
265,19,3067.099559
265,21,2880.677808
265,22,2798.723167
265,23,2767.166140
266,19,3067.099559
266,21,2880.677808
266,22,2798.723167
266,23,2767.166140
267,19,3067.099559
267,21,2880.677808
267,22,2798.723167
267,23,2767.166140
268,19,3067.099559
268,21,2880.677808
268,22,2798.723167
268,23,2767.166140
269,19,3067.099559
269,21,2880.677808
269,22,2798.723167
269,23,2767.166140
270,19,3067.099559
270,21,2880.677808
270,22,2798.723167
270,23,2767.166140
271,19,3067.099559
271,21,2880.677808
271,22,2798.723167
271,23,2767.166140
272,19,3067.099559
272,21,2880.677808
272,22,2798.723167
272,23,2767.166140
273,19,3067.099559
273,21,2880.677808
273,22,2798.723167
273,23,2767.166140
274,19,3067.099559
274,21,2880.677808
274,22,2798.723167
274,23,2767.166140
275,19,3067.099559
275,21,2880.677808
275,22,2798.723167
275,23,2767.166140
276,19,3067.099559
276,21,2880.677808
276,22,2798.723167
276,23,2767.166140
277,19,3067.099559
277,21,2880.677808
277,22,2798.723167
277,23,2767.166140
278,19,3067.099559
278,21,2880.677808
278,22,2798.723167
278,23,2767.166140
279,19,3067.099559
279,21,2880.677808
279,22,2798.723167
279,23,2767.166140
280,19,3067.099559
280,21,2880.677808
280,22,2798.723167
280,23,2767.166140
281,19,3067.099559
281,21,2880.677808
281,22,2798.723167
281,23,2767.166140
282,19,3067.099559
282,21,2880.677808
282,22,2798.723167
282,23,2767.166140
283,19,3067.099559
283,21,2880.677808
283,22,2798.723167
283,23,2767.166140
284,19,3067.099559
284,21,2880.677808
284,22,2798.723167
284,23,2767.166140
285,19,3067.099559
285,20,2963.580700
285,21,2880.677808
285,22,2798.723167
285,23,2767.166140
286,19,3067.099559
286,20,2963.580700
286,21,2880.677808
286,22,2798.723167
286,23,2767.166140
287,19,3067.099559
287,20,2963.580700
287,21,2880.677808
287,22,2798.723167
287,23,2767.166140
288,19,3067.099559
288,20,2963.580700
288,21,2880.677808
288,22,2798.723167
288,23,2767.166140
289,19,3067.099559
289,20,2963.580700
289,21,2880.677808
289,22,2798.723167
289,23,2767.166140
290,19,3067.099559
290,20,2963.580700
290,21,2880.677808
290,22,2798.723167
290,23,2767.166140
291,19,3067.099559
291,20,2963.580700
291,21,2880.677808
291,22,2798.723167
291,23,2767.166140
292,19,3067.099559
292,20,2963.580700
292,21,2880.677808
292,22,2798.723167
292,23,2767.166140
293,19,3067.099559
293,20,2963.580700
293,21,2880.677808
293,22,2798.723167
293,23,2767.166140
294,19,3067.099559
294,20,2963.580700
294,21,2880.677808
294,22,2798.723167
294,23,2767.166140
295,19,3067.099559
295,20,2963.580700
295,21,2880.677808
295,22,2798.723167
295,23,2767.166140
296,19,3067.099559
296,20,2963.580700
296,21,2880.677808
296,22,2798.723167
296,23,2767.166140
297,19,3067.099559
297,20,2963.580700
297,21,2880.677808
297,22,2798.723167
297,23,2767.166140
298,19,3067.099559
298,20,2963.580700
298,21,2880.677808
298,22,2798.723167
298,23,2767.166140
299,19,3067.099559
299,20,2963.580700
299,21,2880.677808
299,22,2798.723167
299,23,2767.166140
300,19,3067.099559
300,20,2963.580700
300,21,2880.677808
300,22,2798.723167
300,23,2767.166140
301,19,3067.099559
301,20,2963.580700
301,21,2880.677808
301,22,2798.723167
301,23,2767.166140
302,19,3067.099559
302,20,2963.580700
302,21,2880.677808
302,22,2798.723167
302,23,2767.166140
303,19,3067.099559
303,20,2963.580700
303,21,2880.677808
303,22,2798.723167
303,23,2767.166140
304,19,3067.099559
304,20,2963.580700
304,21,2880.677808
304,22,2798.723167
304,23,2767.166140
305,19,3067.099559
305,20,2963.580700
305,21,2880.677808
305,22,2798.723167
305,23,2767.166140
306,19,3067.099559
306,20,2963.580700
306,21,2880.677808
306,22,2798.723167
306,23,2767.166140
307,19,3067.099559
307,20,2963.580700
307,21,2880.677808
307,22,2798.723167
307,23,2767.166140
308,19,3067.099559
308,20,2963.580700
308,21,2880.677808
308,22,2798.723167
308,23,2767.166140
309,19,3067.099559
309,20,2963.580700
309,21,2880.677808
309,22,2798.723167
309,23,2767.166140
310,19,3067.099559
310,20,2963.580700
310,21,2880.677808
310,22,2798.723167
310,23,2767.166140
311,19,3067.099559
311,20,2963.580700
311,21,2880.677808
311,22,2798.723167
311,23,2767.166140
312,19,3067.099559
312,20,2963.580700
312,21,2880.677808
312,22,2798.723167
312,23,2767.166140
313,19,3067.099559
313,20,2963.580700
313,21,2880.677808
313,22,2798.723167
313,23,2767.166140
314,19,3067.099559
314,20,2963.580700
314,21,2880.677808
314,22,2798.723167
314,23,2767.166140
315,19,3067.099559
315,20,2963.580700
315,21,2880.677808
315,22,2798.723167
315,23,2767.166140
316,19,3067.099559
316,20,2963.580700
316,21,2880.677808
316,22,2798.723167
316,23,2767.166140
317,19,3067.099559
317,20,2963.580700
317,21,2880.677808
317,22,2798.723167
317,23,2767.166140
318,19,3067.099559
318,20,2963.580700
318,21,2880.677808
318,22,2798.723167
318,23,2767.166140
319,19,3067.099559
319,20,2963.580700
319,21,2880.677808
319,22,2798.723167
319,23,2767.166140
320,19,3067.099559
320,20,2963.580700
320,21,2880.677808
320,22,2798.723167
320,23,2767.166140
321,19,3067.099559
321,20,2963.580700
321,21,2880.677808
321,22,2798.723167
321,23,2767.166140
322,19,3067.099559
322,20,2963.580700
322,21,2880.677808
322,22,2798.723167
322,23,2767.166140
323,19,3067.099559
323,20,2963.580700
323,21,2880.677808
323,22,2798.723167
323,23,2767.166140
324,19,3067.099559
324,20,2963.580700
324,21,2880.677808
324,22,2798.723167
324,23,2767.166140
325,19,3067.099559
325,20,2963.580700
325,21,2880.677808
325,22,2798.723167
325,23,2767.166140
326,19,3067.099559
326,20,2963.580700
326,21,2880.677808
326,22,2798.723167
326,23,2767.166140
327,19,3067.099559
327,20,2963.580700
327,21,2880.677808
327,22,2798.723167
327,23,2767.166140
328,19,3067.099559
328,20,2963.580700
328,21,2880.677808
328,22,2798.723167
328,23,2767.166140
329,19,3067.099559
329,20,2963.580700
329,21,2880.677808
329,22,2798.723167
329,23,2767.166140
330,19,3067.099559
330,20,2963.580700
330,21,2880.677808
330,22,2798.723167
330,23,2767.166140
331,19,3067.099559
331,20,2963.580700
331,21,2880.677808
331,22,2798.723167
331,23,2767.166140
332,19,3067.099559
332,20,2963.580700
332,21,2880.677808
332,22,2798.723167
332,23,2767.166140
333,19,3067.099559
333,20,2963.580700
333,21,2880.677808
333,22,2798.723167
333,23,2767.166140
334,19,3067.099559
334,20,2963.580700
334,21,2880.677808
334,22,2798.723167
334,23,2767.166140
335,19,3067.099559
335,20,2963.580700
335,21,2880.677808
335,22,2798.723167
335,23,2767.166140
336,19,3067.099559
336,20,2963.580700
336,21,2880.677808
336,22,2798.723167
336,23,2767.166140
337,19,3067.099559
337,20,2963.580700
337,21,2880.677808
337,22,2798.723167
337,23,2767.166140
338,19,3067.099559
338,20,2963.580700
338,21,2880.677808
338,22,2798.723167
338,23,2767.166140
339,19,3067.099559
339,20,2963.580700
339,21,2880.677808
339,22,2798.723167
339,23,2767.166140
340,19,3067.099559
340,20,2963.580700
340,21,2880.677808
340,22,2798.723167
340,23,2767.166140
341,19,3067.099559
341,20,2963.580700
341,21,2880.677808
341,22,2798.723167
341,23,2767.166140
342,19,3067.099559
342,20,2963.580700
342,21,2880.677808
342,22,2798.723167
342,23,2767.166140
343,19,3067.099559
343,20,2963.580700
343,21,2880.677808
343,22,2798.723167
343,23,2767.166140
344,19,3067.099559
344,20,2963.580700
344,21,2880.677808
344,22,2798.723167
344,23,2767.166140
345,19,3067.099559
345,20,2963.580700
345,21,2880.677808
345,22,2798.723167
345,23,2767.166140
346,19,3067.099559
346,20,2963.580700
346,21,2880.677808
346,22,2798.723167
346,23,2767.166140
347,19,3067.099559
347,20,2963.580700
347,21,2880.677808
347,22,2798.723167
347,23,2767.166140
348,19,3067.099559
348,20,2963.580700
348,21,2880.677808
348,22,2798.723167
348,23,2767.166140
349,19,3067.099559
349,20,2963.580700
349,21,2880.677808
349,22,2798.723167
349,23,2767.166140
350,19,3067.099559
350,20,2963.580700
350,21,2880.677808
350,22,2798.723167
350,23,2767.166140
351,19,3067.099559
351,20,2963.580700
351,21,2880.677808
351,22,2798.723167
351,23,2767.166140
352,19,3067.099559
352,20,2963.580700
352,21,2880.677808
352,22,2798.723167
352,23,2767.166140
353,19,3067.099559
353,20,2963.580700
353,21,2880.677808
353,22,2798.723167
353,23,2767.166140
354,19,3067.099559
354,20,2963.580700
354,21,2880.677808
354,22,2798.723167
354,23,2767.166140
355,19,3067.099559
355,20,2963.580700
355,21,2880.677808
355,22,2798.723167
355,23,2767.166140
356,19,3067.099559
356,20,2963.580700
356,21,2880.677808
356,22,2798.723167
356,23,2767.166140
357,19,3067.099559
357,20,2963.580700
357,21,2880.677808
357,22,2798.723167
357,23,2767.166140
358,19,3067.099559
358,20,2963.580700
358,21,2880.677808
358,22,2798.723167
358,23,2767.166140
359,19,3067.099559
359,20,2963.580700
359,21,2880.677808
359,22,2798.723167
359,23,2767.166140
360,19,3067.099559
360,20,2963.580700
360,21,2880.677808
360,22,2798.723167
360,23,2767.166140
361,19,3067.099559
361,20,2963.580700
361,21,2880.677808
361,22,2798.723167
361,23,2767.166140
362,19,3067.099559
362,20,2963.580700
362,21,2880.677808
362,22,2798.723167
362,23,2767.166140
363,19,3067.099559
363,20,2963.580700
363,21,2880.677808
363,22,2798.723167
363,23,2767.166140
364,19,3067.099559
364,20,2963.580700
364,21,2880.677808
364,22,2798.723167
364,23,2767.166140
365,19,3067.099559
365,20,2963.580700
365,21,2880.677808
365,22,2798.723167
365,23,2767.166140
366,19,3067.099559
366,20,2963.580700
366,21,2880.677808
366,22,2798.723167
366,23,2767.166140
367,19,3067.099559
367,20,2963.580700
367,21,2880.677808
367,22,2798.723167
367,23,2767.166140
368,19,3067.099559
368,20,2963.580700
368,21,2880.677808
368,22,2798.723167
368,23,2767.166140
369,19,3067.099559
369,20,2963.580700
369,21,2880.677808
369,22,2798.723167
369,23,2767.166140
370,19,3067.099559
370,20,2963.580700
370,21,2880.677808
370,22,2798.723167
370,23,2767.166140
371,19,3067.099559
371,20,2963.580700
371,21,2880.677808
371,22,2798.723167
371,23,2767.166140
372,19,3067.099559
372,20,2963.580700
372,21,2880.677808
372,22,2798.723167
372,23,2767.166140
373,19,3067.099559
373,20,2963.580700
373,21,2880.677808
373,22,2798.723167
373,23,2767.166140
374,19,3067.099559
374,20,2963.580700
374,21,2880.677808
374,22,2798.723167
374,23,2767.166140
375,19,3067.099559
375,20,2963.580700
375,21,2880.677808
375,22,2798.723167
375,23,2767.166140
376,19,3067.099559
376,20,2963.580700
376,21,2880.677808
376,22,2798.723167
376,23,2767.166140
377,19,3067.099559
377,20,2963.580700
377,21,2880.677808
377,22,2798.723167
377,23,2767.166140
378,19,3067.099559
378,20,2963.580700
378,21,2880.677808
378,22,2798.723167
378,23,2767.166140
379,19,3067.099559
379,20,2963.580700
379,21,2880.677808
379,22,2798.723167
379,23,2767.166140
380,19,3067.099559
380,20,2963.580700
380,21,2880.677808
380,22,2798.723167
380,23,2767.166140
381,19,3067.099559
381,20,2963.580700
381,21,2880.677808
381,22,2798.723167
381,23,2767.166140
382,19,3067.099559
382,20,2963.580700
382,21,2880.677808
382,22,2798.723167
382,23,2767.166140
383,19,3067.099559
383,20,2963.580700
383,21,2880.677808
383,22,2798.723167
383,23,2767.166140
384,19,3067.099559
384,20,2963.580700
384,21,2880.677808
384,22,2798.723167
384,23,2767.166140
385,19,3067.099559
385,20,2963.580700
385,21,2880.677808
385,22,2798.723167
385,23,2767.166140
386,19,3067.099559
386,20,2963.580700
386,21,2880.677808
386,22,2798.723167
386,23,2767.166140
387,19,3067.099559
387,20,2963.580700
387,21,2880.677808
387,22,2798.723167
387,23,2767.166140
