Iteration,NV,TOC
1,33,4372.175352
1,37,4096.215968
2,33,4372.175352
2,34,4323.286541
2,37,4096.215968
3,33,4372.175352
3,34,4323.286541
3,36,4257.767056
3,37,4096.215968
4,33,4372.175352
4,34,4323.286541
4,36,4257.767056
4,37,4096.215968
5,33,4372.175352
5,34,4323.286541
5,36,4257.767056
5,37,4096.215968
6,33,4372.175352
6,34,4323.286541
6,36,4257.767056
6,37,4096.215968
7,33,4372.175352
7,34,4323.286541
7,36,4257.767056
7,37,4096.215968
8,33,4372.175352
8,34,4323.286541
8,36,4257.767056
8,37,4096.215968
9,33,4372.175352
9,34,4323.286541
9,36,4257.767056
9,37,4096.215968
10,33,4372.175352
10,34,4323.286541
10,36,4257.767056
10,37,4096.215968
11,33,4372.175352
11,34,4323.286541
11,36,4257.767056
11,37,4096.215968
12,33,4372.175352
12,34,4323.286541
12,36,4257.767056
12,37,4096.215968
13,33,4372.175352
13,34,4323.286541
13,36,4257.767056
13,37,4096.215968
14,33,4372.175352
14,34,4323.286541
14,36,4257.767056
14,37,4096.215968
15,33,4372.175352
15,34,4323.286541
15,36,4257.767056
15,37,4096.215968
16,33,4372.175352
16,34,4323.286541
16,36,4257.767056
16,37,4096.215968
17,33,4372.175352
17,34,4323.286541
17,36,4257.767056
17,37,4096.215968
18,33,4372.175352
18,34,4323.286541
18,36,4257.767056
18,37,4096.215968
19,33,4372.175352
19,34,4323.286541
19,36,4257.767056
19,37,4096.215968
20,33,4372.175352
20,34,4323.286541
20,36,4257.767056
20,37,4096.215968
21,33,4372.175352
21,34,4323.286541
21,36,4257.767056
21,37,4096.215968
22,33,4372.175352
22,34,4323.286541
22,36,4257.767056
22,37,4096.215968
23,33,4372.175352
23,34,4323.286541
23,36,4257.767056
23,37,4096.215968
24,33,4372.175352
24,34,4323.286541
24,36,4257.767056
24,37,4096.215968
25,33,4372.175352
25,34,4323.286541
25,36,4257.767056
25,37,4096.215968
26,33,4372.175352
26,34,4323.286541
26,36,4257.767056
26,37,4096.215968
27,33,4372.175352
27,34,4323.286541
27,36,4257.767056
27,37,4096.215968
28,33,4372.175352
28,34,4323.286541
28,36,4257.767056
28,37,4096.215968
29,33,4372.175352
29,34,4323.286541
29,36,4257.767056
29,37,4096.215968
30,33,4372.175352
30,34,4323.286541
30,36,4257.767056
30,37,4096.215968
31,33,4372.175352
31,34,4323.286541
31,36,4257.767056
31,37,4096.215968
32,33,4372.175352
32,34,4323.286541
32,36,4257.767056
32,37,4096.215968
33,33,4372.175352
33,34,4323.286541
33,36,4257.767056
33,37,4096.215968
34,33,4372.175352
34,34,4323.286541
34,36,4257.767056
34,37,4096.215968
35,33,4372.175352
35,34,4323.286541
35,36,4257.767056
35,37,4096.215968
36,33,4372.175352
36,34,4323.286541
36,36,4257.767056
36,37,4096.215968
37,33,4372.175352
37,34,4323.286541
37,36,4257.767056
37,37,4096.215968
38,33,4372.175352
38,34,4323.286541
38,36,4257.767056
38,37,4096.215968
39,33,4372.175352
39,34,4323.286541
39,36,4257.767056
39,37,4096.215968
40,33,4372.175352
40,34,4323.286541
40,36,4257.767056
40,37,4096.215968
41,33,4372.175352
41,34,4323.286541
41,36,4257.767056
41,37,4096.215968
42,33,4372.175352
42,34,4323.286541
42,36,4257.767056
42,37,4096.215968
43,33,4372.175352
43,34,4323.286541
43,36,4257.767056
43,37,4096.215968
44,33,4372.175352
44,34,4323.286541
44,36,4257.767056
44,37,4096.215968
45,33,4372.175352
45,34,4323.286541
45,36,4257.767056
45,37,4096.215968
46,33,4372.175352
46,34,4323.286541
46,36,4257.767056
46,37,4096.215968
47,33,4372.175352
47,34,4323.286541
47,36,4257.767056
47,37,4096.215968
48,33,4372.175352
48,34,4323.286541
48,36,4257.767056
48,37,4096.215968
49,33,4372.175352
49,34,4323.286541
49,36,4257.767056
49,37,4096.215968
50,33,4372.175352
50,34,4323.286541
50,36,4257.767056
50,37,4096.215968
51,33,4372.175352
51,34,4323.286541
51,36,4257.767056
51,37,4096.215968
52,33,4372.175352
52,34,4323.286541
52,36,4257.767056
52,37,4096.215968
53,33,4372.175352
53,34,4323.286541
53,36,4257.767056
53,37,4096.215968
54,33,4372.175352
54,34,4323.286541
54,36,4257.767056
54,37,4096.215968
55,33,4372.175352
55,34,4323.286541
55,36,4257.767056
55,37,4096.215968
56,33,4372.175352
56,34,4323.286541
56,36,4257.767056
56,37,4096.215968
57,33,4372.175352
57,34,4323.286541
57,36,4257.767056
57,37,4096.215968
58,33,4372.175352
58,34,4323.286541
58,36,4257.767056
58,37,4096.215968
59,33,4372.175352
59,34,4323.286541
59,36,4257.767056
59,37,4096.215968
60,33,4372.175352
60,34,4323.286541
60,36,4257.767056
60,37,4096.215968
61,33,4372.175352
61,34,4323.286541
61,36,4257.767056
61,37,4096.215968
62,33,4372.175352
62,34,4323.286541
62,36,4257.767056
62,37,4096.215968
63,33,4372.175352
63,34,4323.286541
63,36,4257.767056
63,37,4096.215968
64,33,4372.175352
64,34,4323.286541
64,36,4257.767056
64,37,4096.215968
65,33,4372.175352
65,34,4323.286541
65,36,4257.767056
65,37,4096.215968
66,33,4372.175352
66,34,4323.286541
66,36,4257.767056
66,37,4096.215968
67,33,4372.175352
67,34,4323.286541
67,36,4257.767056
67,37,4096.215968
68,33,4372.175352
68,34,4323.286541
68,36,4257.767056
68,37,4096.215968
69,33,4372.175352
69,34,4323.286541
69,36,4257.767056
69,37,4096.215968
70,33,4372.175352
70,34,4323.286541
70,36,4257.767056
70,37,4096.215968
71,33,4372.175352
71,34,4323.286541
71,36,4257.767056
71,37,4096.215968
72,33,4372.175352
72,34,4323.286541
72,36,4257.767056
72,37,4096.215968
73,33,4372.175352
73,34,4323.286541
73,36,4257.767056
73,37,4096.215968
74,33,4372.175352
74,34,4323.286541
74,36,4257.767056
74,37,4096.215968
75,33,4372.175352
75,34,4323.286541
75,36,4257.767056
75,37,4096.215968
76,33,4372.175352
76,34,4323.286541
76,36,4257.767056
76,37,4096.215968
77,33,4372.175352
77,34,4323.286541
77,36,4257.767056
77,37,4096.215968
78,33,4372.175352
78,34,4323.286541
78,36,4257.767056
78,37,4096.215968
79,33,4372.175352
79,34,4323.286541
79,36,4257.767056
79,37,4096.215968
80,33,4372.175352
80,34,4323.286541
80,36,4257.767056
80,37,4096.215968
81,33,4372.175352
81,34,4323.286541
81,36,4257.767056
81,37,4096.215968
82,33,4372.175352
82,34,4323.286541
82,36,4257.767056
82,37,4096.215968
83,33,4372.175352
83,34,4323.286541
83,36,4257.767056
83,37,4096.215968
84,33,4372.175352
84,34,4323.286541
84,36,4257.767056
84,37,4096.215968
85,33,4372.175352
85,34,4323.286541
85,36,4257.767056
85,37,4096.215968
86,33,4372.175352
86,34,4323.286541
86,36,4257.767056
86,37,4096.215968
87,33,4372.175352
87,34,4323.286541
87,36,4257.767056
87,37,4096.215968
88,33,4372.175352
88,34,4323.286541
88,36,4257.767056
88,37,4096.215968
89,33,4372.175352
89,34,4323.286541
89,36,4257.767056
89,37,4096.215968
90,33,4372.175352
90,34,4323.286541
90,36,4257.767056
90,37,4096.215968
91,33,4372.175352
91,34,4323.286541
91,36,4257.767056
91,37,4096.215968
92,33,4372.175352
92,34,4323.286541
92,36,4257.767056
92,37,4096.215968
93,33,4372.175352
93,34,4323.286541
93,36,4257.767056
93,37,4096.215968
94,33,4372.175352
94,34,4323.286541
94,36,4257.767056
94,37,4096.215968
95,33,4372.175352
95,34,4323.286541
95,36,4257.767056
95,37,4096.215968
96,33,4372.175352
96,34,4323.286541
96,36,4257.767056
96,37,4096.215968
97,33,4372.175352
97,34,4323.286541
97,36,4257.767056
97,37,4096.215968
98,33,4372.175352
98,34,4323.286541
98,36,4257.767056
98,37,4096.215968
99,33,4372.175352
99,34,4323.286541
99,36,4257.767056
99,37,4096.215968
100,33,4372.175352
100,34,4323.286541
100,36,4257.767056
100,37,4096.215968
101,33,4372.175352
101,34,4323.286541
101,36,4257.767056
101,37,4096.215968
102,33,4372.175352
102,34,4323.286541
102,36,4257.767056
102,37,4096.215968
103,33,4372.175352
103,34,4323.286541
103,36,4257.767056
103,37,4096.215968
104,33,4372.175352
104,34,4323.286541
104,36,4257.767056
104,37,4096.215968
105,33,4372.175352
105,34,4323.286541
105,36,4257.767056
105,37,4096.215968
106,33,4372.175352
106,34,4323.286541
106,36,4257.767056
106,37,4096.215968
107,33,4372.175352
107,34,4323.286541
107,36,4257.767056
107,37,4096.215968
108,33,4372.175352
108,34,4323.286541
108,36,4257.767056
108,37,4096.215968
109,33,4372.175352
109,34,4323.286541
109,36,4257.767056
109,37,4096.215968
110,33,4372.175352
110,34,4323.286541
110,36,4257.767056
110,37,4096.215968
111,33,4372.175352
111,34,4323.286541
111,36,4257.767056
111,37,4096.215968
112,33,4372.175352
112,34,4323.286541
112,36,4257.767056
112,37,4096.215968
113,33,4372.175352
113,34,4323.286541
113,36,4257.767056
113,37,4096.215968
114,33,4372.175352
114,34,4323.286541
114,36,4257.767056
114,37,4096.215968
115,33,4372.175352
115,34,4323.286541
115,36,4257.767056
115,37,4096.215968
116,33,4372.175352
116,34,4323.286541
116,36,4257.767056
116,37,4096.215968
117,33,4372.175352
117,34,4323.286541
117,36,4257.767056
117,37,4096.215968
118,33,4372.175352
118,34,4323.286541
118,36,4257.767056
118,37,4096.215968
119,33,4372.175352
119,34,4323.286541
119,36,4257.767056
119,37,4096.215968
120,33,4372.175352
120,34,4323.286541
120,36,4257.767056
120,37,4096.215968
121,33,4372.175352
121,34,4323.286541
121,36,4257.767056
121,37,4096.215968
122,33,4372.175352
122,34,4323.286541
122,36,4257.767056
122,37,4096.215968
123,33,4372.175352
123,34,4323.286541
123,36,4257.767056
123,37,4096.215968
124,33,4372.175352
124,34,4323.286541
124,36,4257.767056
124,37,4096.215968
125,33,4372.175352
125,34,4323.286541
125,36,4257.767056
125,37,4096.215968
126,33,4372.175352
126,34,4323.286541
126,36,4257.767056
126,37,4096.215968
127,33,4372.175352
127,34,4323.286541
127,36,4257.767056
127,37,4096.215968
128,33,4372.175352
128,34,4323.286541
128,36,4257.767056
128,37,4096.215968
129,33,4372.175352
129,34,4323.286541
129,36,4257.767056
129,37,4096.215968
130,33,4372.175352
130,34,4323.286541
130,36,4257.767056
130,37,4096.215968
131,33,4372.175352
131,34,4323.286541
131,36,4257.767056
131,37,4096.215968
132,33,4372.175352
132,34,4323.286541
132,36,4257.767056
132,37,4096.215968
133,33,4372.175352
133,34,4323.286541
133,36,4257.767056
133,37,4096.215968
134,33,4372.175352
134,34,4323.286541
134,36,4257.767056
134,37,4096.215968
135,33,4372.175352
135,34,4323.286541
135,36,4257.767056
135,37,4096.215968
136,33,4372.175352
136,34,4323.286541
136,36,4257.767056
136,37,4096.215968
137,33,4372.175352
137,34,4323.286541
137,36,4257.767056
137,37,4096.215968
138,33,4372.175352
138,34,4323.286541
138,36,4257.767056
138,37,4096.215968
139,33,4372.175352
139,34,4323.286541
139,36,4257.767056
139,37,4096.215968
140,33,4372.175352
140,34,4323.286541
140,36,4257.767056
140,37,4096.215968
141,33,4372.175352
141,34,4323.286541
141,36,4257.767056
141,37,4096.215968
142,33,4372.175352
142,34,4323.286541
142,36,4257.767056
142,37,4096.215968
143,33,4372.175352
143,34,4323.286541
143,36,4257.767056
143,37,4096.215968
144,33,4372.175352
144,34,4323.286541
144,36,4257.767056
144,37,4096.215968
145,33,4372.175352
145,34,4323.286541
145,36,4257.767056
145,37,4096.215968
146,33,4372.175352
146,34,4323.286541
146,36,4257.767056
146,37,4096.215968
147,33,4372.175352
147,34,4323.286541
147,36,4257.767056
147,37,4096.215968
148,33,4372.175352
148,34,4323.286541
148,36,4257.767056
148,37,4096.215968
149,33,4372.175352
149,34,4323.286541
149,36,4257.767056
149,37,4096.215968
150,33,4372.175352
150,34,4323.286541
150,36,4257.767056
150,37,4096.215968
151,33,4372.175352
151,34,4323.286541
151,36,4257.767056
151,37,4096.215968
152,33,4372.175352
152,34,4323.286541
152,36,4257.767056
152,37,4096.215968
153,33,4372.175352
153,34,4323.286541
153,36,4257.767056
153,37,4096.215968
154,33,4372.175352
154,34,4323.286541
154,36,4257.767056
154,37,4096.215968
155,33,4372.175352
155,34,4323.286541
155,36,4257.767056
155,37,4096.215968
156,33,4372.175352
156,34,4323.286541
156,36,4257.767056
156,37,4096.215968
157,33,4372.175352
157,34,4323.286541
157,36,4257.767056
157,37,4096.215968
158,33,4372.175352
158,34,4323.286541
158,36,4257.767056
158,37,4096.215968
159,33,4372.175352
159,34,4323.286541
159,36,4257.767056
159,37,4096.215968
160,33,4372.175352
160,34,4323.286541
160,36,4257.767056
160,37,4096.215968
161,33,4372.175352
161,34,4323.286541
161,36,4257.767056
161,37,4096.215968
162,33,4372.175352
162,34,4323.286541
162,36,4257.767056
162,37,4096.215968
163,33,4372.175352
163,34,4323.286541
163,36,4257.767056
163,37,4096.215968
164,33,4372.175352
164,34,4323.286541
164,36,4257.767056
164,37,4096.215968
165,33,4372.175352
165,34,4323.286541
165,36,4257.767056
165,37,4096.215968
166,33,4372.175352
166,34,4323.286541
166,36,4257.767056
166,37,4096.215968
167,33,4372.175352
167,34,4323.286541
167,36,4257.767056
167,37,4096.215968
168,33,4372.175352
168,34,4323.286541
168,36,4257.767056
168,37,4096.215968
169,33,4372.175352
169,34,4323.286541
169,36,4257.767056
169,37,4096.215968
170,33,4372.175352
170,34,4323.286541
170,36,4257.767056
170,37,4096.215968
171,33,4372.175352
171,34,4323.286541
171,36,4257.767056
171,37,4096.215968
172,33,4372.175352
172,34,4323.286541
172,36,4257.767056
172,37,4096.215968
173,33,4372.175352
173,34,4323.286541
173,36,4257.767056
173,37,4096.215968
174,33,4372.175352
174,34,4323.286541
174,36,4257.767056
174,37,4096.215968
175,33,4372.175352
175,34,4323.286541
175,36,4257.767056
175,37,4096.215968
176,33,4372.175352
176,34,4323.286541
176,36,4257.767056
176,37,4096.215968
177,33,4372.175352
177,34,4323.286541
177,36,4257.767056
177,37,4096.215968
178,33,4372.175352
178,34,4323.286541
178,36,4257.767056
178,37,4096.215968
179,33,4372.175352
179,34,4323.286541
179,36,4257.767056
179,37,4096.215968
180,33,4372.175352
180,34,4323.286541
180,36,4257.767056
180,37,4096.215968
181,33,4372.175352
181,34,4323.286541
181,36,4257.767056
181,37,4096.215968
182,33,4372.175352
182,34,4323.286541
182,36,4257.767056
182,37,4096.215968
183,33,4372.175352
183,34,4323.286541
183,36,4257.767056
183,37,4096.215968
184,33,4372.175352
184,34,4323.286541
184,36,4257.767056
184,37,4096.215968
185,33,4372.175352
185,34,4323.286541
185,36,4257.767056
185,37,4096.215968
186,33,4372.175352
186,34,4323.286541
186,36,4257.767056
186,37,4096.215968
187,33,4372.175352
187,34,4323.286541
187,36,4257.767056
187,37,4096.215968
188,33,4372.175352
188,34,4323.286541
188,36,4257.767056
188,37,4096.215968
189,33,4372.175352
189,34,4323.286541
189,36,4257.767056
189,37,4096.215968
190,33,4372.175352
190,34,4323.286541
190,36,4257.767056
190,37,4096.215968
191,33,4372.175352
191,34,4323.286541
191,36,4257.767056
191,37,4096.215968
192,33,4372.175352
192,34,4323.286541
192,36,4257.767056
192,37,4096.215968
193,33,4372.175352
193,34,4323.286541
193,36,4257.767056
193,37,4096.215968
194,33,4372.175352
194,34,4323.286541
194,36,4257.767056
194,37,4096.215968
195,33,4372.175352
195,34,4323.286541
195,36,4257.767056
195,37,4096.215968
196,33,4372.175352
196,34,4323.286541
196,36,4257.767056
196,37,4096.215968
197,33,4372.175352
197,34,4323.286541
197,36,4257.767056
197,37,4096.215968
198,33,4372.175352
198,34,4323.286541
198,36,4257.767056
198,37,4096.215968
199,33,4372.175352
199,34,4323.286541
199,36,4257.767056
199,37,4096.215968
200,33,4372.175352
200,34,4323.286541
200,36,4257.767056
200,37,4096.215968
201,33,4372.175352
201,34,4323.286541
201,36,4257.767056
201,37,4096.215968
202,33,4372.175352
202,34,4323.286541
202,36,4257.767056
202,37,4096.215968
203,33,4372.175352
203,34,4323.286541
203,36,4257.767056
203,37,4096.215968
204,33,4372.175352
204,34,4323.286541
204,36,4257.767056
204,37,4096.215968
205,33,4372.175352
205,34,4323.286541
205,36,4257.767056
205,37,4096.215968
206,33,4372.175352
206,34,4323.286541
206,36,4257.767056
206,37,4096.215968
207,33,4372.175352
207,34,4323.286541
207,36,4257.767056
207,37,4096.215968
208,33,4372.175352
208,34,4323.286541
208,36,4257.767056
208,37,4096.215968
209,33,4372.175352
209,34,4323.286541
209,36,4257.767056
209,37,4096.215968
210,33,4372.175352
210,34,4323.286541
210,36,4257.767056
210,37,4096.215968
211,33,4372.175352
211,34,4323.286541
211,36,4257.767056
211,37,4096.215968
212,33,4372.175352
212,34,4323.286541
212,36,4257.767056
212,37,4096.215968
213,33,4372.175352
213,34,4323.286541
213,36,4257.767056
213,37,4096.215968
214,33,4372.175352
214,34,4323.286541
214,36,4257.767056
214,37,4096.215968
215,33,4372.175352
215,34,4323.286541
215,36,4257.767056
215,37,4096.215968
216,33,4372.175352
216,34,4323.286541
216,36,4257.767056
216,37,4096.215968
217,33,4372.175352
217,34,4323.286541
217,36,4257.767056
217,37,4096.215968
218,33,4372.175352
218,34,4323.286541
218,36,4257.767056
218,37,4096.215968
219,33,4372.175352
219,34,4323.286541
219,36,4257.767056
219,37,4096.215968
220,33,4372.175352
220,34,4323.286541
220,36,4257.767056
220,37,4096.215968
221,33,4372.175352
221,34,4323.286541
221,36,4257.767056
221,37,4096.215968
222,33,4372.175352
222,34,4323.286541
222,36,4257.767056
222,37,4096.215968
223,33,4372.175352
223,34,4323.286541
223,36,4257.767056
223,37,4096.215968
224,33,4372.175352
224,34,4323.286541
224,36,4257.767056
224,37,4096.215968
225,33,4372.175352
225,34,4323.286541
225,36,4257.767056
225,37,4096.215968
226,33,4372.175352
226,34,4323.286541
226,36,4257.767056
226,37,4096.215968
227,33,4372.175352
227,34,4323.286541
227,36,4257.767056
227,37,4096.215968
228,33,4372.175352
228,34,4323.286541
228,36,4257.767056
228,37,4096.215968
229,33,4372.175352
229,34,4323.286541
229,36,4257.767056
229,37,4096.215968
230,33,4372.175352
230,34,4323.286541
230,36,4257.767056
230,37,4096.215968
231,33,4372.175352
231,34,4323.286541
231,36,4257.767056
231,37,4096.215968
232,33,4372.175352
232,34,4323.286541
232,36,4257.767056
232,37,4096.215968
233,33,4372.175352
233,34,4323.286541
233,36,4257.767056
233,37,4096.215968
234,33,4372.175352
234,34,4323.286541
234,36,4257.767056
234,37,4096.215968
235,33,4372.175352
235,34,4323.286541
235,36,4257.767056
235,37,4096.215968
236,33,4372.175352
236,34,4323.286541
236,36,4257.767056
236,37,4096.215968
237,33,4372.175352
237,34,4323.286541
237,36,4257.767056
237,37,4096.215968
238,33,4372.175352
238,34,4323.286541
238,36,4257.767056
238,37,4096.215968
239,32,4369.136160
239,34,4323.286541
239,36,4257.767056
239,37,4096.215968
240,32,4369.136160
240,34,4323.286541
240,36,4257.767056
240,37,4096.215968
241,32,4369.136160
241,34,4323.286541
241,36,4257.767056
241,37,4096.215968
242,32,4369.136160
242,34,4323.286541
242,36,4257.767056
242,37,4096.215968
243,32,4369.136160
243,34,4323.286541
243,36,4257.767056
243,37,4096.215968
244,32,4369.136160
244,34,4323.286541
244,36,4257.767056
244,37,4096.215968
245,32,4369.136160
245,34,4323.286541
245,36,4257.767056
245,37,4096.215968
246,32,4369.136160
246,34,4323.286541
246,36,4257.767056
246,37,4096.215968
247,32,4369.136160
247,34,4323.286541
247,36,4257.767056
247,37,4096.215968
248,32,4369.136160
248,34,4323.286541
248,36,4257.767056
248,37,4096.215968
249,32,4369.136160
249,34,4323.286541
249,36,4257.767056
249,37,4096.215968
250,32,4369.136160
250,34,4323.286541
250,36,4257.767056
250,37,4096.215968
251,32,4369.136160
251,34,4323.286541
251,36,4257.767056
251,37,4096.215968
252,32,4369.136160
252,34,4323.286541
252,36,4257.767056
252,37,4096.215968
253,32,4369.136160
253,34,4323.286541
253,36,4257.767056
253,37,4096.215968
254,32,4369.136160
254,34,4323.286541
254,36,4257.767056
254,37,4096.215968
255,32,4369.136160
255,34,4323.286541
255,36,4257.767056
255,37,4096.215968
256,32,4369.136160
256,34,4323.286541
256,36,4257.767056
256,37,4096.215968
257,32,4369.136160
257,34,4323.286541
257,36,4257.767056
257,37,4096.215968
258,32,4369.136160
258,34,4323.286541
258,36,4257.767056
258,37,4096.215968
259,32,4369.136160
259,34,4323.286541
259,36,4257.767056
259,37,4096.215968
260,32,4369.136160
260,34,4323.286541
260,36,4257.767056
260,37,4096.215968
261,32,4369.136160
261,34,4323.286541
261,36,4257.767056
261,37,4096.215968
262,32,4369.136160
262,34,4323.286541
262,36,4257.767056
262,37,4096.215968
263,32,4369.136160
263,34,4323.286541
263,36,4257.767056
263,37,4096.215968
264,32,4369.136160
264,34,4323.286541
264,36,4257.767056
264,37,4096.215968
265,32,4369.136160
265,34,4323.286541
265,36,4257.767056
265,37,4096.215968
266,32,4369.136160
266,34,4323.286541
266,36,4257.767056
266,37,4096.215968
267,32,4369.136160
267,34,4323.286541
267,36,4257.767056
267,37,4096.215968
268,32,4369.136160
268,34,4323.286541
268,36,4257.767056
268,37,4096.215968
269,32,4369.136160
269,34,4323.286541
269,36,4257.767056
269,37,4096.215968
270,32,4369.136160
270,34,4323.286541
270,36,4257.767056
270,37,4096.215968
271,32,4369.136160
271,34,4323.286541
271,36,4257.767056
271,37,4096.215968
272,32,4369.136160
272,34,4323.286541
272,36,4257.767056
272,37,4096.215968
273,32,4369.136160
273,34,4323.286541
273,36,4257.767056
273,37,4096.215968
274,32,4369.136160
274,34,4323.286541
274,36,4257.767056
274,37,4096.215968
275,32,4369.136160
275,34,4323.286541
275,36,4257.767056
275,37,4096.215968
276,32,4369.136160
276,34,4323.286541
276,36,4257.767056
276,37,4096.215968
277,32,4369.136160
277,34,4323.286541
277,36,4257.767056
277,37,4096.215968
278,31,4535.936521
278,32,4369.136160
278,34,4323.286541
278,35,4261.616426
278,36,4257.767056
278,37,4096.215968
279,31,4535.936521
279,32,4297.156615
279,35,4261.616426
279,36,4257.767056
279,37,4096.215968
280,31,4535.936521
280,32,4297.156615
280,35,4261.616426
280,36,4257.767056
280,37,4096.215968
281,31,4535.936521
281,32,4297.156615
281,35,4261.616426
281,36,4257.767056
281,37,4096.215968
282,31,4535.936521
282,32,4297.156615
282,35,4261.616426
282,36,4257.767056
282,37,4096.215968
283,31,4535.936521
283,32,4297.156615
283,35,4261.616426
283,36,4257.767056
283,37,4096.215968
284,31,4535.936521
284,32,4297.156615
284,35,4261.616426
284,36,4257.767056
284,37,4096.215968
285,31,4535.936521
285,32,4297.156615
285,35,4261.616426
285,36,4257.767056
285,37,4096.215968
286,31,4535.936521
286,32,4297.156615
286,35,4261.616426
286,36,4257.767056
286,37,4096.215968
287,31,4535.936521
287,32,4297.156615
287,35,4261.616426
287,36,4257.767056
287,37,4096.215968
288,31,4535.936521
288,32,4297.156615
288,35,4261.616426
288,36,4257.767056
288,37,4096.215968
289,31,4535.936521
289,32,4297.156615
289,35,4261.616426
289,36,4257.767056
289,37,4096.215968
290,31,4535.936521
290,32,4297.156615
290,35,4261.616426
290,36,4257.767056
290,37,4096.215968
291,31,4535.936521
291,32,4297.156615
291,35,4261.616426
291,36,4257.767056
291,37,4096.215968
292,31,4535.936521
292,32,4297.156615
292,35,4261.616426
292,36,4257.767056
292,37,4096.215968
293,31,4535.936521
293,32,4297.156615
293,35,4261.616426
293,36,4257.767056
293,37,4096.215968
294,31,4535.936521
294,32,4297.156615
294,35,4261.616426
294,36,4257.767056
294,37,4096.215968
295,31,4535.936521
295,32,4297.156615
295,35,4261.616426
295,36,4257.767056
295,37,4096.215968
296,31,4535.936521
296,32,4297.156615
296,35,4261.616426
296,36,4257.767056
296,37,4096.215968
297,31,4535.936521
297,32,4297.156615
297,35,4261.616426
297,36,4257.767056
297,37,4096.215968
298,31,4535.936521
298,32,4297.156615
298,35,4261.616426
298,36,4257.767056
298,37,4096.215968
299,31,4535.936521
299,32,4297.156615
299,35,4261.616426
299,36,4257.767056
299,37,4096.215968
300,31,4535.936521
300,32,4297.156615
300,35,4261.616426
300,36,4257.767056
300,37,4096.215968
301,31,4535.936521
301,32,4297.156615
301,35,4261.616426
301,36,4257.767056
301,37,4096.215968
302,31,4535.936521
302,32,4297.156615
302,35,4261.616426
302,36,4257.767056
302,37,4096.215968
303,31,4535.936521
303,32,4297.156615
303,35,4261.616426
303,36,4257.767056
303,37,4096.215968
304,31,4535.936521
304,32,4297.156615
304,35,4261.616426
304,36,4257.767056
304,37,4096.215968
305,31,4535.936521
305,32,4297.156615
305,35,4261.616426
305,36,4257.767056
305,37,4096.215968
306,31,4535.936521
306,32,4297.156615
306,35,4261.616426
306,36,4257.767056
306,37,4096.215968
307,31,4535.936521
307,32,4297.156615
307,35,4261.616426
307,36,4257.767056
307,37,4096.215968
308,31,4535.936521
308,32,4297.156615
308,35,4261.616426
308,36,4257.767056
308,37,4096.215968
309,31,4535.936521
309,32,4297.156615
309,35,4261.616426
309,36,4257.767056
309,37,4096.215968
310,31,4535.936521
310,32,4297.156615
310,35,4261.616426
310,36,4257.767056
310,37,4096.215968
311,31,4535.936521
311,32,4297.156615
311,35,4261.616426
311,36,4257.767056
311,37,4096.215968
312,31,4535.936521
312,32,4297.156615
312,35,4261.616426
312,36,4257.767056
312,37,4096.215968
313,31,4535.936521
313,32,4297.156615
313,35,4261.616426
313,36,4257.767056
313,37,4096.215968
314,31,4535.936521
314,32,4297.156615
314,35,4261.616426
314,36,4257.767056
314,37,4096.215968
315,31,4535.936521
315,32,4297.156615
315,35,4261.616426
315,36,4257.767056
315,37,4096.215968
316,31,4535.936521
316,32,4297.156615
316,35,4261.616426
316,36,4257.767056
316,37,4096.215968
317,31,4535.936521
317,32,4297.156615
317,35,4261.616426
317,36,4257.767056
317,37,4096.215968
318,31,4535.936521
318,32,4297.156615
318,35,4261.616426
318,36,4257.767056
318,37,4096.215968
319,31,4535.936521
319,32,4297.156615
319,35,4261.616426
319,36,4257.767056
319,37,4096.215968
320,31,4535.936521
320,32,4297.156615
320,35,4261.616426
320,36,4257.767056
320,37,4096.215968
321,31,4535.936521
321,32,4297.156615
321,35,4261.616426
321,36,4257.767056
321,37,4096.215968
322,31,4535.936521
322,32,4297.156615
322,35,4261.616426
322,36,4257.767056
322,37,4096.215968
323,31,4535.936521
323,32,4297.156615
323,35,4261.616426
323,36,4257.767056
323,37,4096.215968
324,31,4535.936521
324,32,4297.156615
324,35,4261.616426
324,36,4257.767056
324,37,4096.215968
325,31,4535.936521
325,32,4297.156615
325,35,4261.616426
325,36,4257.767056
325,37,4096.215968
326,31,4535.936521
326,32,4297.156615
326,35,4261.616426
326,36,4257.767056
326,37,4096.215968
327,31,4535.936521
327,32,4297.156615
327,35,4261.616426
327,36,4257.767056
327,37,4096.215968
328,31,4535.936521
328,32,4297.156615
328,35,4261.616426
328,36,4257.767056
328,37,4096.215968
329,31,4535.936521
329,32,4297.156615
329,35,4261.616426
329,36,4257.767056
329,37,4096.215968
330,31,4535.936521
330,32,4297.156615
330,35,4261.616426
330,36,4257.767056
330,37,4096.215968
331,31,4535.936521
331,32,4297.156615
331,35,4261.616426
331,36,4257.767056
331,37,4096.215968
332,31,4535.936521
332,32,4297.156615
332,35,4261.616426
332,36,4257.767056
332,37,4096.215968
333,31,4535.936521
333,32,4297.156615
333,35,4261.616426
333,36,4257.767056
333,37,4096.215968
334,31,4535.936521
334,32,4297.156615
334,35,4261.616426
334,36,4257.767056
334,37,4096.215968
335,31,4535.936521
335,32,4297.156615
335,35,4261.616426
335,36,4257.767056
335,37,4096.215968
336,31,4535.936521
336,32,4297.156615
336,35,4261.616426
336,36,4257.767056
336,37,4096.215968
337,31,4535.936521
337,32,4297.156615
337,35,4261.616426
337,36,4257.767056
337,37,4096.215968
338,31,4535.936521
338,32,4297.156615
338,35,4261.616426
338,36,4257.767056
338,37,4096.215968
339,31,4535.936521
339,32,4297.156615
339,35,4261.616426
339,36,4257.767056
339,37,4096.215968
340,31,4535.936521
340,32,4297.156615
340,35,4261.616426
340,36,4257.767056
340,37,4096.215968
341,31,4535.936521
341,32,4297.156615
341,35,4261.616426
341,36,4257.767056
341,37,4096.215968
342,31,4535.936521
342,32,4297.156615
342,35,4261.616426
342,36,4257.767056
342,37,4096.215968
343,31,4535.936521
343,32,4297.156615
343,35,4261.616426
343,36,4257.767056
343,37,4096.215968
344,31,4535.936521
344,32,4297.156615
344,35,4261.616426
344,36,4257.767056
344,37,4096.215968
345,31,4535.936521
345,32,4297.156615
345,35,4261.616426
345,36,4257.767056
345,37,4096.215968
346,31,4535.936521
346,32,4297.156615
346,35,4261.616426
346,36,4257.767056
346,37,4096.215968
347,31,4535.936521
347,32,4297.156615
347,35,4261.616426
347,36,4257.767056
347,37,4096.215968
348,31,4535.936521
348,32,4297.156615
348,35,4261.616426
348,36,4257.767056
348,37,4096.215968
349,31,4535.936521
349,32,4297.156615
349,35,4261.616426
349,36,4257.767056
349,37,4096.215968
350,31,4535.936521
350,32,4297.156615
350,35,4261.616426
350,36,4257.767056
350,37,4096.215968
351,31,4535.936521
351,32,4297.156615
351,35,4261.616426
351,36,4257.767056
351,37,4096.215968
352,31,4535.936521
352,32,4297.156615
352,35,4261.616426
352,36,4257.767056
352,37,4096.215968
353,31,4535.936521
353,32,4297.156615
353,35,4261.616426
353,36,4257.767056
353,37,4096.215968
354,31,4535.936521
354,32,4297.156615
354,35,4261.616426
354,36,4257.767056
354,37,4096.215968
355,31,4535.936521
355,32,4297.156615
355,35,4261.616426
355,36,4257.767056
355,37,4096.215968
356,31,4535.936521
356,32,4297.156615
356,35,4261.616426
356,36,4257.767056
356,37,4096.215968
357,31,4535.936521
357,32,4297.156615
357,35,4261.616426
357,36,4257.767056
357,37,4096.215968
358,31,4535.936521
358,32,4297.156615
358,35,4261.616426
358,36,4257.767056
358,37,4096.215968
359,31,4535.936521
359,32,4297.156615
359,35,4261.616426
359,36,4257.767056
359,37,4096.215968
360,31,4535.936521
360,32,4297.156615
360,35,4261.616426
360,36,4257.767056
360,37,4096.215968
361,29,4470.173394
361,32,4297.156615
361,35,4261.616426
361,36,4257.767056
361,37,4096.215968
362,29,4470.173394
362,32,4297.156615
362,35,4261.616426
362,36,4257.767056
362,37,4096.215968
363,29,4470.173394
363,32,4297.156615
363,35,4261.616426
363,36,4257.767056
363,37,4096.215968
364,29,4470.173394
364,32,4297.156615
364,35,4261.616426
364,36,4257.767056
364,37,4096.215968
365,29,4470.173394
365,32,4297.156615
365,35,4261.616426
365,36,4257.767056
365,37,4096.215968
366,29,4470.173394
366,32,4297.156615
366,33,4258.166466
366,36,4257.767056
366,37,4096.215968
367,29,4470.173394
367,32,4297.156615
367,33,4258.166466
367,36,4257.767056
367,37,4096.215968
368,29,4470.173394
368,32,4297.156615
368,33,4258.166466
368,36,4257.767056
368,37,4096.215968
369,29,4470.173394
369,32,4297.156615
369,33,4258.166466
369,36,4257.767056
369,37,4096.215968
370,29,4470.173394
370,32,4297.156615
370,33,4181.772544
370,37,4096.215968
371,29,4470.173394
371,32,4297.156615
371,33,4181.772544
371,37,4096.215968
372,28,4434.776710
372,32,4297.156615
372,33,4181.772544
372,37,4096.215968
373,28,4434.776710
373,32,4297.156615
373,33,4181.772544
373,37,4096.215968
374,28,4434.776710
374,30,4407.441503
374,32,4297.156615
374,33,4181.772544
374,37,4096.215968
375,28,4434.776710
375,30,4407.441503
375,32,4297.156615
375,33,4181.772544
375,37,4096.215968
376,28,4434.776710
376,30,4407.441503
376,32,4297.156615
376,33,4181.772544
376,37,4096.215968
377,28,4434.776710
377,30,4407.441503
377,32,4297.156615
377,33,4181.772544
377,37,4096.215968
378,28,4434.776710
378,30,4407.441503
378,32,4297.156615
378,33,4181.772544
378,37,4096.215968
379,28,4434.776710
379,30,4407.441503
379,32,4297.156615
379,33,4181.772544
379,37,4096.215968
380,28,4434.776710
380,30,4407.441503
380,32,4297.156615
380,33,4181.772544
380,37,4096.215968
381,28,4434.776710
381,30,4407.441503
381,32,4297.156615
381,33,4181.772544
381,37,4096.215968
382,28,4434.776710
382,30,4407.441503
382,32,4297.156615
382,33,4181.772544
382,37,4096.215968
383,28,4434.776710
383,30,4407.441503
383,32,4297.156615
383,33,4181.772544
383,37,4096.215968
384,28,4434.776710
384,30,4407.441503
384,32,4297.156615
384,33,4181.772544
384,37,4096.215968
385,28,4434.776710
385,30,4407.441503
385,32,4297.156615
385,33,4181.772544
385,37,4096.215968
386,28,4434.776710
386,30,4407.441503
386,32,4297.156615
386,33,4181.772544
386,37,4096.215968
387,28,4434.776710
387,30,4407.441503
387,32,4297.156615
387,33,4181.772544
387,37,4096.215968
388,28,4434.776710
388,30,4407.441503
388,32,4297.156615
388,33,4181.772544
388,37,4096.215968
