Iteration,NV,TOC
1,14,2064.520954
1,14,2064.520954
1,14,2064.520954
1,15,2012.852707
1,16,1989.352505
2,14,2064.520954
2,14,2064.520954
2,14,2064.520954
2,15,2012.852707
2,16,1909.592732
3,14,2064.520954
3,14,2064.520954
3,14,2064.520954
3,15,2012.852707
3,16,1909.592732
4,14,2064.520954
4,14,2064.520954
4,14,2064.520954
4,15,2012.852707
4,16,1909.592732
5,14,2064.520954
5,14,2064.520954
5,14,2064.520954
5,15,2012.852707
5,16,1909.592732
6,14,2064.520954
6,14,2064.520954
6,14,2064.520954
6,15,2012.852707
6,16,1909.592732
7,14,2064.520954
7,14,2064.520954
7,14,2064.520954
7,15,2012.852707
7,16,1909.592732
8,14,2064.520954
8,14,2064.520954
8,14,2064.520954
8,15,2012.852707
8,16,1909.592732
9,14,2064.520954
9,14,2064.520954
9,14,2064.520954
9,15,2012.852707
9,16,1909.592732
10,14,2064.520954
10,14,2064.520954
10,14,2064.520954
10,15,2012.852707
10,16,1909.592732
11,14,2064.520954
11,14,2064.520954
11,14,2064.520954
11,15,2012.852707
11,16,1909.592732
12,14,2064.520954
12,14,2064.520954
12,14,2064.520954
12,15,2012.852707
12,16,1909.592732
13,14,2064.520954
13,14,2064.520954
13,14,2064.520954
13,15,2012.852707
13,16,1909.592732
14,14,2064.520954
14,14,2064.520954
14,14,2064.520954
14,15,2012.852707
14,16,1909.592732
15,14,2064.520954
15,14,2064.520954
15,14,2064.520954
15,15,2012.852707
15,16,1909.592732
16,14,2064.520954
16,14,2064.520954
16,14,2064.520954
16,15,2012.852707
16,16,1909.592732
17,14,2064.520954
17,14,2064.520954
17,14,2064.520954
17,15,2012.852707
17,16,1909.592732
18,14,2064.520954
18,14,2064.520954
18,14,2064.520954
18,15,2012.852707
18,16,1909.592732
19,14,2064.520954
19,14,2064.520954
19,14,2064.520954
19,15,2012.852707
19,16,1909.592732
20,14,2064.520954
20,14,2064.520954
20,14,2064.520954
20,15,2012.852707
20,16,1909.592732
21,14,2064.520954
21,14,2064.520954
21,14,2064.520954
21,15,2012.852707
21,16,1909.592732
22,14,2064.520954
22,14,2064.520954
22,14,2064.520954
22,15,2012.852707
22,16,1909.592732
23,14,2064.520954
23,14,2064.520954
23,14,2064.520954
23,15,2012.852707
23,16,1909.592732
24,14,2064.520954
24,14,2064.520954
24,14,2064.520954
24,15,2012.852707
24,16,1909.592732
25,14,2064.520954
25,14,2064.520954
25,14,2064.520954
25,15,2012.852707
25,16,1909.592732
26,14,2064.520954
26,14,2064.520954
26,14,2064.520954
26,15,2012.852707
26,16,1909.592732
27,14,2064.520954
27,14,2064.520954
27,14,2064.520954
27,15,2012.852707
27,16,1909.592732
28,14,2064.520954
28,14,2064.520954
28,14,2064.520954
28,15,2012.852707
28,16,1909.592732
29,14,2064.520954
29,14,2064.520954
29,14,2064.520954
29,15,2012.852707
29,16,1909.592732
30,14,2064.520954
30,14,2064.520954
30,14,2064.520954
30,15,2012.852707
30,16,1909.592732
31,14,2064.520954
31,14,2064.520954
31,14,2064.520954
31,15,2012.852707
31,16,1909.592732
32,14,2064.520954
32,14,2064.520954
32,14,2064.520954
32,15,2012.852707
32,16,1909.592732
33,14,2064.520954
33,14,2064.520954
33,14,2064.520954
33,15,2012.852707
33,16,1909.592732
34,14,2064.520954
34,14,2064.520954
34,14,2064.520954
34,15,2012.852707
34,16,1909.592732
35,14,2064.520954
35,14,2064.520954
35,14,2064.520954
35,15,2012.852707
35,16,1909.592732
36,14,2064.520954
36,14,2064.520954
36,14,2064.520954
36,15,2012.852707
36,16,1909.592732
37,14,2064.520954
37,14,2064.520954
37,14,2064.520954
37,15,2012.852707
37,16,1909.592732
38,14,2064.520954
38,14,2064.520954
38,14,2064.520954
38,15,2012.852707
38,16,1909.592732
39,14,2064.520954
39,14,2064.520954
39,14,2064.520954
39,15,2012.852707
39,16,1909.592732
40,14,2064.520954
40,14,2064.520954
40,14,2064.520954
40,15,2012.852707
40,16,1909.592732
41,14,2064.520954
41,14,2064.520954
41,14,2064.520954
41,15,2012.852707
41,16,1909.592732
42,14,2064.520954
42,14,2064.520954
42,14,2064.520954
42,15,2012.852707
42,16,1909.592732
43,14,2064.520954
43,14,2064.520954
43,14,2064.520954
43,15,2012.852707
43,16,1909.592732
44,14,2064.520954
44,14,2064.520954
44,14,2064.520954
44,15,2012.852707
44,16,1909.592732
45,14,2064.520954
45,14,2064.520954
45,14,2064.520954
45,15,2012.852707
45,16,1909.592732
46,14,2064.520954
46,14,2064.520954
46,14,2064.520954
46,15,2012.852707
46,16,1909.592732
47,14,2064.520954
47,14,2064.520954
47,14,2064.520954
47,15,2012.852707
47,16,1909.592732
48,14,2064.520954
48,14,2064.520954
48,14,2064.520954
48,15,2012.852707
48,16,1909.592732
49,14,2064.520954
49,14,2064.520954
49,14,2064.520954
49,15,2012.852707
49,16,1909.592732
50,14,2064.520954
50,14,2064.520954
50,14,2064.520954
50,15,2012.852707
50,16,1909.592732
51,14,2064.520954
51,14,2064.520954
51,14,2064.520954
51,15,2012.852707
51,16,1909.592732
52,14,2064.520954
52,14,2064.520954
52,14,2064.520954
52,15,2012.852707
52,16,1909.592732
53,14,2064.520954
53,14,2064.520954
53,14,2064.520954
53,15,2012.852707
53,16,1909.592732
54,14,2064.520954
54,14,2064.520954
54,14,2064.520954
54,15,2012.852707
54,16,1909.592732
55,14,2064.520954
55,14,2064.520954
55,14,2064.520954
55,15,2012.852707
55,16,1909.592732
56,14,2064.520954
56,14,2064.520954
56,14,2064.520954
56,15,2012.852707
56,16,1909.592732
57,14,2064.520954
57,14,2064.520954
57,14,2064.520954
57,15,2012.852707
57,16,1909.592732
58,14,2064.520954
58,14,2064.520954
58,14,2064.520954
58,15,2012.852707
58,16,1909.592732
59,14,2064.520954
59,14,2064.520954
59,14,2064.520954
59,15,2012.852707
59,16,1909.592732
60,14,2064.520954
60,14,2064.520954
60,14,2064.520954
60,15,2012.852707
60,16,1909.592732
61,14,2064.520954
61,14,2064.520954
61,14,2064.520954
61,15,2012.852707
61,16,1909.592732
62,14,2064.520954
62,14,2064.520954
62,14,2064.520954
62,15,2012.852707
62,16,1909.592732
63,14,2064.520954
63,14,2064.520954
63,14,2064.520954
63,15,2012.852707
63,16,1909.592732
64,14,2064.520954
64,14,2064.520954
64,14,2064.520954
64,15,2012.852707
64,16,1909.592732
65,14,2064.520954
65,14,2064.520954
65,14,2064.520954
65,15,2012.852707
65,16,1909.592732
66,14,2064.520954
66,14,2064.520954
66,14,2064.520954
66,15,2012.852707
66,16,1909.592732
67,14,2064.520954
67,14,2064.520954
67,14,2064.520954
67,15,2012.852707
67,16,1909.592732
68,14,2064.520954
68,14,2064.520954
68,14,2064.520954
68,15,2012.852707
68,16,1909.592732
69,14,2064.520954
69,14,2064.520954
69,14,2064.520954
69,15,2012.852707
69,16,1909.592732
70,14,2064.520954
70,14,2064.520954
70,14,2064.520954
70,15,2012.852707
70,16,1909.592732
71,14,2064.520954
71,14,2064.520954
71,14,2064.520954
71,15,2012.852707
71,16,1909.592732
72,14,2064.520954
72,14,2064.520954
72,14,2064.520954
72,15,2012.852707
72,16,1909.592732
73,14,2064.520954
73,14,2064.520954
73,14,2064.520954
73,15,2012.852707
73,16,1909.592732
74,14,2064.520954
74,14,2064.520954
74,14,2064.520954
74,15,2012.852707
74,16,1909.592732
75,14,2064.520954
75,14,2064.520954
75,14,2064.520954
75,15,2012.852707
75,16,1909.592732
76,14,2064.520954
76,14,2064.520954
76,14,2064.520954
76,15,2012.852707
76,16,1909.592732
77,14,2064.520954
77,14,2064.520954
77,14,2064.520954
77,15,2012.852707
77,16,1909.592732
78,14,2064.520954
78,14,2064.520954
78,14,2064.520954
78,15,2012.852707
78,16,1909.592732
79,14,2064.520954
79,14,2064.520954
79,14,2064.520954
79,15,2012.852707
79,16,1909.592732
80,14,2064.520954
80,14,2064.520954
80,14,2064.520954
80,15,2012.852707
80,16,1909.592732
81,14,2064.520954
81,14,2064.520954
81,14,2064.520954
81,15,2012.852707
81,16,1909.592732
82,14,2064.520954
82,14,2064.520954
82,14,2064.520954
82,15,2012.852707
82,16,1909.592732
83,14,2064.520954
83,14,2064.520954
83,14,2064.520954
83,15,2012.852707
83,16,1909.592732
84,14,2064.520954
84,14,2064.520954
84,14,2064.520954
84,15,2012.852707
84,16,1909.592732
85,14,2064.520954
85,14,2064.520954
85,14,2064.520954
85,15,2012.852707
85,16,1909.592732
86,14,2064.520954
86,14,2064.520954
86,14,2064.520954
86,15,2012.852707
86,16,1909.592732
87,14,2064.520954
87,14,2064.520954
87,14,2064.520954
87,15,2012.852707
87,16,1909.592732
88,14,2064.520954
88,14,2064.520954
88,14,2064.520954
88,15,2012.852707
88,16,1909.592732
89,14,2064.520954
89,14,2064.520954
89,14,2064.520954
89,15,2012.852707
89,16,1909.592732
90,14,2064.520954
90,14,2064.520954
90,14,2064.520954
90,15,2012.852707
90,16,1909.592732
91,14,2064.520954
91,14,2064.520954
91,14,2064.520954
91,15,2012.852707
91,16,1909.592732
92,14,2064.520954
92,14,2064.520954
92,14,2064.520954
92,15,2012.852707
92,16,1909.592732
93,14,2064.520954
93,14,2064.520954
93,14,2064.520954
93,15,2012.852707
93,16,1909.592732
94,14,2064.520954
94,14,2064.520954
94,14,2064.520954
94,15,2012.852707
94,16,1909.592732
95,14,2064.520954
95,14,2064.520954
95,14,2064.520954
95,15,2012.852707
95,16,1909.592732
96,14,2064.520954
96,14,2064.520954
96,14,2064.520954
96,15,2012.852707
96,16,1909.592732
97,14,2064.520954
97,14,2064.520954
97,14,2064.520954
97,15,2012.852707
97,16,1909.592732
98,14,2064.520954
98,14,2064.520954
98,14,2064.520954
98,15,2012.852707
98,16,1909.592732
99,14,2064.520954
99,14,2064.520954
99,14,2064.520954
99,15,2012.852707
99,16,1909.592732
100,14,2064.520954
100,14,2064.520954
100,14,2064.520954
100,15,2012.852707
100,16,1909.592732
101,14,2064.520954
101,14,2064.520954
101,14,2064.520954
101,15,2012.852707
101,16,1909.592732
102,14,2064.520954
102,14,2064.520954
102,14,2064.520954
102,15,2012.852707
102,16,1909.592732
103,14,2064.520954
103,14,2064.520954
103,14,2064.520954
103,15,2012.852707
103,16,1909.592732
104,14,2064.520954
104,14,2064.520954
104,14,2064.520954
104,15,2012.852707
104,16,1909.592732
105,14,2064.520954
105,14,2064.520954
105,14,2064.520954
105,15,2012.852707
105,16,1909.592732
106,14,2064.520954
106,14,2064.520954
106,14,2064.520954
106,15,2012.852707
106,16,1909.592732
107,14,2064.520954
107,14,2064.520954
107,14,2064.520954
107,15,2012.852707
107,16,1909.592732
108,14,2064.520954
108,14,2064.520954
108,14,2064.520954
108,15,2012.852707
108,16,1909.592732
109,14,2064.520954
109,14,2064.520954
109,14,2064.520954
109,15,2012.852707
109,16,1909.592732
110,14,2064.520954
110,14,2064.520954
110,14,2064.520954
110,15,2012.852707
110,16,1909.592732
111,14,2064.520954
111,14,2064.520954
111,14,2064.520954
111,15,2012.852707
111,16,1909.592732
112,14,2064.520954
112,14,2064.520954
112,14,2064.520954
112,15,2012.852707
112,16,1909.592732
113,14,2064.520954
113,14,2064.520954
113,14,2064.520954
113,15,2012.852707
113,16,1909.592732
114,14,2064.520954
114,14,2064.520954
114,14,2064.520954
114,15,2012.852707
114,16,1909.592732
115,14,2064.520954
115,14,2064.520954
115,14,2064.520954
115,15,2012.852707
115,16,1909.592732
116,14,2064.520954
116,14,2064.520954
116,14,2064.520954
116,15,2012.852707
116,16,1909.592732
117,14,2064.520954
117,14,2064.520954
117,14,2064.520954
117,15,2012.852707
117,16,1909.592732
118,14,2064.520954
118,14,2064.520954
118,14,2064.520954
118,15,2012.852707
118,16,1909.592732
119,14,2064.520954
119,14,2064.520954
119,14,2064.520954
119,15,2012.852707
119,16,1909.592732
120,14,2064.520954
120,14,2064.520954
120,14,2064.520954
120,15,2012.852707
120,16,1909.592732
121,14,2064.520954
121,14,2064.520954
121,14,2064.520954
121,15,2012.852707
121,16,1909.592732
122,14,2064.520954
122,14,2064.520954
122,14,2064.520954
122,15,2012.852707
122,16,1909.592732
123,14,2064.520954
123,14,2064.520954
123,14,2064.520954
123,15,2012.852707
123,16,1909.592732
124,14,2064.520954
124,14,2064.520954
124,14,2064.520954
124,15,2012.852707
124,16,1909.592732
125,14,2064.520954
125,14,2064.520954
125,14,2064.520954
125,15,2012.852707
125,16,1909.592732
126,14,2064.520954
126,14,2064.520954
126,14,2064.520954
126,15,2012.852707
126,16,1909.592732
127,14,2064.520954
127,14,2064.520954
127,14,2064.520954
127,15,2012.852707
127,16,1909.592732
128,14,2064.520954
128,14,2064.520954
128,14,2064.520954
128,15,2012.852707
128,16,1909.592732
129,14,2064.520954
129,14,2064.520954
129,14,2064.520954
129,15,2012.852707
129,16,1909.592732
130,14,2064.520954
130,14,2064.520954
130,14,2064.520954
130,15,2012.852707
130,16,1909.592732
131,14,2064.520954
131,14,2064.520954
131,14,2064.520954
131,15,2012.852707
131,16,1909.592732
132,14,2064.520954
132,14,2064.520954
132,14,2064.520954
132,15,2012.852707
132,16,1909.592732
133,14,2064.520954
133,14,2064.520954
133,14,2064.520954
133,15,2012.852707
133,16,1909.592732
134,14,2064.520954
134,14,2064.520954
134,14,2064.520954
134,15,2012.852707
134,16,1909.592732
135,14,2064.520954
135,14,2064.520954
135,14,2064.520954
135,15,2012.852707
135,16,1909.592732
136,14,2064.520954
136,14,2064.520954
136,14,2064.520954
136,15,2012.852707
136,16,1909.592732
137,14,2064.520954
137,14,2064.520954
137,14,2064.520954
137,15,2012.852707
137,16,1909.592732
138,14,2064.520954
138,14,2064.520954
138,14,2064.520954
138,15,2012.852707
138,16,1909.592732
139,14,2064.520954
139,14,2064.520954
139,14,2064.520954
139,15,2012.852707
139,16,1909.592732
140,14,2064.520954
140,14,2064.520954
140,14,2064.520954
140,15,2012.852707
140,16,1909.592732
141,14,2064.520954
141,14,2064.520954
141,14,2064.520954
141,15,2012.852707
141,16,1909.592732
142,14,2064.520954
142,14,2064.520954
142,14,2064.520954
142,15,2012.852707
142,16,1909.592732
143,14,2064.520954
143,14,2064.520954
143,14,2064.520954
143,15,2012.852707
143,16,1909.592732
144,14,2064.520954
144,14,2064.520954
144,14,2064.520954
144,15,2012.852707
144,16,1909.592732
145,14,2064.520954
145,14,2064.520954
145,14,2064.520954
145,15,2012.852707
145,16,1909.592732
146,14,2064.520954
146,14,2064.520954
146,14,2064.520954
146,15,2012.852707
146,16,1909.592732
147,14,2064.520954
147,14,2064.520954
147,14,2064.520954
147,15,2012.852707
147,16,1909.592732
148,14,2064.520954
148,14,2064.520954
148,14,2064.520954
148,15,2012.852707
148,16,1909.592732
149,14,2064.520954
149,14,2064.520954
149,14,2064.520954
149,15,2012.852707
149,16,1909.592732
150,14,2064.520954
150,14,2064.520954
150,14,2064.520954
150,15,2012.852707
150,16,1909.592732
151,14,2064.520954
151,14,2064.520954
151,14,2064.520954
151,15,2012.852707
151,16,1909.592732
152,14,2064.520954
152,14,2064.520954
152,14,2064.520954
152,15,2012.852707
152,16,1909.592732
153,14,2064.520954
153,14,2064.520954
153,14,2064.520954
153,15,2012.852707
153,16,1909.592732
154,14,2064.520954
154,14,2064.520954
154,14,2064.520954
154,15,2012.852707
154,16,1909.592732
155,14,2064.520954
155,14,2064.520954
155,14,2064.520954
155,15,2012.852707
155,16,1909.592732
156,14,2064.520954
156,14,2064.520954
156,14,2064.520954
156,15,2012.852707
156,16,1909.592732
157,14,2064.520954
157,14,2064.520954
157,14,2064.520954
157,15,2012.852707
157,16,1909.592732
158,14,2064.520954
158,14,2064.520954
158,14,2064.520954
158,15,2012.852707
158,16,1909.592732
159,14,2064.520954
159,14,2064.520954
159,14,2064.520954
159,15,2012.852707
159,16,1909.592732
160,14,2064.520954
160,14,2064.520954
160,14,2064.520954
160,15,2012.852707
160,16,1909.592732
161,14,2064.520954
161,14,2064.520954
161,14,2064.520954
161,15,2012.852707
161,16,1909.592732
162,14,2064.520954
162,14,2064.520954
162,14,2064.520954
162,15,2012.852707
162,16,1909.592732
163,14,2064.520954
163,14,2064.520954
163,14,2064.520954
163,15,2012.852707
163,16,1909.592732
164,14,2064.520954
164,14,2064.520954
164,14,2064.520954
164,15,2012.852707
164,16,1909.592732
165,14,2064.520954
165,14,2064.520954
165,14,2064.520954
165,15,2012.852707
165,16,1909.592732
166,14,2064.520954
166,14,2064.520954
166,14,2064.520954
166,15,2012.852707
166,16,1909.592732
167,14,2064.520954
167,14,2064.520954
167,14,2064.520954
167,15,2012.852707
167,16,1909.592732
168,14,2064.520954
168,14,2064.520954
168,14,2064.520954
168,15,2012.852707
168,16,1909.592732
169,14,2064.520954
169,14,2064.520954
169,14,2064.520954
169,15,2012.852707
169,16,1909.592732
170,14,2064.520954
170,14,2064.520954
170,14,2064.520954
170,15,2012.852707
170,16,1909.592732
171,14,2064.520954
171,14,2064.520954
171,14,2064.520954
171,15,2012.852707
171,16,1909.592732
172,14,2064.520954
172,14,2064.520954
172,14,2064.520954
172,15,2012.852707
172,16,1909.592732
173,14,2064.520954
173,14,2064.520954
173,14,2064.520954
173,15,2012.852707
173,16,1909.592732
174,14,2064.520954
174,14,2064.520954
174,14,2064.520954
174,15,2012.852707
174,16,1909.592732
175,14,2064.520954
175,14,2064.520954
175,14,2064.520954
175,15,2012.852707
175,16,1909.592732
176,14,2064.520954
176,14,2064.520954
176,14,2064.520954
176,15,2012.852707
176,16,1909.592732
177,14,2064.520954
177,14,2064.520954
177,14,2064.520954
177,15,2012.852707
177,16,1909.592732
178,14,2064.520954
178,14,2064.520954
178,14,2064.520954
178,15,2012.852707
178,16,1909.592732
179,14,2064.520954
179,14,2064.520954
179,14,2064.520954
179,15,2012.852707
179,16,1909.592732
180,14,2064.520954
180,14,2064.520954
180,14,2064.520954
180,15,2012.852707
180,16,1909.592732
181,14,2064.520954
181,14,2064.520954
181,14,2064.520954
181,15,2010.526011
181,16,1909.592732
182,14,2064.520954
182,14,2064.520954
182,14,2064.520954
182,15,2010.526011
182,16,1909.592732
183,14,2064.520954
183,14,2064.520954
183,14,2064.520954
183,15,2010.526011
183,16,1909.592732
184,14,2064.520954
184,14,2064.520954
184,14,2064.520954
184,15,2010.526011
184,16,1909.592732
185,14,2064.520954
185,14,2064.520954
185,14,2064.520954
185,15,2010.526011
185,16,1909.592732
186,14,2064.520954
186,14,2064.520954
186,14,2064.520954
186,15,2010.526011
186,16,1909.592732
187,14,2064.520954
187,14,2064.520954
187,14,2064.520954
187,15,2010.526011
187,16,1909.592732
188,14,2064.520954
188,14,2064.520954
188,14,2064.520954
188,15,2010.526011
188,16,1909.592732
189,14,2064.520954
189,14,2064.520954
189,14,2064.520954
189,15,2010.526011
189,16,1909.592732
190,14,2064.520954
190,14,2064.520954
190,14,2064.520954
190,15,2010.526011
190,16,1909.592732
191,14,2064.520954
191,14,2064.520954
191,14,2064.520954
191,15,2010.526011
191,16,1909.592732
192,14,2064.520954
192,14,2064.520954
192,14,2064.520954
192,15,2010.526011
192,16,1909.592732
193,14,2064.520954
193,14,2064.520954
193,14,2064.520954
193,15,2010.526011
193,16,1909.592732
194,14,2064.520954
194,14,2064.520954
194,14,2064.520954
194,15,2010.526011
194,16,1909.592732
195,14,2064.520954
195,14,2064.520954
195,14,2064.520954
195,15,2010.526011
195,16,1909.592732
196,14,2064.520954
196,14,2064.520954
196,14,2064.520954
196,15,2010.526011
196,16,1909.592732
197,14,2064.520954
197,14,2064.520954
197,14,2064.520954
197,15,2010.526011
197,16,1909.592732
198,14,2064.520954
198,14,2064.520954
198,14,2064.520954
198,15,2010.526011
198,16,1909.592732
199,14,2064.520954
199,14,2064.520954
199,14,2064.520954
199,15,2010.526011
199,16,1909.592732
200,14,2064.520954
200,14,2064.520954
200,14,2064.520954
200,15,2010.526011
200,16,1909.592732
201,14,2064.520954
201,14,2064.520954
201,14,2064.520954
201,15,2010.526011
201,16,1909.592732
202,14,2064.520954
202,14,2064.520954
202,14,2064.520954
202,15,2010.526011
202,16,1909.592732
203,14,2064.520954
203,14,2064.520954
203,14,2064.520954
203,15,2010.526011
203,16,1909.592732
204,14,2064.520954
204,14,2064.520954
204,14,2064.520954
204,15,2010.526011
204,16,1909.592732
205,14,2064.520954
205,14,2064.520954
205,14,2064.520954
205,15,2010.526011
205,16,1909.592732
206,14,2064.520954
206,14,2064.520954
206,14,2064.520954
206,15,2010.526011
206,16,1909.592732
207,14,2064.520954
207,14,2064.520954
207,14,2064.520954
207,15,2010.526011
207,16,1909.592732
208,14,2064.520954
208,14,2064.520954
208,14,2064.520954
208,15,2010.526011
208,16,1909.592732
209,14,2064.520954
209,14,2064.520954
209,14,2064.520954
209,15,2010.526011
209,16,1909.592732
210,14,2064.520954
210,14,2064.520954
210,14,2064.520954
210,15,2010.526011
210,16,1909.592732
211,14,2064.520954
211,14,2064.520954
211,14,2064.520954
211,15,2010.526011
211,16,1909.592732
212,14,2064.520954
212,14,2064.520954
212,14,2064.520954
212,15,2010.526011
212,16,1909.592732
213,14,2064.520954
213,14,2064.520954
213,14,2064.520954
213,15,2010.526011
213,16,1909.592732
214,14,2064.520954
214,14,2064.520954
214,14,2064.520954
214,15,2010.526011
214,16,1909.592732
215,14,2064.520954
215,14,2064.520954
215,14,2064.520954
215,15,2010.526011
215,16,1909.592732
216,14,2064.520954
216,14,2064.520954
216,14,2064.520954
216,15,2010.526011
216,16,1909.592732
217,14,2064.520954
217,14,2064.520954
217,14,2064.520954
217,15,2010.526011
217,16,1909.592732
218,14,2064.520954
218,14,2064.520954
218,14,2064.520954
218,15,2010.526011
218,16,1909.592732
219,14,2064.520954
219,14,2064.520954
219,14,2064.520954
219,15,2010.526011
219,16,1909.592732
220,14,2064.520954
220,14,2064.520954
220,14,2064.520954
220,15,2010.526011
220,16,1909.592732
221,14,2064.520954
221,14,2064.520954
221,14,2064.520954
221,15,2010.526011
221,16,1909.592732
222,14,2064.520954
222,14,2064.520954
222,14,2064.520954
222,15,2010.526011
222,16,1909.592732
223,14,2064.520954
223,14,2064.520954
223,14,2064.520954
223,15,2010.526011
223,16,1909.592732
224,14,2064.520954
224,14,2064.520954
224,14,2064.520954
224,15,2010.526011
224,16,1909.592732
225,14,2064.520954
225,14,2064.520954
225,14,2064.520954
225,15,2010.526011
225,16,1909.592732
226,14,2064.520954
226,14,2064.520954
226,14,2064.520954
226,15,2010.526011
226,16,1909.592732
227,14,2064.520954
227,14,2064.520954
227,14,2064.520954
227,15,2010.526011
227,16,1909.592732
228,14,2064.520954
228,14,2064.520954
228,14,2064.520954
228,15,2010.526011
228,16,1909.592732
229,14,2064.520954
229,14,2064.520954
229,14,2064.520954
229,15,2010.526011
229,16,1909.592732
230,14,2064.520954
230,14,2064.520954
230,14,2064.520954
230,15,2010.526011
230,16,1909.592732
231,14,2064.520954
231,14,2064.520954
231,14,2064.520954
231,15,2010.526011
231,16,1909.592732
232,14,2064.520954
232,14,2064.520954
232,14,2064.520954
232,15,2010.526011
232,16,1909.592732
233,14,2064.520954
233,14,2064.520954
233,14,2064.520954
233,15,2010.526011
233,16,1909.592732
234,14,2064.520954
234,14,2064.520954
234,14,2064.520954
234,15,2010.526011
234,16,1909.592732
235,14,2064.520954
235,14,2064.520954
235,14,2064.520954
235,15,2010.526011
235,16,1909.592732
236,14,2064.520954
236,14,2064.520954
236,14,2064.520954
236,15,2010.526011
236,16,1909.592732
237,14,2064.520954
237,14,2064.520954
237,14,2064.520954
237,15,2010.526011
237,16,1909.592732
238,14,2064.520954
238,14,2064.520954
238,14,2064.520954
238,15,2010.526011
238,16,1909.592732
239,14,2064.520954
239,14,2064.520954
239,14,2064.520954
239,15,2010.526011
239,16,1909.592732
240,14,2064.520954
240,14,2064.520954
240,14,2064.520954
240,15,2010.526011
240,16,1909.592732
241,14,2064.520954
241,14,2064.520954
241,14,2064.520954
241,15,2010.526011
241,16,1909.592732
242,14,2064.520954
242,14,2064.520954
242,14,2064.520954
242,15,2010.526011
242,16,1909.592732
243,14,2064.520954
243,14,2064.520954
243,14,2064.520954
243,15,2010.526011
243,16,1909.592732
244,14,2064.520954
244,14,2064.520954
244,14,2064.520954
244,15,2010.526011
244,16,1909.592732
245,14,2064.520954
245,14,2064.520954
245,14,2064.520954
245,15,2010.526011
245,16,1909.592732
246,14,2064.520954
246,14,2064.520954
246,14,2064.520954
246,15,2010.526011
246,16,1909.592732
247,14,2064.520954
247,14,2064.520954
247,14,2064.520954
247,15,2010.526011
247,16,1909.592732
248,14,2064.520954
248,14,2064.520954
248,14,2064.520954
248,15,2010.526011
248,16,1909.592732
249,14,2064.520954
249,14,2064.520954
249,14,2064.520954
249,15,2010.526011
249,16,1909.592732
250,14,2064.520954
250,14,2064.520954
250,14,2064.520954
250,15,2010.526011
250,16,1909.592732
251,14,2064.520954
251,14,2064.520954
251,14,2064.520954
251,15,2010.526011
251,16,1909.592732
252,14,2064.520954
252,14,2064.520954
252,14,2064.520954
252,15,2010.526011
252,16,1909.592732
253,14,2064.520954
253,14,2064.520954
253,14,2064.520954
253,15,2010.526011
253,16,1909.592732
254,14,2064.520954
254,14,2064.520954
254,14,2064.520954
254,15,2010.526011
254,16,1909.592732
255,14,2064.520954
255,14,2064.520954
255,14,2064.520954
255,15,2010.526011
255,16,1909.592732
256,14,2064.520954
256,14,2064.520954
256,14,2064.520954
256,15,2010.526011
256,16,1909.592732
257,14,2064.520954
257,14,2064.520954
257,14,2064.520954
257,15,2010.526011
257,16,1909.592732
258,14,2064.520954
258,14,2064.520954
258,14,2064.520954
258,15,2010.526011
258,16,1909.592732
259,14,2064.520954
259,14,2064.520954
259,14,2064.520954
259,15,2010.526011
259,16,1909.592732
260,14,2064.520954
260,14,2064.520954
260,14,2064.520954
260,15,2010.526011
260,16,1909.592732
261,14,2064.520954
261,14,2064.520954
261,14,2064.520954
261,15,2010.526011
261,16,1909.592732
262,14,2064.520954
262,14,2064.520954
262,14,2064.520954
262,15,2010.526011
262,16,1909.592732
263,14,2064.520954
263,14,2064.520954
263,14,2064.520954
263,15,2010.526011
263,16,1909.592732
264,14,2064.520954
264,14,2064.520954
264,14,2064.520954
264,15,2010.526011
264,16,1909.592732
265,14,2064.520954
265,14,2064.520954
265,14,2064.520954
265,15,2010.526011
265,16,1909.592732
266,14,2064.520954
266,14,2064.520954
266,14,2064.520954
266,15,2010.526011
266,16,1909.592732
267,14,2064.520954
267,14,2064.520954
267,14,2064.520954
267,15,2010.526011
267,16,1909.592732
268,14,2064.520954
268,14,2064.520954
268,14,2064.520954
268,15,2010.526011
268,16,1909.592732
269,14,2064.520954
269,14,2064.520954
269,14,2064.520954
269,15,2010.526011
269,16,1909.592732
270,14,2064.520954
270,14,2064.520954
270,14,2064.520954
270,15,2010.526011
270,16,1909.592732
271,14,2064.520954
271,14,2064.520954
271,14,2064.520954
271,15,2010.526011
271,16,1909.592732
272,14,2064.520954
272,14,2064.520954
272,14,2064.520954
272,15,2010.526011
272,16,1909.592732
273,14,2064.520954
273,14,2064.520954
273,14,2064.520954
273,15,2010.526011
273,16,1909.592732
274,14,2064.520954
274,14,2064.520954
274,14,2064.520954
274,15,2010.526011
274,16,1909.592732
275,14,2064.520954
275,14,2064.520954
275,14,2064.520954
275,15,2010.526011
275,16,1909.592732
276,14,2064.520954
276,14,2064.520954
276,14,2064.520954
276,15,2010.526011
276,16,1909.592732
277,14,2064.520954
277,14,2064.520954
277,14,2064.520954
277,15,2010.526011
277,16,1909.592732
278,14,2064.520954
278,14,2064.520954
278,14,2064.520954
278,15,2010.526011
278,16,1909.592732
279,14,2064.520954
279,14,2064.520954
279,14,2064.520954
279,15,2010.526011
279,16,1909.592732
280,14,2064.520954
280,14,2064.520954
280,14,2064.520954
280,15,2010.526011
280,16,1909.592732
281,14,2064.520954
281,14,2064.520954
281,14,2064.520954
281,15,2010.526011
281,16,1909.592732
282,14,2064.520954
282,14,2064.520954
282,14,2064.520954
282,15,2010.526011
282,16,1909.592732
283,14,2064.520954
283,14,2064.520954
283,14,2064.520954
283,15,2010.526011
283,16,1909.592732
284,14,2064.520954
284,14,2064.520954
284,14,2064.520954
284,15,2010.526011
284,16,1909.592732
285,14,2064.520954
285,14,2064.520954
285,14,2064.520954
285,15,2010.526011
285,16,1909.592732
286,14,2064.520954
286,14,2064.520954
286,14,2064.520954
286,15,2010.526011
286,16,1909.592732
287,14,2064.520954
287,14,2064.520954
287,14,2064.520954
287,15,2010.526011
287,16,1909.592732
288,14,2064.520954
288,14,2064.520954
288,14,2064.520954
288,15,2010.526011
288,16,1909.592732
289,14,2064.520954
289,14,2064.520954
289,14,2064.520954
289,15,2010.526011
289,16,1909.592732
290,14,2064.520954
290,14,2064.520954
290,14,2064.520954
290,15,2010.526011
290,16,1909.592732
291,14,2064.520954
291,14,2064.520954
291,14,2064.520954
291,15,2010.526011
291,16,1909.592732
292,14,2064.520954
292,14,2064.520954
292,14,2064.520954
292,15,2010.526011
292,16,1909.592732
293,14,2064.520954
293,14,2064.520954
293,14,2064.520954
293,15,2010.526011
293,16,1909.592732
294,14,2064.520954
294,14,2064.520954
294,14,2064.520954
294,15,2010.526011
294,16,1909.592732
295,14,2064.520954
295,14,2064.520954
295,14,2064.520954
295,15,2010.526011
295,16,1909.592732
296,14,2064.520954
296,14,2064.520954
296,14,2064.520954
296,15,2010.526011
296,16,1909.592732
297,14,2064.520954
297,14,2064.520954
297,14,2064.520954
297,15,2010.526011
297,16,1909.592732
298,14,2064.520954
298,14,2064.520954
298,14,2064.520954
298,15,2010.526011
298,16,1909.592732
299,14,2064.520954
299,14,2064.520954
299,14,2064.520954
299,15,2010.526011
299,16,1909.592732
300,14,2064.520954
300,14,2064.520954
300,14,2064.520954
300,15,2010.526011
300,16,1909.592732
301,14,2064.520954
301,14,2064.520954
301,14,2064.520954
301,15,2010.526011
301,16,1909.592732
302,14,2064.520954
302,14,2064.520954
302,14,2064.520954
302,15,2010.526011
302,16,1909.592732
303,14,2064.520954
303,14,2064.520954
303,14,2064.520954
303,15,2010.526011
303,16,1909.592732
304,14,2064.520954
304,14,2064.520954
304,14,2064.520954
304,15,2010.526011
304,16,1909.592732
305,14,2064.520954
305,14,2064.520954
305,14,2064.520954
305,15,2010.526011
305,16,1909.592732
306,14,2064.520954
306,14,2064.520954
306,14,2064.520954
306,15,2010.526011
306,16,1909.592732
307,14,2064.520954
307,14,2064.520954
307,14,2064.520954
307,15,2010.526011
307,16,1909.592732
308,14,2064.520954
308,14,2064.520954
308,14,2064.520954
308,15,2010.526011
308,16,1909.592732
309,14,2064.520954
309,14,2064.520954
309,14,2064.520954
309,15,2010.526011
309,16,1909.592732
310,14,2064.520954
310,14,2064.520954
310,14,2064.520954
310,15,2010.526011
310,16,1909.592732
311,14,2064.520954
311,14,2064.520954
311,14,2064.520954
311,15,2010.526011
311,16,1909.592732
312,14,2064.520954
312,14,2064.520954
312,14,2064.520954
312,15,2010.526011
312,16,1909.592732
313,14,2064.520954
313,14,2064.520954
313,14,2064.520954
313,15,2010.526011
313,16,1909.592732
314,14,2064.520954
314,14,2064.520954
314,14,2064.520954
314,15,2010.526011
314,16,1909.592732
315,14,2064.520954
315,14,2064.520954
315,14,2064.520954
315,15,2010.526011
315,16,1909.592732
316,14,2064.520954
316,14,2064.520954
316,14,2064.520954
316,15,2010.526011
316,16,1909.592732
317,14,2064.520954
317,14,2064.520954
317,14,2064.520954
317,15,2010.526011
317,16,1909.592732
318,14,2064.520954
318,14,2064.520954
318,14,2064.520954
318,15,2010.526011
318,16,1909.592732
319,14,2064.520954
319,14,2064.520954
319,14,2064.520954
319,15,2010.526011
319,16,1909.592732
320,14,2064.520954
320,14,2064.520954
320,14,2064.520954
320,15,2010.526011
320,16,1909.592732
321,14,2064.520954
321,14,2064.520954
321,14,2064.520954
321,15,2010.526011
321,16,1909.592732
322,14,2064.520954
322,14,2064.520954
322,14,2064.520954
322,15,2010.526011
322,16,1909.592732
323,14,2064.520954
323,14,2064.520954
323,14,2064.520954
323,15,2010.526011
323,16,1909.592732
324,14,2064.520954
324,14,2064.520954
324,14,2064.520954
324,15,2010.526011
324,16,1909.592732
325,14,2064.520954
325,14,2064.520954
325,14,2064.520954
325,15,2010.526011
325,16,1909.592732
326,14,2064.520954
326,14,2064.520954
326,14,2064.520954
326,15,2010.526011
326,16,1909.592732
327,14,2064.520954
327,14,2064.520954
327,14,2064.520954
327,15,2010.526011
327,16,1909.592732
328,14,2064.520954
328,14,2064.520954
328,14,2064.520954
328,15,2010.526011
328,16,1909.592732
329,14,2064.520954
329,14,2064.520954
329,14,2064.520954
329,15,2010.526011
329,16,1909.592732
330,14,2064.520954
330,14,2064.520954
330,14,2064.520954
330,15,2010.526011
330,16,1909.592732
331,14,2064.520954
331,14,2064.520954
331,14,2064.520954
331,15,2010.526011
331,16,1909.592732
332,14,2064.520954
332,14,2064.520954
332,14,2064.520954
332,15,2010.526011
332,16,1909.592732
333,14,2064.520954
333,14,2064.520954
333,14,2064.520954
333,15,2010.526011
333,16,1909.592732
334,14,2064.520954
334,14,2064.520954
334,14,2064.520954
334,15,2010.526011
334,16,1909.592732
335,14,2064.520954
335,14,2064.520954
335,14,2064.520954
335,15,2010.526011
335,16,1909.592732
336,14,2064.520954
336,14,2064.520954
336,14,2064.520954
336,15,2010.526011
336,16,1909.592732
337,14,2064.520954
337,14,2064.520954
337,14,2064.520954
337,15,2010.526011
337,16,1909.592732
338,14,2064.520954
338,14,2064.520954
338,14,2064.520954
338,15,2010.526011
338,16,1909.592732
339,14,2064.520954
339,14,2064.520954
339,14,2064.520954
339,15,2010.526011
339,16,1909.592732
340,14,2064.520954
340,14,2064.520954
340,14,2064.520954
340,15,2010.526011
340,16,1909.592732
341,14,2064.520954
341,14,2064.520954
341,14,2064.520954
341,15,2010.526011
341,16,1909.592732
342,14,2064.520954
342,14,2064.520954
342,14,2064.520954
342,15,2010.526011
342,16,1909.592732
343,14,2064.520954
343,14,2064.520954
343,14,2064.520954
343,15,2010.526011
343,16,1909.592732
344,14,2064.520954
344,14,2064.520954
344,14,2064.520954
344,15,2010.526011
344,16,1909.592732
345,14,2064.520954
345,14,2064.520954
345,14,2064.520954
345,15,2010.526011
345,16,1909.592732
346,14,2064.520954
346,14,2064.520954
346,14,2064.520954
346,15,2010.526011
346,16,1909.592732
347,14,2064.520954
347,14,2064.520954
347,14,2064.520954
347,15,2010.526011
347,16,1909.592732
348,14,2064.520954
348,14,2064.520954
348,14,2064.520954
348,15,2010.526011
348,16,1909.592732
349,14,2064.520954
349,14,2064.520954
349,14,2064.520954
349,15,2010.526011
349,16,1909.592732
350,14,2064.520954
350,14,2064.520954
350,14,2064.520954
350,15,2010.526011
350,16,1909.592732
351,14,2064.520954
351,14,2064.520954
351,14,2064.520954
351,15,2010.526011
351,16,1909.592732
352,14,2064.520954
352,14,2064.520954
352,14,2064.520954
352,15,2010.526011
352,16,1909.592732
353,14,2064.520954
353,14,2064.520954
353,14,2064.520954
353,15,2010.526011
353,16,1909.592732
354,14,2064.520954
354,14,2064.520954
354,14,2064.520954
354,15,2010.526011
354,16,1909.592732
355,14,2064.520954
355,14,2064.520954
355,14,2064.520954
355,15,2010.526011
355,16,1909.592732
356,14,2064.520954
356,14,2064.520954
356,14,2064.520954
356,15,2010.526011
356,16,1909.592732
357,14,2064.520954
357,14,2064.520954
357,14,2064.520954
357,15,2010.526011
357,16,1909.592732
358,14,2064.520954
358,14,2064.520954
358,14,2064.520954
358,15,2010.526011
358,16,1909.592732
359,14,2064.520954
359,14,2064.520954
359,14,2064.520954
359,15,2010.526011
359,16,1909.592732
360,14,2064.520954
360,14,2064.520954
360,14,2064.520954
360,15,2010.526011
360,16,1909.592732
361,14,2064.520954
361,14,2064.520954
361,14,2064.520954
361,15,2010.526011
361,16,1909.592732
362,14,2064.520954
362,14,2064.520954
362,14,2064.520954
362,15,2010.526011
362,16,1909.592732
363,14,2064.520954
363,14,2064.520954
363,14,2064.520954
363,15,2010.526011
363,16,1909.592732
364,14,2064.520954
364,14,2064.520954
364,14,2064.520954
364,15,2010.526011
364,16,1909.592732
365,14,2064.520954
365,14,2064.520954
365,14,2064.520954
365,15,2010.526011
365,16,1909.592732
366,14,2064.520954
366,14,2064.520954
366,14,2064.520954
366,15,2010.526011
366,16,1909.592732
367,14,2064.520954
367,14,2064.520954
367,14,2064.520954
367,15,2010.526011
367,16,1909.592732
368,14,2064.520954
368,14,2064.520954
368,14,2064.520954
368,15,2010.526011
368,16,1909.592732
369,14,2064.520954
369,14,2064.520954
369,14,2064.520954
369,15,2010.526011
369,16,1909.592732
370,14,2064.520954
370,14,2064.520954
370,14,2064.520954
370,15,2010.526011
370,16,1909.592732
371,14,2064.520954
371,14,2064.520954
371,14,2064.520954
371,15,2010.526011
371,16,1909.592732
372,14,2064.520954
372,14,2064.520954
372,14,2064.520954
372,15,2010.526011
372,16,1909.592732
373,14,2064.520954
373,14,2064.520954
373,14,2064.520954
373,15,2010.526011
373,16,1909.592732
374,14,2064.520954
374,14,2064.520954
374,14,2064.520954
374,15,2010.526011
374,16,1909.592732
375,14,2064.520954
375,14,2064.520954
375,14,2064.520954
375,15,2010.526011
375,16,1909.592732
376,14,2064.520954
376,14,2064.520954
376,14,2064.520954
376,15,2010.526011
376,16,1909.592732
377,14,2064.520954
377,14,2064.520954
377,14,2064.520954
377,15,2010.526011
377,16,1909.592732
378,14,2064.520954
378,14,2064.520954
378,14,2064.520954
378,15,2010.526011
378,16,1909.592732
379,14,2064.520954
379,14,2064.520954
379,14,2064.520954
379,15,2010.526011
379,16,1909.592732
380,14,2064.520954
380,14,2064.520954
380,14,2064.520954
380,15,1949.998222
380,16,1909.592732
381,14,2064.520954
381,14,2064.520954
381,14,2064.520954
381,15,1949.998222
381,16,1909.592732
382,14,2064.520954
382,14,2064.520954
382,14,2064.520954
382,15,1949.998222
382,16,1909.592732
383,14,2064.520954
383,14,2064.520954
383,14,2064.520954
383,15,1949.998222
383,16,1909.592732
384,14,2064.520954
384,14,2064.520954
384,14,2064.520954
384,15,1949.998222
384,16,1909.592732
385,14,2064.520954
385,14,2064.520954
385,14,2064.520954
385,15,1949.998222
385,16,1909.592732
386,14,2064.520954
386,14,2064.520954
386,14,2064.520954
386,15,1949.998222
386,16,1909.592732
386,18,1907.748625
387,14,2064.520954
387,14,2064.520954
387,14,2064.520954
387,15,1949.998222
387,16,1909.592732
387,18,1907.748625
388,14,2064.520954
388,14,2064.520954
388,14,2064.520954
388,15,1949.998222
388,16,1909.592732
388,18,1907.748625
