Iteration,NV,TOC
1,20,4543.275344
1,21,4447.185387
1,21,4447.185387
1,21,4447.185387
1,21,4447.185387
1,24,4231.785692
1,26,4059.866970
1,27,3982.514949
2,20,4543.275344
2,21,4427.773759
2,24,4231.785692
2,25,4218.237057
2,26,4059.866970
2,27,3929.268270
2,28,3611.699219
3,20,4543.275344
3,21,4427.773759
3,24,4231.785692
3,25,4218.237057
3,26,3655.554389
3,28,3611.699219
4,20,4543.275344
4,21,4427.773759
4,24,4231.785692
4,25,4061.845008
4,26,3655.554389
4,28,3611.699219
5,20,4543.275344
5,21,4427.773759
5,24,4231.785692
5,25,4061.845008
5,26,3655.554389
5,28,3611.699219
6,20,4543.275344
6,21,4427.773759
6,24,4231.785692
6,25,4061.845008
6,26,3655.554389
6,28,3611.699219
7,20,4543.275344
7,21,4427.773759
7,24,4231.785692
7,25,4061.845008
7,26,3655.554389
7,28,3611.699219
8,20,4543.275344
8,21,4427.773759
8,24,4231.785692
8,25,4061.845008
8,26,3655.554389
8,28,3611.699219
9,20,4543.275344
9,21,4427.773759
9,24,4231.785692
9,25,4061.845008
9,26,3655.554389
9,28,3611.699219
10,20,4543.275344
10,21,4427.773759
10,24,4231.785692
10,25,4061.845008
10,26,3655.554389
10,28,3611.699219
11,20,4543.275344
11,21,4427.773759
11,24,4231.785692
11,25,4061.845008
11,26,3655.554389
11,28,3611.699219
12,20,4543.275344
12,21,4427.773759
12,24,4231.785692
12,25,4061.845008
12,26,3655.554389
12,28,3611.699219
13,20,4543.275344
13,21,4427.773759
13,24,4231.785692
13,25,4061.845008
13,26,3655.554389
13,28,3611.699219
14,20,4543.275344
14,21,4427.773759
14,24,4231.785692
14,25,4061.845008
14,26,3655.554389
14,28,3611.699219
15,20,4543.275344
15,21,4427.773759
15,24,4231.785692
15,25,4061.845008
15,26,3655.554389
15,28,3611.699219
16,20,4543.275344
16,21,4427.773759
16,24,4231.785692
16,25,4061.845008
16,26,3655.554389
16,28,3611.699219
17,20,4543.275344
17,21,4427.773759
17,24,4231.785692
17,25,4061.845008
17,26,3655.554389
17,28,3611.699219
18,20,4543.275344
18,21,4427.773759
18,24,4231.785692
18,25,4061.845008
18,26,3655.554389
18,28,3611.699219
19,20,4543.275344
19,21,4427.773759
19,24,4231.785692
19,25,4061.845008
19,26,3655.554389
19,28,3611.699219
20,20,4543.275344
20,21,4427.773759
20,24,4231.785692
20,25,4061.845008
20,26,3655.554389
20,28,3611.699219
21,20,4543.275344
21,21,4427.773759
21,24,4231.785692
21,25,4061.845008
21,26,3655.554389
21,28,3611.699219
22,20,4543.275344
22,21,4427.773759
22,24,4231.785692
22,25,4061.845008
22,26,3655.554389
22,28,3611.699219
23,20,4543.275344
23,21,4427.773759
23,24,4231.785692
23,25,4061.845008
23,26,3655.554389
23,28,3611.699219
24,20,4543.275344
24,21,4427.773759
24,24,4231.785692
24,25,4061.845008
24,26,3655.554389
24,28,3611.699219
25,20,4543.275344
25,21,4427.773759
25,24,4231.785692
25,25,4061.845008
25,26,3655.554389
25,28,3611.699219
26,20,4543.275344
26,21,4427.773759
26,24,4231.785692
26,25,4061.845008
26,26,3655.554389
26,28,3611.699219
27,20,4543.275344
27,21,4427.773759
27,24,4231.785692
27,25,4061.845008
27,26,3655.554389
27,28,3611.699219
28,20,4543.275344
28,21,4427.773759
28,24,4231.785692
28,25,4061.845008
28,26,3655.554389
28,28,3611.699219
29,20,4543.275344
29,21,4427.773759
29,24,4231.785692
29,25,4061.845008
29,26,3655.554389
29,28,3611.699219
30,20,4543.275344
30,21,4427.773759
30,24,4231.785692
30,25,4061.845008
30,26,3655.554389
30,28,3611.699219
31,20,4543.275344
31,21,4427.773759
31,24,4231.785692
31,25,4061.845008
31,26,3655.554389
31,28,3611.699219
32,20,4543.275344
32,21,4427.773759
32,24,4231.785692
32,25,4061.845008
32,26,3655.554389
32,28,3611.699219
33,20,4543.275344
33,21,4427.773759
33,24,4231.785692
33,25,4061.845008
33,26,3655.554389
33,28,3611.699219
34,20,4543.275344
34,21,4427.773759
34,24,4231.785692
34,25,4061.845008
34,26,3655.554389
34,28,3611.699219
35,20,4543.275344
35,21,4427.773759
35,24,4231.785692
35,25,4061.845008
35,26,3655.554389
35,28,3611.699219
36,20,4543.275344
36,21,4427.773759
36,24,4231.785692
36,25,4061.845008
36,26,3655.554389
36,28,3611.699219
37,20,4543.275344
37,21,4427.773759
37,24,4231.785692
37,25,4061.845008
37,26,3655.554389
37,28,3611.699219
38,20,4543.275344
38,21,4427.773759
38,24,4231.785692
38,25,4061.845008
38,26,3655.554389
38,28,3611.699219
39,20,4543.275344
39,21,4427.773759
39,24,4231.785692
39,25,4061.845008
39,26,3655.554389
39,28,3611.699219
40,20,4543.275344
40,21,4427.773759
40,24,4231.785692
40,25,4061.845008
40,26,3655.554389
40,28,3611.699219
41,20,4543.275344
41,21,4427.773759
41,24,4231.785692
41,25,4061.845008
41,26,3655.554389
41,28,3611.699219
42,20,4543.275344
42,21,4427.773759
42,24,4231.785692
42,25,4061.845008
42,26,3655.554389
42,28,3611.699219
43,20,4543.275344
43,21,4427.773759
43,24,4231.785692
43,25,4061.845008
43,26,3655.554389
43,28,3611.699219
44,20,4543.275344
44,21,4427.773759
44,24,4231.785692
44,25,4061.845008
44,26,3655.554389
44,28,3611.699219
45,20,4543.275344
45,21,4427.773759
45,24,4231.785692
45,25,4061.845008
45,26,3655.554389
45,28,3611.699219
46,20,4543.275344
46,21,4427.773759
46,24,4231.785692
46,25,4061.845008
46,26,3655.554389
46,28,3611.699219
47,20,4543.275344
47,21,4427.773759
47,24,4231.785692
47,25,4061.845008
47,26,3655.554389
47,28,3611.699219
48,20,4543.275344
48,21,4427.773759
48,24,4231.785692
48,25,4061.845008
48,26,3655.554389
48,28,3611.699219
49,20,4543.275344
49,21,4427.773759
49,24,4231.785692
49,25,4061.845008
49,26,3655.554389
49,28,3611.699219
50,20,4543.275344
50,21,4427.773759
50,24,4231.785692
50,25,4061.845008
50,26,3655.554389
50,28,3611.699219
51,20,4543.275344
51,21,4427.773759
51,24,4231.785692
51,25,4061.845008
51,26,3655.554389
51,28,3611.699219
52,20,4543.275344
52,21,4427.773759
52,24,4231.785692
52,25,4061.845008
52,26,3655.554389
52,28,3611.699219
53,20,4543.275344
53,21,4427.773759
53,24,4231.785692
53,25,4061.845008
53,26,3655.554389
53,28,3611.699219
54,20,4543.275344
54,21,4427.773759
54,24,4231.785692
54,25,4061.845008
54,26,3655.554389
54,28,3611.699219
55,20,4543.275344
55,21,4427.773759
55,24,4231.785692
55,25,4061.845008
55,26,3655.554389
55,28,3611.699219
56,20,4543.275344
56,21,4427.773759
56,24,4231.785692
56,25,4061.845008
56,26,3655.554389
56,28,3611.699219
57,20,4543.275344
57,21,4427.773759
57,24,4231.785692
57,25,4061.845008
57,26,3655.554389
57,28,3611.699219
58,20,4543.275344
58,21,4427.773759
58,24,4231.785692
58,25,4061.845008
58,26,3655.554389
58,28,3611.699219
59,20,4543.275344
59,21,4427.773759
59,24,4231.785692
59,25,4061.845008
59,26,3655.554389
59,28,3611.699219
60,20,4543.275344
60,21,4427.773759
60,24,4231.785692
60,25,4061.845008
60,26,3655.554389
60,28,3611.699219
61,20,4543.275344
61,21,4427.773759
61,24,4231.785692
61,25,4061.845008
61,26,3655.554389
61,28,3611.699219
62,20,4543.275344
62,21,4427.773759
62,24,4231.785692
62,25,4061.845008
62,26,3655.554389
62,28,3611.699219
63,20,4543.275344
63,21,4427.773759
63,24,4231.785692
63,25,4061.845008
63,26,3655.554389
63,28,3611.699219
64,20,4543.275344
64,21,4427.773759
64,24,4231.785692
64,25,4061.845008
64,26,3655.554389
64,28,3611.699219
65,20,4543.275344
65,21,4427.773759
65,24,4231.785692
65,25,4061.845008
65,26,3655.554389
65,28,3611.699219
66,20,4543.275344
66,21,4427.773759
66,24,4231.785692
66,25,4061.845008
66,26,3655.554389
66,28,3611.699219
67,20,4543.275344
67,21,4427.773759
67,24,4231.785692
67,25,4061.845008
67,26,3655.554389
67,28,3611.699219
68,20,4543.275344
68,21,4427.773759
68,24,4231.785692
68,25,4061.845008
68,26,3655.554389
68,28,3611.699219
69,20,4543.275344
69,21,4427.773759
69,24,4231.785692
69,25,4061.845008
69,26,3655.554389
69,28,3611.699219
70,20,4543.275344
70,21,4427.773759
70,24,4231.785692
70,25,4061.845008
70,26,3655.554389
70,28,3611.699219
71,20,4543.275344
71,21,4427.773759
71,24,4231.785692
71,25,4061.845008
71,26,3655.554389
71,28,3611.699219
72,20,4543.275344
72,21,4427.773759
72,24,4231.785692
72,25,4061.845008
72,26,3655.554389
72,28,3611.699219
73,20,4543.275344
73,21,4427.773759
73,24,4231.785692
73,25,4061.845008
73,26,3655.554389
73,28,3611.699219
74,20,4543.275344
74,21,4427.773759
74,24,4231.785692
74,25,4061.845008
74,26,3655.554389
74,28,3611.699219
75,20,4543.275344
75,21,4427.773759
75,24,4231.785692
75,25,4061.845008
75,26,3655.554389
75,28,3611.699219
76,20,4543.275344
76,21,4427.773759
76,24,4231.785692
76,25,4061.845008
76,26,3655.554389
76,28,3611.699219
77,20,4543.275344
77,21,4427.773759
77,24,4231.785692
77,25,4061.845008
77,26,3655.554389
77,28,3611.699219
78,20,4543.275344
78,21,4427.773759
78,24,4231.785692
78,25,4061.845008
78,26,3655.554389
78,28,3611.699219
79,20,4543.275344
79,21,4427.773759
79,24,4231.785692
79,25,4061.845008
79,26,3655.554389
79,28,3611.699219
80,20,4543.275344
80,21,4427.773759
80,24,4231.785692
80,25,4061.845008
80,26,3655.554389
80,28,3611.699219
81,20,4543.275344
81,21,4427.773759
81,24,4231.785692
81,25,4061.845008
81,26,3655.554389
81,28,3611.699219
82,20,4543.275344
82,21,4427.773759
82,24,4231.785692
82,25,4061.845008
82,26,3655.554389
82,28,3611.699219
83,20,4543.275344
83,21,4427.773759
83,24,4231.785692
83,25,4061.845008
83,26,3655.554389
83,28,3611.699219
84,20,4543.275344
84,21,4427.773759
84,24,4231.785692
84,25,4061.845008
84,26,3655.554389
84,28,3611.699219
85,20,4543.275344
85,21,4427.773759
85,24,4231.785692
85,25,4061.845008
85,26,3655.554389
85,28,3611.699219
86,20,4543.275344
86,21,4427.773759
86,24,4231.785692
86,25,4061.845008
86,26,3655.554389
86,28,3611.699219
87,20,4543.275344
87,21,4427.773759
87,24,4231.785692
87,25,4061.845008
87,26,3655.554389
87,28,3611.699219
88,20,4543.275344
88,21,4427.773759
88,24,4231.785692
88,25,4061.845008
88,26,3655.554389
88,28,3611.699219
89,20,4543.275344
89,21,4427.773759
89,24,4231.785692
89,25,4061.845008
89,26,3655.554389
89,28,3611.699219
90,20,4543.275344
90,21,4427.773759
90,24,4231.785692
90,25,4061.845008
90,26,3655.554389
90,28,3611.699219
91,20,4543.275344
91,21,4427.773759
91,24,4231.785692
91,25,4061.845008
91,26,3655.554389
91,28,3611.699219
92,20,4543.275344
92,21,4427.773759
92,24,4231.785692
92,25,4061.845008
92,26,3655.554389
92,28,3611.699219
93,20,4543.275344
93,21,4427.773759
93,24,4231.785692
93,25,4061.845008
93,26,3655.554389
93,28,3611.699219
94,20,4543.275344
94,21,4427.773759
94,24,4231.785692
94,25,4061.845008
94,26,3655.554389
94,28,3611.699219
95,20,4543.275344
95,21,4427.773759
95,24,4231.785692
95,25,4061.845008
95,26,3655.554389
95,28,3611.699219
96,20,4543.275344
96,21,4427.773759
96,24,4231.785692
96,25,4061.845008
96,26,3655.554389
96,28,3611.699219
97,20,4543.275344
97,21,4427.773759
97,24,4231.785692
97,25,4061.845008
97,26,3655.554389
97,28,3611.699219
98,20,4543.275344
98,21,4427.773759
98,24,4231.785692
98,25,4061.845008
98,26,3655.554389
98,28,3611.699219
99,20,4543.275344
99,21,4427.773759
99,24,4231.785692
99,25,4061.845008
99,26,3655.554389
99,28,3611.699219
100,20,4543.275344
100,21,4427.773759
100,24,4231.785692
100,25,4061.845008
100,26,3655.554389
100,28,3611.699219
101,20,4543.275344
101,21,4427.773759
101,24,4231.785692
101,25,4061.845008
101,26,3655.554389
101,28,3611.699219
102,20,4543.275344
102,21,4427.773759
102,24,4231.785692
102,25,4061.845008
102,26,3655.554389
102,28,3611.699219
103,20,4543.275344
103,21,4427.773759
103,24,4231.785692
103,25,4061.845008
103,26,3655.554389
103,28,3611.699219
104,20,4543.275344
104,21,4427.773759
104,24,4231.785692
104,25,4061.845008
104,26,3655.554389
104,28,3611.699219
105,20,4543.275344
105,21,4427.773759
105,24,4231.785692
105,25,4061.845008
105,26,3655.554389
105,28,3611.699219
106,20,4543.275344
106,21,4427.773759
106,24,4231.785692
106,25,4061.845008
106,26,3655.554389
106,28,3611.699219
107,20,4543.275344
107,21,4427.773759
107,24,4231.785692
107,25,4061.845008
107,26,3655.554389
107,28,3611.699219
108,20,4543.275344
108,21,4427.773759
108,24,4231.785692
108,25,4061.845008
108,26,3655.554389
108,28,3611.699219
109,20,4543.275344
109,21,4427.773759
109,24,4231.785692
109,25,4061.845008
109,26,3655.554389
109,28,3611.699219
110,20,4543.275344
110,21,4427.773759
110,24,4231.785692
110,25,4061.845008
110,26,3655.554389
110,28,3611.699219
111,20,4543.275344
111,21,4427.773759
111,24,4231.785692
111,25,4061.845008
111,26,3655.554389
111,28,3611.699219
112,20,4543.275344
112,21,4427.773759
112,24,4231.785692
112,25,4061.845008
112,26,3655.554389
112,28,3611.699219
113,20,4543.275344
113,21,4427.773759
113,24,4231.785692
113,25,4061.845008
113,26,3655.554389
113,28,3611.699219
114,20,4543.275344
114,21,4427.773759
114,24,4231.785692
114,25,4061.845008
114,26,3655.554389
114,28,3611.699219
115,20,4543.275344
115,21,4427.773759
115,24,4231.785692
115,25,4061.845008
115,26,3655.554389
115,28,3611.699219
116,20,4543.275344
116,21,4427.773759
116,24,4231.785692
116,25,4061.845008
116,26,3655.554389
116,28,3611.699219
117,20,4543.275344
117,21,4427.773759
117,24,4231.785692
117,25,4061.845008
117,26,3655.554389
117,28,3611.699219
118,20,4543.275344
118,21,4427.773759
118,24,4231.785692
118,25,4061.845008
118,26,3655.554389
118,28,3611.699219
119,20,4543.275344
119,21,4427.773759
119,24,4231.785692
119,25,4061.845008
119,26,3655.554389
119,28,3611.699219
120,20,4543.275344
120,21,4427.773759
120,24,4231.785692
120,25,4061.845008
120,26,3655.554389
120,28,3611.699219
121,20,4543.275344
121,21,4427.773759
121,24,4231.785692
121,25,4061.845008
121,26,3655.554389
121,28,3611.699219
122,20,4543.275344
122,21,4427.773759
122,24,4231.785692
122,25,4061.845008
122,26,3655.554389
122,28,3611.699219
123,20,4543.275344
123,21,4427.773759
123,24,4231.785692
123,25,4061.845008
123,26,3655.554389
123,28,3611.699219
124,20,4543.275344
124,21,4427.773759
124,24,4231.785692
124,25,4061.845008
124,26,3655.554389
124,28,3611.699219
125,20,4543.275344
125,21,4427.773759
125,24,4231.785692
125,25,4061.845008
125,26,3655.554389
125,28,3611.699219
126,20,4543.275344
126,21,4427.773759
126,24,4231.785692
126,25,4061.845008
126,26,3655.554389
126,28,3611.699219
127,20,4543.275344
127,21,4427.773759
127,24,4231.785692
127,25,4061.845008
127,26,3655.554389
127,28,3611.699219
128,20,4543.275344
128,21,4427.773759
128,24,4231.785692
128,25,4061.845008
128,26,3655.554389
128,28,3611.699219
129,20,4543.275344
129,21,4427.773759
129,24,4231.785692
129,25,4061.845008
129,26,3655.554389
129,28,3611.699219
130,20,4543.275344
130,21,4427.773759
130,24,4231.785692
130,25,4061.845008
130,26,3655.554389
130,28,3611.699219
131,20,4543.275344
131,21,4427.773759
131,24,4231.785692
131,25,4061.845008
131,26,3655.554389
131,28,3611.699219
132,20,4543.275344
132,21,4427.773759
132,24,4231.785692
132,25,4061.845008
132,26,3655.554389
132,28,3611.699219
133,20,4543.275344
133,21,4427.773759
133,24,4231.785692
133,25,4061.845008
133,26,3655.554389
133,28,3611.699219
134,20,4543.275344
134,21,4427.773759
134,24,4231.785692
134,25,4061.845008
134,26,3655.554389
134,28,3611.699219
135,20,4543.275344
135,21,4427.773759
135,24,4231.785692
135,25,4061.845008
135,26,3655.554389
135,28,3611.699219
136,20,4543.275344
136,21,4427.773759
136,24,4231.785692
136,25,4061.845008
136,26,3655.554389
136,28,3611.699219
137,20,4543.275344
137,21,4427.773759
137,24,4231.785692
137,25,4061.845008
137,26,3655.554389
137,28,3611.699219
138,20,4543.275344
138,21,4427.773759
138,24,4231.785692
138,25,4061.845008
138,26,3655.554389
138,28,3611.699219
139,20,4543.275344
139,21,4427.773759
139,24,4231.785692
139,25,4061.845008
139,26,3655.554389
139,28,3611.699219
140,20,4543.275344
140,21,4427.773759
140,24,4231.785692
140,25,4061.845008
140,26,3655.554389
140,28,3611.699219
141,20,4543.275344
141,21,4427.773759
141,24,4231.785692
141,25,4061.845008
141,26,3655.554389
141,28,3611.699219
142,20,4543.275344
142,21,4427.773759
142,24,4231.785692
142,25,4061.845008
142,26,3655.554389
142,28,3611.699219
143,20,4543.275344
143,21,4427.773759
143,24,4231.785692
143,25,4061.845008
143,26,3655.554389
143,28,3611.699219
144,20,4543.275344
144,21,4427.773759
144,24,4231.785692
144,25,4061.845008
144,26,3655.554389
144,28,3611.699219
145,20,4543.275344
145,21,4427.773759
145,24,4231.785692
145,25,4061.845008
145,26,3655.554389
145,28,3611.699219
146,20,4543.275344
146,21,4427.773759
146,24,4231.785692
146,25,4061.845008
146,26,3655.554389
146,28,3611.699219
147,20,4543.275344
147,21,4427.773759
147,24,4231.785692
147,25,4061.845008
147,26,3655.554389
147,28,3611.699219
148,20,4543.275344
148,21,4427.773759
148,24,4231.785692
148,25,4061.845008
148,26,3655.554389
148,28,3611.699219
149,20,4543.275344
149,21,4427.773759
149,24,4231.785692
149,25,4061.845008
149,26,3655.554389
149,28,3611.699219
150,20,4543.275344
150,21,4427.773759
150,24,4231.785692
150,25,4061.845008
150,26,3655.554389
150,28,3611.699219
151,20,4543.275344
151,21,4427.773759
151,24,4231.785692
151,25,4061.845008
151,26,3655.554389
151,28,3611.699219
152,20,4543.275344
152,21,4427.773759
152,24,4231.785692
152,25,4061.845008
152,26,3655.554389
152,28,3611.699219
153,20,4543.275344
153,21,4427.773759
153,24,4231.785692
153,25,4061.845008
153,26,3655.554389
153,28,3611.699219
154,20,4543.275344
154,21,4427.773759
154,24,4231.785692
154,25,4061.845008
154,26,3655.554389
154,28,3611.699219
155,20,4543.275344
155,21,4427.773759
155,24,4231.785692
155,25,4061.845008
155,26,3655.554389
155,28,3611.699219
156,20,4543.275344
156,21,4427.773759
156,24,4231.785692
156,25,4061.845008
156,26,3655.554389
156,28,3611.699219
157,20,4543.275344
157,21,4427.773759
157,24,4231.785692
157,25,4061.845008
157,26,3655.554389
157,28,3611.699219
158,20,4543.275344
158,21,4427.773759
158,24,4231.785692
158,25,4061.845008
158,26,3655.554389
158,28,3611.699219
159,20,4543.275344
159,21,4427.773759
159,24,4231.785692
159,25,4061.845008
159,26,3655.554389
159,28,3611.699219
160,20,4543.275344
160,21,4427.773759
160,24,4231.785692
160,25,4061.845008
160,26,3655.554389
160,28,3611.699219
161,20,4543.275344
161,21,4427.773759
161,24,4231.785692
161,25,4061.845008
161,26,3655.554389
161,28,3611.699219
162,20,4543.275344
162,21,4427.773759
162,24,4231.785692
162,25,4061.845008
162,26,3655.554389
162,28,3611.699219
163,20,4543.275344
163,21,4427.773759
163,24,4231.785692
163,25,4061.845008
163,26,3655.554389
163,28,3611.699219
164,20,4543.275344
164,21,4427.773759
164,24,4231.785692
164,25,4061.845008
164,26,3655.554389
164,28,3611.699219
165,20,4543.275344
165,21,4427.773759
165,24,4231.785692
165,25,4061.845008
165,26,3655.554389
165,28,3611.699219
166,20,4543.275344
166,21,4427.773759
166,24,4231.785692
166,25,4061.845008
166,26,3655.554389
166,28,3611.699219
167,20,4543.275344
167,21,4427.773759
167,24,4231.785692
167,25,4061.845008
167,26,3655.554389
167,28,3611.699219
168,20,4543.275344
168,21,4427.773759
168,24,4231.785692
168,25,4061.845008
168,26,3655.554389
168,28,3611.699219
169,20,4543.275344
169,21,4427.773759
169,24,4231.785692
169,25,4061.845008
169,26,3655.554389
169,28,3611.699219
170,20,4543.275344
170,21,4427.773759
170,24,4231.785692
170,25,4061.845008
170,26,3655.554389
170,28,3611.699219
171,20,4543.275344
171,21,4427.773759
171,24,4231.785692
171,25,4061.845008
171,26,3655.554389
171,28,3611.699219
172,20,4543.275344
172,21,4427.773759
172,24,4231.785692
172,25,4061.845008
172,26,3655.554389
172,28,3611.699219
173,20,4543.275344
173,21,4427.773759
173,24,4231.785692
173,25,4061.845008
173,26,3655.554389
173,28,3611.699219
174,20,4543.275344
174,21,4427.773759
174,24,4231.785692
174,25,4061.845008
174,26,3655.554389
174,28,3611.699219
175,20,4543.275344
175,21,4427.773759
175,24,4231.785692
175,25,4061.845008
175,26,3655.554389
175,28,3611.699219
176,20,4543.275344
176,21,4427.773759
176,24,4231.785692
176,25,4061.845008
176,26,3655.554389
176,28,3611.699219
177,20,4543.275344
177,21,4427.773759
177,24,4231.785692
177,25,4061.845008
177,26,3655.554389
177,28,3611.699219
178,20,4543.275344
178,21,4427.773759
178,24,4231.785692
178,25,4061.845008
178,26,3655.554389
178,28,3611.699219
179,20,4543.275344
179,21,4427.773759
179,24,4231.785692
179,25,4061.845008
179,26,3655.554389
179,28,3611.699219
180,20,4543.275344
180,21,4427.773759
180,24,4231.785692
180,25,4061.845008
180,26,3655.554389
180,28,3611.699219
181,20,4543.275344
181,21,4427.773759
181,24,4231.785692
181,25,4061.845008
181,26,3655.554389
181,28,3611.699219
182,20,4543.275344
182,21,4427.773759
182,24,4231.785692
182,25,4061.845008
182,26,3655.554389
182,28,3611.699219
183,20,4543.275344
183,21,4427.773759
183,24,4231.785692
183,25,4061.845008
183,26,3655.554389
183,28,3611.699219
184,20,4543.275344
184,21,4427.773759
184,24,4231.785692
184,25,4061.845008
184,26,3655.554389
184,28,3611.699219
185,20,4543.275344
185,21,4427.773759
185,24,4231.785692
185,25,4061.845008
185,26,3655.554389
185,28,3611.699219
186,20,4543.275344
186,21,4427.773759
186,24,4231.785692
186,25,4061.845008
186,26,3655.554389
186,28,3611.699219
187,20,4543.275344
187,21,4427.773759
187,24,4231.785692
187,25,4061.845008
187,26,3655.554389
187,28,3611.699219
188,20,4543.275344
188,21,4427.773759
188,24,4231.785692
188,25,4061.845008
188,26,3655.554389
188,28,3611.699219
189,20,4543.275344
189,21,4427.773759
189,24,4231.785692
189,25,4061.845008
189,26,3655.554389
189,28,3611.699219
190,20,4543.275344
190,21,4427.773759
190,24,4231.785692
190,25,4061.845008
190,26,3655.554389
190,28,3611.699219
191,20,4543.275344
191,21,4427.773759
191,24,4231.785692
191,25,4061.845008
191,26,3655.554389
191,28,3611.699219
192,20,4543.275344
192,21,4427.773759
192,24,4231.785692
192,25,4061.845008
192,26,3655.554389
192,28,3611.699219
193,20,4543.275344
193,21,4427.773759
193,24,4231.785692
193,25,4061.845008
193,26,3655.554389
193,28,3611.699219
194,20,4543.275344
194,21,4427.773759
194,24,4231.785692
194,25,4061.845008
194,26,3655.554389
194,28,3611.699219
195,20,4543.275344
195,21,4427.773759
195,24,4231.785692
195,25,4061.845008
195,26,3655.554389
195,28,3611.699219
196,20,4543.275344
196,21,4427.773759
196,24,4231.785692
196,25,4061.845008
196,26,3655.554389
196,28,3611.699219
197,20,4543.275344
197,21,4427.773759
197,24,4231.785692
197,25,4061.845008
197,26,3655.554389
197,28,3611.699219
198,20,4543.275344
198,21,4427.773759
198,24,4231.785692
198,25,4061.845008
198,26,3655.554389
198,28,3611.699219
199,20,4543.275344
199,21,4427.773759
199,24,4231.785692
199,25,4061.845008
199,26,3655.554389
199,28,3611.699219
200,20,4543.275344
200,21,4427.773759
200,24,4231.785692
200,25,4061.845008
200,26,3655.554389
200,28,3611.699219
201,20,4543.275344
201,21,4427.773759
201,24,4231.785692
201,25,4061.845008
201,26,3655.554389
201,28,3611.699219
202,20,4543.275344
202,21,4427.773759
202,24,4231.785692
202,25,4061.845008
202,26,3655.554389
202,28,3611.699219
203,20,4543.275344
203,21,4427.773759
203,24,4231.785692
203,25,4061.845008
203,26,3655.554389
203,28,3611.699219
204,20,4543.275344
204,21,4427.773759
204,24,4231.785692
204,25,4061.845008
204,26,3655.554389
204,28,3611.699219
205,20,4543.275344
205,21,4427.773759
205,24,4231.785692
205,25,4061.845008
205,26,3655.554389
205,28,3611.699219
206,20,4543.275344
206,21,4427.773759
206,24,4231.785692
206,25,4061.845008
206,26,3655.554389
206,28,3611.699219
207,20,4543.275344
207,21,4427.773759
207,24,4231.785692
207,25,4061.845008
207,26,3655.554389
207,28,3611.699219
208,20,4543.275344
208,21,4427.773759
208,24,4231.785692
208,25,4061.845008
208,26,3655.554389
208,28,3611.699219
209,20,4543.275344
209,21,4427.773759
209,24,4231.785692
209,25,4061.845008
209,26,3655.554389
209,28,3611.699219
210,20,4543.275344
210,21,4427.773759
210,24,4231.785692
210,25,4061.845008
210,26,3655.554389
210,28,3611.699219
211,20,4543.275344
211,21,4427.773759
211,24,4231.785692
211,25,4061.845008
211,26,3655.554389
211,28,3611.699219
212,20,4543.275344
212,21,4427.773759
212,24,4231.785692
212,25,4061.845008
212,26,3655.554389
212,28,3611.699219
213,20,4543.275344
213,21,4427.773759
213,24,4231.785692
213,25,4061.845008
213,26,3655.554389
213,28,3611.699219
214,20,4543.275344
214,21,4427.773759
214,24,4231.785692
214,25,4061.845008
214,26,3655.554389
214,28,3611.699219
215,20,4543.275344
215,21,4427.773759
215,24,4231.785692
215,25,4061.845008
215,26,3655.554389
215,28,3611.699219
216,20,4543.275344
216,21,4427.773759
216,24,4231.785692
216,25,4061.845008
216,26,3655.554389
216,28,3611.699219
217,20,4543.275344
217,21,4427.773759
217,24,4231.785692
217,25,4061.845008
217,26,3655.554389
217,28,3611.699219
218,20,4543.275344
218,21,4427.773759
218,24,4231.785692
218,25,4061.845008
218,26,3655.554389
218,28,3611.699219
219,20,4543.275344
219,21,4427.773759
219,24,4231.785692
219,25,4061.845008
219,26,3655.554389
219,28,3611.699219
220,20,4543.275344
220,21,4427.773759
220,24,4231.785692
220,25,4061.845008
220,26,3655.554389
220,28,3611.699219
221,20,4543.275344
221,21,4427.773759
221,24,4231.785692
221,25,4061.845008
221,26,3655.554389
221,28,3611.699219
222,20,4543.275344
222,21,4427.773759
222,24,4231.785692
222,25,4061.845008
222,26,3655.554389
222,28,3611.699219
223,20,4543.275344
223,21,4427.773759
223,24,4231.785692
223,25,4061.845008
223,26,3655.554389
223,28,3611.699219
224,20,4543.275344
224,21,4427.773759
224,24,4231.785692
224,25,4061.845008
224,26,3655.554389
224,28,3611.699219
225,20,4543.275344
225,21,4427.773759
225,24,4231.785692
225,25,4061.845008
225,26,3655.554389
225,28,3611.699219
226,20,4543.275344
226,21,4427.773759
226,24,4231.785692
226,25,4061.845008
226,26,3655.554389
226,28,3611.699219
227,20,4543.275344
227,21,4427.773759
227,24,4231.785692
227,25,4061.845008
227,26,3655.554389
227,28,3611.699219
228,20,4543.275344
228,21,4427.773759
228,24,4231.785692
228,25,4061.845008
228,26,3655.554389
228,28,3611.699219
229,20,4543.275344
229,21,4427.773759
229,24,4231.785692
229,25,4061.845008
229,26,3655.554389
229,28,3611.699219
230,20,4543.275344
230,21,4427.773759
230,24,4231.785692
230,25,4061.845008
230,26,3655.554389
230,28,3611.699219
231,20,4543.275344
231,21,4427.773759
231,24,4231.785692
231,25,4061.845008
231,26,3655.554389
231,28,3611.699219
232,20,4543.275344
232,21,4427.773759
232,24,4231.785692
232,25,4061.845008
232,26,3655.554389
232,28,3611.699219
233,20,4543.275344
233,21,4427.773759
233,24,4231.785692
233,25,4061.845008
233,26,3655.554389
233,28,3611.699219
234,20,4543.275344
234,21,4427.773759
234,24,4231.785692
234,25,4061.845008
234,26,3655.554389
234,28,3611.699219
235,20,4543.275344
235,21,4427.773759
235,24,4231.785692
235,25,4061.845008
235,26,3655.554389
235,28,3611.699219
236,20,4543.275344
236,21,4427.773759
236,24,4231.785692
236,25,4061.845008
236,26,3655.554389
236,28,3611.699219
237,20,4543.275344
237,21,4427.773759
237,24,4231.785692
237,25,4061.845008
237,26,3655.554389
237,28,3611.699219
238,20,4543.275344
238,21,4427.773759
238,24,4231.785692
238,25,4061.845008
238,26,3655.554389
238,28,3611.699219
239,20,4543.275344
239,21,4427.773759
239,24,4231.785692
239,25,4061.845008
239,26,3655.554389
239,28,3611.699219
240,20,4543.275344
240,21,4427.773759
240,24,4231.785692
240,25,4061.845008
240,26,3655.554389
240,28,3611.699219
241,20,4543.275344
241,21,4427.773759
241,24,4231.785692
241,25,4061.845008
241,26,3655.554389
241,28,3611.699219
242,20,4543.275344
242,21,4427.773759
242,24,4231.785692
242,25,4061.845008
242,26,3655.554389
242,28,3611.699219
243,20,4543.275344
243,21,4427.773759
243,24,4231.785692
243,25,4061.845008
243,26,3655.554389
243,28,3611.699219
244,20,4543.275344
244,21,4427.773759
244,24,4231.785692
244,25,4061.845008
244,26,3655.554389
244,28,3611.699219
245,20,4543.275344
245,21,4427.773759
245,24,4231.785692
245,25,4061.845008
245,26,3655.554389
245,28,3611.699219
246,20,4543.275344
246,21,4427.773759
246,24,4231.785692
246,25,4061.845008
246,26,3655.554389
246,28,3611.699219
247,20,4543.275344
247,21,4427.773759
247,24,4231.785692
247,25,4061.845008
247,26,3655.554389
247,28,3611.699219
248,20,4543.275344
248,21,4427.773759
248,24,4231.785692
248,25,4061.845008
248,26,3655.554389
248,28,3611.699219
249,20,4543.275344
249,21,4427.773759
249,24,4231.785692
249,25,4061.845008
249,26,3655.554389
249,28,3611.699219
250,20,4543.275344
250,21,4427.773759
250,24,4231.785692
250,25,4061.845008
250,26,3655.554389
250,28,3611.699219
251,20,4543.275344
251,21,4427.773759
251,24,4231.785692
251,25,4061.845008
251,26,3655.554389
251,28,3611.699219
252,20,4543.275344
252,21,4427.773759
252,24,4231.785692
252,25,4061.845008
252,26,3655.554389
252,28,3611.699219
253,20,4543.275344
253,21,4427.773759
253,24,4231.785692
253,25,4061.845008
253,26,3655.554389
253,28,3611.699219
254,20,4543.275344
254,21,4427.773759
254,24,4231.785692
254,25,4061.845008
254,26,3655.554389
254,28,3611.699219
255,20,4543.275344
255,21,4427.773759
255,24,4231.785692
255,25,4061.845008
255,26,3655.554389
255,28,3611.699219
256,20,4543.275344
256,21,4427.773759
256,24,4231.785692
256,25,4061.845008
256,26,3655.554389
256,28,3611.699219
257,20,4543.275344
257,21,4427.773759
257,24,4231.785692
257,25,4061.845008
257,26,3655.554389
257,28,3611.699219
258,20,4543.275344
258,21,4427.773759
258,24,4231.785692
258,25,4061.845008
258,26,3655.554389
258,28,3611.699219
259,20,4543.275344
259,21,4427.773759
259,24,4231.785692
259,25,4061.845008
259,26,3655.554389
259,28,3611.699219
260,20,4543.275344
260,21,4427.773759
260,24,4231.785692
260,25,4061.845008
260,26,3655.554389
260,28,3611.699219
261,20,4543.275344
261,21,4427.773759
261,24,4231.785692
261,25,4061.845008
261,26,3655.554389
261,28,3611.699219
262,20,4543.275344
262,21,4427.773759
262,24,4231.785692
262,25,4061.845008
262,26,3655.554389
262,28,3611.699219
263,20,4543.275344
263,21,4427.773759
263,24,4231.785692
263,25,4061.845008
263,26,3655.554389
263,28,3611.699219
264,20,4543.275344
264,21,4427.773759
264,24,4231.785692
264,25,4061.845008
264,26,3655.554389
264,28,3611.699219
265,20,4543.275344
265,21,4427.773759
265,24,4231.785692
265,25,4061.845008
265,26,3655.554389
265,28,3611.699219
266,20,4543.275344
266,21,4427.773759
266,24,4231.785692
266,25,4061.845008
266,26,3655.554389
266,28,3611.699219
267,20,4543.275344
267,21,4427.773759
267,24,4231.785692
267,25,4061.845008
267,26,3655.554389
267,28,3611.699219
268,20,4543.275344
268,21,4427.773759
268,24,4231.785692
268,25,4061.845008
268,26,3655.554389
268,28,3611.699219
269,20,4543.275344
269,21,4427.773759
269,24,4152.520152
269,25,4061.845008
269,26,3655.554389
269,28,3611.699219
270,20,4543.275344
270,21,4427.773759
270,24,4152.520152
270,25,4061.845008
270,26,3655.554389
270,28,3611.699219
271,20,4543.275344
271,21,4427.773759
271,24,4152.520152
271,25,4061.845008
271,26,3655.554389
271,28,3611.699219
272,20,4543.275344
272,21,4427.773759
272,24,4152.520152
272,25,4061.845008
272,26,3655.554389
272,28,3611.699219
273,20,4543.275344
273,21,4427.773759
273,24,4152.520152
273,25,4061.845008
273,26,3655.554389
273,28,3611.699219
274,20,4543.275344
274,21,4427.773759
274,24,4152.520152
274,25,4061.845008
274,26,3655.554389
274,28,3611.699219
275,20,4543.275344
275,21,4427.773759
275,24,4152.520152
275,25,4061.845008
275,26,3655.554389
275,28,3611.699219
276,20,4543.275344
276,21,4427.773759
276,24,4152.520152
276,25,4061.845008
276,26,3655.554389
276,28,3611.699219
277,20,4543.275344
277,21,4427.773759
277,24,4152.520152
277,25,4061.845008
277,26,3655.554389
277,28,3611.699219
278,20,4543.275344
278,21,4427.773759
278,24,4152.520152
278,25,4061.845008
278,26,3655.554389
278,28,3611.699219
279,20,4543.275344
279,21,4427.773759
279,24,4152.520152
279,25,4061.845008
279,26,3655.554389
279,28,3611.699219
280,20,4543.275344
280,21,4427.773759
280,24,4152.520152
280,25,4061.845008
280,26,3655.554389
280,28,3611.699219
281,20,4543.275344
281,21,4427.773759
281,24,4152.520152
281,25,4061.845008
281,26,3655.554389
281,28,3611.699219
282,20,4543.275344
282,21,4427.773759
282,24,4152.520152
282,25,4061.845008
282,26,3655.554389
282,28,3611.699219
283,20,4543.275344
283,21,4427.773759
283,24,4152.520152
283,25,4061.845008
283,26,3655.554389
283,28,3611.699219
284,20,4543.275344
284,21,4427.773759
284,24,4152.520152
284,25,4061.845008
284,26,3655.554389
284,28,3611.699219
285,20,4543.275344
285,21,4427.773759
285,24,4152.520152
285,25,4061.845008
285,26,3655.554389
285,28,3611.699219
286,20,4543.275344
286,21,4427.773759
286,24,4152.520152
286,25,4061.845008
286,26,3655.554389
286,28,3611.699219
287,20,4543.275344
287,21,4427.773759
287,24,4152.520152
287,25,4061.845008
287,26,3655.554389
287,28,3611.699219
287,31,3520.350070
288,20,4543.275344
288,21,4427.773759
288,24,4152.520152
288,25,4061.845008
288,26,3655.554389
288,28,3611.699219
288,31,3520.350070
289,20,4543.275344
289,21,4427.773759
289,24,4152.520152
289,25,4061.845008
289,26,3655.554389
289,28,3611.699219
289,31,3520.350070
290,20,4543.275344
290,21,4427.773759
290,24,4152.520152
290,25,4061.845008
290,26,3655.554389
290,28,3611.699219
290,31,3520.350070
291,20,4543.275344
291,21,4427.773759
291,24,4152.520152
291,25,4061.845008
291,26,3655.554389
291,28,3611.699219
291,31,3520.350070
292,20,4543.275344
292,21,4427.773759
292,24,4152.520152
292,25,4061.845008
292,26,3655.554389
292,28,3611.699219
292,31,3520.350070
293,20,4543.275344
293,21,4427.773759
293,24,4152.520152
293,25,4061.845008
293,26,3655.554389
293,28,3611.699219
293,31,3520.350070
294,20,4543.275344
294,21,4427.773759
294,24,4152.520152
294,25,4061.845008
294,26,3655.554389
294,28,3611.699219
294,31,3520.350070
295,20,4543.275344
295,21,4427.773759
295,24,4152.520152
295,25,4061.845008
295,26,3655.554389
295,28,3611.699219
295,31,3520.350070
296,20,4543.275344
296,21,4427.773759
296,24,4152.520152
296,25,4061.845008
296,26,3655.554389
296,28,3611.699219
296,31,3520.350070
297,20,4543.275344
297,21,4427.773759
297,24,4152.520152
297,25,4061.845008
297,26,3655.554389
297,28,3611.699219
297,31,3520.350070
298,20,4543.275344
298,21,4427.773759
298,24,4152.520152
298,25,4061.845008
298,26,3655.554389
298,28,3611.699219
298,31,3520.350070
299,20,4543.275344
299,21,4427.773759
299,24,4152.520152
299,25,4061.845008
299,26,3655.554389
299,28,3611.699219
299,31,3520.350070
300,20,4543.275344
300,21,4427.773759
300,24,4152.520152
300,25,4061.845008
300,26,3655.554389
300,28,3611.699219
300,31,3520.350070
301,20,4543.275344
301,21,4427.773759
301,24,4152.520152
301,25,4061.845008
301,26,3655.554389
301,28,3611.699219
301,31,3520.350070
302,20,4543.275344
302,21,4427.773759
302,24,4152.520152
302,25,4061.845008
302,26,3655.554389
302,28,3611.699219
302,31,3520.350070
303,20,4543.275344
303,21,4427.773759
303,24,4152.520152
303,25,4061.845008
303,26,3655.554389
303,28,3611.699219
303,31,3520.350070
304,20,4543.275344
304,21,4427.773759
304,24,4152.520152
304,25,4061.845008
304,26,3655.554389
304,28,3611.699219
304,31,3520.350070
305,20,4543.275344
305,21,4427.773759
305,22,4414.211043
305,24,4152.520152
305,25,4061.845008
305,26,3655.554389
305,28,3611.699219
305,31,3520.350070
306,20,4543.275344
306,21,4427.773759
306,22,4414.211043
306,24,4152.520152
306,25,4061.845008
306,26,3655.554389
306,28,3611.699219
306,31,3520.350070
307,20,4543.275344
307,21,4427.773759
307,22,4414.211043
307,24,4152.520152
307,25,4061.845008
307,26,3655.554389
307,28,3611.699219
307,31,3520.350070
308,20,4543.275344
308,21,4427.773759
308,22,4414.211043
308,24,4152.520152
308,25,4061.845008
308,26,3655.554389
308,28,3611.699219
308,31,3520.350070
309,20,4543.275344
309,21,4427.773759
309,22,4414.211043
309,24,4152.520152
309,25,4061.845008
309,26,3655.554389
309,28,3611.699219
309,31,3520.350070
310,20,4543.275344
310,21,4427.773759
310,22,4414.211043
310,24,4152.520152
310,25,4061.845008
310,26,3655.554389
310,28,3611.699219
310,31,3520.350070
311,20,4543.275344
311,21,4427.773759
311,22,4414.211043
311,24,4152.520152
311,25,4061.845008
311,26,3655.554389
311,28,3611.699219
311,31,3520.350070
312,20,4543.275344
312,21,4427.773759
312,22,4414.211043
312,24,4152.520152
312,25,4061.845008
312,26,3655.554389
312,28,3611.699219
312,31,3520.350070
313,20,4543.275344
313,21,4427.773759
313,22,4414.211043
313,24,4152.520152
313,25,4061.845008
313,26,3655.554389
313,28,3611.699219
313,31,3520.350070
314,20,4543.275344
314,21,4427.773759
314,22,4414.211043
314,24,4152.520152
314,25,4061.845008
314,26,3655.554389
314,28,3611.699219
314,31,3520.350070
315,20,4543.275344
315,21,4427.773759
315,22,4414.211043
315,24,4152.520152
315,25,4061.845008
315,26,3655.554389
315,28,3611.699219
315,31,3520.350070
316,20,4543.275344
316,21,4427.773759
316,22,4414.211043
316,24,4152.520152
316,25,4061.845008
316,26,3655.554389
316,28,3611.699219
316,31,3520.350070
317,20,4543.275344
317,21,4427.773759
317,22,4414.211043
317,24,4152.520152
317,25,4061.845008
317,26,3655.554389
317,28,3611.699219
317,31,3520.350070
318,20,4543.275344
318,21,4427.773759
318,22,4414.211043
318,24,4152.520152
318,25,4061.845008
318,26,3655.554389
318,28,3611.699219
318,31,3520.350070
319,20,4543.275344
319,21,4427.773759
319,22,4414.211043
319,24,4152.520152
319,25,4061.845008
319,26,3655.554389
319,28,3611.699219
319,31,3520.350070
320,20,4543.275344
320,21,4427.773759
320,22,4414.211043
320,24,4152.520152
320,25,4061.845008
320,26,3655.554389
320,28,3611.699219
320,31,3520.350070
321,20,4543.275344
321,21,4427.773759
321,22,4414.211043
321,24,4152.520152
321,25,4061.845008
321,26,3655.554389
321,28,3611.699219
321,31,3520.350070
322,20,4543.275344
322,21,4427.773759
322,22,4414.211043
322,24,4152.520152
322,25,4061.845008
322,26,3655.554389
322,28,3611.699219
322,31,3520.350070
323,20,4543.275344
323,21,4427.773759
323,22,4414.211043
323,24,4152.520152
323,25,4061.845008
323,26,3655.554389
323,28,3611.699219
323,31,3520.350070
324,20,4543.275344
324,21,4427.773759
324,22,4414.211043
324,24,4152.520152
324,25,4061.845008
324,26,3655.554389
324,28,3611.699219
324,31,3520.350070
325,20,4543.275344
325,21,4427.773759
325,22,4414.211043
325,24,4152.520152
325,25,4061.845008
325,26,3655.554389
325,28,3611.699219
325,31,3520.350070
326,20,4543.275344
326,21,4427.773759
326,22,4414.211043
326,24,4152.520152
326,25,4061.845008
326,26,3655.554389
326,28,3611.699219
326,31,3520.350070
327,20,4543.275344
327,21,4427.773759
327,22,4414.211043
327,24,4152.520152
327,25,4061.845008
327,26,3655.554389
327,28,3611.699219
327,31,3520.350070
328,20,4543.275344
328,21,4427.773759
328,22,4414.211043
328,24,4152.520152
328,25,4061.845008
328,26,3655.554389
328,28,3611.699219
328,31,3520.350070
329,20,4543.275344
329,21,4427.773759
329,22,4414.211043
329,24,4152.520152
329,25,4061.845008
329,26,3655.554389
329,28,3611.699219
329,31,3520.350070
330,20,4543.275344
330,21,4427.773759
330,22,4414.211043
330,24,4152.520152
330,25,4061.845008
330,26,3655.554389
330,28,3611.699219
330,31,3520.350070
331,20,4543.275344
331,21,4427.773759
331,22,4414.211043
331,24,4152.520152
331,25,4061.845008
331,26,3655.554389
331,28,3611.699219
331,31,3520.350070
332,20,4543.275344
332,21,4427.773759
332,22,4414.211043
332,24,4152.520152
332,25,4061.845008
332,26,3655.554389
332,28,3611.699219
332,31,3520.350070
333,20,4543.275344
333,21,4427.773759
333,22,4414.211043
333,24,4152.520152
333,25,4061.845008
333,26,3655.554389
333,28,3611.699219
333,31,3520.350070
334,20,4543.275344
334,21,4427.773759
334,22,4414.211043
334,24,4152.520152
334,25,4061.845008
334,26,3655.554389
334,28,3611.699219
334,31,3520.350070
335,20,4543.275344
335,21,4427.773759
335,22,4414.211043
335,24,4152.520152
335,25,4061.845008
335,26,3655.554389
335,28,3611.699219
335,31,3520.350070
336,20,4543.275344
336,21,4427.773759
336,22,4414.211043
336,24,4152.520152
336,25,4061.845008
336,26,3655.554389
336,28,3611.699219
336,31,3520.350070
337,20,4543.275344
337,21,4427.773759
337,22,4414.211043
337,24,4152.520152
337,25,4061.845008
337,26,3655.554389
337,28,3611.699219
337,31,3520.350070
338,20,4543.275344
338,21,4427.773759
338,22,4414.211043
338,24,4152.520152
338,25,4061.845008
338,26,3655.554389
338,28,3611.699219
338,31,3520.350070
339,20,4543.275344
339,21,4427.773759
339,22,4414.211043
339,24,4152.520152
339,25,4061.845008
339,26,3655.554389
339,28,3611.699219
339,31,3520.350070
340,20,4543.275344
340,21,4427.773759
340,22,4414.211043
340,24,4152.520152
340,25,4061.845008
340,26,3655.554389
340,28,3611.699219
340,31,3520.350070
341,20,4543.275344
341,21,4427.773759
341,22,4414.211043
341,24,4152.520152
341,25,4061.845008
341,26,3655.554389
341,28,3611.699219
341,31,3520.350070
342,20,4543.275344
342,21,4427.773759
342,22,4414.211043
342,24,4152.520152
342,25,4061.845008
342,26,3655.554389
342,28,3611.699219
342,31,3520.350070
343,20,4543.275344
343,21,4427.773759
343,22,4414.211043
343,24,4152.520152
343,25,4061.845008
343,26,3655.554389
343,28,3611.699219
343,31,3520.350070
344,20,4543.275344
344,21,4427.773759
344,22,4414.211043
344,24,4152.520152
344,25,4061.845008
344,26,3655.554389
344,28,3611.699219
344,31,3520.350070
345,20,4543.275344
345,21,4427.773759
345,22,4414.211043
345,24,4152.520152
345,25,4061.845008
345,26,3655.554389
345,28,3611.699219
345,31,3520.350070
346,20,4543.275344
346,21,4427.773759
346,22,4414.211043
346,24,4152.520152
346,25,4061.845008
346,26,3655.554389
346,28,3611.699219
346,31,3520.350070
347,20,4543.275344
347,21,4427.773759
347,22,4414.211043
347,24,4152.520152
347,25,4061.845008
347,26,3655.554389
347,28,3611.699219
347,31,3520.350070
348,20,4543.275344
348,21,4427.773759
348,22,4414.211043
348,24,4152.520152
348,25,4061.845008
348,26,3655.554389
348,28,3611.699219
348,31,3520.350070
349,20,4543.275344
349,21,4427.773759
349,22,4414.211043
349,24,4152.520152
349,25,4061.845008
349,26,3655.554389
349,28,3611.699219
349,31,3520.350070
350,20,4543.275344
350,21,4427.773759
350,22,4414.211043
350,24,4152.520152
350,25,4061.845008
350,26,3655.554389
350,28,3611.699219
350,31,3520.350070
351,20,4543.275344
351,21,4427.773759
351,22,4414.211043
351,24,4152.520152
351,25,4061.845008
351,26,3655.554389
351,28,3611.699219
351,31,3520.350070
352,20,4543.275344
352,21,4427.773759
352,22,4414.211043
352,24,4152.520152
352,25,4061.845008
352,26,3655.554389
352,28,3611.699219
352,31,3520.350070
353,20,4543.275344
353,21,4427.773759
353,22,4414.211043
353,24,4152.520152
353,25,4061.845008
353,26,3655.554389
353,28,3611.699219
353,31,3520.350070
354,20,4543.275344
354,21,4427.773759
354,22,4414.211043
354,24,4152.520152
354,25,4061.845008
354,26,3655.554389
354,28,3611.699219
354,31,3520.350070
355,20,4543.275344
355,21,4427.773759
355,22,4414.211043
355,24,4152.520152
355,25,4061.845008
355,26,3655.554389
355,28,3611.699219
355,31,3520.350070
356,20,4543.275344
356,21,4427.773759
356,22,4414.211043
356,24,4152.520152
356,25,4061.845008
356,26,3655.554389
356,28,3611.699219
356,31,3520.350070
357,20,4543.275344
357,21,4427.773759
357,22,4414.211043
357,24,4152.520152
357,25,4061.845008
357,26,3655.554389
357,28,3611.699219
357,31,3520.350070
358,20,4543.275344
358,21,4427.773759
358,22,4414.211043
358,24,4152.520152
358,25,4061.845008
358,26,3655.554389
358,28,3611.699219
358,31,3520.350070
359,20,4543.275344
359,21,4427.773759
359,22,4414.211043
359,24,4152.520152
359,25,4061.845008
359,26,3655.554389
359,28,3611.699219
359,31,3520.350070
360,20,4543.275344
360,21,4427.773759
360,22,4414.211043
360,24,4152.520152
360,25,4061.845008
360,26,3655.554389
360,28,3611.699219
360,31,3520.350070
361,20,4543.275344
361,21,4427.773759
361,22,4414.211043
361,24,4152.520152
361,25,4061.845008
361,26,3655.554389
361,28,3611.699219
361,31,3520.350070
362,20,4543.275344
362,21,4427.773759
362,22,4414.211043
362,24,4152.520152
362,25,4061.845008
362,26,3655.554389
362,28,3611.699219
362,31,3520.350070
363,20,4543.275344
363,21,4427.773759
363,22,4414.211043
363,24,4152.520152
363,25,4061.845008
363,26,3655.554389
363,28,3611.699219
363,31,3520.350070
364,20,4543.275344
364,21,4427.773759
364,22,4414.211043
364,24,4152.520152
364,25,4061.845008
364,26,3655.554389
364,28,3611.699219
364,31,3520.350070
365,20,4543.275344
365,21,4427.773759
365,22,4414.211043
365,24,4152.520152
365,25,4061.845008
365,26,3655.554389
365,28,3611.699219
365,31,3520.350070
366,20,4543.275344
366,21,4427.773759
366,22,4414.211043
366,24,4152.520152
366,25,4061.845008
366,26,3655.554389
366,28,3611.699219
366,31,3520.350070
367,20,4543.275344
367,21,4427.773759
367,22,4414.211043
367,24,4152.520152
367,25,4061.845008
367,26,3655.554389
367,28,3611.699219
367,31,3520.350070
368,20,4543.275344
368,21,4427.773759
368,22,4414.211043
368,24,4152.520152
368,25,4061.845008
368,26,3655.554389
368,28,3611.699219
368,31,3520.350070
369,20,4543.275344
369,21,4427.773759
369,22,4414.211043
369,24,4152.520152
369,25,4061.845008
369,26,3655.554389
369,28,3611.699219
369,31,3520.350070
370,20,4543.275344
370,21,4427.773759
370,22,4414.211043
370,24,4152.520152
370,25,4061.845008
370,26,3655.554389
370,28,3611.699219
370,31,3520.350070
371,20,4543.275344
371,21,4427.773759
371,22,4414.211043
371,24,4152.520152
371,25,4061.845008
371,26,3655.554389
371,28,3611.699219
371,31,3520.350070
372,20,4543.275344
372,21,4427.773759
372,22,4414.211043
372,24,4152.520152
372,25,4061.845008
372,26,3655.554389
372,28,3611.699219
372,31,3520.350070
373,20,4543.275344
373,21,4427.773759
373,22,4414.211043
373,24,4152.520152
373,25,4061.845008
373,26,3655.554389
373,28,3611.699219
373,31,3520.350070
374,20,4543.275344
374,21,4427.773759
374,22,4414.211043
374,24,4152.520152
374,25,4061.845008
374,26,3655.554389
374,28,3611.699219
374,31,3520.350070
375,20,4543.275344
375,21,4427.773759
375,22,4414.211043
375,24,4152.520152
375,25,4061.845008
375,26,3655.554389
375,28,3611.699219
375,31,3520.350070
376,20,4543.275344
376,21,4427.773759
376,22,4414.211043
376,24,4152.520152
376,25,4061.845008
376,26,3655.554389
376,28,3611.699219
376,31,3520.350070
377,20,4543.275344
377,21,4427.773759
377,22,4414.211043
377,24,4152.520152
377,25,4061.845008
377,26,3655.554389
377,28,3611.699219
377,31,3520.350070
378,20,4543.275344
378,21,4427.773759
378,22,4414.211043
378,24,4152.520152
378,25,4061.845008
378,26,3655.554389
378,28,3611.699219
378,31,3520.350070
379,20,4543.275344
379,21,4427.773759
379,22,4414.211043
379,24,4152.520152
379,25,4061.845008
379,26,3655.554389
379,28,3611.699219
379,31,3520.350070
380,20,4543.275344
380,21,4427.773759
380,22,4414.211043
380,24,4152.520152
380,25,4061.845008
380,26,3655.554389
380,28,3611.699219
380,31,3520.350070
381,20,4543.275344
381,21,4427.773759
381,22,4414.211043
381,24,4152.520152
381,25,4061.845008
381,26,3655.554389
381,28,3611.699219
381,31,3520.350070
382,20,4543.275344
382,21,4427.773759
382,22,4414.211043
382,24,4152.520152
382,25,4061.845008
382,26,3655.554389
382,28,3611.699219
382,31,3520.350070
383,20,4543.275344
383,21,4427.773759
383,22,4414.211043
383,24,4152.520152
383,25,4061.845008
383,26,3655.554389
383,28,3611.699219
383,31,3520.350070
384,20,4543.275344
384,21,4427.773759
384,22,4414.211043
384,24,4152.520152
384,25,4061.845008
384,26,3655.554389
384,28,3611.699219
384,31,3520.350070
385,20,4543.275344
385,21,4427.773759
385,22,4414.211043
385,24,4152.520152
385,25,4061.845008
385,26,3655.554389
385,28,3611.699219
385,31,3520.350070
386,20,4543.275344
386,21,4427.773759
386,22,4414.211043
386,24,4152.520152
386,25,4061.845008
386,26,3655.554389
386,28,3611.699219
386,31,3520.350070
387,20,4543.275344
387,21,4427.773759
387,22,4414.211043
387,24,4152.520152
387,25,4061.845008
387,26,3655.554389
387,28,3611.699219
387,31,3520.350070
388,20,4543.275344
388,21,4427.773759
388,22,4414.211043
388,24,4152.520152
388,25,4061.845008
388,26,3655.554389
388,28,3611.699219
388,31,3520.350070
