Iteration,NV,TOC
1,20,2882.775842
2,20,2882.775842
3,19,2802.083274
4,19,2802.083274
5,19,2802.083274
6,19,2802.083274
7,19,2802.083274
8,19,2802.083274
9,19,2802.083274
10,19,2802.083274
11,19,2802.083274
12,19,2802.083274
13,19,2802.083274
14,19,2802.083274
15,19,2802.083274
16,19,2802.083274
17,19,2802.083274
18,19,2802.083274
19,19,2802.083274
20,19,2802.083274
21,19,2802.083274
22,19,2802.083274
23,19,2802.083274
24,19,2802.083274
25,19,2802.083274
26,19,2802.083274
27,19,2802.083274
28,19,2802.083274
29,19,2802.083274
30,19,2802.083274
31,19,2802.083274
32,19,2802.083274
33,19,2802.083274
34,19,2802.083274
35,19,2802.083274
36,19,2802.083274
37,19,2802.083274
38,19,2802.083274
39,19,2802.083274
40,19,2802.083274
41,19,2802.083274
42,19,2802.083274
43,19,2802.083274
44,19,2802.083274
45,19,2802.083274
46,19,2802.083274
47,19,2802.083274
48,19,2802.083274
49,19,2802.083274
50,19,2802.083274
51,19,2802.083274
52,19,2802.083274
53,19,2802.083274
54,19,2802.083274
55,19,2802.083274
56,19,2802.083274
57,19,2802.083274
58,19,2802.083274
59,19,2802.083274
60,19,2802.083274
61,19,2802.083274
62,19,2802.083274
63,19,2802.083274
64,19,2802.083274
65,19,2802.083274
66,19,2802.083274
67,19,2802.083274
68,19,2802.083274
69,19,2802.083274
70,19,2802.083274
71,19,2802.083274
72,19,2802.083274
73,19,2802.083274
74,19,2802.083274
75,19,2802.083274
76,19,2802.083274
77,19,2802.083274
78,19,2802.083274
79,19,2802.083274
80,19,2802.083274
81,19,2802.083274
82,19,2802.083274
83,19,2802.083274
84,19,2802.083274
85,19,2802.083274
86,19,2802.083274
87,19,2802.083274
88,19,2802.083274
89,19,2802.083274
90,19,2802.083274
91,19,2802.083274
92,19,2802.083274
93,19,2802.083274
94,19,2802.083274
95,19,2802.083274
96,19,2802.083274
97,19,2802.083274
98,19,2802.083274
99,19,2802.083274
100,19,2802.083274
101,19,2802.083274
102,19,2802.083274
103,19,2802.083274
104,19,2802.083274
105,19,2802.083274
106,19,2802.083274
107,19,2802.083274
108,19,2802.083274
109,19,2802.083274
110,19,2802.083274
111,19,2802.083274
112,19,2802.083274
113,19,2802.083274
114,19,2802.083274
115,19,2802.083274
116,19,2802.083274
117,19,2802.083274
118,19,2802.083274
119,19,2802.083274
120,19,2802.083274
121,19,2802.083274
122,19,2802.083274
123,19,2802.083274
124,19,2802.083274
125,19,2802.083274
126,19,2802.083274
127,19,2802.083274
128,19,2802.083274
129,19,2802.083274
130,19,2802.083274
131,19,2802.083274
132,19,2802.083274
133,19,2802.083274
134,19,2802.083274
135,19,2802.083274
136,19,2802.083274
137,19,2802.083274
138,19,2802.083274
139,19,2802.083274
140,19,2802.083274
141,19,2802.083274
142,19,2802.083274
143,19,2802.083274
144,19,2802.083274
145,19,2802.083274
146,19,2802.083274
147,19,2802.083274
148,19,2802.083274
149,19,2802.083274
150,19,2802.083274
151,19,2802.083274
152,19,2802.083274
153,19,2802.083274
154,19,2802.083274
155,19,2802.083274
156,19,2802.083274
157,19,2802.083274
158,19,2802.083274
159,19,2802.083274
160,19,2802.083274
161,19,2802.083274
162,19,2802.083274
163,19,2802.083274
164,19,2802.083274
165,19,2802.083274
166,19,2802.083274
167,19,2802.083274
168,19,2802.083274
169,19,2802.083274
170,19,2802.083274
171,19,2802.083274
172,19,2802.083274
173,19,2802.083274
174,19,2802.083274
175,19,2802.083274
176,19,2802.083274
177,19,2802.083274
178,19,2802.083274
179,19,2802.083274
180,19,2802.083274
181,19,2802.083274
182,19,2802.083274
183,19,2802.083274
184,19,2802.083274
185,19,2802.083274
186,19,2802.083274
187,19,2802.083274
188,19,2802.083274
189,19,2802.083274
190,19,2802.083274
191,19,2802.083274
192,19,2802.083274
193,17,2851.973246
193,19,2802.083274
194,17,2851.973246
194,19,2802.083274
195,17,2851.973246
195,19,2802.083274
196,17,2851.973246
196,19,2802.083274
197,17,2851.973246
197,19,2802.083274
198,17,2851.973246
198,19,2802.083274
199,17,2851.973246
199,19,2802.083274
200,17,2851.973246
200,19,2802.083274
201,17,2851.973246
201,19,2802.083274
202,17,2851.973246
202,19,2802.083274
203,17,2851.973246
203,19,2802.083274
204,17,2851.973246
204,19,2802.083274
205,17,2851.973246
205,19,2802.083274
206,17,2851.973246
206,19,2802.083274
207,17,2851.973246
207,19,2802.083274
208,17,2851.973246
208,19,2802.083274
209,17,2851.973246
209,19,2802.083274
210,17,2851.973246
210,19,2802.083274
211,17,2851.973246
211,19,2802.083274
212,17,2851.973246
212,19,2802.083274
213,17,2851.973246
213,19,2802.083274
214,17,2851.973246
214,19,2802.083274
215,17,2851.973246
215,19,2802.083274
216,17,2851.973246
216,19,2802.083274
217,17,2851.973246
217,19,2802.083274
218,17,2851.973246
218,19,2802.083274
219,17,2851.973246
219,19,2802.083274
220,17,2851.973246
220,19,2802.083274
221,17,2851.973246
221,19,2802.083274
222,17,2851.973246
222,19,2802.083274
223,17,2851.973246
223,19,2802.083274
224,17,2851.973246
224,19,2802.083274
225,17,2851.973246
225,19,2802.083274
225,20,2779.571356
226,17,2851.973246
226,19,2802.083274
226,20,2779.571356
227,17,2851.973246
227,19,2802.083274
227,20,2779.571356
228,17,2851.973246
228,19,2802.083274
228,20,2779.571356
229,17,2851.973246
229,19,2802.083274
229,20,2779.571356
230,17,2851.973246
230,19,2802.083274
230,20,2779.571356
231,17,2851.973246
231,19,2802.083274
231,20,2779.571356
232,17,2851.973246
232,19,2802.083274
232,20,2779.571356
233,17,2851.973246
233,19,2802.083274
233,20,2779.571356
234,17,2851.973246
234,19,2802.083274
234,20,2779.571356
235,17,2851.973246
235,19,2802.083274
235,20,2779.571356
236,17,2851.973246
236,19,2800.624748
236,20,2779.571356
237,17,2851.973246
237,19,2800.624748
237,20,2779.571356
238,17,2851.973246
238,19,2800.624748
238,20,2779.571356
239,17,2851.973246
239,19,2800.624748
239,20,2779.571356
240,17,2851.973246
240,19,2800.624748
240,20,2779.571356
241,17,2851.973246
241,19,2800.624748
241,20,2779.571356
242,17,2851.973246
242,19,2800.624748
242,20,2779.571356
243,17,2851.973246
243,18,2848.056611
243,19,2800.624748
243,20,2779.571356
244,17,2851.973246
244,18,2848.056611
244,19,2800.624748
244,20,2779.571356
245,17,2851.973246
245,18,2848.056611
245,19,2800.624748
245,20,2779.571356
246,17,2851.973246
246,18,2848.056611
246,19,2800.624748
246,20,2779.571356
247,17,2851.973246
247,18,2848.056611
247,19,2800.624748
247,20,2779.571356
248,17,2851.973246
248,18,2848.056611
248,19,2800.624748
248,20,2779.571356
249,17,2851.973246
249,18,2848.056611
249,19,2800.624748
249,20,2779.571356
250,17,2851.973246
250,18,2848.056611
250,19,2800.624748
250,20,2779.571356
251,17,2851.973246
251,18,2848.056611
251,19,2800.624748
251,20,2779.571356
252,17,2851.973246
252,18,2848.056611
252,19,2800.624748
252,20,2779.571356
253,17,2851.973246
253,18,2848.056611
253,19,2800.624748
253,20,2779.571356
254,17,2851.973246
254,18,2848.056611
254,19,2800.624748
254,20,2779.571356
255,17,2851.973246
255,18,2848.056611
255,19,2800.624748
255,20,2779.571356
256,17,2851.973246
256,18,2848.056611
256,19,2800.624748
256,20,2779.571356
257,17,2851.973246
257,18,2848.056611
257,19,2800.624748
257,20,2779.571356
258,17,2851.973246
258,18,2848.056611
258,19,2800.624748
258,20,2779.571356
259,17,2851.973246
259,18,2848.056611
259,19,2800.624748
259,20,2779.571356
260,17,2851.973246
260,18,2848.056611
260,19,2800.624748
260,20,2779.571356
261,17,2851.973246
261,18,2848.056611
261,19,2800.624748
261,20,2779.571356
262,17,2851.973246
262,18,2848.056611
262,19,2800.624748
262,20,2779.571356
263,17,2851.973246
263,18,2848.056611
263,19,2800.624748
263,20,2779.571356
264,17,2851.973246
264,18,2848.056611
264,19,2800.624748
264,20,2779.571356
265,17,2851.973246
265,18,2848.056611
265,19,2800.624748
265,20,2779.571356
266,17,2851.973246
266,18,2848.056611
266,19,2800.624748
266,20,2779.571356
267,17,2851.973246
267,18,2848.056611
267,19,2800.624748
267,20,2779.571356
268,17,2851.973246
268,18,2848.056611
268,19,2800.624748
268,20,2779.571356
269,17,2851.973246
269,18,2848.056611
269,19,2800.624748
269,20,2779.571356
270,17,2851.973246
270,18,2848.056611
270,19,2800.624748
270,20,2779.571356
271,17,2851.973246
271,18,2848.056611
271,19,2800.624748
271,20,2779.571356
272,17,2851.973246
272,18,2848.056611
272,19,2800.624748
272,20,2779.571356
273,17,2851.973246
273,18,2848.056611
273,19,2800.624748
273,20,2779.571356
274,17,2851.973246
274,18,2848.056611
274,19,2800.624748
274,20,2779.571356
275,17,2851.973246
275,18,2848.056611
275,19,2800.624748
275,20,2779.571356
276,17,2851.973246
276,18,2848.056611
276,19,2800.624748
276,20,2779.571356
277,17,2851.973246
277,18,2848.056611
277,19,2800.624748
277,20,2779.571356
278,17,2851.973246
278,18,2848.056611
278,19,2800.624748
278,20,2779.571356
279,17,2851.973246
279,18,2848.056611
279,19,2800.624748
279,20,2779.571356
280,17,2851.973246
280,18,2848.056611
280,19,2800.624748
280,20,2779.571356
281,17,2851.973246
281,18,2848.056611
281,19,2800.624748
281,20,2779.571356
282,17,2851.973246
282,18,2848.056611
282,19,2800.624748
282,20,2779.571356
283,17,2851.973246
283,18,2848.056611
283,19,2800.624748
283,20,2779.571356
284,17,2851.973246
284,18,2848.056611
284,19,2800.624748
284,20,2779.571356
285,17,2851.973246
285,18,2848.056611
285,19,2800.624748
285,20,2779.571356
286,17,2851.973246
286,18,2848.056611
286,19,2800.624748
286,20,2779.571356
287,17,2851.973246
287,18,2848.056611
287,19,2800.624748
287,20,2779.571356
288,17,2851.973246
288,18,2848.056611
288,19,2800.624748
288,20,2779.571356
289,17,2851.973246
289,18,2848.056611
289,19,2800.624748
289,20,2779.571356
290,17,2851.973246
290,18,2848.056611
290,19,2800.624748
290,20,2779.571356
291,17,2851.973246
291,18,2848.056611
291,19,2800.624748
291,20,2779.571356
292,17,2851.973246
292,18,2848.056611
292,19,2800.624748
292,20,2779.571356
293,17,2851.973246
293,18,2848.056611
293,19,2800.624748
293,20,2779.571356
294,17,2851.973246
294,18,2848.056611
294,19,2800.624748
294,20,2779.571356
295,17,2851.973246
295,18,2848.056611
295,19,2800.624748
295,20,2779.571356
296,17,2851.973246
296,18,2848.056611
296,19,2800.624748
296,20,2779.571356
297,17,2851.973246
297,18,2848.056611
297,19,2800.624748
297,20,2779.571356
298,17,2851.973246
298,18,2848.056611
298,19,2800.624748
298,20,2779.571356
299,17,2851.973246
299,18,2848.056611
299,19,2800.624748
299,20,2779.571356
300,17,2851.973246
300,18,2848.056611
300,19,2800.624748
300,20,2779.571356
301,17,2851.973246
301,18,2848.056611
301,19,2800.624748
301,20,2779.571356
302,17,2851.973246
302,18,2848.056611
302,19,2800.624748
302,20,2779.571356
303,17,2851.973246
303,18,2848.056611
303,19,2800.624748
303,20,2779.571356
304,17,2851.973246
304,18,2848.056611
304,19,2800.624748
304,20,2779.571356
305,17,2851.973246
305,18,2848.056611
305,19,2800.624748
305,20,2779.571356
306,17,2851.973246
306,18,2848.056611
306,19,2800.624748
306,20,2779.571356
307,17,2851.973246
307,18,2848.056611
307,19,2800.624748
307,20,2779.571356
308,17,2851.973246
308,18,2848.056611
308,19,2800.624748
308,20,2779.571356
309,17,2851.973246
309,18,2848.056611
309,19,2800.624748
309,20,2779.571356
310,17,2851.973246
310,18,2848.056611
310,19,2800.624748
310,20,2779.571356
311,17,2851.973246
311,18,2848.056611
311,19,2800.624748
311,20,2779.571356
312,17,2851.973246
312,18,2848.056611
312,19,2800.624748
312,20,2779.571356
313,17,2851.973246
313,18,2848.056611
313,19,2800.624748
313,20,2779.571356
314,17,2851.973246
314,18,2848.056611
314,19,2800.624748
314,20,2779.571356
315,17,2851.973246
315,18,2848.056611
315,19,2800.624748
315,20,2779.571356
316,17,2851.973246
316,18,2848.056611
316,19,2800.624748
316,20,2779.571356
317,17,2851.973246
317,18,2848.056611
317,19,2800.624748
317,20,2779.571356
318,17,2851.973246
318,18,2848.056611
318,19,2800.624748
318,20,2779.571356
319,17,2851.973246
319,18,2848.056611
319,19,2800.624748
319,20,2779.571356
320,17,2851.973246
320,18,2848.056611
320,19,2800.624748
320,20,2779.571356
321,17,2851.973246
321,18,2848.056611
321,19,2800.624748
321,20,2779.571356
322,17,2851.973246
322,18,2848.056611
322,19,2800.624748
322,20,2779.571356
323,17,2851.973246
323,18,2848.056611
323,19,2800.624748
323,20,2779.571356
324,17,2851.973246
324,18,2848.056611
324,19,2800.624748
324,20,2779.571356
325,17,2851.973246
325,18,2848.056611
325,19,2800.624748
325,20,2779.571356
326,17,2851.973246
326,18,2848.056611
326,19,2800.624748
326,20,2779.571356
327,17,2851.973246
327,18,2848.056611
327,19,2800.624748
327,20,2779.571356
328,17,2851.973246
328,18,2848.056611
328,19,2800.624748
328,20,2779.571356
329,17,2851.973246
329,18,2848.056611
329,19,2800.624748
329,20,2779.571356
330,17,2851.973246
330,18,2848.056611
330,19,2800.624748
330,20,2779.571356
331,17,2851.973246
331,18,2848.056611
331,19,2800.624748
331,20,2779.571356
332,17,2851.973246
332,18,2848.056611
332,19,2800.624748
332,20,2779.571356
333,17,2851.973246
333,18,2848.056611
333,19,2800.624748
333,20,2779.571356
334,17,2851.973246
334,18,2848.056611
334,19,2800.624748
334,20,2779.228806
335,17,2803.889944
335,19,2800.624748
335,20,2779.228806
336,17,2803.889944
336,19,2800.624748
336,20,2779.228806
337,17,2803.889944
337,19,2800.624748
337,20,2779.228806
338,17,2803.889944
338,18,2791.602550
338,20,2779.228806
339,17,2803.889944
339,18,2791.602550
339,20,2779.228806
340,17,2803.889944
340,18,2791.602550
340,20,2779.228806
341,17,2803.889944
341,18,2791.602550
341,20,2779.228806
342,17,2803.889944
342,18,2791.602550
342,20,2779.228806
343,17,2803.889944
343,18,2791.602550
343,20,2779.228806
344,17,2803.889944
344,18,2791.602550
344,20,2779.228806
345,17,2803.889944
345,18,2791.602550
345,20,2779.228806
346,17,2803.889944
346,18,2791.602550
346,20,2770.840663
347,17,2803.889944
347,18,2791.602550
347,20,2770.840663
348,17,2803.889944
348,18,2791.602550
348,20,2770.840663
349,17,2803.889944
349,18,2791.602550
349,20,2770.840663
350,17,2803.889944
350,18,2791.602550
350,20,2770.840663
351,17,2803.889944
351,18,2791.602550
351,20,2770.840663
352,17,2803.889944
352,18,2791.602550
352,20,2770.840663
353,17,2803.889944
353,18,2791.602550
353,20,2770.840663
354,17,2803.889944
354,18,2791.602550
354,20,2770.840663
355,17,2803.889944
355,18,2791.602550
355,20,2770.840663
356,17,2803.889944
356,18,2791.602550
356,20,2770.840663
357,17,2803.889944
357,18,2791.602550
357,20,2770.840663
358,17,2803.889944
358,18,2791.602550
358,20,2770.840663
359,17,2803.889944
359,18,2791.602550
359,20,2770.840663
360,17,2803.889944
360,18,2791.602550
360,20,2770.840663
361,17,2803.889944
361,18,2791.602550
361,20,2770.840663
362,17,2803.889944
362,18,2791.602550
362,20,2770.840663
363,17,2803.889944
363,18,2791.602550
363,20,2770.840663
364,17,2803.889944
364,18,2791.602550
364,20,2770.840663
365,17,2803.889944
365,18,2791.602550
365,20,2770.840663
366,17,2803.889944
366,18,2791.602550
366,20,2770.840663
367,17,2803.889944
367,18,2791.602550
367,20,2770.840663
368,17,2803.889944
368,18,2791.602550
368,20,2770.840663
369,17,2803.889944
369,18,2791.602550
369,19,2763.150017
370,17,2803.889944
370,18,2791.602550
370,19,2763.150017
371,17,2803.889944
371,18,2791.602550
371,19,2763.150017
372,17,2803.889944
372,18,2791.602550
372,19,2763.150017
373,17,2803.889944
373,18,2791.602550
373,19,2763.150017
373,20,2733.146195
374,17,2803.889944
374,18,2791.602550
374,19,2763.150017
374,20,2733.146195
375,17,2769.663546
375,19,2763.150017
375,20,2733.146195
376,17,2769.663546
376,19,2763.150017
376,20,2733.146195
377,17,2769.663546
377,19,2763.150017
377,20,2733.146195
378,17,2769.663546
378,19,2763.150017
378,20,2733.146195
379,17,2769.663546
379,19,2763.150017
379,20,2733.146195
380,17,2769.663546
380,19,2763.150017
380,20,2733.146195
381,17,2769.663546
381,19,2763.150017
381,20,2733.146195
382,17,2769.663546
382,19,2763.150017
382,20,2733.146195
383,17,2769.663546
383,19,2763.150017
383,20,2733.146195
384,17,2769.663546
384,19,2763.150017
384,20,2733.146195
385,17,2769.663546
385,19,2763.150017
385,20,2733.146195
386,17,2769.663546
386,19,2763.150017
386,20,2733.146195
387,17,2769.663546
387,19,2763.150017
387,20,2733.146195
