Iteration,NV,TOC
1,15,3061.565654
1,16,2932.404686
1,17,2908.120201
1,18,2817.328655
1,19,2750.163248
1,20,2652.717452
1,21,2566.612933
1,22,2517.695370
1,23,2499.147155
1,25,2456.065680
1,26,2368.386571
2,15,3040.406887
2,16,2922.077119
2,17,2823.394956
2,18,2756.474818
2,19,2750.163248
2,19,2750.163248
2,20,2652.717452
2,20,2652.717452
2,21,2566.612933
2,22,2517.695370
2,23,2499.147155
2,25,2456.065680
2,26,2368.386571
3,14,3095.633428
3,15,3003.284964
3,16,2890.278753
3,17,2782.090364
3,18,2741.149697
3,19,2732.638136
3,20,2639.316944
3,21,2566.612933
3,22,2517.695370
3,23,2499.147155
3,25,2456.065680
3,26,2368.386571
3,27,2364.907660
4,14,3095.633428
4,14,3095.633428
4,15,2944.934110
4,16,2888.878604
4,17,2782.090364
4,18,2741.149697
4,19,2707.323149
4,20,2639.316944
4,20,2639.316944
4,21,2566.612933
4,22,2517.695370
4,23,2453.265049
4,26,2368.386571
4,27,2364.907660
5,14,3031.208302
5,15,2944.934110
5,16,2888.878604
5,17,2782.090364
5,18,2741.149697
5,19,2698.537124
5,20,2618.376055
5,21,2566.612933
5,22,2517.695370
5,23,2453.265049
5,26,2368.386571
5,27,2364.907660
6,14,2912.959838
6,16,2841.514064
6,17,2729.586711
6,18,2712.685632
6,19,2646.978423
6,20,2552.539879
6,22,2510.514934
6,23,2453.265049
6,26,2368.386571
6,27,2364.907660
7,14,2912.959838
7,16,2681.245717
7,18,2546.216375
7,19,2491.398111
7,22,2412.361500
7,26,2334.586408
8,14,2912.959838
8,14,2912.959838
8,15,2872.190826
8,16,2681.245717
8,18,2503.890735
8,19,2491.398111
8,19,2491.398111
8,21,2484.289044
8,21,2484.289044
8,22,2412.361500
8,23,2375.211111
8,25,2345.878861
8,26,2334.586408
9,13,3303.718778
9,14,2912.959838
9,14,2912.959838
9,15,2802.185298
9,16,2681.245717
9,16,2681.245717
9,17,2634.346532
9,18,2503.890735
9,18,2503.890735
9,19,2491.398111
9,19,2491.398111
9,21,2484.289044
9,21,2484.289044
9,21,2484.289044
9,22,2412.361500
9,22,2412.361500
9,23,2375.211111
9,25,2345.878861
9,26,2334.586408
9,26,2334.586408
10,13,3303.718778
10,13,3303.718778
10,14,2912.959838
10,14,2912.959838
10,15,2802.185298
10,16,2681.245717
10,16,2681.245717
10,17,2634.346532
10,18,2503.890735
10,18,2503.890735
10,19,2491.398111
10,19,2491.398111
10,20,2482.923239
10,20,2482.923239
10,21,2452.696795
10,22,2412.361500
10,22,2412.361500
10,23,2375.211111
10,25,2345.878861
10,25,2345.878861
10,26,2334.586408
10,26,2334.586408
10,29,2318.822728
11,13,3303.718778
11,13,3303.718778
11,14,2912.959838
11,14,2912.959838
11,15,2757.902789
11,16,2681.245717
11,16,2681.245717
11,17,2634.346532
11,18,2502.390825
11,19,2491.398111
11,19,2491.398111
11,20,2482.923239
11,20,2482.923239
11,21,2452.696795
11,22,2412.361500
11,22,2412.361500
11,23,2375.211111
11,24,2353.117879
11,25,2345.878861
11,25,2345.878861
11,26,2334.586408
11,26,2334.586408
11,29,2318.822728
12,13,3303.718778
12,13,3303.718778
12,14,2890.560517
12,15,2757.902789
12,15,2757.902789
12,16,2681.245717
12,16,2681.245717
12,17,2632.990038
12,18,2502.390825
12,19,2491.398111
12,19,2491.398111
12,20,2482.923239
12,20,2482.923239
12,21,2452.696795
12,22,2412.361500
12,22,2412.361500
12,22,2412.361500
12,23,2375.211111
12,24,2353.117879
12,25,2345.878861
12,25,2345.878861
12,26,2334.586408
12,26,2334.586408
12,27,2331.346674
12,29,2315.601735
13,13,3303.718778
13,13,3303.718778
13,14,2853.505662
13,15,2757.902789
13,15,2757.902789
13,16,2681.245717
13,16,2681.245717
13,17,2632.990038
13,18,2502.390825
13,19,2491.398111
13,19,2491.398111
13,20,2480.186232
13,21,2452.696795
13,22,2386.657397
13,23,2375.211111
13,24,2353.117879
13,25,2345.878861
13,25,2345.878861
13,26,2334.586408
13,26,2334.586408
13,27,2305.889992
14,13,3303.718778
14,13,3303.718778
14,14,2853.505662
14,14,2853.505662
14,15,2729.418538
14,16,2681.245717
14,16,2681.245717
14,17,2536.422044
14,18,2502.390825
14,18,2502.390825
14,19,2491.398111
14,19,2491.398111
14,20,2480.186232
14,21,2418.406889
14,22,2386.657397
14,23,2375.211111
14,24,2353.117879
14,25,2345.878861
14,25,2345.878861
14,26,2321.526811
14,27,2305.889992
15,13,3050.449444
15,14,2782.288807
15,15,2729.418538
15,16,2681.245717
15,16,2681.245717
15,17,2536.422044
15,18,2502.390825
15,18,2502.390825
15,19,2477.276504
15,21,2418.406889
15,22,2385.792367
15,23,2375.211111
15,24,2353.117879
15,25,2345.878861
15,25,2345.878861
15,26,2305.664047
16,13,3050.449444
16,14,2782.288807
16,15,2729.418538
16,16,2681.245717
16,16,2681.245717
16,17,2536.422044
16,18,2502.390825
16,18,2502.390825
16,19,2477.276504
16,20,2474.424619
16,21,2418.406889
16,22,2385.792367
16,23,2375.211111
16,24,2353.117879
16,25,2345.878861
16,25,2345.878861
16,26,2305.664047
17,13,3050.449444
17,13,3050.449444
17,14,2782.288807
17,15,2715.995491
17,16,2681.245717
17,16,2681.245717
17,17,2536.422044
17,18,2502.390825
17,18,2502.390825
17,19,2477.276504
17,20,2474.372821
17,21,2418.406889
17,22,2385.792367
17,23,2375.211111
17,24,2353.117879
17,25,2345.878861
17,25,2345.878861
17,26,2305.664047
18,13,2995.569726
18,14,2782.288807
18,15,2715.995491
18,16,2623.931100
18,17,2536.422044
18,18,2502.390825
18,18,2502.390825
18,19,2477.276504
18,20,2474.372821
18,21,2418.406889
18,22,2385.792367
18,23,2375.211111
18,24,2353.117879
18,25,2345.878861
18,25,2345.878861
18,26,2305.664047
19,13,2995.569726
19,13,2995.569726
19,14,2782.288807
19,15,2711.118499
19,16,2623.931100
19,16,2623.931100
19,17,2536.422044
19,18,2502.390825
19,18,2502.390825
19,19,2477.276504
19,20,2469.815558
19,21,2418.406889
19,22,2385.792367
19,23,2375.211111
19,24,2353.117879
19,25,2345.878861
19,25,2345.878861
19,26,2305.664047
20,13,2982.174694
20,14,2782.288807
20,15,2711.118499
20,16,2542.175075
20,17,2536.422044
20,18,2502.390825
20,18,2502.390825
20,19,2477.276504
20,20,2469.815558
20,21,2418.406889
20,22,2385.792367
20,23,2375.211111
20,24,2353.117879
20,25,2345.878861
20,25,2345.878861
20,26,2305.664047
21,13,2982.174694
21,14,2782.288807
21,15,2711.118499
21,16,2542.175075
21,17,2536.422044
21,18,2502.390825
21,18,2502.390825
21,19,2477.276504
21,20,2469.815558
21,21,2418.406889
21,22,2385.792367
21,23,2375.211111
21,24,2353.117879
21,25,2345.878861
21,25,2345.878861
21,26,2305.664047
22,13,2982.174694
22,13,2982.174694
22,14,2782.288807
22,15,2711.118499
22,16,2542.175075
22,16,2542.175075
22,17,2536.422044
22,18,2502.390825
22,18,2502.390825
22,19,2460.453071
22,21,2418.406889
22,22,2385.792367
22,23,2375.211111
22,24,2353.117879
22,25,2345.878861
22,25,2345.878861
22,26,2305.664047
23,13,2856.174364
23,14,2652.561190
23,16,2475.667639
23,17,2473.942432
23,18,2385.279242
23,21,2377.793944
23,22,2343.381940
23,23,2337.440729
23,24,2327.080591
23,25,2284.989341
23,26,2219.776030
24,13,2817.080216
24,14,2652.561190
24,16,2475.667639
24,17,2473.942432
24,18,2385.279242
24,21,2377.793944
24,22,2343.381940
24,23,2337.440729
24,24,2310.172501
24,24,2310.172501
24,25,2284.989341
24,26,2219.776030
25,13,2817.080216
25,13,2817.080216
25,13,2817.080216
25,14,2639.435167
25,16,2475.667639
25,17,2397.094671
25,18,2385.279242
25,21,2377.793944
25,22,2343.381940
25,23,2336.366357
25,24,2310.172501
25,24,2310.172501
25,25,2284.989341
25,26,2219.776030
26,13,2793.766441
26,14,2639.435167
26,16,2475.667639
26,17,2397.094671
26,18,2385.279242
26,21,2377.793944
26,22,2343.381940
26,23,2336.366357
26,24,2310.172501
26,24,2310.172501
26,24,2310.172501
26,25,2284.989341
26,26,2219.776030
27,13,2705.843057
27,14,2639.435167
27,16,2475.667639
27,17,2370.248250
27,22,2343.381940
27,23,2336.366357
27,24,2310.172501
27,24,2310.172501
27,24,2310.172501
27,25,2284.989341
27,26,2219.776030
28,12,3090.752844
28,13,2705.843057
28,14,2611.303061
28,16,2475.667639
28,17,2370.248250
28,22,2343.381940
28,23,2336.366357
28,24,2310.172501
28,24,2310.172501
28,24,2310.172501
28,25,2284.989341
28,26,2219.776030
29,12,3090.752844
29,13,2705.843057
29,14,2611.303061
29,15,2601.673096
29,16,2475.667639
29,17,2370.248250
29,21,2349.928391
29,22,2343.381940
29,23,2336.366357
29,24,2310.172501
29,24,2310.172501
29,24,2310.172501
29,25,2284.989341
29,26,2219.776030
30,12,3075.038407
30,13,2705.843057
30,14,2611.303061
30,15,2601.673096
30,16,2475.667639
30,17,2370.248250
30,21,2349.928391
30,22,2343.381940
30,23,2336.366357
30,24,2310.172501
30,24,2310.172501
30,24,2310.172501
30,25,2284.989341
30,26,2219.776030
31,12,3075.038407
31,12,3075.038407
31,12,3075.038407
31,12,3075.038407
31,13,2705.843057
31,14,2611.303061
31,15,2601.673096
31,16,2475.667639
31,17,2370.248250
31,21,2349.928391
31,22,2343.381940
31,23,2336.366357
31,24,2310.172501
31,24,2310.172501
31,24,2310.172501
31,25,2284.989341
31,26,2219.776030
32,12,3069.012277
32,13,2705.843057
32,14,2611.303061
32,15,2601.673096
32,16,2475.667639
32,17,2370.248250
32,21,2349.928391
32,22,2343.381940
32,23,2336.366357
32,24,2310.172501
32,24,2310.172501
32,24,2310.172501
32,25,2284.989341
32,26,2219.776030
33,11,3025.198338
33,12,2913.745428
33,13,2619.001503
33,14,2573.681762
33,15,2453.078311
33,17,2286.224083
33,22,2274.741779
33,24,2186.833488
34,11,3025.198338
34,12,2893.291950
34,13,2619.001503
34,14,2573.681762
34,15,2453.078311
34,17,2286.224083
34,22,2274.741779
34,24,2186.833488
35,11,3025.198338
35,12,2893.291950
35,12,2893.291950
35,13,2619.001503
35,14,2573.681762
35,15,2453.078311
35,17,2286.224083
35,17,2286.224083
35,22,2274.741779
35,24,2186.833488
36,11,3025.198338
36,12,2893.291950
36,12,2893.291950
36,12,2893.291950
36,12,2893.291950
36,12,2893.291950
36,13,2619.001503
36,14,2573.681762
36,15,2453.078311
36,17,2286.224083
36,17,2286.224083
36,22,2274.741779
36,24,2186.833488
37,11,3025.198338
37,11,3025.198338
37,11,3025.198338
37,11,3025.198338
37,11,3025.198338
37,12,2893.291950
37,12,2893.291950
37,12,2893.291950
37,12,2893.291950
37,12,2893.291950
37,12,2893.291950
37,13,2619.001503
37,14,2573.681762
37,15,2453.078311
37,17,2286.224083
37,17,2286.224083
37,22,2274.741779
37,22,2274.741779
37,24,2186.833488
38,11,3025.198338
38,11,3025.198338
38,11,3025.198338
38,11,3025.198338
38,11,3025.198338
38,11,3025.198338
38,11,3025.198338
38,12,2892.277727
38,13,2619.001503
38,14,2573.681762
38,14,2573.681762
38,15,2453.078311
38,17,2286.224083
38,17,2286.224083
38,22,2274.741779
38,22,2274.741779
38,24,2186.833488
39,11,2830.636442
39,12,2745.768236
39,13,2609.870087
39,14,2494.896514
39,15,2345.203323
39,16,2234.182169
39,23,2180.192098
40,11,2830.636442
40,11,2830.636442
40,12,2745.768236
40,12,2745.768236
40,13,2609.870087
40,14,2494.896514
40,15,2345.203323
40,16,2234.182169
40,23,2180.192098
41,11,2830.636442
41,11,2830.636442
41,11,2830.636442
41,11,2830.636442
41,11,2830.636442
41,11,2830.636442
41,12,2690.999795
41,13,2609.870087
41,14,2494.896514
41,15,2345.203323
41,16,2234.182169
41,18,2228.163165
41,23,2180.192098
42,11,2830.636442
42,11,2830.636442
42,11,2830.636442
42,11,2830.636442
42,11,2830.636442
42,11,2830.636442
42,11,2830.636442
42,11,2830.636442
42,11,2830.636442
42,11,2830.636442
42,12,2690.999795
42,13,2588.368895
42,14,2494.896514
42,15,2345.203323
42,16,2234.182169
42,17,2230.444175
42,18,2228.163165
42,22,2189.299774
42,23,2180.192098
43,11,2828.368571
43,12,2690.999795
43,12,2690.999795
43,13,2588.368895
43,14,2494.896514
43,15,2345.203323
43,16,2234.182169
43,17,2230.444175
43,18,2228.163165
43,22,2189.299774
43,23,2180.192098
44,11,2821.565326
44,12,2690.999795
44,12,2690.999795
44,12,2690.999795
44,13,2588.368895
44,13,2588.368895
44,14,2486.148415
44,15,2345.203323
44,16,2234.182169
44,17,2230.444175
44,18,2228.163165
44,22,2189.299774
44,23,2180.192098
45,11,2819.297456
45,12,2653.605070
45,13,2588.368895
45,13,2588.368895
45,14,2486.148415
45,14,2486.148415
45,15,2345.203323
45,16,2234.182169
45,17,2230.444175
45,18,2228.163165
45,22,2189.299774
45,23,2180.192098
46,11,2794.794257
46,12,2653.605070
46,12,2653.605070
46,13,2588.368895
46,13,2588.368895
46,14,2486.148415
46,14,2486.148415
46,14,2486.148415
46,15,2345.203323
46,16,2234.182169
46,17,2230.444175
46,18,2228.163165
46,22,2189.299774
46,23,2180.192098
47,11,2794.794257
47,11,2794.794257
47,11,2794.794257
47,12,2653.605070
47,12,2653.605070
47,13,2583.817697
47,14,2486.148415
47,14,2486.148415
47,14,2486.148415
47,15,2341.934897
47,16,2234.182169
47,17,2230.444175
47,18,2228.163165
47,22,2189.299774
47,23,2180.192098
48,11,2778.055641
48,11,2778.055641
48,12,2650.115296
48,13,2565.509705
48,14,2470.957670
48,15,2341.934897
48,16,2234.182169
48,17,2230.444175
48,18,2228.163165
48,22,2189.299774
48,23,2180.192098
49,11,2777.293236
49,12,2650.115296
49,13,2561.101183
49,14,2470.957670
49,15,2341.934897
49,16,2234.182169
49,17,2230.444175
49,18,2228.163165
49,22,2189.299774
49,23,2180.192098
50,11,2754.300770
50,12,2644.589354
50,13,2561.101183
50,14,2470.957670
50,15,2341.934897
50,16,2234.182169
50,17,2230.444175
50,18,2228.163165
50,21,2221.106556
50,22,2189.299774
50,23,2180.192098
51,11,2666.973860
51,12,2619.712539
51,13,2542.494931
51,14,2470.957670
51,14,2470.957670
51,15,2341.934897
51,15,2341.934897
51,16,2234.182169
51,17,2230.444175
51,18,2228.163165
51,21,2221.106556
51,22,2189.299774
51,23,2180.192098
52,11,2666.973860
52,11,2666.973860
52,11,2666.973860
52,12,2581.860577
52,13,2535.157407
52,14,2470.957670
52,14,2470.957670
52,15,2341.934897
52,15,2341.934897
52,16,2234.182169
52,17,2230.444175
52,18,2228.163165
52,21,2221.106556
52,22,2189.299774
52,23,2180.192098
53,11,2656.370083
53,12,2559.384826
53,13,2535.157407
53,13,2535.157407
53,14,2461.047138
53,15,2341.934897
53,15,2341.934897
53,16,2234.182169
53,17,2230.444175
53,18,2228.163165
53,21,2221.106556
53,22,2189.299774
53,23,2180.192098
54,11,2656.370083
54,12,2559.384826
54,13,2535.157407
54,13,2535.157407
54,14,2461.047138
54,15,2341.934897
54,15,2341.934897
54,16,2234.182169
54,17,2230.444175
54,18,2228.163165
54,21,2221.106556
54,22,2189.299774
54,23,2180.192098
55,11,2656.370083
55,12,2559.384826
55,13,2535.157407
55,13,2535.157407
55,14,2461.047138
55,15,2341.934897
55,15,2341.934897
55,16,2234.182169
55,17,2230.444175
55,18,2228.163165
55,21,2221.106556
55,22,2189.299774
55,23,2180.192098
56,11,2656.370083
56,12,2559.384826
56,13,2487.258840
56,14,2461.047138
56,15,2341.934897
56,15,2341.934897
56,16,2234.182169
56,17,2230.444175
56,18,2228.163165
56,21,2221.106556
56,22,2189.299774
56,23,2180.192098
57,11,2656.370083
57,12,2559.384826
57,13,2487.258840
57,14,2461.047138
57,15,2341.934897
57,15,2341.934897
57,16,2234.182169
57,17,2230.444175
57,18,2228.163165
57,21,2213.943310
57,22,2189.299774
57,23,2180.192098
58,11,2656.370083
58,12,2552.402465
58,13,2487.258840
58,14,2461.047138
58,15,2341.934897
58,15,2341.934897
58,15,2341.934897
58,16,2234.182169
58,17,2230.444175
58,18,2228.163165
58,21,2213.943310
58,21,2213.943310
58,22,2189.299774
58,23,2180.192098
59,11,2656.370083
59,12,2552.402465
59,12,2552.402465
59,13,2487.258840
59,14,2460.032914
59,15,2341.934897
59,15,2341.934897
59,15,2341.934897
59,16,2234.182169
59,17,2230.444175
59,18,2228.163165
59,21,2213.943310
59,21,2213.943310
59,21,2213.943310
59,22,2189.299774
59,23,2180.192098
60,11,2647.136253
60,12,2552.402465
60,12,2552.402465
60,13,2487.258840
60,14,2460.032914
60,14,2460.032914
60,15,2341.934897
60,15,2341.934897
60,15,2341.934897
60,16,2234.182169
60,17,2230.444175
60,18,2228.163165
60,21,2213.943310
60,21,2213.943310
60,21,2213.943310
60,22,2189.299774
60,23,2180.192098
61,11,2625.887651
61,12,2552.402465
61,12,2552.402465
61,13,2487.258840
61,14,2460.032914
61,14,2460.032914
61,14,2460.032914
61,14,2460.032914
61,15,2341.934897
61,15,2341.934897
61,15,2341.934897
61,16,2234.182169
61,17,2230.444175
61,18,2228.163165
61,20,2221.330047
61,21,2213.943310
61,21,2213.943310
61,21,2213.943310
61,22,2189.299774
61,23,2180.192098
62,11,2625.887651
62,11,2625.887651
62,11,2625.887651
62,12,2552.402465
62,12,2552.402465
62,13,2480.676166
62,14,2362.449878
62,15,2341.934897
62,15,2341.934897
62,15,2341.934897
62,16,2234.182169
62,17,2230.444175
62,18,2228.163165
62,20,2221.330047
62,21,2213.943310
62,21,2213.943310
62,21,2213.943310
62,21,2213.943310
62,22,2189.299774
62,23,2180.192098
63,11,2625.887651
63,11,2625.887651
63,11,2625.887651
63,11,2625.887651
63,11,2625.887651
63,11,2625.887651
63,11,2625.887651
63,12,2538.258371
63,13,2455.726242
63,14,2362.449878
63,15,2341.934897
63,15,2341.934897
63,15,2341.934897
63,16,2234.182169
63,17,2230.444175
63,18,2228.163165
63,20,2221.330047
63,21,2213.943310
63,21,2213.943310
63,21,2213.943310
63,21,2213.943310
63,22,2189.299774
63,23,2180.192098
64,11,2623.458344
64,12,2538.258371
64,13,2455.726242
64,14,2362.449878
64,15,2341.934897
64,15,2341.934897
64,15,2341.934897
64,16,2234.182169
64,17,2230.444175
64,18,2228.163165
64,20,2221.330047
64,21,2213.943310
64,21,2213.943310
64,21,2213.943310
64,21,2213.943310
64,21,2213.943310
64,22,2189.299774
64,23,2180.192098
65,11,2611.690988
65,11,2611.690988
65,11,2611.690988
65,12,2538.258371
65,12,2538.258371
65,13,2455.726242
65,14,2362.449878
65,15,2341.934897
65,15,2341.934897
65,15,2341.934897
65,16,2234.182169
65,17,2230.444175
65,18,2228.163165
65,20,2221.330047
65,21,2213.943310
65,21,2213.943310
65,21,2213.943310
65,21,2213.943310
65,21,2213.943310
65,21,2213.943310
65,22,2189.299774
65,23,2180.192098
66,11,2611.690988
66,11,2611.690988
66,11,2611.690988
66,11,2611.690988
66,11,2611.690988
66,11,2611.690988
66,12,2538.258371
66,12,2538.258371
66,13,2455.726242
66,14,2362.449878
66,15,2341.934897
66,15,2341.934897
66,15,2341.934897
66,16,2234.182169
66,17,2230.444175
66,18,2228.163165
66,20,2214.766899
66,21,2196.241090
66,22,2189.299774
66,23,2180.192098
66,25,2176.179597
66,25,2176.179597
67,11,2611.690988
67,11,2611.690988
67,11,2611.690988
67,11,2611.690988
67,11,2611.690988
67,11,2611.690988
67,11,2611.690988
67,11,2611.690988
67,11,2611.690988
67,11,2611.690988
67,12,2538.258371
67,12,2538.258371
67,13,2455.726242
67,14,2362.449878
67,15,2341.934897
67,15,2341.934897
67,15,2341.934897
67,16,2234.182169
67,17,2230.444175
67,18,2228.163165
67,20,2214.766899
67,21,2196.241090
67,22,2189.299774
67,23,2180.192098
67,25,2176.179597
67,25,2176.179597
68,11,2611.690988
68,11,2611.690988
68,11,2611.690988
68,11,2611.690988
68,11,2611.690988
68,11,2611.690988
68,11,2611.690988
68,11,2611.690988
68,11,2611.690988
68,11,2611.690988
68,11,2611.690988
68,11,2611.690988
68,11,2611.690988
68,11,2611.690988
68,12,2538.258371
68,12,2538.258371
68,12,2538.258371
68,13,2455.726242
68,14,2362.449878
68,15,2341.934897
68,15,2341.934897
68,15,2341.934897
68,16,2234.182169
68,17,2230.444175
68,18,2228.163165
68,20,2214.766899
68,21,2183.112845
68,23,2180.192098
68,25,2176.179597
68,25,2176.179597
68,25,2176.179597
69,11,2611.690988
69,11,2611.690988
69,11,2611.690988
69,11,2611.690988
69,11,2611.690988
69,11,2611.690988
69,11,2611.690988
69,11,2611.690988
69,11,2611.690988
69,11,2611.690988
69,11,2611.690988
69,11,2611.690988
69,11,2611.690988
69,11,2611.690988
69,11,2611.690988
69,11,2611.690988
69,12,2538.258371
69,12,2538.258371
69,12,2538.258371
69,13,2455.726242
69,14,2362.449878
69,15,2341.934897
69,15,2341.934897
69,15,2341.934897
69,16,2234.182169
69,17,2230.444175
69,18,2228.163165
69,20,2214.766899
69,21,2183.112845
69,21,2183.112845
69,23,2180.192098
69,25,2176.179597
69,25,2176.179597
69,25,2176.179597
69,25,2176.179597
70,11,2583.416378
70,12,2538.258371
70,12,2538.258371
70,12,2538.258371
70,13,2453.168339
70,14,2362.449878
70,15,2341.934897
70,15,2341.934897
70,15,2341.934897
70,16,2234.182169
70,17,2230.444175
70,18,2228.163165
70,20,2214.766899
70,21,2183.112845
70,21,2183.112845
70,22,2182.387066
70,23,2180.192098
70,25,2176.179597
70,25,2176.179597
70,25,2176.179597
70,25,2176.179597
70,25,2176.179597
71,11,2582.402155
71,11,2582.402155
71,11,2582.402155
71,12,2532.020492
71,12,2532.020492
71,13,2447.855858
71,14,2362.449878
71,15,2341.934897
71,15,2341.934897
71,15,2341.934897
71,16,2234.182169
71,17,2230.444175
71,18,2228.163165
71,20,2214.766899
71,21,2183.112845
71,21,2183.112845
71,22,2174.042802
72,11,2582.402155
72,11,2582.402155
72,11,2582.402155
72,11,2582.402155
72,11,2582.402155
72,11,2582.402155
72,12,2516.593149
72,13,2447.855858
72,13,2447.855858
72,13,2447.855858
72,13,2447.855858
72,14,2362.449878
72,15,2341.934897
72,15,2341.934897
72,15,2341.934897
72,16,2234.182169
72,17,2230.444175
72,18,2228.163165
72,20,2214.766899
72,21,2183.112845
72,21,2183.112845
72,22,2174.042802
73,11,2582.402155
73,11,2582.402155
73,11,2582.402155
73,11,2582.402155
73,11,2582.402155
73,11,2582.402155
73,11,2582.402155
73,11,2582.402155
73,11,2582.402155
73,11,2582.402155
73,12,2473.468399
73,13,2446.841635
73,14,2362.449878
73,15,2341.934897
73,15,2341.934897
73,15,2341.934897
73,16,2234.182169
73,17,2230.444175
73,18,2228.163165
73,20,2214.766899
73,20,2214.766899
73,21,2183.112845
73,21,2183.112845
73,22,2174.042802
74,11,2582.402155
74,11,2582.402155
74,11,2582.402155
74,11,2582.402155
74,11,2582.402155
74,11,2582.402155
74,11,2582.402155
74,11,2582.402155
74,11,2582.402155
74,11,2582.402155
74,11,2582.402155
74,11,2582.402155
74,11,2582.402155
74,11,2582.402155
74,11,2582.402155
74,11,2582.402155
74,11,2582.402155
74,11,2582.402155
74,12,2473.468399
74,13,2446.841635
74,13,2446.841635
74,14,2362.449878
74,15,2341.934897
74,15,2341.934897
74,15,2341.934897
74,16,2234.182169
74,17,2230.444175
74,18,2228.163165
74,19,2224.944588
74,20,2214.766899
74,20,2214.766899
74,21,2183.112845
74,21,2183.112845
74,21,2183.112845
74,22,2166.764223
74,23,2160.515242
74,23,2160.515242
75,11,2563.036001
75,12,2473.468399
75,13,2446.841635
75,13,2446.841635
75,13,2446.841635
75,13,2446.841635
75,14,2362.449878
75,15,2341.934897
75,15,2341.934897
75,15,2341.934897
75,16,2234.182169
75,17,2230.444175
75,18,2228.163165
75,19,2199.903133
75,21,2183.112845
75,21,2183.112845
75,21,2183.112845
75,22,2166.764223
75,22,2166.764223
75,22,2166.764223
75,23,2160.515242
75,23,2160.515242
75,23,2160.515242
76,11,2559.375608
76,12,2469.175782
76,13,2427.475481
76,13,2427.475481
76,14,2362.449878
76,15,2341.934897
76,15,2341.934897
76,15,2341.934897
76,16,2234.182169
76,17,2230.444175
76,18,2228.163165
76,19,2199.903133
76,21,2183.112845
76,21,2183.112845
76,21,2183.112845
76,22,2166.764223
76,22,2166.764223
76,22,2166.764223
76,23,2160.515242
76,23,2160.515242
76,23,2160.515242
77,11,2559.375608
77,11,2559.375608
77,11,2559.375608
77,12,2469.175782
77,13,2424.829311
77,13,2424.829311
77,14,2362.449878
77,15,2314.862718
77,16,2234.182169
77,17,2230.444175
77,18,2228.163165
77,19,2199.903133
77,21,2183.112845
77,21,2183.112845
77,21,2183.112845
77,22,2163.272659
77,23,2160.515242
77,23,2160.515242
77,23,2160.515242
78,11,2559.375608
78,11,2559.375608
78,11,2559.375608
78,11,2559.375608
78,11,2559.375608
78,11,2559.375608
78,11,2559.375608
78,11,2559.375608
78,11,2559.375608
78,12,2469.175782
78,13,2417.227284
78,14,2362.449878
78,15,2314.862718
78,16,2234.182169
78,17,2230.444175
78,18,2228.163165
78,19,2199.903133
78,21,2183.112845
78,21,2183.112845
78,21,2183.112845
78,22,2163.272659
78,22,2163.272659
78,23,2160.515242
78,23,2160.515242
78,23,2160.515242
79,11,2538.197658
79,12,2457.860327
79,13,2417.227284
79,14,2362.449878
79,15,2314.862718
79,16,2234.182169
79,17,2230.444175
79,18,2228.163165
79,19,2199.903133
79,21,2183.112845
79,21,2183.112845
79,21,2183.112845
79,22,2163.272659
79,22,2163.272659
79,22,2163.272659
79,23,2160.515242
79,23,2160.515242
79,23,2160.515242
79,26,2153.667580
80,11,2538.197658
80,11,2538.197658
80,11,2538.197658
80,12,2457.860327
80,13,2400.510816
80,14,2347.618037
80,15,2300.158239
80,16,2234.182169
80,17,2230.444175
80,18,2228.163165
80,19,2199.903133
80,20,2161.769599
80,22,2161.001362
80,23,2160.515242
80,23,2160.515242
80,23,2160.515242
80,26,2153.037838
81,11,2534.291123
81,12,2454.561112
81,13,2400.364259
81,13,2400.364259
81,14,2347.618037
81,14,2347.618037
81,14,2347.618037
81,15,2300.158239
81,15,2300.158239
81,15,2300.158239
81,16,2234.182169
81,17,2230.444175
81,18,2228.163165
81,19,2199.903133
81,20,2159.756263
81,26,2153.037838
82,11,2530.630730
82,11,2530.630730
82,12,2446.367008
82,13,2357.526855
82,14,2330.002255
82,15,2300.158239
82,15,2300.158239
82,15,2300.158239
82,15,2300.158239
82,16,2234.182169
82,17,2230.444175
82,18,2228.163165
82,19,2199.903133
82,20,2159.756263
82,26,2153.037838
83,11,2528.998201
83,12,2446.367008
83,13,2357.526855
83,14,2330.002255
83,14,2330.002255
83,15,2292.042412
83,16,2234.182169
83,17,2230.444175
83,18,2215.123304
83,19,2193.279711
83,20,2159.756263
83,23,2145.378355
84,11,2522.512012
84,12,2446.367008
84,13,2357.526855
84,14,2330.002255
84,14,2330.002255
84,15,2292.042412
84,16,2234.182169
84,17,2223.279188
84,18,2199.717697
84,19,2177.874104
84,20,2159.756263
84,23,2145.378355
85,11,2522.512012
85,11,2522.512012
85,11,2522.512012
85,11,2522.512012
85,12,2444.980219
85,13,2357.526855
85,14,2330.002255
85,14,2330.002255
85,15,2292.042412
85,15,2292.042412
85,16,2234.182169
85,17,2223.279188
85,17,2223.279188
85,18,2199.717697
85,19,2177.874104
85,19,2177.874104
85,20,2149.001146
85,20,2149.001146
85,23,2145.378355
86,11,2522.512012
86,11,2522.512012
86,11,2522.512012
86,11,2522.512012
86,11,2522.512012
86,11,2522.512012
86,11,2522.512012
86,12,2444.980219
86,13,2357.526855
86,14,2318.507061
86,15,2288.066752
86,16,2234.182169
86,17,2223.279188
86,17,2223.279188
86,17,2223.279188
86,18,2199.717697
86,19,2177.874104
86,19,2177.874104
86,20,2149.001146
86,20,2149.001146
86,23,2145.378355
87,11,2510.314998
87,12,2444.980219
87,13,2357.526855
87,14,2318.507061
87,14,2318.507061
87,15,2288.066752
87,15,2288.066752
87,16,2234.182169
87,17,2223.279188
87,17,2223.279188
87,17,2223.279188
87,17,2223.279188
87,18,2199.717697
87,19,2177.874104
87,19,2177.874104
87,20,2149.001146
87,20,2149.001146
87,23,2145.378355
88,11,2502.900762
88,12,2441.418507
88,13,2357.526855
88,14,2306.310047
88,15,2268.999505
88,16,2234.182169
88,17,2223.279188
88,17,2223.279188
88,17,2223.279188
88,17,2223.279188
88,17,2223.279188
88,17,2223.279188
88,18,2199.717697
88,18,2199.717697
88,19,2177.874104
88,19,2177.874104
88,20,2149.001146
88,20,2149.001146
88,23,2145.378355
89,11,2502.900762
89,11,2502.900762
89,12,2430.846840
89,13,2357.526855
89,14,2306.310047
89,15,2268.999505
89,16,2234.182169
89,17,2223.279188
89,17,2223.279188
89,17,2223.279188
89,17,2223.279188
89,17,2223.279188
89,17,2223.279188
89,18,2199.717697
89,18,2199.717697
89,19,2177.874104
89,19,2177.874104
89,20,2149.001146
89,20,2149.001146
89,23,2145.378355
90,11,2429.210309
90,12,2347.547275
90,13,2314.078794
90,14,2259.623680
90,16,2217.043198
90,17,2188.779043
90,18,2158.535916
90,19,2139.463657
90,22,2134.694085
91,10,2621.849491
91,11,2429.210309
91,11,2429.210309
91,11,2429.210309
91,12,2347.547275
91,13,2314.078794
91,14,2259.623680
91,14,2259.623680
91,16,2217.043198
91,17,2188.779043
91,18,2158.535916
91,19,2139.463657
91,22,2134.694085
92,10,2621.849491
92,10,2621.849491
92,10,2621.849491
92,10,2621.849491
92,10,2621.849491
92,11,2429.210309
92,11,2429.210309
92,11,2429.210309
92,11,2429.210309
92,12,2347.547275
92,13,2314.078794
92,14,2259.623680
92,14,2259.623680
92,16,2217.043198
92,17,2188.779043
92,18,2158.535916
92,19,2139.463657
92,22,2134.694085
93,10,2601.595325
93,11,2429.210309
93,11,2429.210309
93,11,2429.210309
93,11,2429.210309
93,12,2337.016997
93,13,2314.078794
93,14,2259.623680
93,14,2259.623680
93,16,2217.043198
93,17,2188.779043
93,18,2158.535916
93,19,2139.463657
93,22,2134.694085
94,10,2593.166866
94,11,2429.210309
94,11,2429.210309
94,11,2429.210309
94,11,2429.210309
94,12,2337.016997
94,13,2314.078794
94,14,2259.623680
94,14,2259.623680
94,16,2217.043198
94,17,2188.779043
94,18,2158.535916
94,19,2139.463657
94,22,2134.694085
95,10,2593.166866
95,10,2593.166866
95,11,2429.210309
95,11,2429.210309
95,11,2429.210309
95,11,2429.210309
95,12,2337.016997
95,13,2314.078794
95,14,2259.623680
95,14,2259.623680
95,16,2217.043198
95,16,2217.043198
95,17,2188.779043
95,18,2158.535916
95,19,2139.463657
95,22,2134.694085
96,10,2489.068769
96,11,2366.177237
96,12,2337.016997
96,12,2337.016997
96,13,2243.210774
96,16,2178.495381
96,18,2125.262394
96,20,2106.572559
97,10,2489.068769
97,10,2489.068769
97,11,2366.177237
97,11,2366.177237
97,12,2337.016997
97,12,2337.016997
97,13,2243.210774
97,16,2178.495381
97,17,2172.984463
97,18,2125.262394
97,20,2106.572559
98,10,2489.068769
98,10,2489.068769
98,10,2489.068769
98,10,2489.068769
98,11,2366.177237
98,11,2366.177237
98,12,2337.016997
98,12,2337.016997
98,13,2243.210774
98,16,2178.495381
98,17,2172.984463
98,18,2125.262394
98,18,2125.262394
98,20,2106.572559
99,10,2489.068769
99,10,2489.068769
99,10,2489.068769
99,10,2489.068769
99,10,2489.068769
99,10,2489.068769
99,10,2489.068769
99,10,2489.068769
99,10,2489.068769
99,11,2366.177237
99,11,2366.177237
99,12,2337.016997
99,12,2337.016997
99,13,2243.210774
99,16,2178.495381
99,17,2172.984463
99,18,2125.262394
99,18,2125.262394
99,20,2106.572559
100,10,2489.068769
100,10,2489.068769
100,10,2489.068769
100,10,2489.068769
100,10,2489.068769
100,10,2489.068769
100,10,2489.068769
100,10,2489.068769
100,10,2489.068769
100,10,2489.068769
100,10,2489.068769
100,10,2489.068769
100,10,2489.068769
100,10,2489.068769
100,10,2489.068769
100,11,2366.177237
100,11,2366.177237
100,12,2337.016997
100,12,2337.016997
100,13,2243.210774
100,15,2204.973339
100,16,2178.495381
100,17,2172.984463
100,18,2125.262394
100,18,2125.262394
100,20,2106.572559
101,10,2489.068769
101,10,2489.068769
101,10,2489.068769
101,10,2489.068769
101,10,2489.068769
101,10,2489.068769
101,10,2489.068769
101,10,2489.068769
101,10,2489.068769
101,10,2489.068769
101,10,2489.068769
101,10,2489.068769
101,10,2489.068769
101,10,2489.068769
101,10,2489.068769
101,10,2489.068769
101,10,2489.068769
101,10,2489.068769
101,10,2489.068769
101,10,2489.068769
101,10,2489.068769
101,10,2489.068769
101,10,2489.068769
101,10,2489.068769
101,10,2489.068769
101,11,2366.177237
101,11,2366.177237
101,12,2337.016997
101,12,2337.016997
101,13,2243.210774
101,15,2204.973339
101,16,2178.495381
101,17,2172.984463
101,18,2125.262394
101,18,2125.262394
101,20,2106.572559
102,10,2437.749536
102,11,2366.177237
102,11,2366.177237
102,11,2366.177237
102,11,2366.177237
102,12,2325.103866
102,13,2241.181417
102,15,2204.973339
102,15,2204.973339
102,16,2178.495381
102,16,2178.495381
102,17,2146.118987
102,18,2125.262394
102,18,2125.262394
102,18,2125.262394
102,18,2125.262394
102,20,2056.405119
103,10,2437.749536
103,10,2437.749536
103,10,2437.749536
103,10,2437.749536
103,11,2366.177237
103,11,2366.177237
103,11,2366.177237
103,11,2366.177237
103,12,2320.710551
103,13,2241.181417
103,15,2204.973339
103,15,2204.973339
103,16,2178.495381
103,16,2178.495381
103,17,2146.118987
103,18,2125.262394
103,18,2125.262394
103,18,2125.262394
103,18,2125.262394
103,18,2125.262394
103,20,2056.405119
104,10,2437.749536
104,10,2437.749536
104,10,2437.749536
104,10,2437.749536
104,10,2437.749536
104,10,2437.749536
104,10,2437.749536
104,11,2363.956511
104,12,2320.710551
104,13,2241.181417
104,15,2179.121915
104,16,2178.495381
104,16,2178.495381
104,17,2146.118987
104,18,2125.262394
104,18,2125.262394
104,18,2125.262394
104,18,2125.262394
104,18,2125.262394
104,20,2056.405119
105,10,2418.875282
105,11,2363.956511
105,11,2363.956511
105,11,2363.956511
105,12,2320.710551
105,12,2320.710551
105,13,2241.181417
105,15,2179.121915
105,16,2178.495381
105,16,2178.495381
105,17,2146.118987
105,18,2125.262394
105,18,2125.262394
105,18,2125.262394
105,18,2125.262394
105,18,2125.262394
105,20,2056.405119
106,10,2418.853881
106,11,2363.956511
106,11,2363.956511
106,11,2363.956511
106,11,2363.956511
106,12,2320.710551
106,12,2320.710551
106,13,2241.181417
106,15,2179.121915
106,16,2178.495381
106,16,2178.495381
106,17,2146.118987
106,18,2125.262394
106,18,2125.262394
106,18,2125.262394
106,18,2125.262394
106,18,2125.262394
106,20,2056.405119
107,10,2418.853881
107,10,2418.853881
107,10,2418.853881
107,10,2418.853881
107,10,2418.853881
107,10,2418.853881
107,10,2418.853881
107,11,2363.956511
107,11,2363.956511
107,11,2363.956511
107,11,2363.956511
107,12,2320.710551
107,12,2320.710551
107,13,2241.181417
107,15,2179.121915
107,16,2178.495381
107,16,2178.495381
107,17,2146.118987
107,18,2125.262394
107,18,2125.262394
107,18,2125.262394
107,18,2125.262394
107,18,2125.262394
107,20,2056.405119
108,10,2416.341783
108,11,2363.935110
108,12,2320.710551
108,12,2320.710551
108,13,2241.181417
108,15,2179.121915
108,16,2176.036967
108,17,2146.118987
108,18,2125.262394
108,18,2125.262394
108,18,2125.262394
108,18,2125.262394
108,18,2125.262394
108,20,2056.405119
109,10,2415.327560
109,10,2415.327560
109,11,2363.935110
109,12,2311.428101
109,13,2241.181417
109,15,2179.121915
109,16,2176.036967
109,17,2146.118987
109,18,2125.262394
109,18,2125.262394
109,18,2125.262394
109,18,2125.262394
109,18,2125.262394
109,20,2056.405119
110,10,2410.232049
110,11,2363.935110
110,11,2363.935110
110,12,2290.681718
110,13,2241.181417
110,13,2241.181417
110,15,2179.008415
110,16,2164.518378
110,17,2115.893711
110,18,2114.417127
110,20,2056.405119
110,20,2056.405119
111,10,2410.232049
111,10,2410.232049
111,10,2410.232049
111,10,2410.232049
111,10,2410.232049
111,11,2363.935110
111,11,2363.935110
111,12,2290.681718
111,13,2241.181417
111,13,2241.181417
111,15,2179.008415
111,16,2164.518378
111,17,2115.893711
111,18,2114.417127
111,20,2056.405119
111,20,2056.405119
112,10,2410.232049
112,10,2410.232049
112,10,2410.232049
112,10,2410.232049
112,10,2410.232049
112,10,2410.232049
112,10,2410.232049
112,10,2410.232049
112,10,2410.232049
112,10,2410.232049
112,10,2410.232049
112,10,2410.232049
112,10,2410.232049
112,11,2363.935110
112,11,2363.935110
112,12,2290.681718
112,13,2241.181417
112,13,2241.181417
112,14,2204.210818
112,15,2179.008415
112,16,2164.518378
112,17,2115.893711
112,18,2114.417127
112,20,2056.405119
112,20,2056.405119
113,10,2385.569920
113,11,2363.935110
113,11,2363.935110
113,12,2290.681718
113,13,2241.181417
113,13,2241.181417
113,14,2204.210818
113,15,2179.008415
113,16,2164.518378
113,17,2115.893711
113,18,2114.417127
113,20,2056.405119
113,20,2056.405119
114,10,2385.548519
114,11,2363.935110
114,11,2363.935110
114,11,2363.935110
114,12,2289.779093
114,13,2241.181417
114,13,2241.181417
114,14,2204.210818
114,15,2179.008415
114,16,2164.518378
114,17,2115.893711
114,18,2114.417127
114,20,2056.405119
114,20,2056.405119
115,10,2385.548519
115,10,2385.548519
115,10,2385.548519
115,11,2363.935110
115,11,2363.935110
115,11,2363.935110
115,12,2279.969121
115,13,2241.181417
115,13,2241.181417
115,14,2204.210818
115,15,2179.008415
115,16,2164.518378
115,17,2115.893711
115,18,2114.417127
115,20,2056.405119
115,20,2056.405119
116,10,2373.787650
116,10,2373.787650
116,11,2351.694291
116,12,2279.969121
116,13,2241.181417
116,13,2241.181417
116,14,2204.210818
116,15,2179.008415
116,16,2164.518378
116,17,2115.893711
116,18,2114.417127
116,20,2056.405119
116,20,2056.405119
117,10,2373.416100
117,11,2342.115922
117,11,2342.115922
117,12,2274.895011
117,13,2241.181417
117,13,2241.181417
117,14,2204.210818
117,15,2179.008415
117,16,2164.518378
117,17,2115.893711
117,18,2114.417127
117,20,2056.405119
117,20,2056.405119
118,10,2347.516533
118,11,2303.689030
118,12,2274.895011
118,12,2274.895011
118,13,2241.181417
118,13,2241.181417
118,13,2241.181417
118,13,2241.181417
118,14,2180.442183
118,15,2137.311811
118,16,2098.064598
118,18,2095.167792
118,20,2048.156951
119,10,2327.923704
119,11,2299.788618
119,12,2274.895011
119,12,2274.895011
119,13,2241.181417
119,13,2241.181417
119,13,2241.181417
119,13,2241.181417
119,14,2180.442183
119,15,2137.311811
119,16,2098.064598
119,18,2095.167792
119,20,2048.156951
120,10,2327.923704
120,10,2327.923704
120,10,2327.923704
120,10,2327.923704
120,10,2327.923704
120,10,2327.923704
120,10,2327.923704
120,10,2327.923704
120,10,2327.923704
120,11,2278.943016
120,12,2274.895011
120,12,2274.895011
120,13,2241.181417
120,13,2241.181417
120,13,2241.181417
120,13,2241.181417
120,14,2180.442183
120,15,2137.311811
120,16,2098.064598
120,18,2095.167792
120,20,2048.156951
121,10,2327.923704
121,10,2327.923704
121,10,2327.923704
121,10,2327.923704
121,10,2327.923704
121,10,2327.923704
121,10,2327.923704
121,10,2327.923704
121,10,2327.923704
121,10,2327.923704
121,10,2327.923704
121,10,2327.923704
121,10,2327.923704
121,10,2327.923704
121,10,2327.923704
121,10,2327.923704
121,10,2327.923704
121,11,2278.943016
121,12,2274.895011
121,12,2274.895011
121,13,2226.211665
121,14,2180.442183
121,15,2137.311811
121,16,2098.064598
121,18,2095.167792
121,20,2048.156951
122,10,2322.332318
122,11,2278.943016
122,11,2278.943016
122,11,2278.943016
122,12,2269.309363
122,13,2226.211665
122,13,2226.211665
122,14,2180.442183
122,15,2137.311811
122,16,2098.064598
122,18,2095.167792
122,20,2048.156951
123,10,2322.332318
123,10,2322.332318
123,10,2322.332318
123,10,2322.332318
123,10,2322.332318
123,10,2322.332318
123,10,2322.332318
123,10,2322.332318
123,10,2322.332318
123,10,2322.332318
123,11,2273.351631
123,12,2269.309363
123,13,2217.918623
123,14,2180.442183
123,15,2137.311811
123,16,2098.064598
123,18,2095.167792
123,20,2048.156951
124,10,2322.332318
124,10,2322.332318
124,10,2322.332318
124,10,2322.332318
124,10,2322.332318
124,10,2322.332318
124,10,2322.332318
124,10,2322.332318
124,10,2322.332318
124,10,2322.332318
124,10,2322.332318
124,10,2322.332318
124,10,2322.332318
124,10,2322.332318
124,10,2322.332318
124,10,2322.332318
124,10,2322.332318
124,10,2322.332318
124,10,2322.332318
124,11,2273.351631
124,11,2273.351631
124,11,2273.351631
124,11,2273.351631
124,11,2273.351631
124,11,2273.351631
124,12,2269.309363
124,13,2217.918623
124,14,2180.442183
124,15,2137.311811
124,16,2098.064598
124,18,2095.167792
124,20,2048.156951
125,10,2322.332318
125,10,2322.332318
125,10,2322.332318
125,10,2322.332318
125,10,2322.332318
125,10,2322.332318
125,10,2322.332318
125,10,2322.332318
125,10,2322.332318
125,10,2322.332318
125,10,2322.332318
125,10,2322.332318
125,10,2322.332318
125,10,2322.332318
125,10,2322.332318
125,10,2322.332318
125,10,2322.332318
125,10,2322.332318
125,10,2322.332318
125,10,2322.332318
125,10,2322.332318
125,10,2322.332318
125,10,2322.332318
125,10,2322.332318
125,10,2322.332318
125,10,2322.332318
125,10,2322.332318
125,10,2322.332318
125,10,2322.332318
125,10,2322.332318
125,10,2322.332318
125,11,2273.351631
125,11,2273.351631
125,11,2273.351631
125,11,2273.351631
125,11,2273.351631
125,11,2273.351631
125,11,2273.351631
125,12,2255.164940
125,13,2185.820111
125,14,2161.423617
125,15,2137.311811
125,16,2098.064598
125,18,2095.167792
125,20,2048.156951
126,10,2320.991173
126,11,2273.351631
126,11,2273.351631
126,11,2273.351631
126,11,2273.351631
126,11,2273.351631
126,11,2273.351631
126,11,2273.351631
126,11,2273.351631
126,11,2273.351631
126,11,2273.351631
126,11,2273.351631
126,11,2273.351631
126,12,2255.164940
126,13,2185.820111
126,14,2161.423617
126,15,2137.311811
126,16,2098.064598
126,18,2095.167792
126,20,2048.156951
127,10,2320.991173
127,10,2320.991173
127,10,2320.991173
127,10,2320.991173
127,10,2320.991173
127,10,2320.991173
127,10,2320.991173
127,10,2320.991173
127,10,2320.991173
127,10,2320.991173
127,10,2320.991173
127,10,2320.991173
127,11,2273.351631
127,11,2273.351631
127,11,2273.351631
127,11,2273.351631
127,11,2273.351631
127,11,2273.351631
127,11,2273.351631
127,11,2273.351631
127,11,2273.351631
127,11,2273.351631
127,11,2273.351631
127,11,2273.351631
127,11,2273.351631
127,11,2273.351631
127,12,2255.164940
127,13,2185.820111
127,14,2161.423617
127,15,2137.311811
127,16,2098.064598
127,18,2095.167792
127,20,2048.156951
128,10,2320.991173
128,10,2320.991173
128,10,2320.991173
128,10,2320.991173
128,10,2320.991173
128,10,2320.991173
128,10,2320.991173
128,10,2320.991173
128,10,2320.991173
128,10,2320.991173
128,10,2320.991173
128,10,2320.991173
128,10,2320.991173
128,10,2320.991173
128,10,2320.991173
128,10,2320.991173
128,10,2320.991173
128,10,2320.991173
128,10,2320.991173
128,10,2320.991173
128,10,2320.991173
128,10,2320.991173
128,10,2320.991173
128,11,2273.351631
128,11,2273.351631
128,11,2273.351631
128,11,2273.351631
128,11,2273.351631
128,11,2273.351631
128,11,2273.351631
128,11,2273.351631
128,11,2273.351631
128,11,2273.351631
128,11,2273.351631
128,11,2273.351631
128,11,2273.351631
128,11,2273.351631
128,11,2273.351631
128,11,2273.351631
128,12,2255.164940
128,13,2185.820111
128,14,2161.423617
128,15,2137.311811
128,16,2098.064598
128,18,2095.167792
128,20,2048.156951
129,10,2320.991173
129,10,2320.991173
129,10,2320.991173
129,10,2320.991173
129,10,2320.991173
129,10,2320.991173
129,10,2320.991173
129,10,2320.991173
129,10,2320.991173
129,10,2320.991173
129,10,2320.991173
129,10,2320.991173
129,10,2320.991173
129,10,2320.991173
129,10,2320.991173
129,10,2320.991173
129,10,2320.991173
129,10,2320.991173
129,10,2320.991173
129,10,2320.991173
129,10,2320.991173
129,10,2320.991173
129,10,2320.991173
129,10,2320.991173
129,10,2320.991173
129,10,2320.991173
129,10,2320.991173
129,10,2320.991173
129,10,2320.991173
129,10,2320.991173
129,10,2320.991173
129,10,2320.991173
129,10,2320.991173
129,10,2320.991173
129,10,2320.991173
129,10,2320.991173
129,10,2320.991173
129,11,2272.010485
129,11,2272.010485
129,11,2272.010485
129,11,2272.010485
129,11,2272.010485
129,12,2255.164940
129,13,2185.820111
129,14,2161.423617
129,15,2137.311811
129,16,2098.064598
129,18,2095.167792
129,20,2048.156951
130,10,2311.813224
130,11,2231.134472
130,13,2165.024693
130,14,2153.793082
130,15,2137.311811
130,15,2137.311811
130,16,2070.724154
130,17,2059.393951
130,19,2037.196881
131,10,2311.813224
131,10,2311.813224
131,10,2311.813224
131,11,2225.615266
131,12,2176.634579
131,12,2176.634579
131,12,2176.634579
131,13,2149.965769
131,14,2130.531194
131,16,2070.724154
131,17,2059.393951
131,19,2037.196881
132,10,2311.813224
132,10,2311.813224
132,10,2311.813224
132,10,2311.813224
132,10,2311.813224
132,10,2311.813224
132,10,2311.813224
132,10,2311.813224
132,10,2311.813224
132,11,2225.615266
132,11,2225.615266
132,11,2225.615266
132,12,2176.634579
132,12,2176.634579
132,12,2176.634579
132,12,2176.634579
132,12,2176.634579
132,12,2176.634579
132,13,2148.712997
132,14,2130.531194
132,14,2130.531194
132,16,2070.724154
132,17,2059.393951
132,19,2037.196881
133,10,2311.813224
133,10,2311.813224
133,10,2311.813224
133,10,2311.813224
133,10,2311.813224
133,10,2311.813224
133,10,2311.813224
133,10,2311.813224
133,10,2311.813224
133,10,2311.813224
133,10,2311.813224
133,10,2311.813224
133,10,2311.813224
133,11,2225.615266
133,11,2225.615266
133,11,2225.615266
133,11,2225.615266
133,11,2225.615266
133,12,2164.937506
133,13,2143.676380
133,13,2143.676380
133,14,2129.278422
133,16,2070.724154
133,17,2059.393951
133,19,2037.196881
134,10,2311.813224
134,10,2311.813224
134,10,2311.813224
134,10,2311.813224
134,10,2311.813224
134,10,2311.813224
134,10,2311.813224
134,10,2311.813224
134,10,2311.813224
134,10,2311.813224
134,10,2311.813224
134,10,2311.813224
134,10,2311.813224
134,10,2311.813224
134,10,2311.813224
134,10,2311.813224
134,10,2311.813224
134,10,2311.813224
134,10,2311.813224
134,10,2311.813224
134,10,2311.813224
134,11,2225.615266
134,11,2225.615266
134,11,2225.615266
134,11,2225.615266
134,11,2225.615266
134,11,2225.615266
134,12,2164.937506
134,13,2143.676380
134,13,2143.676380
134,14,2125.790474
134,16,2070.724154
134,17,2059.393951
134,19,2037.196881
135,10,2311.813224
135,10,2311.813224
135,10,2311.813224
135,10,2311.813224
135,10,2311.813224
135,10,2311.813224
135,10,2311.813224
135,10,2311.813224
135,10,2311.813224
135,10,2311.813224
135,10,2311.813224
135,10,2311.813224
135,10,2311.813224
135,10,2311.813224
135,10,2311.813224
135,10,2311.813224
135,10,2311.813224
135,10,2311.813224
135,10,2311.813224
135,10,2311.813224
135,10,2311.813224
135,10,2311.813224
135,10,2311.813224
135,10,2311.813224
135,10,2311.813224
135,10,2311.813224
135,10,2311.813224
135,10,2311.813224
135,10,2311.813224
135,10,2311.813224
135,10,2311.813224
135,11,2225.615266
135,11,2225.615266
135,11,2225.615266
135,11,2225.615266
135,11,2225.615266
135,11,2225.615266
135,11,2225.615266
135,11,2225.615266
135,11,2225.615266
135,12,2164.937506
135,13,2143.676380
135,13,2143.676380
135,13,2143.676380
135,13,2143.676380
135,14,2125.790474
135,14,2125.790474
135,16,2070.724154
135,17,2059.393951
135,19,2037.196881
136,10,2311.813224
136,10,2311.813224
136,10,2311.813224
136,10,2311.813224
136,10,2311.813224
136,10,2311.813224
136,10,2311.813224
136,10,2311.813224
136,10,2311.813224
136,10,2311.813224
136,10,2311.813224
136,10,2311.813224
136,10,2311.813224
136,10,2311.813224
136,10,2311.813224
136,10,2311.813224
136,10,2311.813224
136,10,2311.813224
136,10,2311.813224
136,10,2311.813224
136,10,2311.813224
136,10,2311.813224
136,10,2311.813224
136,10,2311.813224
136,10,2311.813224
136,10,2311.813224
136,10,2311.813224
136,10,2311.813224
136,10,2311.813224
136,10,2311.813224
136,10,2311.813224
136,10,2311.813224
136,10,2311.813224
136,10,2311.813224
136,10,2311.813224
136,10,2311.813224
136,10,2311.813224
136,10,2311.813224
136,10,2311.813224
136,10,2311.813224
136,10,2311.813224
136,10,2311.813224
136,10,2311.813224
136,10,2311.813224
136,11,2225.615266
136,11,2225.615266
136,11,2225.615266
136,11,2225.615266
136,11,2225.615266
136,11,2225.615266
136,11,2225.615266
136,11,2225.615266
136,11,2225.615266
136,11,2225.615266
136,11,2225.615266
136,12,2164.937506
136,13,2143.676380
136,13,2143.676380
136,13,2143.676380
136,13,2143.676380
136,13,2143.676380
136,14,2125.790474
136,14,2125.790474
136,14,2125.790474
136,14,2125.790474
136,15,2115.893318
136,16,2070.724154
136,17,2059.393951
136,19,2037.196881
137,10,2309.098774
137,11,2225.615266
137,11,2225.615266
137,11,2225.615266
137,11,2225.615266
137,11,2225.615266
137,11,2225.615266
137,11,2225.615266
137,11,2225.615266
137,11,2225.615266
137,11,2225.615266
137,11,2225.615266
137,11,2225.615266
137,11,2225.615266
137,12,2157.248217
137,13,2140.690244
137,14,2125.790474
137,14,2125.790474
137,14,2125.790474
137,14,2125.790474
137,14,2125.790474
137,15,2115.893318
137,15,2115.893318
137,16,2070.724154
137,17,2059.393951
137,19,2037.196881
138,10,2309.098774
138,10,2309.098774
138,10,2309.098774
138,10,2309.098774
138,10,2309.098774
138,11,2225.615266
138,11,2225.615266
138,11,2225.615266
138,11,2225.615266
138,11,2225.615266
138,11,2225.615266
138,11,2225.615266
138,11,2225.615266
138,11,2225.615266
138,11,2225.615266
138,11,2225.615266
138,11,2225.615266
138,11,2225.615266
138,11,2225.615266
138,11,2225.615266
138,11,2225.615266
138,11,2225.615266
138,12,2157.248217
138,13,2140.690244
138,14,2125.790474
138,14,2125.790474
138,14,2125.790474
138,14,2125.790474
138,14,2125.790474
138,15,2115.893318
138,15,2115.893318
138,16,2070.724154
138,17,2059.393951
138,19,2037.196881
139,10,2299.462397
139,10,2299.462397
139,11,2198.585778
139,12,2132.933178
139,13,2124.063097
139,14,2106.019937
139,16,2037.148592
139,18,2024.008051
140,10,2299.462397
140,10,2299.462397
140,11,2198.585778
140,12,2132.933178
140,12,2132.933178
140,13,2121.768240
140,13,2121.768240
140,14,2106.019937
140,16,2037.148592
140,18,2024.008051
141,10,2299.462397
141,10,2299.462397
141,11,2198.585778
141,12,2132.933178
141,12,2132.933178
141,13,2121.768240
141,13,2121.768240
141,13,2121.768240
141,14,2106.019937
141,16,2037.148592
141,18,2024.008051
142,10,2299.462397
142,10,2299.462397
142,11,2198.585778
142,12,2132.933178
142,12,2132.933178
142,13,2121.768240
142,13,2121.768240
142,13,2121.768240
142,14,2106.019937
142,14,2106.019937
142,16,2037.148592
142,18,2024.008051
143,10,2299.462397
143,10,2299.462397
143,11,2198.585778
143,12,2132.933178
143,12,2132.933178
143,13,2121.768240
143,13,2121.768240
143,13,2121.768240
143,13,2121.768240
143,14,2106.019937
143,14,2106.019937
143,15,2100.033560
143,16,2037.148592
143,18,2024.008051
144,10,2299.462397
144,10,2299.462397
144,10,2299.462397
144,10,2299.462397
144,10,2299.462397
144,10,2299.462397
144,11,2192.090262
144,12,2121.515061
144,13,2121.058042
144,13,2121.058042
144,14,2100.771085
144,15,2100.033560
144,15,2100.033560
144,16,2037.148592
144,16,2037.148592
144,18,2024.008051
144,18,2024.008051
145,10,2299.462397
145,10,2299.462397
145,10,2299.462397
145,10,2299.462397
145,10,2299.462397
145,10,2299.462397
145,10,2299.462397
145,11,2192.090262
145,12,2121.515061
145,13,2097.119960
145,15,2094.128742
145,16,2037.148592
145,16,2037.148592
145,18,2024.008051
145,18,2024.008051
146,10,2299.462397
146,10,2299.462397
146,10,2299.462397
146,10,2299.462397
146,10,2299.462397
146,10,2299.462397
146,10,2299.462397
146,10,2299.462397
146,11,2192.090262
146,12,2121.515061
146,12,2121.515061
146,13,2097.119960
146,15,2094.128742
146,16,2037.148592
146,16,2037.148592
146,18,2024.008051
146,18,2024.008051
147,10,2299.462397
147,10,2299.462397
147,10,2299.462397
147,10,2299.462397
147,10,2299.462397
147,10,2299.462397
147,10,2299.462397
147,10,2299.462397
147,10,2299.462397
147,10,2299.462397
147,11,2192.090262
147,12,2121.515061
147,12,2121.515061
147,13,2097.119960
147,15,2094.128742
147,16,2037.148592
147,16,2037.148592
147,18,2024.008051
147,18,2024.008051
148,10,2299.462397
148,10,2299.462397
148,10,2299.462397
148,10,2299.462397
148,10,2299.462397
148,10,2299.462397
148,10,2299.462397
148,10,2299.462397
148,10,2299.462397
148,10,2299.462397
148,10,2299.462397
148,11,2192.090262
148,11,2192.090262
148,11,2192.090262
148,12,2121.515061
148,12,2121.515061
148,12,2121.515061
148,13,2097.119960
148,15,2094.128742
148,16,2037.148592
148,16,2037.148592
148,18,2024.008051
148,18,2024.008051
149,10,2299.462397
149,10,2299.462397
149,10,2299.462397
149,10,2299.462397
149,10,2299.462397
149,10,2299.462397
149,10,2299.462397
149,10,2299.462397
149,10,2299.462397
149,10,2299.462397
149,10,2299.462397
149,10,2299.462397
149,10,2299.462397
149,10,2299.462397
149,11,2192.090262
149,11,2192.090262
149,11,2192.090262
149,12,2121.515061
149,12,2121.515061
149,12,2121.515061
149,13,2097.119960
149,15,2094.128742
149,16,2037.148592
149,16,2037.148592
149,18,2024.008051
149,18,2024.008051
150,10,2270.326702
150,11,2173.600111
150,12,2115.166555
150,13,2081.101548
150,16,2037.148592
150,16,2037.148592
150,16,2037.148592
150,16,2037.148592
150,18,2021.393432
151,9,2498.667470
151,10,2270.326702
151,10,2270.326702
151,10,2270.326702
151,11,2173.600111
151,12,2115.166555
151,13,2081.101548
151,16,2037.148592
151,16,2037.148592
151,16,2037.148592
151,16,2037.148592
151,17,2030.061859
151,18,2021.393432
152,9,2429.293694
152,10,2270.326702
152,10,2270.326702
152,10,2270.326702
152,10,2270.326702
152,11,2173.600111
152,12,2115.166555
152,13,2081.101548
152,14,2071.906247
152,16,2037.148592
152,16,2037.148592
152,16,2037.148592
152,16,2037.148592
152,17,2030.061859
152,18,2021.393432
153,9,2429.293694
153,9,2429.293694
153,10,2270.326702
153,10,2270.326702
153,10,2270.326702
153,10,2270.326702
153,11,2173.600111
153,12,2115.166555
153,13,2081.101548
153,14,2071.906247
153,16,2037.148592
153,16,2037.148592
153,16,2037.148592
153,16,2037.148592
153,17,2030.061859
153,18,2021.393432
153,18,2021.393432
154,9,2429.293694
154,9,2429.293694
154,9,2429.293694
154,9,2429.293694
154,10,2270.326702
154,10,2270.326702
154,10,2270.326702
154,10,2270.326702
154,11,2173.600111
154,12,2115.166555
154,13,2081.101548
154,14,2071.906247
154,16,2037.148592
154,16,2037.148592
154,16,2037.148592
154,16,2037.148592
154,17,2030.061859
154,18,2021.393432
154,18,2021.393432
155,9,2429.293694
155,9,2429.293694
155,9,2429.293694
155,9,2429.293694
155,10,2270.326702
155,10,2270.326702
155,10,2270.326702
155,10,2270.326702
155,11,2173.600111
155,12,2115.166555
155,13,2081.101548
155,14,2071.906247
155,16,2037.148592
155,16,2037.148592
155,16,2037.148592
155,16,2037.148592
155,17,2030.061859
155,18,2021.393432
155,18,2021.393432
156,9,2429.293694
156,9,2429.293694
156,9,2429.293694
156,9,2429.293694
156,9,2429.293694
156,9,2429.293694
156,9,2429.293694
156,10,2270.326702
156,10,2270.326702
156,10,2270.326702
156,10,2270.326702
156,11,2173.600111
156,12,2115.166555
156,13,2081.101548
156,14,2071.906247
156,16,2037.148592
156,16,2037.148592
156,16,2037.148592
156,16,2037.148592
156,17,2030.061859
156,18,2021.393432
156,18,2021.393432
157,9,2386.763445
157,10,2227.796453
157,11,2168.646743
157,12,2115.166555
157,12,2115.166555
157,13,2059.840889
157,14,2034.403524
157,17,2030.061859
157,17,2030.061859
157,18,2019.724951
158,9,2386.763445
158,10,2227.796453
158,11,2168.646743
158,12,2115.166555
158,12,2115.166555
158,13,2059.840889
158,14,2034.403524
158,17,2030.061859
158,17,2030.061859
158,18,2019.724951
159,9,2386.763445
159,9,2386.763445
159,10,2227.796453
159,11,2168.646743
159,12,2115.166555
159,12,2115.166555
159,13,2059.840889
159,14,2034.403524
159,17,2029.076538
159,18,2019.724951
160,9,2386.763445
160,9,2386.763445
160,10,2227.796453
160,11,2168.646743
160,12,2115.166555
160,12,2115.166555
160,13,2059.840889
160,14,2028.891606
160,18,2019.724951
161,9,2386.763445
161,9,2386.763445
161,10,2221.273112
161,11,2168.646743
161,12,2115.166555
161,12,2115.166555
161,13,2059.840889
161,14,2028.891606
161,18,2019.724951
162,9,2386.763445
162,9,2386.763445
162,10,2221.273112
162,11,2168.646743
162,12,2115.166555
162,12,2115.166555
162,13,2059.840889
162,14,2028.891606
162,18,2019.724951
163,9,2383.815687
163,10,2211.726891
163,11,2168.646743
163,11,2168.646743
163,12,2100.141281
163,13,2059.840889
163,13,2059.840889
163,14,2028.891606
163,14,2028.891606
163,18,2019.724951
163,18,2019.724951
164,9,2383.815687
164,9,2383.815687
164,10,2211.726891
164,11,2168.646743
164,11,2168.646743
164,12,2100.141281
164,13,2059.840889
164,13,2059.840889
164,14,2028.891606
164,14,2028.891606
164,18,2019.724951
164,18,2019.724951
165,9,2383.815687
165,9,2383.815687
165,9,2383.815687
165,9,2383.815687
165,10,2211.726891
165,11,2168.646743
165,11,2168.646743
165,12,2100.141281
165,13,2059.840889
165,13,2059.840889
165,14,2028.891606
165,14,2028.891606
165,18,2019.724951
165,18,2019.724951
