Iteration,NV,TOC
1,22,4959.247479
1,22,4959.247479
1,23,4878.685360
1,24,4778.675176
1,25,4685.530528
1,26,4654.414060
1,27,4590.805277
1,29,4522.869894
1,30,4468.059287
1,31,4321.591821
1,32,4290.539186
1,42,4237.530608
2,22,4898.105477
2,23,4842.099310
2,24,4778.675176
2,24,4778.675176
2,25,4685.530528
2,26,4532.355053
2,29,4460.268043
2,31,4321.591821
2,32,4290.539186
2,33,4260.313555
2,42,4237.530608
2,45,4222.685937
2,46,4222.477084
2,50,4174.987735
3,22,4866.293117
3,23,4697.172347
3,25,4685.530528
3,26,4532.355053
3,28,4519.532402
3,29,4460.268043
3,30,4314.661134
3,32,4290.539186
3,33,4260.313555
3,34,4260.166803
3,40,4190.976022
3,50,4174.987735
4,21,5233.663388
4,22,4866.293117
4,22,4866.293117
4,23,4697.172347
4,23,4697.172347
4,25,4628.131088
4,26,4532.355053
4,28,4420.905486
4,30,4314.661134
4,32,4290.539186
4,33,4260.313555
4,34,4259.597745
4,36,4193.857111
4,38,4133.047824
5,21,5233.663388
5,22,4866.293117
5,22,4866.293117
5,23,4697.172347
5,23,4697.172347
5,25,4628.131088
5,26,4532.355053
5,28,4420.905486
5,30,4314.661134
5,32,4290.539186
5,33,4260.313555
5,34,4259.597745
5,36,4193.857111
5,37,4102.791018
5,37,4102.791018
6,21,5233.663388
6,22,4866.293117
6,22,4866.293117
6,23,4697.172347
6,23,4697.172347
6,25,4628.131088
6,26,4532.355053
6,28,4420.905486
6,30,4314.661134
6,32,4214.596356
6,36,4193.857111
6,37,4102.791018
6,37,4102.791018
7,21,5233.663388
7,22,4866.293117
7,22,4866.293117
7,23,4691.422725
7,25,4628.131088
7,26,4532.355053
7,28,4420.905486
7,29,4412.478353
7,30,4314.661134
7,32,4214.596356
7,36,4193.857111
7,37,4102.791018
7,37,4102.791018
8,21,5006.080582
8,22,4798.360369
8,23,4691.422725
8,24,4570.398574
8,25,4516.171346
8,27,4498.209688
8,28,4420.905486
8,29,4359.985069
8,30,4314.661134
8,31,4308.886141
8,32,4214.596356
8,36,4193.857111
8,37,4102.791018
8,37,4102.791018
9,21,5006.080582
9,22,4684.921250
9,24,4570.398574
9,25,4515.293343
9,26,4499.420023
9,27,4442.527857
9,28,4420.905486
9,29,4359.985069
9,30,4314.661134
9,31,4241.969626
9,32,4214.596356
9,36,4193.857111
9,37,4102.791018
9,37,4102.791018
9,37,4102.791018
10,21,5006.080582
10,22,4671.886619
10,24,4570.398574
10,25,4515.293343
10,26,4499.420023
10,26,4499.420023
10,27,4442.527857
10,28,4392.669969
10,29,4359.985069
10,30,4314.661134
10,31,4241.969626
10,32,4214.596356
10,33,4199.836307
10,36,4148.910215
10,37,4102.791018
10,37,4102.791018
10,37,4102.791018
11,21,4970.924553
11,22,4671.886619
11,24,4570.398574
11,25,4515.293343
11,26,4494.485262
11,27,4442.527857
11,28,4392.669969
11,29,4359.985069
11,30,4210.337946
11,33,4199.836307
11,35,4169.228782
11,36,4148.910215
11,37,4102.791018
11,37,4102.791018
11,37,4102.791018
11,40,4075.581133
12,21,4970.924553
12,22,4671.886619
12,24,4570.398574
12,25,4515.293343
12,26,4473.476939
12,27,4442.527857
12,28,4345.060020
12,29,4312.469214
12,30,4210.337946
12,33,4199.836307
12,35,4169.228782
12,36,4148.910215
12,37,4102.791018
12,37,4102.791018
12,37,4102.791018
12,40,4075.581133
13,21,4970.924553
13,22,4671.886619
13,23,4657.700526
13,24,4570.398574
13,25,4515.293343
13,26,4473.476939
13,27,4442.527857
13,28,4345.060020
13,29,4312.469214
13,30,4210.337946
13,33,4199.836307
13,35,4169.228782
13,36,4148.910215
13,37,4102.791018
13,37,4102.791018
13,37,4102.791018
13,40,4075.581133
14,21,4946.101925
14,22,4671.886619
14,23,4657.700526
14,24,4570.398574
14,25,4515.293343
14,26,4473.476939
14,27,4442.527857
14,28,4345.060020
14,29,4297.275519
14,30,4210.337946
14,33,4199.836307
14,34,4184.045671
14,35,4169.228782
14,36,4148.910215
14,37,4102.791018
14,37,4102.791018
14,37,4102.791018
14,40,4075.581133
15,21,4946.101925
15,21,4946.101925
15,22,4671.886619
15,23,4657.700526
15,24,4565.941044
15,25,4515.293343
15,26,4473.476939
15,27,4389.549666
15,28,4266.696488
15,30,4210.337946
15,33,4199.836307
15,34,4184.045671
15,35,4169.228782
15,36,4148.910215
15,37,4102.791018
15,37,4102.791018
15,37,4102.791018
15,40,4075.581133
16,21,4867.373896
16,22,4671.886619
16,23,4657.700526
16,24,4565.941044
16,25,4515.293343
16,26,4473.476939
16,27,4374.036599
16,28,4266.696488
16,30,4210.337946
16,33,4199.836307
16,34,4184.045671
16,35,4153.114070
16,36,4148.910215
16,37,4102.791018
16,37,4102.791018
16,37,4102.791018
16,40,4075.581133
17,21,4777.582198
17,22,4671.886619
17,23,4657.700526
17,24,4512.244702
17,26,4457.251553
17,27,4374.036599
17,28,4266.696488
17,30,4210.337946
17,33,4199.836307
17,34,4184.045671
17,35,4153.114070
17,36,4148.910215
17,37,4102.791018
17,37,4102.791018
17,37,4102.791018
17,40,4075.581133
18,21,4761.080481
18,22,4609.271012
18,23,4582.338025
18,24,4512.244702
18,26,4405.514965
18,27,4374.036599
18,28,4266.696488
18,30,4210.337946
18,33,4199.836307
18,34,4184.045671
18,35,4153.114070
18,36,4148.910215
18,37,4102.791018
18,37,4102.791018
18,37,4102.791018
18,40,4075.581133
19,21,4721.213726
19,22,4609.271012
19,23,4582.338025
19,24,4512.244702
19,26,4405.514965
19,27,4374.036599
19,28,4266.696488
19,30,4210.337946
19,31,4176.732935
19,35,4153.114070
19,36,4148.910215
19,37,4102.791018
19,37,4102.791018
19,37,4102.791018
19,40,4075.581133
20,21,4721.213726
20,21,4721.213726
20,22,4609.271012
20,23,4578.108651
20,24,4512.244702
20,26,4405.514965
20,27,4374.036599
20,28,4243.820753
20,30,4210.337946
20,31,4176.732935
20,35,4153.114070
20,36,4148.910215
20,37,4102.791018
20,37,4102.791018
20,37,4102.791018
20,40,4075.581133
21,20,4884.648858
21,21,4721.213726
21,21,4721.213726
21,22,4609.271012
21,23,4578.108651
21,24,4512.244702
21,26,4405.514965
21,27,4340.474262
21,28,4243.820753
21,30,4210.337946
21,31,4176.732935
21,35,4153.114070
21,36,4148.910215
21,37,4102.791018
21,37,4102.791018
21,37,4102.791018
21,40,4075.581133
22,20,4884.648858
22,20,4884.648858
22,21,4721.213726
22,21,4721.213726
22,22,4609.271012
22,23,4578.108651
22,24,4512.244702
22,26,4405.514965
22,27,4340.474262
22,28,4243.820753
22,30,4210.337946
22,31,4176.732935
22,35,4153.114070
22,36,4148.910215
22,37,4102.791018
22,37,4102.791018
22,37,4102.791018
22,38,4092.347375
22,40,4075.581133
23,20,4884.648858
23,20,4884.648858
23,21,4721.213726
23,21,4721.213726
23,22,4609.271012
23,23,4578.108651
23,24,4512.244702
23,26,4405.514965
23,27,4340.474262
23,28,4243.820753
23,30,4210.337946
23,31,4176.732935
23,32,4156.979450
23,35,4153.114070
23,36,4148.910215
23,37,4102.791018
23,37,4102.791018
23,37,4102.791018
23,38,4092.347375
23,40,4075.581133
24,20,4864.699851
24,21,4721.213726
24,21,4721.213726
24,22,4609.271012
24,23,4578.108651
24,24,4512.244702
24,26,4405.514965
24,27,4340.474262
24,28,4243.820753
24,30,4210.337946
24,31,4176.732935
24,32,4156.979450
24,34,4117.439916
24,37,4102.791018
24,37,4102.791018
24,37,4102.791018
24,38,4092.347375
24,38,4092.347375
24,40,4075.581133
25,20,4864.699851
25,21,4721.213726
25,21,4721.213726
25,22,4609.271012
25,23,4578.108651
25,24,4512.244702
25,26,4405.514965
25,27,4340.474262
25,28,4243.820753
25,30,4210.337946
25,31,4176.732935
25,32,4156.979450
25,34,4117.439916
25,37,4102.791018
25,37,4102.791018
25,37,4102.791018
25,38,4092.347375
25,38,4092.347375
25,40,4075.581133
26,20,4864.699851
26,20,4864.699851
26,21,4721.213726
26,21,4721.213726
26,22,4609.271012
26,23,4578.108651
26,24,4512.244702
26,26,4405.514965
26,27,4340.474262
26,28,4243.820753
26,30,4210.337946
26,31,4176.732935
26,32,4156.979450
26,34,4117.439916
26,37,4102.791018
26,37,4102.791018
26,37,4102.791018
26,38,4072.486332
27,20,4864.699851
27,20,4864.699851
27,21,4721.213726
27,21,4721.213726
27,22,4609.271012
27,23,4578.108651
27,24,4512.244702
27,26,4405.514965
27,27,4340.474262
27,28,4243.820753
27,30,4210.337946
27,31,4176.732935
27,32,4156.979450
27,34,4117.439916
27,37,4102.791018
27,37,4102.791018
27,37,4102.791018
27,38,4072.486332
28,20,4864.699851
28,20,4864.699851
28,21,4721.213726
28,21,4721.213726
28,22,4609.271012
28,23,4578.108651
28,24,4512.244702
28,26,4405.514965
28,27,4340.474262
28,28,4243.820753
28,30,4210.337946
28,31,4176.732935
28,32,4156.979450
28,34,4117.439916
28,37,4102.791018
28,37,4102.791018
28,37,4102.791018
28,38,4072.486332
29,20,4864.699851
29,20,4864.699851
29,21,4721.213726
29,21,4721.213726
29,22,4609.271012
29,23,4578.108651
29,24,4512.244702
29,25,4483.660364
29,26,4405.514965
29,27,4340.474262
29,28,4243.820753
29,30,4210.337946
29,31,4176.732935
29,32,4156.979450
29,34,4117.439916
29,37,4102.791018
29,37,4102.791018
29,37,4102.791018
29,38,4072.486332
30,20,4864.699851
30,20,4864.699851
30,21,4721.213726
30,21,4721.213726
30,22,4609.271012
30,23,4578.108651
30,24,4512.244702
30,25,4483.660364
30,26,4405.514965
30,27,4340.474262
30,28,4243.820753
30,30,4210.337946
30,31,4176.732935
30,32,4156.979450
30,34,4117.439916
30,37,4102.791018
30,37,4102.791018
30,37,4102.791018
30,38,4072.486332
31,20,4578.047393
31,22,4457.435245
31,25,4270.406064
31,28,4108.646460
31,29,4073.821139
31,30,4034.042435
31,36,4025.437973
31,37,4009.070893
32,20,4578.047393
32,20,4578.047393
32,21,4576.261844
32,22,4457.435245
32,23,4399.465410
32,25,4270.406064
32,27,4267.309291
32,28,4099.948839
32,29,4073.821139
32,30,4034.042435
32,36,4025.437973
32,37,4009.070893
33,20,4578.047393
33,20,4578.047393
33,21,4378.094182
33,25,4270.406064
33,27,4267.309291
33,28,4099.948839
33,29,4073.821139
33,30,4034.042435
33,36,4025.437973
33,37,4009.070893
34,20,4578.047393
34,20,4578.047393
34,20,4578.047393
34,20,4578.047393
34,21,4378.094182
34,25,4270.406064
34,27,4267.309291
34,28,4099.948839
34,29,4066.882628
34,30,4034.042435
34,36,4025.437973
34,37,4009.070893
35,20,4578.047393
35,20,4578.047393
35,20,4578.047393
35,20,4578.047393
35,20,4578.047393
35,21,4378.094182
35,22,4375.431665
35,25,4270.406064
35,27,4254.092924
35,28,4099.948839
35,29,4066.882628
35,30,4034.042435
35,36,4025.437973
35,37,4009.070893
36,20,4578.047393
36,20,4578.047393
36,20,4578.047393
36,20,4578.047393
36,20,4578.047393
36,20,4578.047393
36,20,4578.047393
36,20,4578.047393
36,21,4364.506229
36,25,4270.406064
36,27,4228.439296
36,28,4099.948839
36,29,4066.882628
36,30,4034.042435
36,36,4025.437973
36,37,4009.070893
37,20,4492.334568
37,21,4364.506229
37,22,4338.827171
37,24,4323.874831
37,25,4270.406064
37,27,4221.716296
37,28,4099.948839
37,29,4066.882628
37,30,4034.042435
37,36,4025.437973
37,37,4009.070893
38,20,4489.035573
38,21,4364.506229
38,22,4338.827171
38,24,4323.874831
38,25,4226.657365
38,27,4221.716296
38,28,4099.948839
38,29,4066.882628
38,30,4034.042435
38,36,4025.437973
38,37,4009.070893
39,20,4466.707302
39,21,4364.506229
39,22,4338.827171
39,24,4323.874831
39,25,4210.604529
39,28,4099.948839
39,29,4066.882628
39,30,4034.042435
39,36,4025.437973
39,37,4009.070893
40,19,4560.803852
40,20,4466.707302
40,20,4466.707302
40,21,4364.506229
40,22,4338.827171
40,24,4323.874831
40,25,4201.450401
40,25,4201.450401
40,26,4199.497545
40,27,4123.830281
40,28,4099.948839
40,29,4066.882628
40,30,4034.042435
40,36,4025.437973
40,37,4009.070893
41,19,4560.803852
41,19,4560.803852
41,20,4466.707302
41,20,4466.707302
41,20,4466.707302
41,21,4364.506229
41,22,4338.827171
41,24,4246.634556
41,25,4201.450401
41,25,4201.450401
41,25,4201.450401
41,26,4199.497545
41,26,4199.497545
41,26,4199.497545
41,27,4123.830281
41,28,4099.948839
41,29,4066.882628
41,30,4034.042435
41,36,4025.437973
41,37,4009.070893
42,19,4560.803852
42,19,4560.803852
42,20,4466.707302
42,20,4466.707302
42,20,4466.707302
42,21,4364.506229
42,22,4338.827171
42,24,4243.036027
42,25,4201.450401
42,25,4201.450401
42,25,4201.450401
42,26,4156.677008
42,27,4123.830281
42,28,4099.948839
42,29,4066.882628
42,30,4034.042435
42,36,4025.437973
42,37,4009.070893
43,19,4560.803852
43,19,4560.803852
43,19,4560.803852
43,20,4463.203005
43,21,4364.506229
43,22,4338.827171
43,24,4243.036027
43,24,4243.036027
43,25,4201.450401
43,25,4201.450401
43,25,4201.450401
43,26,4156.677008
43,27,4123.830281
43,28,4099.948839
43,29,4066.882628
43,30,4034.042435
43,36,4025.437973
43,37,4009.070893
44,19,4560.803852
44,19,4560.803852
44,19,4560.803852
44,19,4560.803852
44,20,4463.203005
44,21,4364.506229
44,22,4335.528607
44,24,4243.036027
44,24,4243.036027
44,25,4201.450401
44,25,4201.450401
44,25,4201.450401
44,26,4156.677008
44,27,4123.830281
44,28,4099.948839
44,29,4066.882628
44,30,4034.042435
44,36,4025.437973
44,37,4009.070893
45,19,4560.803852
45,19,4560.803852
45,19,4560.803852
45,19,4560.803852
45,20,4463.203005
45,21,4364.506229
45,22,4335.528607
45,24,4243.036027
45,24,4243.036027
45,25,4201.450401
45,25,4201.450401
45,25,4201.450401
45,25,4201.450401
45,25,4201.450401
45,25,4201.450401
45,26,4156.677008
45,27,4123.830281
45,28,4099.948839
45,29,4066.882628
45,30,4034.042435
45,36,4025.437973
45,37,4009.070893
46,19,4560.803852
46,19,4560.803852
46,19,4560.803852
46,19,4560.803852
46,20,4463.203005
46,21,4364.506229
46,22,4335.528607
46,23,4292.958703
46,24,4243.036027
46,24,4243.036027
46,25,4201.450401
46,25,4201.450401
46,25,4201.450401
46,25,4201.450401
46,25,4201.450401
46,25,4201.450401
46,25,4201.450401
46,26,4156.677008
46,27,4090.854967
46,29,4066.882628
46,30,4034.042435
46,36,4025.437973
46,37,4009.070893
47,19,4542.166440
47,20,4463.203005
47,21,4364.506229
47,22,4335.528607
47,23,4292.958703
47,23,4292.958703
47,24,4243.036027
47,24,4243.036027
47,25,4143.235652
47,27,4090.854967
47,29,4066.882628
47,30,4034.042435
47,31,4021.389300
47,37,4009.070893
48,19,4533.938618
48,20,4458.236066
48,21,4364.506229
48,22,4335.528607
48,23,4292.958703
48,23,4292.958703
48,24,4218.425113
48,25,4143.235652
48,27,4090.854967
48,29,4066.882628
48,30,4034.042435
48,31,4021.389300
48,37,4009.070893
49,19,4533.938618
49,20,4458.236066
49,21,4359.501939
49,22,4335.528607
49,23,4267.995718
49,24,4218.425113
49,25,4143.235652
49,25,4143.235652
49,27,4090.854967
49,29,4066.882628
49,30,4034.042435
49,31,4021.389300
49,37,4009.070893
50,19,4533.938618
50,19,4533.938618
50,20,4439.842069
50,21,4359.501939
50,22,4335.528607
50,23,4267.995718
50,23,4267.995718
50,24,4207.147723
50,25,4143.235652
50,25,4143.235652
50,27,4090.854967
50,29,4066.882628
50,30,4034.042435
50,31,4021.389300
50,37,4009.070893
51,19,4463.351300
51,20,4439.842069
51,21,4359.501939
51,21,4359.501939
51,22,4320.509875
51,23,4267.995718
51,23,4267.995718
51,24,4207.147723
51,25,4143.235652
51,25,4143.235652
51,26,4131.059048
51,27,4090.854967
51,29,4066.882628
51,30,4034.042435
51,31,4021.389300
51,37,4009.070893
52,19,4421.306155
52,20,4418.966413
52,21,4359.501939
52,21,4359.501939
52,22,4319.493747
52,23,4267.995718
52,23,4267.995718
52,24,4204.881871
52,25,4143.235652
52,25,4143.235652
52,25,4143.235652
52,26,4131.059048
52,27,4090.854967
52,29,4066.882628
52,30,4034.042435
52,31,4021.389300
52,37,4009.070893
53,19,4421.306155
53,20,4412.690611
53,21,4331.387006
53,22,4228.795888
53,23,4190.165688
53,25,4143.235652
53,25,4143.235652
53,25,4143.235652
53,26,4131.059048
53,27,4090.854967
53,29,4066.882628
53,30,4034.042435
53,31,4021.389300
53,37,4009.070893
54,19,4421.306155
54,19,4421.306155
54,20,4385.184547
54,21,4331.387006
54,22,4228.795888
54,22,4228.795888
54,23,4177.690153
54,24,4160.404704
54,25,4143.235652
54,25,4143.235652
54,25,4143.235652
54,26,4115.903092
54,27,4090.564086
54,29,4066.882628
54,30,4034.042435
54,31,4021.389300
54,36,3979.490060
55,19,4421.306155
55,19,4421.306155
55,20,4369.101758
55,21,4298.678974
55,22,4228.795888
55,22,4228.795888
55,22,4228.795888
55,23,4177.690153
55,24,4160.404704
55,25,4143.235652
55,25,4143.235652
55,25,4143.235652
55,26,4115.903092
55,27,4090.564086
55,29,4066.882628
55,30,4034.042435
55,31,4021.389300
55,34,4018.479839
55,36,3979.490060
56,19,4421.306155
56,19,4421.306155
56,19,4421.306155
56,19,4421.306155
56,20,4351.625124
56,20,4351.625124
56,21,4290.283008
56,22,4228.795888
56,22,4228.795888
56,22,4228.795888
56,22,4228.795888
56,23,4177.690153
56,24,4147.872543
56,25,4143.235652
56,25,4143.235652
56,25,4143.235652
56,26,4115.903092
56,27,4090.564086
56,29,4066.882628
56,30,4034.042435
56,31,4021.389300
56,34,4018.479839
56,36,3979.490060
57,19,4412.450027
57,20,4351.625124
57,20,4351.625124
57,21,4279.778815
57,22,4228.795888
57,22,4228.795888
57,22,4228.795888
57,22,4228.795888
57,23,4177.690153
57,24,4147.872543
57,25,4143.235652
57,25,4143.235652
57,25,4143.235652
57,26,4115.903092
57,27,4090.564086
57,29,4066.882628
57,30,4034.042435
57,31,4021.389300
57,34,4018.479839
57,36,3979.490060
58,19,4412.450027
58,20,4343.618709
58,21,4279.778815
58,22,4228.795888
58,22,4228.795888
58,22,4228.795888
58,22,4228.795888
58,23,4177.690153
58,24,4142.837525
58,26,4115.903092
58,27,4090.564086
58,29,4066.882628
58,30,4034.042435
58,31,4021.389300
58,34,4018.479839
58,36,3979.490060
58,37,3940.464381
59,19,4412.450027
59,20,4343.618709
59,21,4279.778815
59,22,4228.795888
59,22,4228.795888
59,22,4228.795888
59,22,4228.795888
59,23,4177.690153
59,24,4142.837525
59,25,4139.102456
59,26,4115.903092
59,27,4090.564086
59,29,4066.882628
59,30,4034.042435
59,31,4021.389300
59,34,4018.479839
59,36,3979.490060
59,37,3940.464381
59,37,3940.464381
59,37,3940.464381
60,19,4391.761574
60,20,4303.444217
60,21,4279.778815
60,22,4228.795888
60,22,4228.795888
60,22,4228.795888
60,22,4228.795888
60,23,4177.690153
60,24,4094.632156
60,27,4090.564086
60,28,4086.097847
60,29,4066.882628
60,30,4034.042435
60,31,4021.389300
60,34,4018.479839
60,36,3979.490060
60,37,3940.464381
60,37,3940.464381
60,37,3940.464381
60,37,3940.464381
61,19,4391.761574
61,20,4303.444217
61,20,4303.444217
61,20,4303.444217
61,21,4248.335635
61,22,4207.631097
61,22,4207.631097
61,23,4177.681389
61,23,4177.681389
61,24,4094.632156
61,27,4090.564086
61,28,4086.097847
61,29,4066.882628
61,30,4034.042435
61,31,4021.389300
61,34,4018.479839
61,36,3961.562201
61,37,3940.464381
61,37,3940.464381
61,37,3940.464381
61,37,3940.464381
62,19,4381.131662
62,20,4303.444217
62,20,4303.444217
62,20,4303.444217
62,20,4303.444217
62,21,4209.194512
62,22,4207.631097
62,22,4207.631097
62,23,4158.373472
62,24,4094.632156
62,27,4090.564086
62,28,4043.418869
62,30,4034.042435
62,31,4021.389300
62,34,4018.479839
62,36,3961.562201
62,37,3940.464381
62,37,3940.464381
62,37,3940.464381
62,37,3940.464381
63,19,4381.131662
63,19,4381.131662
63,20,4300.400855
63,21,4209.194512
63,22,4207.631097
63,22,4207.631097
63,23,4158.373472
63,24,4094.632156
63,27,4090.564086
63,28,4043.418869
63,30,4034.042435
63,31,4021.389300
63,34,4018.479839
63,36,3961.562201
63,37,3940.464381
63,37,3940.464381
63,37,3940.464381
63,37,3940.464381
64,19,4364.382405
64,20,4300.400855
64,21,4209.194512
64,22,4199.624683
64,23,4158.373472
64,24,4094.632156
64,24,4094.632156
64,27,4090.564086
64,28,4043.418869
64,30,4034.042435
64,31,4021.389300
64,34,4018.479839
64,36,3961.562201
64,37,3940.464381
64,37,3940.464381
64,37,3940.464381
64,37,3940.464381
65,19,4315.820348
65,20,4272.309607
65,21,4189.375514
65,23,4119.238528
65,24,4094.632156
65,24,4094.632156
65,24,4094.632156
65,27,4088.895525
65,28,4043.418869
65,30,4034.042435
65,31,4021.389300
65,34,4018.479839
65,36,3961.562201
65,37,3940.464381
65,37,3940.464381
65,37,3940.464381
65,37,3940.464381
66,19,4315.820348
66,19,4315.820348
66,20,4246.139317
66,21,4175.017808
66,23,4119.238528
66,23,4119.238528
66,24,4085.736359
66,27,4047.344893
66,28,4043.418869
66,30,4034.042435
66,31,4021.389300
66,34,4018.479839
66,35,4015.610980
66,36,3961.562201
66,37,3940.464381
66,37,3940.464381
66,37,3940.464381
66,37,3940.464381
67,19,4315.820348
67,19,4315.820348
67,19,4315.820348
67,20,4233.820559
67,21,4175.017808
67,21,4175.017808
67,23,4119.238528
67,23,4119.238528
67,24,4061.514481
67,27,4047.344893
67,28,4043.418869
67,30,3993.399358
67,36,3961.562201
67,37,3940.464381
67,37,3940.464381
67,37,3940.464381
67,37,3940.464381
68,19,4315.820348
68,19,4315.820348
68,19,4315.820348
68,19,4315.820348
68,19,4315.820348
68,20,4233.820559
68,21,4175.017808
68,21,4175.017808
68,21,4175.017808
68,22,4150.326198
68,23,4119.238528
68,23,4119.238528
68,23,4119.238528
68,24,4061.514481
68,26,4059.531138
68,27,4047.344893
68,28,4025.481203
68,30,3993.399358
68,35,3950.668617
68,37,3940.464381
68,37,3940.464381
68,37,3940.464381
68,37,3940.464381
69,19,4315.820348
69,19,4315.820348
69,19,4315.820348
69,19,4315.820348
69,19,4315.820348
69,20,4233.820559
69,20,4233.820559
69,21,4166.070794
69,22,4142.319783
69,23,4119.238528
69,23,4119.238528
69,23,4119.238528
69,23,4119.238528
69,24,4061.514481
69,25,4040.256645
69,28,4004.871023
69,30,3993.399358
69,35,3950.668617
69,37,3940.464381
69,37,3940.464381
69,37,3940.464381
69,37,3940.464381
70,19,4315.820348
70,19,4315.820348
70,19,4315.820348
70,19,4315.820348
70,19,4315.820348
70,19,4315.820348
70,20,4233.820559
70,20,4233.820559
70,20,4233.820559
70,21,4149.479450
70,22,4142.319783
70,22,4142.319783
70,23,4113.484939
70,24,4061.514481
70,24,4061.514481
70,25,4040.256645
70,28,4004.871023
70,30,3993.399358
70,34,3957.318988
70,35,3950.668617
70,37,3940.464381
70,37,3940.464381
70,37,3940.464381
70,37,3940.464381
71,19,4315.820348
71,19,4315.820348
71,19,4315.820348
71,19,4315.820348
71,19,4315.820348
71,19,4315.820348
71,19,4315.820348
71,19,4315.820348
71,19,4315.820348
71,20,4215.230909
71,21,4149.479450
71,22,4142.319783
71,22,4142.319783
71,22,4142.319783
71,23,4113.484939
71,24,4061.514481
71,24,4061.514481
71,25,4040.256645
71,27,4017.460148
71,28,4004.871023
71,30,3993.399358
71,34,3957.318988
71,35,3950.668617
71,37,3940.464381
71,37,3940.464381
71,37,3940.464381
71,37,3940.464381
72,19,4315.820348
72,19,4315.820348
72,19,4315.820348
72,19,4315.820348
72,19,4315.820348
72,19,4315.820348
72,19,4315.820348
72,19,4315.820348
72,19,4315.820348
72,19,4315.820348
72,19,4315.820348
72,19,4315.820348
72,19,4315.820348
72,19,4315.820348
72,20,4215.230909
72,21,4149.479450
72,22,4102.102051
72,23,4097.370371
72,24,4061.514481
72,24,4061.514481
72,25,4040.256645
72,27,4017.460148
72,28,4004.871023
72,30,3993.399358
72,33,3989.343029
72,33,3989.343029
72,34,3957.318988
72,35,3950.668617
72,37,3940.464381
72,37,3940.464381
72,37,3940.464381
72,37,3940.464381
73,19,4296.844760
73,20,4215.230909
73,21,4149.479450
73,22,4102.102051
73,23,4091.327393
73,24,4061.514481
73,24,4061.514481
73,25,4040.256645
73,27,4017.460148
73,28,4004.871023
73,30,3993.399358
73,31,3956.982506
73,35,3950.668617
73,37,3940.464381
73,37,3940.464381
73,37,3940.464381
73,37,3940.464381
74,19,4285.735597
74,20,4194.109691
74,21,4149.479450
74,21,4149.479450
74,22,4102.102051
74,23,4091.327393
74,24,4061.514481
74,24,4061.514481
74,25,4040.256645
74,27,4017.460148
74,28,4004.871023
74,30,3993.399358
74,31,3956.982506
74,31,3956.982506
74,34,3948.710608
74,37,3940.464381
74,37,3940.464381
74,37,3940.464381
74,37,3940.464381
75,19,4266.285681
75,20,4137.397918
75,21,4111.658273
75,22,4052.564756
75,22,4052.564756
75,23,4033.733679
75,26,3968.473021
75,28,3956.116676
75,31,3911.752150
76,19,4266.285681
76,20,4137.397918
76,20,4137.397918
76,21,4106.895318
76,22,4035.256886
76,23,4028.617337
76,26,3968.473021
76,28,3956.116676
76,29,3916.921485
76,31,3910.946666
76,32,3869.868661
77,19,4266.285681
77,19,4266.285681
77,19,4266.285681
77,20,4137.397918
77,20,4137.397918
77,21,4091.657560
77,22,4027.565269
77,23,3999.711744
77,24,3969.541802
77,26,3968.473021
77,26,3968.473021
77,28,3956.116676
77,29,3916.921485
77,31,3910.946666
77,32,3869.868661
78,19,4266.285681
78,19,4266.285681
78,19,4266.285681
78,19,4266.285681
78,19,4266.285681
78,20,4131.070005
78,21,4066.245782
78,22,4027.565269
78,23,3999.711744
78,24,3969.541802
78,26,3961.790162
78,28,3956.116676
78,28,3956.116676
78,29,3916.921485
78,31,3910.946666
78,32,3869.868661
79,19,4265.570284
79,20,4131.070005
79,21,4066.245782
79,21,4066.245782
79,22,4027.565269
79,23,3999.711744
79,24,3969.541802
79,25,3965.989617
79,26,3961.790162
79,27,3945.050880
79,29,3911.034540
79,31,3910.946666
79,32,3869.868661
79,32,3869.868661
80,19,4265.570284
80,19,4265.570284
80,20,4131.070005
80,21,4066.245782
80,21,4066.245782
80,22,4027.565269
80,23,3999.711744
80,24,3969.541802
80,25,3965.989617
80,26,3926.089279
80,29,3911.034540
80,29,3911.034540
80,31,3910.946666
80,31,3910.946666
80,32,3869.868661
80,32,3869.868661
80,32,3869.868661
81,19,4227.422329
81,20,4131.070005
81,21,4066.245782
81,21,4066.245782
81,22,4027.565269
81,23,3996.040548
81,24,3969.541802
81,25,3965.989617
81,26,3926.089279
81,29,3911.034540
81,29,3911.034540
81,31,3910.946666
81,31,3910.946666
81,32,3864.952517
82,19,4201.765203
82,20,4096.039751
82,21,4066.245782
82,21,4066.245782
82,22,3995.794249
82,24,3969.541802
82,25,3965.989617
82,26,3926.089279
82,29,3911.034540
82,29,3911.034540
82,31,3849.504610
83,19,4201.765203
83,19,4201.765203
83,20,4096.039751
83,20,4096.039751
83,21,4002.200330
83,22,3975.938660
83,23,3936.286395
83,26,3926.089279
83,29,3911.034540
83,29,3911.034540
83,30,3867.055062
83,31,3849.504610
84,19,4190.274345
84,20,4068.131142
84,21,4002.200330
84,21,4002.200330
84,22,3975.938660
84,23,3936.286395
84,26,3913.755085
84,29,3878.695590
84,30,3867.055062
84,31,3849.504610
85,19,4190.274345
85,19,4190.274345
85,20,4064.779952
85,21,4002.200330
85,21,4002.200330
85,21,4002.200330
85,22,3975.938660
85,23,3936.286395
85,26,3912.440574
85,27,3906.166642
85,29,3878.695590
85,30,3867.055062
85,31,3849.504610
86,19,4190.274345
86,19,4190.274345
86,19,4190.274345
86,19,4190.274345
86,19,4190.274345
86,19,4190.274345
86,20,3980.957381
86,22,3975.938660
86,22,3975.938660
86,23,3936.286395
86,26,3912.440574
86,27,3906.166642
86,27,3906.166642
86,27,3906.166642
86,29,3878.695590
86,30,3867.055062
86,30,3867.055062
86,31,3849.504610
87,19,4190.274345
87,19,4190.274345
87,19,4190.274345
87,19,4190.274345
87,19,4190.274345
87,19,4190.274345
87,19,4190.274345
87,19,4190.274345
87,19,4190.274345
87,19,4190.274345
87,20,3980.957381
87,22,3961.485828
87,23,3936.286395
87,26,3900.484673
87,29,3878.695590
87,30,3867.055062
87,30,3867.055062
87,30,3867.055062
87,31,3849.504610
88,19,4185.845022
88,20,3980.957381
88,22,3961.485828
88,23,3936.286395
88,25,3936.282624
88,26,3900.484673
88,26,3900.484673
88,29,3874.434683
88,30,3867.055062
88,30,3867.055062
88,30,3867.055062
88,31,3849.504610
89,19,4182.222238
89,20,3980.957381
89,22,3961.485828
89,23,3934.865266
89,26,3900.484673
89,26,3900.484673
89,26,3900.484673
89,29,3852.922324
89,31,3849.504610
90,19,4179.064283
90,20,3980.957381
90,22,3961.485828
90,23,3934.865266
90,24,3926.449894
90,26,3892.432567
90,26,3892.432567
90,27,3875.691659
90,29,3852.922324
90,31,3849.504610
91,19,4175.441500
91,19,4175.441500
91,20,3980.957381
91,22,3961.485828
91,23,3934.865266
91,23,3934.865266
91,24,3926.449894
91,26,3892.432567
91,26,3892.432567
91,27,3875.691659
91,29,3852.922324
91,31,3849.504610
92,19,4175.441500
92,19,4175.441500
92,19,4175.441500
92,19,4175.441500
92,20,3980.957381
92,22,3961.485828
92,23,3934.865266
92,23,3934.865266
92,24,3926.449894
92,25,3915.764026
92,26,3892.432567
92,26,3892.432567
92,27,3875.691659
92,27,3875.691659
92,29,3852.922324
92,31,3849.504610
93,19,4169.890869
93,20,3980.957381
93,22,3961.485828
93,23,3927.056739
93,24,3926.449894
93,25,3915.764026
93,25,3915.764026
93,26,3885.651828
93,27,3875.691659
93,27,3875.691659
93,28,3867.170968
93,29,3852.922324
93,29,3852.922324
93,31,3845.273766
94,19,4169.890869
94,19,4169.890869
94,20,3980.957381
94,21,3958.752220
94,22,3907.579232
94,25,3899.076209
94,26,3885.651828
94,27,3875.691659
94,27,3875.691659
94,28,3867.170968
94,29,3852.922324
94,29,3852.922324
94,30,3823.525305
94,31,3801.626207
95,19,4143.750579
95,19,4143.750579
95,19,4143.750579
95,20,3980.957381
95,21,3958.752220
95,22,3907.579232
95,23,3904.910007
95,25,3899.076209
95,26,3885.651828
95,27,3865.646452
95,29,3852.922324
95,29,3852.922324
95,30,3793.863830
96,19,4143.750579
96,19,4143.750579
96,19,4143.750579
96,19,4143.750579
96,19,4143.750579
96,19,4143.750579
96,19,4143.750579
96,19,4143.750579
96,20,3980.957381
96,21,3953.298363
96,22,3907.579232
96,23,3904.910007
96,25,3861.372314
96,26,3847.518512
96,30,3793.863830
97,19,4143.750579
97,19,4143.750579
97,19,4143.750579
97,19,4143.750579
97,19,4143.750579
97,19,4143.750579
97,19,4143.750579
97,19,4143.750579
97,19,4143.750579
97,19,4143.750579
97,20,3980.957381
97,21,3883.472816
97,25,3861.372314
97,26,3843.016605
97,30,3793.863830
98,19,4139.544324
98,20,3980.957381
98,21,3883.472816
98,25,3861.372314
98,26,3843.016605
98,27,3833.967206
98,30,3793.863830
98,30,3793.863830
99,19,4109.655454
99,20,3980.957381
99,21,3883.472816
99,24,3867.879493
99,25,3861.372314
99,26,3843.016605
99,27,3833.967206
99,27,3833.967206
99,30,3793.863830
99,30,3793.863830
99,30,3793.863830
100,19,4107.675171
100,20,3958.126808
100,21,3883.472816
100,24,3855.644830
100,26,3843.016605
100,27,3816.754521
100,30,3790.481790
101,19,4084.619965
101,20,3958.126808
101,20,3958.126808
101,21,3883.472816
101,24,3855.644830
101,26,3843.016605
101,27,3810.819450
101,29,3789.770866
102,19,4084.619965
102,20,3958.126808
102,20,3958.126808
102,21,3883.472816
102,24,3855.644830
102,25,3855.092207
102,26,3843.016605
102,27,3810.133452
102,28,3787.032273
103,19,4084.619965
103,20,3958.126808
103,20,3958.126808
103,21,3883.472816
103,24,3855.644830
103,25,3855.092207
103,25,3855.092207
103,26,3843.016605
103,27,3810.133452
103,28,3787.032273
103,31,3780.427814
104,19,4084.619965
104,20,3958.126808
104,20,3958.126808
104,21,3883.472816
104,23,3880.449583
104,24,3855.644830
104,25,3850.864528
104,26,3843.016605
104,27,3796.185343
104,28,3787.032273
104,31,3780.427814
105,19,4084.619965
105,20,3958.126808
105,20,3958.126808
105,21,3883.472816
105,23,3880.449583
105,24,3855.644830
105,25,3850.864528
105,26,3843.016605
105,27,3796.185343
105,28,3787.032273
105,31,3780.427814
105,31,3780.427814
106,19,4084.619965
106,19,4084.619965
106,20,3958.126808
106,20,3958.126808
106,21,3883.472816
106,22,3860.286660
106,24,3855.644830
106,25,3839.071725
106,27,3796.185343
106,28,3787.032273
106,30,3785.389660
106,31,3780.427814
106,31,3780.427814
107,19,4084.619965
107,19,4084.619965
107,19,4084.619965
107,20,3958.126808
107,20,3958.126808
107,21,3883.472816
107,22,3860.286660
107,24,3855.644830
107,25,3839.071725
107,27,3796.185343
107,28,3773.710972
108,19,4084.619965
108,19,4084.619965
108,19,4084.619965
108,19,4084.619965
108,19,4084.619965
108,20,3958.126808
108,20,3958.126808
108,21,3883.472816
108,22,3860.286660
108,24,3855.644830
108,25,3839.071725
108,26,3836.768278
108,27,3782.959761
108,28,3773.710972
109,19,4084.619965
109,19,4084.619965
109,19,4084.619965
109,19,4084.619965
109,19,4084.619965
109,20,3958.126808
109,20,3958.126808
109,21,3883.472816
109,22,3860.286660
109,24,3850.600130
109,25,3839.071725
109,26,3836.768278
109,27,3782.959761
109,28,3773.710972
109,29,3767.744691
110,19,4079.001696
110,20,3958.126808
110,20,3958.126808
110,21,3883.472816
110,22,3860.286660
110,24,3839.507402
110,25,3839.071725
110,26,3836.768278
110,27,3782.959761
110,28,3773.710972
110,29,3767.744691
110,29,3767.744691
111,19,4079.001696
111,19,4079.001696
111,20,3957.205534
111,21,3883.472816
111,22,3860.286660
111,23,3850.043304
111,24,3839.507402
111,25,3839.071725
111,26,3836.768278
111,27,3782.959761
111,28,3755.509164
112,19,4079.001696
112,19,4079.001696
112,19,4079.001696
112,20,3951.740750
112,21,3883.472816
112,22,3860.286660
112,23,3831.559354
112,27,3782.959761
112,28,3755.509164
112,29,3729.036278
113,19,4063.009121
113,20,3951.740750
113,21,3883.472816
113,22,3860.286660
113,23,3831.559354
113,25,3807.104454
113,26,3783.384674
113,27,3782.959761
113,28,3755.509164
113,29,3729.036278
114,19,4063.009121
114,20,3951.740750
114,21,3883.472816
114,22,3860.286660
114,23,3831.559354
114,25,3807.104454
114,25,3807.104454
114,26,3783.384674
114,27,3782.959761
114,27,3782.959761
114,28,3755.509164
114,29,3729.036278
115,19,4063.009121
115,19,4063.009121
115,20,3951.740750
115,21,3883.472816
115,22,3860.286660
115,23,3831.559354
115,25,3807.104454
115,25,3807.104454
115,26,3783.384674
115,27,3768.086242
115,28,3755.509164
115,29,3729.036278
115,30,3719.050756
116,18,4415.124449
116,19,4058.753565
116,20,3951.740750
116,20,3951.740750
116,20,3951.740750
116,21,3883.472816
116,22,3860.286660
116,23,3831.559354
116,25,3807.104454
116,25,3807.104454
116,26,3783.384674
116,27,3768.086242
116,28,3755.509164
116,29,3729.036278
116,30,3719.050756
117,18,4415.124449
117,18,4415.124449
117,19,4058.753565
117,20,3951.740750
117,20,3951.740750
117,20,3951.740750
117,21,3883.472816
117,22,3860.286660
117,23,3831.559354
117,25,3807.104454
117,25,3807.104454
117,26,3759.636995
117,28,3755.509164
117,29,3729.036278
117,30,3719.050756
118,18,4415.124449
118,18,4415.124449
118,19,4058.753565
118,20,3951.740750
118,20,3951.740750
118,20,3951.740750
118,21,3883.472816
118,22,3860.286660
118,23,3831.559354
118,25,3807.104454
118,25,3807.104454
118,26,3759.636995
118,28,3755.509164
118,29,3729.036278
118,30,3719.050756
119,18,4415.124449
119,18,4415.124449
119,19,4052.795877
119,20,3951.740750
119,20,3951.740750
119,20,3951.740750
119,21,3883.472816
119,22,3860.286660
119,23,3831.559354
119,25,3807.104454
119,25,3807.104454
119,26,3759.636995
119,28,3755.509164
119,29,3729.036278
119,30,3719.050756
120,18,4410.385533
120,19,4044.421861
120,20,3951.740750
120,20,3951.740750
120,20,3951.740750
120,20,3951.740750
120,21,3883.472816
120,22,3860.286660
120,23,3831.559354
120,25,3796.099707
120,26,3759.636995
120,28,3755.509164
120,29,3729.036278
120,30,3719.050756
121,18,4410.385533
121,19,4004.623814
121,20,3951.740750
121,20,3951.740750
121,20,3951.740750
121,20,3951.740750
121,21,3883.472816
121,22,3860.286660
121,23,3831.559354
121,25,3796.099707
121,26,3759.636995
121,28,3755.509164
121,29,3729.036278
121,30,3719.050756
122,18,4410.385533
122,19,4004.623814
122,20,3951.740750
122,20,3951.740750
122,20,3951.740750
122,20,3951.740750
122,21,3883.472816
122,22,3860.286660
122,22,3860.286660
122,23,3831.559354
122,25,3796.099707
122,26,3759.636995
122,28,3755.509164
122,29,3729.036278
122,30,3719.050756
123,18,4397.867070
123,19,4004.623814
123,20,3951.740750
123,20,3951.740750
123,20,3951.740750
123,20,3951.740750
123,21,3883.472816
123,22,3860.286660
123,22,3860.286660
123,23,3831.559354
123,25,3796.099707
123,26,3759.636995
123,28,3755.509164
123,29,3729.036278
123,30,3719.050756
124,18,4397.867070
124,19,4004.623814
124,20,3951.740750
124,20,3951.740750
124,20,3951.740750
124,20,3951.740750
124,21,3883.472816
124,22,3860.286660
124,22,3860.286660
124,23,3831.559354
124,25,3796.099707
124,26,3759.636995
124,28,3755.509164
124,29,3729.036278
124,30,3719.050756
125,18,4397.867070
125,18,4397.867070
125,18,4397.867070
125,18,4397.867070
125,19,4004.623814
125,20,3951.740750
125,20,3951.740750
125,20,3951.740750
125,20,3951.740750
125,21,3883.472816
125,22,3860.286660
125,22,3860.286660
125,23,3831.559354
125,25,3796.099707
125,26,3759.636995
125,26,3759.636995
125,28,3755.509164
125,29,3729.036278
125,30,3719.050756
126,18,4305.641399
126,19,4004.623814
126,19,4004.623814
126,20,3945.231990
126,20,3945.231990
126,21,3830.174405
126,23,3787.673070
126,25,3765.080786
126,26,3725.709788
126,27,3719.905532
126,29,3702.926725
127,18,4305.641399
127,19,3982.986960
127,20,3910.258159
127,21,3830.174405
127,23,3787.673070
127,25,3765.080786
127,26,3725.709788
127,27,3719.905532
127,29,3702.926725
128,18,4305.641399
128,18,4305.641399
128,19,3982.986960
128,20,3901.013336
128,21,3830.174405
128,23,3787.673070
128,25,3765.080786
128,26,3714.363244
128,29,3702.926725
129,18,4302.874605
129,19,3982.986960
129,20,3901.013336
129,21,3830.174405
129,22,3798.953479
129,23,3787.673070
129,25,3765.080786
129,26,3714.363244
129,29,3702.926725
129,30,3688.994528
130,18,4302.874605
130,18,4302.874605
130,18,4302.874605
130,19,3982.986960
130,20,3901.013336
130,21,3830.174405
130,22,3798.953479
130,23,3787.673070
130,25,3743.388136
130,26,3714.363244
130,29,3702.926725
130,30,3688.994528
131,18,4302.874605
131,18,4302.874605
131,18,4302.874605
131,18,4302.874605
131,19,3980.930102
131,20,3901.013336
131,20,3901.013336
131,21,3830.174405
131,22,3798.953479
131,23,3787.673070
131,25,3743.388136
131,26,3714.363244
131,29,3702.926725
131,30,3688.994528
132,18,4302.874605
132,18,4302.874605
132,18,4302.874605
132,18,4302.874605
132,18,4302.874605
132,18,4302.874605
132,19,3980.930102
132,20,3901.013336
132,20,3901.013336
132,21,3830.174405
132,22,3798.953479
132,23,3787.673070
132,25,3743.388136
132,26,3714.363244
132,29,3702.926725
132,30,3688.994528
133,18,4302.874605
133,18,4302.874605
133,18,4302.874605
133,18,4302.874605
133,18,4302.874605
133,18,4302.874605
133,18,4302.874605
133,19,3980.930102
133,20,3901.013336
133,20,3901.013336
133,21,3830.174405
133,22,3798.953479
133,23,3787.673070
133,25,3743.388136
133,26,3714.363244
133,29,3702.926725
133,30,3688.994528
134,18,4120.453378
134,19,3867.448918
134,20,3841.585990
134,21,3795.725245
134,22,3776.815296
134,25,3671.849820
135,18,4120.453378
135,19,3867.448918
135,20,3841.585990
135,21,3795.725245
135,22,3776.815296
135,25,3671.849820
135,30,3630.648675
136,18,4046.302317
136,19,3867.448918
136,20,3841.585990
136,21,3795.725245
136,22,3776.815296
136,25,3671.849820
136,30,3630.648675
137,18,4046.302317
137,19,3867.448918
137,20,3841.585990
137,21,3795.725245
137,22,3776.815296
137,23,3759.712024
137,25,3671.849820
137,30,3630.648675
138,18,4045.350261
138,19,3867.448918
138,20,3841.585990
138,21,3795.725245
138,22,3776.815296
138,23,3759.712024
138,25,3671.849820
138,26,3651.217230
138,30,3630.648675
139,18,3977.663495
139,18,3977.663495
139,19,3867.448918
139,20,3841.585990
139,21,3795.725245
139,22,3776.815296
139,23,3759.712024
139,25,3671.849820
139,26,3651.217230
139,29,3650.076539
139,30,3630.648675
140,18,3977.663495
140,18,3977.663495
140,18,3977.663495
140,18,3977.663495
140,19,3863.298667
140,20,3841.585990
140,21,3795.725245
140,22,3776.815296
140,23,3759.712024
140,25,3671.849820
140,26,3651.217230
140,29,3650.076539
140,30,3630.648675
141,18,3977.663495
141,18,3977.663495
141,18,3977.663495
141,18,3977.663495
141,18,3977.663495
141,18,3977.663495
141,19,3863.298667
141,20,3841.585990
141,21,3790.903596
141,22,3776.815296
141,23,3759.712024
141,25,3671.849820
141,26,3651.217230
141,29,3650.076539
141,30,3630.648675
142,18,3977.663495
142,18,3977.663495
142,18,3977.663495
142,18,3977.663495
142,18,3977.663495
142,18,3977.663495
142,18,3977.663495
142,19,3863.298667
142,20,3841.585990
142,21,3790.903596
142,22,3776.815296
142,23,3759.712024
142,24,3663.205856
142,26,3651.217230
142,29,3650.076539
142,30,3630.648675
143,18,3965.548700
143,19,3863.298667
143,20,3833.975325
143,20,3833.975325
143,21,3778.837016
143,22,3776.815296
143,23,3750.977305
143,24,3663.205856
143,26,3651.217230
143,29,3650.076539
143,30,3630.648675
144,18,3957.070664
144,19,3863.298667
144,20,3833.975325
144,20,3833.975325
144,21,3778.837016
144,22,3776.815296
144,23,3750.977305
144,24,3663.205856
144,26,3651.217230
144,29,3650.076539
144,30,3630.648675
145,18,3914.939884
145,19,3863.298667
145,20,3833.975325
145,20,3833.975325
145,21,3778.837016
145,22,3776.815296
145,23,3750.977305
145,24,3663.205856
145,26,3651.217230
145,29,3650.076539
145,30,3630.648675
146,17,4122.763903
146,18,3858.270661
146,18,3858.270661
146,19,3839.484997
146,20,3811.729102
146,21,3778.837016
146,22,3741.372422
146,23,3740.933596
146,24,3663.205856
146,26,3651.217230
146,29,3650.076539
146,30,3630.648675
147,17,4122.763903
147,18,3858.270661
147,18,3858.270661
147,19,3839.484997
147,20,3811.729102
147,21,3778.837016
147,22,3741.372422
147,23,3740.933596
147,24,3663.205856
147,26,3651.217230
147,29,3650.076539
147,30,3630.648675
148,17,4122.763903
148,18,3858.270661
148,18,3858.270661
148,19,3839.484997
148,20,3811.729102
148,21,3778.837016
148,22,3741.372422
148,23,3740.933596
148,24,3663.205856
148,24,3663.205856
148,26,3651.217230
148,29,3650.076539
148,30,3630.648675
149,17,4122.763903
149,18,3858.270661
149,18,3858.270661
149,19,3839.484997
149,20,3811.729102
149,21,3778.837016
149,22,3741.372422
149,23,3740.933596
149,24,3663.205856
149,24,3663.205856
149,26,3651.217230
149,29,3650.076539
149,30,3630.648675
150,17,4115.482225
150,18,3858.270661
150,18,3858.270661
150,18,3858.270661
150,19,3839.484997
150,20,3811.729102
150,21,3778.837016
150,22,3741.372422
150,23,3740.933596
150,24,3663.205856
150,24,3663.205856
150,26,3651.217230
150,29,3650.076539
150,30,3630.648675
151,17,3851.967038
151,19,3777.561368
151,20,3747.001980
151,21,3727.156193
151,22,3691.883583
151,23,3623.036782
151,25,3614.722232
151,28,3611.674681
151,29,3610.689853
152,17,3851.967038
152,17,3851.967038
152,19,3777.561368
152,20,3747.001980
152,21,3727.156193
152,22,3691.883583
152,23,3623.036782
152,25,3614.722232
152,26,3579.467852
153,17,3851.967038
153,17,3851.967038
153,17,3851.967038
153,18,3839.478010
153,19,3777.561368
153,20,3747.001980
153,21,3727.156193
153,22,3691.883583
153,23,3623.036782
153,25,3614.722232
153,26,3579.467852
154,17,3851.967038
154,17,3851.967038
154,17,3851.967038
154,17,3851.967038
154,18,3839.478010
154,18,3839.478010
154,19,3777.561368
154,20,3747.001980
154,21,3727.156193
154,22,3662.958319
154,23,3623.036782
154,25,3614.722232
154,26,3579.467852
155,17,3851.967038
155,17,3851.967038
155,17,3851.967038
155,17,3851.967038
155,18,3839.478010
155,18,3839.478010
155,19,3777.561368
155,20,3747.001980
155,21,3707.872537
155,22,3662.958319
155,23,3623.036782
155,25,3614.722232
155,26,3579.467852
156,17,3851.967038
156,17,3851.967038
156,17,3851.967038
156,17,3851.967038
156,18,3818.472311
156,19,3777.561368
156,20,3684.975798
156,22,3662.958319
156,23,3623.036782
156,25,3614.722232
156,26,3579.467852
157,17,3851.967038
157,17,3851.967038
157,17,3851.967038
157,17,3851.967038
157,18,3818.472311
157,18,3818.472311
157,19,3777.561368
157,20,3684.975798
157,21,3675.147958
157,22,3662.958319
157,23,3623.036782
157,25,3614.722232
157,26,3579.467852
158,17,3851.967038
158,17,3851.967038
158,17,3851.967038
158,17,3851.967038
158,18,3818.472311
158,18,3818.472311
158,19,3771.765342
158,20,3684.975798
158,21,3669.139911
158,22,3662.958319
158,23,3623.036782
158,25,3614.722232
158,26,3579.467852
159,17,3851.967038
159,17,3851.967038
159,17,3851.967038
159,17,3851.967038
159,18,3813.858565
159,19,3771.765342
159,20,3684.975798
159,21,3669.139911
159,21,3669.139911
159,22,3662.958319
159,23,3623.036782
159,25,3614.722232
159,26,3579.467852
160,17,3851.967038
160,17,3851.967038
160,17,3851.967038
160,17,3851.967038
160,18,3813.858565
160,19,3742.830977
160,20,3684.975798
160,21,3669.139911
160,21,3669.139911
160,22,3662.958319
160,23,3623.036782
160,24,3614.368711
160,26,3579.467852
161,17,3851.967038
161,17,3851.967038
161,17,3851.967038
161,17,3851.967038
161,18,3788.988355
161,19,3742.830977
161,20,3684.975798
161,21,3669.139911
161,21,3669.139911
161,21,3669.139911
161,22,3662.958319
161,23,3623.036782
161,24,3614.368711
161,26,3579.467852
162,17,3851.967038
162,17,3851.967038
162,17,3851.967038
162,17,3851.967038
162,18,3788.988355
162,19,3742.830977
162,20,3684.975798
162,21,3669.139911
162,21,3669.139911
162,21,3669.139911
162,21,3669.139911
162,22,3662.958319
162,23,3623.036782
162,24,3614.368711
162,26,3579.467852
163,17,3851.967038
163,17,3851.967038
163,17,3851.967038
163,17,3851.967038
163,18,3720.648594
163,20,3684.975798
163,20,3684.975798
163,21,3669.139911
163,21,3669.139911
163,21,3669.139911
163,21,3669.139911
163,21,3669.139911
163,22,3662.958319
163,23,3623.036782
163,24,3614.368711
163,26,3579.467852
164,17,3851.967038
164,17,3851.967038
164,17,3851.967038
164,17,3851.967038
164,18,3720.648594
164,18,3720.648594
164,20,3684.975798
164,20,3684.975798
164,20,3684.975798
164,21,3669.139911
164,21,3669.139911
164,21,3669.139911
164,21,3669.139911
164,21,3669.139911
164,21,3669.139911
164,22,3628.001892
164,23,3623.036782
164,24,3614.368711
164,26,3579.467852
165,17,3851.967038
165,17,3851.967038
165,17,3851.967038
165,17,3851.967038
165,18,3720.648594
165,18,3720.648594
165,18,3720.648594
165,20,3684.975798
165,20,3684.975798
165,20,3684.975798
165,21,3669.139911
165,21,3669.139911
165,21,3669.139911
165,21,3669.139911
165,21,3669.139911
165,21,3669.139911
165,21,3669.139911
165,21,3669.139911
165,22,3628.001892
165,23,3623.036782
165,24,3614.368711
165,26,3579.467852
