Iteration,NV,TOC
1,15,3318.665263
1,15,3318.665263
1,16,3216.911241
1,17,3041.613706
1,19,2876.372187
1,22,2776.631327
1,27,2773.313358
1,31,2755.757074
2,15,3295.287236
2,16,2981.847398
2,19,2876.372187
2,22,2733.105369
2,27,2710.584803
3,14,3535.491105
3,15,3251.054777
3,16,2981.847398
3,16,2981.847398
3,19,2876.372187
3,21,2785.602230
3,22,2733.105369
3,24,2686.988264
4,13,3595.238375
4,14,3535.491105
4,14,3535.491105
4,15,3251.054777
4,16,2966.469201
4,17,2877.939679
4,18,2856.844870
4,19,2775.906497
4,21,2675.301713
4,23,2669.913255
5,13,3534.837577
5,14,3322.037016
5,15,3127.483630
5,16,2966.469201
5,17,2877.939679
5,18,2856.844870
5,19,2775.906497
5,21,2671.923876
5,23,2669.913255
5,26,2654.152818
6,13,3515.122934
6,14,3305.214028
6,15,3127.483630
6,16,2965.580014
6,17,2877.939679
6,18,2856.844870
6,19,2775.906497
6,21,2671.923876
6,23,2669.913255
6,26,2647.460287
7,13,3439.907148
7,14,3206.523267
7,15,3015.109795
7,16,2944.268537
7,17,2877.939679
7,18,2856.844870
7,19,2775.906497
7,21,2671.923876
7,22,2637.294385
8,13,3337.166408
8,14,3206.523267
8,15,3015.109795
8,16,2944.268537
8,17,2874.402098
8,18,2856.844870
8,19,2775.906497
8,21,2671.923876
8,22,2637.294385
9,13,3337.166408
9,13,3337.166408
9,14,3088.973423
9,15,3015.109795
9,16,2944.268537
9,17,2789.396380
9,19,2775.906497
9,21,2671.923876
9,22,2637.294385
9,25,2631.999535
9,29,2531.039494
10,13,3281.893483
10,14,3088.973423
10,15,2994.005813
10,16,2944.268537
10,17,2789.396380
10,19,2775.906497
10,20,2745.441876
10,21,2671.923876
10,22,2622.082297
10,23,2549.168985
10,29,2531.039494
11,13,3257.631868
11,14,3088.973423
11,15,2931.286231
11,17,2762.427235
11,20,2745.441876
11,21,2671.923876
11,22,2622.082297
11,23,2549.168985
11,29,2531.039494
12,13,3257.631868
12,13,3257.631868
12,14,3053.934500
12,15,2931.286231
12,17,2762.427235
12,20,2717.555331
12,21,2639.044920
12,22,2622.082297
12,23,2549.168985
12,26,2512.146229
13,13,3249.109369
13,14,3026.440301
13,15,2931.286231
13,16,2921.706058
13,17,2762.427235
13,18,2737.719021
13,20,2717.555331
13,21,2639.044920
13,22,2622.082297
13,23,2549.168985
13,26,2512.146229
14,13,3209.797064
14,14,3026.440301
14,15,2931.286231
14,16,2921.706058
14,17,2762.427235
14,18,2737.719021
14,19,2721.885459
14,20,2717.555331
14,21,2626.607903
14,22,2622.082297
14,23,2549.168985
14,26,2512.146229
15,12,3453.963634
15,13,3132.665112
15,14,2998.251739
15,15,2931.286231
15,16,2892.291603
15,17,2762.427235
15,17,2762.427235
15,18,2737.719021
15,19,2721.885459
15,20,2678.375978
15,21,2626.607903
15,22,2596.853164
15,23,2549.168985
15,26,2512.146229
16,12,3451.540263
16,13,3132.665112
16,14,2998.251739
16,15,2931.286231
16,16,2892.291603
16,17,2762.427235
16,17,2762.427235
16,18,2725.831747
16,19,2721.885459
16,20,2678.375978
16,21,2626.607903
16,22,2596.853164
16,23,2549.168985
16,26,2512.146229
17,12,3447.886062
17,13,3132.665112
17,14,2998.251739
17,15,2931.286231
17,16,2842.174069
17,17,2762.427235
17,17,2762.427235
17,18,2725.831747
17,19,2721.885459
17,20,2678.375978
17,21,2626.607903
17,22,2596.853164
17,23,2549.168985
17,26,2512.146229
18,12,3424.098125
18,13,3132.665112
18,14,2998.251739
18,15,2931.286231
18,16,2842.174069
18,17,2762.427235
18,17,2762.427235
18,18,2725.831747
18,19,2686.506857
18,20,2678.375978
18,21,2626.607903
18,22,2596.853164
18,23,2549.168985
18,26,2512.146229
19,12,3424.098125
19,13,3132.665112
19,14,2998.251739
19,15,2931.286231
19,16,2842.174069
19,17,2762.427235
19,17,2762.427235
19,18,2725.831747
19,19,2686.506857
19,20,2678.375978
19,21,2626.607903
19,22,2596.853164
19,23,2549.168985
19,26,2512.146229
20,12,3383.459512
20,13,2990.464714
20,14,2884.147236
20,15,2694.073565
20,17,2680.598322
20,19,2524.796072
20,23,2473.903109
21,12,3383.459512
21,12,3383.459512
21,13,2990.464714
21,14,2884.147236
21,15,2694.073565
21,17,2680.598322
21,18,2653.876740
21,19,2524.796072
21,23,2473.903109
22,12,3277.270350
22,13,2990.464714
22,14,2884.147236
22,15,2694.073565
22,17,2680.598322
22,18,2638.742949
22,19,2524.796072
22,23,2473.903109
23,12,3277.270350
23,13,2990.464714
23,14,2884.147236
23,15,2694.073565
23,17,2680.598322
23,18,2638.742949
23,19,2524.796072
23,22,2523.273760
23,23,2473.903109
24,12,3277.270350
24,12,3277.270350
24,12,3277.270350
24,13,2990.464714
24,14,2884.147236
24,15,2694.073565
24,17,2680.598322
24,18,2638.742949
24,19,2524.796072
24,22,2494.110344
24,23,2473.903109
25,12,3274.651474
25,13,2990.464714
25,14,2884.147236
25,15,2694.073565
25,17,2680.598322
25,18,2638.742949
25,19,2524.796072
25,22,2494.110344
25,23,2473.903109
26,12,3266.326316
26,13,2990.464714
26,14,2884.147236
26,15,2694.073565
26,17,2629.247211
26,18,2555.293952
26,19,2524.796072
26,22,2494.110344
26,23,2473.903109
27,12,3266.326316
27,12,3266.326316
27,13,2990.464714
27,14,2884.147236
27,15,2694.073565
27,17,2629.247211
27,18,2555.293952
27,19,2524.796072
27,22,2494.110344
27,23,2473.903109
28,12,3181.824674
28,13,2990.464714
28,14,2884.147236
28,15,2694.073565
28,17,2629.247211
28,18,2555.293952
28,19,2524.796072
28,22,2494.110344
28,23,2473.903109
28,25,2471.742201
29,12,3181.824674
29,12,3181.824674
29,13,2990.464714
29,14,2884.147236
29,15,2694.073565
29,16,2691.165108
29,17,2629.247211
29,18,2555.293952
29,19,2507.272460
29,22,2494.110344
29,23,2473.903109
29,25,2471.742201
30,12,3181.824674
30,12,3181.824674
30,12,3181.824674
30,13,2990.464714
30,14,2884.147236
30,15,2694.073565
30,16,2691.165108
30,17,2629.247211
30,18,2555.293952
30,19,2507.272460
30,22,2494.110344
30,23,2473.903109
30,25,2471.742201
31,12,3181.824674
31,12,3181.824674
31,12,3181.824674
31,12,3181.824674
31,13,2990.464714
31,14,2884.147236
31,15,2694.073565
31,16,2623.046090
31,18,2555.293952
31,19,2507.272460
31,22,2494.110344
31,23,2473.903109
31,25,2471.742201
32,12,3181.824674
32,12,3181.824674
32,12,3181.824674
32,12,3181.824674
32,12,3181.824674
32,13,2990.464714
32,14,2884.147236
32,15,2694.073565
32,16,2623.046090
32,18,2547.200313
32,19,2507.272460
32,22,2494.110344
32,23,2473.903109
32,25,2471.742201
33,12,3181.824674
33,12,3181.824674
33,12,3181.824674
33,12,3181.824674
33,12,3181.824674
33,12,3181.824674
33,12,3181.824674
33,13,2990.464714
33,14,2884.147236
33,15,2694.073565
33,16,2623.046090
33,18,2547.200313
33,19,2507.272460
33,22,2494.110344
33,23,2473.903109
33,25,2471.742201
34,12,3181.824674
34,12,3181.824674
34,12,3181.824674
34,12,3181.824674
34,12,3181.824674
34,12,3181.824674
34,12,3181.824674
34,12,3181.824674
34,13,2990.464714
34,14,2884.147236
34,15,2694.073565
34,16,2623.046090
34,18,2547.200313
34,19,2507.272460
34,22,2494.110344
34,23,2473.903109
34,24,2464.218625
35,12,3181.824674
35,12,3181.824674
35,12,3181.824674
35,12,3181.824674
35,12,3181.824674
35,12,3181.824674
35,12,3181.824674
35,12,3181.824674
35,12,3181.824674
35,13,2990.464714
35,14,2834.864927
35,15,2694.073565
35,16,2621.989038
35,18,2547.200313
35,19,2482.314004
35,23,2473.903109
35,24,2464.218625
36,12,3181.824674
36,12,3181.824674
36,12,3181.824674
36,12,3181.824674
36,12,3181.824674
36,12,3181.824674
36,12,3181.824674
36,12,3181.824674
36,12,3181.824674
36,12,3181.824674
36,12,3181.824674
36,13,2990.464714
36,14,2834.864927
36,15,2694.073565
36,16,2621.989038
36,18,2547.200313
36,19,2482.314004
36,23,2473.903109
36,24,2464.218625
37,12,3181.824674
37,12,3181.824674
37,12,3181.824674
37,12,3181.824674
37,12,3181.824674
37,12,3181.824674
37,12,3181.824674
37,12,3181.824674
37,12,3181.824674
37,12,3181.824674
37,12,3181.824674
37,12,3181.824674
37,13,2982.881571
37,14,2834.864927
37,15,2694.073565
37,16,2621.989038
37,18,2547.200313
37,19,2482.314004
37,22,2447.351243
38,12,3176.233514
38,12,3176.233514
38,13,2982.881571
38,14,2834.864927
38,15,2694.073565
38,16,2621.989038
38,18,2547.200313
38,19,2482.314004
38,21,2479.307619
38,22,2447.351243
39,12,3176.233514
39,12,3176.233514
39,13,2982.881571
39,14,2834.864927
39,15,2694.073565
39,16,2621.989038
39,18,2547.200313
39,19,2482.314004
39,21,2471.872724
39,22,2447.351243
40,12,3163.275878
40,13,2982.881571
40,14,2834.864927
40,15,2694.073565
40,16,2621.989038
40,18,2547.200313
40,19,2482.314004
40,21,2471.872724
40,22,2447.351243
41,12,3098.905211
41,13,2982.881571
41,14,2834.864927
41,15,2694.073565
41,16,2621.989038
41,18,2547.200313
41,19,2482.314004
41,21,2455.324935
41,22,2447.351243
42,12,3098.905211
42,12,3098.905211
42,13,2933.756314
42,14,2834.864927
42,15,2694.073565
42,16,2621.989038
42,18,2547.200313
42,19,2482.314004
42,21,2455.324935
42,22,2447.351243
42,23,2436.609488
43,12,3098.905211
43,12,3098.905211
43,13,2933.756314
43,14,2834.864927
43,15,2694.073565
43,16,2621.989038
43,18,2538.321829
43,19,2482.314004
43,20,2450.045632
43,22,2447.351243
43,23,2436.609488
44,12,3098.905211
44,12,3098.905211
44,12,3098.905211
44,13,2933.756314
44,14,2803.416692
44,15,2694.073565
44,16,2621.989038
44,18,2538.321829
44,19,2482.314004
44,20,2450.045632
44,22,2435.682471
45,12,3098.905211
45,12,3098.905211
45,12,3098.905211
45,12,3098.905211
45,13,2874.263058
45,14,2803.416692
45,15,2694.073565
45,16,2621.989038
45,17,2572.112244
45,18,2538.321829
45,19,2482.314004
45,20,2450.045632
45,21,2432.552481
46,12,3098.905211
46,12,3098.905211
46,12,3098.905211
46,12,3098.905211
46,12,3098.905211
46,12,3098.905211
46,12,3098.905211
46,13,2874.263058
46,13,2874.263058
46,14,2803.416692
46,15,2694.073565
46,16,2621.989038
46,17,2572.112244
46,17,2572.112244
46,18,2538.321829
46,19,2482.314004
46,20,2450.045632
46,21,2432.552481
47,12,3098.905211
47,12,3098.905211
47,12,3098.905211
47,12,3098.905211
47,12,3098.905211
47,12,3098.905211
47,12,3098.905211
47,12,3098.905211
47,13,2874.263058
47,13,2874.263058
47,14,2803.416692
47,15,2694.073565
47,16,2621.989038
47,17,2572.112244
47,17,2572.112244
47,18,2538.321829
47,19,2482.314004
47,20,2450.045632
47,21,2432.552481
47,23,2424.923412
48,12,3098.905211
48,12,3098.905211
48,12,3098.905211
48,12,3098.905211
48,12,3098.905211
48,12,3098.905211
48,12,3098.905211
48,12,3098.905211
48,12,3098.905211
48,12,3098.905211
48,12,3098.905211
48,12,3098.905211
48,13,2874.263058
48,13,2874.263058
48,14,2803.416692
48,15,2694.073565
48,16,2621.989038
48,17,2572.112244
48,17,2572.112244
48,17,2572.112244
48,18,2521.619427
48,19,2482.314004
48,20,2450.045632
48,21,2432.552481
48,23,2424.923412
48,23,2424.923412
48,23,2424.923412
49,12,3098.905211
49,12,3098.905211
49,12,3098.905211
49,12,3098.905211
49,12,3098.905211
49,12,3098.905211
49,12,3098.905211
49,12,3098.905211
49,12,3098.905211
49,12,3098.905211
49,12,3098.905211
49,12,3098.905211
49,12,3098.905211
49,12,3098.905211
49,13,2870.538259
49,14,2803.416692
49,15,2694.073565
49,16,2621.989038
49,17,2570.997237
49,18,2521.619427
49,19,2480.418237
49,20,2450.045632
49,21,2432.552481
49,23,2424.923412
49,23,2424.923412
49,23,2424.923412
49,23,2424.923412
49,26,2403.466865
50,12,3098.905211
50,12,3098.905211
50,12,3098.905211
50,12,3098.905211
50,12,3098.905211
50,12,3098.905211
50,12,3098.905211
50,12,3098.905211
50,12,3098.905211
50,12,3098.905211
50,12,3098.905211
50,12,3098.905211
50,12,3098.905211
50,12,3098.905211
50,12,3098.905211
50,12,3098.905211
50,12,3098.905211
50,13,2870.538259
50,14,2765.889695
50,15,2694.073565
50,16,2621.989038
50,17,2570.997237
50,18,2521.619427
50,19,2480.418237
50,20,2450.045632
50,21,2421.387866
50,26,2403.466865
51,12,3075.865060
51,13,2870.538259
51,14,2765.889695
51,14,2765.889695
51,15,2694.073565
51,16,2621.989038
51,17,2570.997237
51,18,2521.619427
51,19,2480.418237
51,20,2450.045632
51,21,2421.387866
51,26,2403.466865
52,12,3057.373494
52,13,2870.538259
52,14,2746.447613
52,15,2694.073565
52,16,2621.989038
52,17,2570.997237
52,18,2521.619427
52,19,2480.418237
52,20,2450.045632
52,21,2418.571695
52,25,2407.689653
52,26,2403.466865
53,12,3000.798566
53,13,2870.538259
53,14,2746.447613
53,15,2694.073565
53,16,2621.989038
53,17,2570.997237
53,18,2521.619427
53,19,2480.418237
53,20,2450.045632
53,21,2418.571695
53,25,2407.689653
53,26,2403.466865
53,29,2371.381535
54,12,2941.839170
54,13,2870.538259
54,14,2746.447613
54,15,2694.073565
54,16,2621.989038
54,17,2570.997237
54,18,2514.650230
54,19,2480.418237
54,20,2450.045632
54,21,2418.571695
54,22,2397.088016
54,29,2371.381535
55,12,2941.839170
55,12,2941.839170
55,13,2870.538259
55,14,2746.447613
55,15,2694.073565
55,16,2621.989038
55,17,2570.997237
55,18,2514.650230
55,19,2480.418237
55,20,2450.045632
55,21,2418.571695
55,22,2397.088016
55,29,2371.381535
56,12,2941.839170
56,12,2941.839170
56,12,2941.839170
56,13,2837.659515
56,14,2746.447613
56,15,2694.073565
56,16,2621.989038
56,17,2570.997237
56,18,2514.650230
56,19,2480.418237
56,20,2450.045632
56,21,2418.571695
56,22,2397.088016
56,29,2371.381535
57,12,2941.839170
57,12,2941.839170
57,12,2941.839170
57,12,2941.839170
57,12,2941.839170
57,13,2837.659515
57,14,2746.447613
57,15,2694.073565
57,16,2621.989038
57,17,2570.997237
57,18,2463.855424
57,18,2463.855424
57,19,2458.005057
57,20,2450.045632
57,21,2418.571695
57,22,2397.088016
57,29,2371.381535
58,12,2941.839170
58,12,2941.839170
58,12,2941.839170
58,12,2941.839170
58,12,2941.839170
58,12,2941.839170
58,12,2941.839170
58,12,2941.839170
58,13,2837.659515
58,14,2746.447613
58,15,2694.073565
58,16,2621.989038
58,17,2570.997237
58,18,2463.855424
58,18,2463.855424
58,19,2458.005057
58,20,2409.390796
58,22,2368.032543
59,12,2941.839170
59,12,2941.839170
59,12,2941.839170
59,12,2941.839170
59,12,2941.839170
59,12,2941.839170
59,12,2941.839170
59,12,2941.839170
59,12,2941.839170
59,12,2941.839170
59,13,2837.659515
59,14,2746.447613
59,15,2694.073565
59,16,2585.229772
59,17,2570.997237
59,18,2463.855424
59,18,2463.855424
59,19,2458.005057
59,20,2409.390796
59,22,2368.032543
60,12,2941.839170
60,12,2941.839170
60,12,2941.839170
60,12,2941.839170
60,12,2941.839170
60,12,2941.839170
60,12,2941.839170
60,12,2941.839170
60,12,2941.839170
60,12,2941.839170
60,12,2941.839170
60,13,2837.659515
60,14,2746.447613
60,15,2694.073565
60,16,2585.229772
60,17,2570.997237
60,18,2463.855424
60,18,2463.855424
60,19,2458.005057
60,20,2409.390796
60,22,2368.032543
61,12,2941.839170
61,12,2941.839170
61,12,2941.839170
61,12,2941.839170
61,12,2941.839170
61,12,2941.839170
61,12,2941.839170
61,12,2941.839170
61,12,2941.839170
61,12,2941.839170
61,12,2941.839170
61,12,2941.839170
61,12,2941.839170
61,12,2941.839170
61,12,2941.839170
61,12,2941.839170
61,12,2941.839170
61,12,2941.839170
61,13,2827.528021
61,14,2746.447613
61,15,2694.073565
61,16,2585.229772
61,17,2570.997237
61,18,2463.855424
61,18,2463.855424
61,19,2458.005057
61,20,2409.390796
61,22,2368.032543
62,12,2865.103121
62,13,2827.528021
62,14,2746.447613
62,15,2694.073565
62,16,2585.229772
62,17,2570.997237
62,18,2463.855424
62,18,2463.855424
62,19,2458.005057
62,20,2409.390796
62,22,2368.032543
63,12,2858.568616
63,13,2804.306270
63,14,2746.447613
63,15,2692.113552
63,16,2585.229772
63,17,2570.997237
63,18,2463.855424
63,18,2463.855424
63,19,2458.005057
63,20,2409.390796
63,22,2368.032543
64,12,2854.569824
64,13,2804.306270
64,13,2804.306270
64,13,2804.306270
64,14,2746.447613
64,15,2692.113552
64,15,2692.113552
64,16,2585.229772
64,17,2570.997237
64,18,2463.855424
64,18,2463.855424
64,19,2458.005057
64,20,2409.390796
64,22,2368.032543
65,12,2854.569824
65,12,2854.569824
65,13,2769.476393
65,14,2739.235484
65,15,2675.846154
65,16,2585.229772
65,17,2570.997237
65,18,2463.855424
65,18,2463.855424
65,19,2458.005057
65,20,2409.390796
65,22,2368.032543
66,12,2853.797894
66,13,2769.476393
66,14,2707.725648
66,15,2675.846154
66,16,2585.229772
66,17,2570.997237
66,18,2463.855424
66,18,2463.855424
66,19,2458.005057
66,20,2409.390796
66,22,2368.032543
67,12,2853.797894
67,12,2853.797894
67,12,2853.797894
67,13,2769.476393
67,14,2707.725648
67,15,2675.846154
67,16,2585.229772
67,17,2570.997237
67,18,2463.855424
67,18,2463.855424
67,19,2458.005057
67,20,2409.390796
67,22,2368.032543
68,12,2853.797894
68,12,2853.797894
68,12,2853.797894
68,12,2853.797894
68,12,2853.797894
68,12,2853.797894
68,13,2769.476393
68,13,2769.476393
68,14,2707.725648
68,15,2675.846154
68,16,2585.229772
68,17,2570.997237
68,18,2463.855424
68,18,2463.855424
68,19,2458.005057
68,20,2409.390796
68,22,2368.032543
69,12,2843.817359
69,13,2769.476393
69,13,2769.476393
69,14,2707.725648
69,15,2647.791911
69,16,2585.229772
69,17,2570.997237
69,18,2463.855424
69,18,2463.855424
69,19,2458.005057
69,20,2409.390796
69,22,2368.032543
70,12,2829.721765
70,13,2769.476393
70,13,2769.476393
70,14,2707.725648
70,15,2647.791911
70,16,2585.229772
70,17,2557.590094
70,18,2463.855424
70,18,2463.855424
70,19,2458.005057
70,20,2409.390796
70,22,2368.032543
71,12,2813.864945
71,13,2753.506833
71,14,2707.725648
71,15,2647.791911
71,16,2546.093913
71,18,2463.855424
71,18,2463.855424
71,19,2397.170638
71,22,2368.032543
72,12,2813.864945
72,12,2813.864945
72,12,2813.864945
72,12,2813.864945
72,13,2729.942112
72,14,2707.725648
72,15,2647.791911
72,16,2546.093913
72,18,2463.855424
72,18,2463.855424
72,19,2397.170638
72,22,2368.032543
73,12,2806.224049
73,13,2729.942112
73,14,2699.303100
73,15,2647.791911
73,16,2546.093913
73,18,2463.855424
73,18,2463.855424
73,19,2397.170638
73,22,2368.032543
74,12,2801.378889
74,13,2729.942112
74,14,2691.779249
74,15,2647.791911
74,16,2546.093913
74,18,2463.855424
74,18,2463.855424
74,19,2397.170638
74,22,2368.032543
75,12,2789.721919
75,13,2729.942112
75,14,2691.779249
75,15,2647.491671
75,16,2546.093913
75,18,2463.855424
75,18,2463.855424
75,19,2397.170638
75,22,2368.032543
76,12,2749.788970
76,12,2749.788970
76,13,2676.614767
76,14,2649.315997
76,15,2647.491671
76,16,2546.093913
76,17,2533.019860
76,18,2463.855424
76,18,2463.855424
76,19,2397.170638
76,22,2368.032543
77,12,2741.376144
77,13,2676.614767
77,14,2649.315997
77,15,2633.070370
77,16,2546.093913
77,17,2499.314717
77,18,2463.855424
77,18,2463.855424
77,19,2397.170638
77,22,2368.032543
78,12,2736.530984
78,13,2676.614767
78,13,2676.614767
78,14,2629.399245
78,16,2546.093913
78,17,2499.314717
78,18,2463.855424
78,18,2463.855424
78,19,2397.170638
78,22,2368.032543
79,12,2730.193195
79,13,2676.614767
79,13,2676.614767
79,13,2676.614767
79,14,2629.399245
79,16,2546.093913
79,17,2499.314717
79,18,2463.855424
79,18,2463.855424
79,19,2397.170638
79,22,2368.032543
80,12,2722.120029
80,13,2676.614767
80,13,2676.614767
80,13,2676.614767
80,13,2676.614767
80,14,2629.399245
80,16,2537.686731
80,17,2499.314717
80,18,2463.855424
80,18,2463.855424
80,19,2397.170638
80,22,2368.032543
81,12,2722.120029
81,13,2676.614767
81,13,2676.614767
81,13,2676.614767
81,13,2676.614767
81,14,2620.375793
81,16,2527.036714
81,16,2527.036714
81,17,2499.314717
81,18,2463.855424
81,18,2463.855424
81,19,2397.170638
81,22,2368.032543
82,12,2715.782240
82,13,2638.429430
82,14,2620.375793
82,14,2620.375793
82,15,2592.865747
82,16,2527.036714
82,16,2527.036714
82,16,2527.036714
82,16,2527.036714
82,17,2499.314717
82,18,2463.855424
82,18,2463.855424
82,19,2397.170638
82,22,2368.032543
83,12,2707.502007
83,13,2615.206698
83,14,2585.109505
83,16,2501.872748
83,17,2499.314717
83,18,2461.995922
83,19,2397.170638
83,22,2368.032543
84,12,2700.253181
84,13,2615.206698
84,14,2585.109505
84,16,2501.872748
84,16,2501.872748
84,17,2499.314717
84,18,2461.995922
84,19,2397.170638
84,22,2368.032543
85,12,2667.674404
85,13,2615.206698
85,14,2585.109505
85,15,2575.380189
85,16,2486.343689
85,18,2461.995922
85,19,2397.170638
85,22,2368.032543
86,12,2667.674404
86,12,2667.674404
86,13,2586.750383
86,14,2576.416417
86,15,2568.407239
86,16,2465.570339
86,18,2461.995922
86,19,2397.170638
86,22,2368.032543
87,12,2667.674404
87,12,2667.674404
87,12,2667.674404
87,13,2586.750383
87,14,2576.416417
87,15,2568.407239
87,16,2465.570339
87,18,2434.497357
87,19,2397.170638
87,21,2395.745404
87,22,2368.032543
88,12,2661.336615
88,13,2586.750383
88,13,2586.750383
88,14,2566.867048
88,15,2508.124574
88,16,2457.445945
88,17,2437.721922
88,18,2434.497357
88,18,2434.497357
88,19,2397.170638
88,21,2371.890018
88,22,2368.032543
89,12,2656.758441
89,13,2586.750383
89,13,2586.750383
89,13,2586.750383
89,14,2566.867048
89,15,2508.124574
89,15,2508.124574
89,16,2457.445945
89,17,2437.721922
89,18,2428.787769
89,19,2397.170638
89,21,2371.890018
89,22,2368.032543
90,12,2656.758441
90,12,2656.758441
90,13,2586.750383
90,13,2586.750383
90,13,2586.750383
90,14,2562.094725
90,15,2508.124574
90,15,2508.124574
90,15,2508.124574
90,16,2457.445945
90,17,2433.143748
90,17,2433.143748
90,18,2428.787769
90,19,2397.170638
90,21,2371.890018
90,22,2368.032543
90,24,2356.759376
90,24,2356.759376
91,12,2656.758441
91,12,2656.758441
91,13,2567.087551
91,13,2567.087551
91,14,2562.094725
91,15,2508.124574
91,15,2508.124574
91,15,2508.124574
91,15,2508.124574
91,16,2457.445945
91,17,2433.143748
91,17,2433.143748
91,18,2424.169726
91,19,2397.170638
91,20,2340.555065
92,12,2656.758441
92,12,2656.758441
92,13,2567.087551
92,13,2567.087551
92,14,2539.362503
92,15,2508.124574
92,15,2508.124574
92,15,2508.124574
92,15,2508.124574
92,16,2457.445945
92,17,2433.143748
92,17,2433.143748
92,18,2424.169726
92,19,2397.170638
92,20,2340.555065
93,12,2656.758441
93,12,2656.758441
93,12,2656.758441
93,13,2567.087551
93,13,2567.087551
93,13,2567.087551
93,14,2539.362503
93,15,2508.124574
93,15,2508.124574
93,15,2508.124574
93,15,2508.124574
93,16,2457.445945
93,17,2433.143748
93,17,2433.143748
93,18,2419.176438
93,19,2397.170638
93,20,2340.555065
94,12,2624.964026
94,13,2567.087551
94,13,2567.087551
94,13,2567.087551
94,13,2567.087551
94,14,2539.362503
94,15,2470.464939
94,15,2470.464939
94,16,2457.445945
94,17,2433.143748
94,17,2433.143748
94,18,2419.176438
94,19,2397.170638
94,20,2340.555065
95,12,2571.035615
95,13,2552.640147
95,14,2539.362503
95,15,2470.464939
95,15,2470.464939
95,16,2439.906845
95,17,2423.728417
95,18,2414.652377
95,19,2380.693593
95,20,2340.555065
95,20,2340.555065
96,12,2570.263686
96,13,2532.603949
96,14,2514.405993
96,15,2470.464939
96,15,2470.464939
96,16,2439.906845
96,17,2423.728417
96,18,2407.778748
96,19,2380.693593
96,20,2340.555065
96,20,2340.555065
97,12,2570.263686
97,12,2570.263686
97,13,2532.603949
97,13,2532.603949
97,14,2458.935150
97,16,2400.994900
97,19,2380.693593
97,20,2340.555065
97,20,2340.555065
97,20,2340.555065
97,20,2340.555065
98,12,2570.263686
98,12,2570.263686
98,12,2570.263686
98,13,2500.964829
98,14,2453.250283
98,16,2400.994900
98,16,2400.994900
98,17,2381.884363
98,17,2381.884363
98,19,2380.693593
98,20,2340.555065
98,20,2340.555065
98,20,2340.555065
98,20,2340.555065
98,21,2335.286950
99,12,2566.099199
99,13,2463.168236
99,14,2453.250283
99,16,2400.994900
99,16,2400.994900
99,17,2381.884363
99,17,2381.884363
99,17,2381.884363
99,19,2380.693593
99,20,2338.918332
99,21,2335.286950
100,12,2563.130691
100,13,2463.168236
100,14,2448.105997
100,15,2444.531945
100,16,2400.994900
100,16,2400.994900
100,16,2400.994900
100,17,2381.884363
100,17,2381.884363
100,17,2381.884363
100,17,2381.884363
100,19,2380.693593
100,20,2338.918332
100,21,2335.286950
101,12,2544.214793
101,13,2457.584389
101,14,2448.105997
101,14,2448.105997
101,15,2441.664374
101,16,2400.994900
101,16,2400.994900
101,16,2400.994900
101,17,2374.693086
101,20,2331.423331
102,12,2520.942718
102,13,2404.867347
102,16,2366.982800
102,17,2344.010742
102,19,2323.713046
103,12,2464.923441
103,13,2404.867347
103,14,2367.671160
103,15,2358.989238
103,15,2358.989238
103,16,2357.846895
103,16,2357.846895
103,17,2344.010742
103,19,2323.713046
103,22,2299.767571
104,12,2460.345267
104,13,2404.867347
104,14,2367.671160
104,15,2358.989238
104,15,2358.989238
104,15,2358.989238
104,16,2330.095797
104,19,2323.713046
104,20,2302.779999
104,22,2299.767571
105,12,2459.573338
105,12,2459.573338
105,13,2404.867347
105,14,2367.671160
105,15,2358.989238
105,15,2358.989238
105,15,2358.989238
105,16,2324.153973
105,19,2311.977896
105,20,2302.779999
105,20,2302.779999
105,22,2299.767571
106,12,2459.573338
106,12,2459.573338
106,13,2404.867347
106,14,2367.671160
106,15,2353.862411
106,16,2324.153973
106,19,2311.977896
106,20,2302.779999
106,20,2302.779999
106,21,2299.263452
107,12,2456.323299
107,13,2404.867347
107,13,2404.867347
107,14,2367.671160
107,15,2353.862411
107,15,2353.862411
107,16,2324.153973
107,19,2311.977896
107,20,2284.428660
108,12,2456.323299
108,12,2456.323299
108,12,2456.323299
108,13,2404.867347
108,13,2404.867347
108,14,2367.671160
108,14,2367.671160
108,15,2353.862411
108,15,2353.862411
108,16,2324.153973
108,19,2310.100291
108,20,2284.428660
109,12,2456.323299
109,12,2456.323299
109,12,2456.323299
109,12,2456.323299
109,12,2456.323299
109,12,2456.323299
109,13,2404.867347
109,13,2404.867347
109,14,2367.671160
109,14,2367.671160
109,15,2353.862411
109,15,2353.862411
109,15,2353.862411
109,15,2353.862411
109,16,2324.153973
109,17,2307.393220
109,19,2306.869618
109,20,2284.428660
110,12,2456.323299
110,12,2456.323299
110,12,2456.323299
110,12,2456.323299
110,12,2456.323299
110,12,2456.323299
110,12,2456.323299
110,12,2456.323299
110,12,2456.323299
110,13,2404.867347
110,13,2404.867347
110,14,2367.671160
110,14,2367.671160
110,15,2352.814576
110,16,2324.153973
110,17,2307.393220
110,19,2306.869618
110,20,2284.428660
110,22,2271.711911
111,12,2454.337900
111,13,2404.867347
111,13,2404.867347
111,14,2367.671160
111,14,2367.671160
111,15,2352.013354
111,16,2324.153973
111,17,2307.393220
111,19,2301.059783
111,20,2284.428660
111,22,2271.711911
112,12,2451.234363
112,13,2404.867347
112,13,2404.867347
112,14,2366.303619
112,15,2340.821331
112,16,2322.011334
112,16,2322.011334
112,17,2307.393220
112,17,2307.393220
112,19,2301.059783
112,19,2301.059783
112,20,2284.428660
112,22,2271.711911
113,12,2445.424583
113,13,2404.867347
113,13,2404.867347
113,14,2366.303619
113,15,2340.821331
113,16,2320.565008
113,17,2307.393220
113,17,2307.393220
113,19,2296.798078
113,20,2284.428660
113,22,2271.711911
114,12,2441.808705
114,13,2404.867347
114,13,2404.867347
114,14,2360.821795
114,15,2340.821331
114,16,2319.778927
114,17,2303.664021
114,19,2292.385334
114,20,2284.428660
114,22,2271.711911
115,12,2427.618138
115,13,2404.867347
115,13,2404.867347
115,14,2360.821795
115,15,2340.821331
115,16,2319.778927
115,17,2303.664021
115,19,2291.613404
115,20,2284.428660
115,22,2271.711911
116,12,2414.420141
116,13,2388.480551
116,14,2353.194605
116,15,2331.649163
116,16,2319.778927
116,17,2303.664021
116,19,2291.613404
116,19,2291.613404
116,20,2284.428660
116,22,2271.711911
117,12,2409.654627
117,13,2377.760663
117,14,2347.425203
117,15,2331.649163
117,16,2319.778927
117,17,2303.664021
117,18,2293.457656
117,19,2291.613404
117,19,2291.613404
117,20,2284.428660
117,22,2271.711911
118,12,2398.886757
118,13,2377.760663
118,14,2334.421775
118,15,2314.652051
118,15,2314.652051
118,17,2303.664021
118,18,2293.457656
118,19,2284.844130
118,20,2284.428660
118,22,2271.711911
119,12,2398.886757
119,12,2398.886757
119,12,2398.886757
119,12,2398.886757
119,13,2353.217435
119,14,2334.421775
119,14,2334.421775
119,15,2313.991834
119,16,2300.770627
119,17,2281.218699
119,18,2268.537670
120,12,2390.359693
120,13,2350.460106
120,13,2350.460106
120,14,2334.421775
120,14,2334.421775
120,14,2334.421775
120,15,2313.991834
120,15,2313.991834
120,16,2300.770627
120,17,2281.218699
120,18,2268.537670
120,18,2268.537670
121,12,2385.718115
121,13,2343.729277
121,14,2321.394012
121,15,2304.658114
121,16,2300.770627
121,17,2281.218699
121,17,2281.218699
121,18,2268.537670
121,18,2268.537670
122,12,2385.279897
122,13,2316.047021
122,15,2302.213885
122,16,2300.770627
122,17,2280.455670
122,18,2247.410382
123,12,2385.279897
123,12,2385.279897
123,12,2385.279897
123,12,2385.279897
123,12,2385.279897
123,13,2316.047021
123,13,2316.047021
123,15,2302.213885
123,16,2283.871560
123,17,2264.593062
123,18,2241.554374
124,12,2383.601139
124,13,2316.047021
124,13,2316.047021
124,14,2308.268330
124,15,2301.012772
124,16,2283.871560
124,16,2283.871560
124,17,2262.067362
124,18,2241.554374
124,18,2241.554374
125,12,2382.868870
125,12,2382.868870
125,12,2382.868870
125,13,2316.047021
125,13,2316.047021
125,14,2308.268330
125,15,2300.094834
125,16,2281.460533
125,17,2262.067362
125,18,2241.554374
125,18,2241.554374
126,12,2381.847618
126,13,2316.047021
126,13,2316.047021
126,14,2308.268330
126,15,2300.094834
126,16,2281.460533
126,17,2259.656335
126,18,2239.143346
126,18,2239.143346
127,12,2378.477147
127,13,2313.969706
127,14,2308.268330
127,15,2300.094834
127,16,2281.460533
127,17,2259.656335
127,17,2259.656335
127,18,2239.143346
127,18,2239.143346
128,12,2376.798388
128,13,2313.969706
128,14,2308.268330
128,15,2287.974043
128,16,2270.754857
128,17,2252.412532
128,18,2239.143346
128,18,2239.143346
128,18,2239.143346
129,12,2376.066120
129,13,2313.969706
129,14,2308.268330
129,15,2285.563016
129,16,2258.025756
129,17,2252.412532
129,18,2239.143346
129,18,2239.143346
129,18,2239.143346
130,12,2374.231177
130,13,2313.969706
130,14,2308.268330
130,15,2285.563016
130,15,2285.563016
130,16,2258.025756
130,17,2252.412532
130,17,2252.412532
130,18,2239.143346
130,18,2239.143346
130,18,2239.143346
130,18,2239.143346
131,12,2374.231177
131,12,2374.231177
131,13,2313.635994
131,14,2308.268330
131,15,2285.563016
131,15,2285.563016
131,15,2285.563016
131,16,2258.025756
131,17,2243.130272
131,18,2239.143346
131,18,2239.143346
131,18,2239.143346
131,18,2239.143346
131,18,2239.143346
132,12,2373.125536
132,12,2373.125536
132,13,2313.635994
132,14,2292.806380
132,15,2285.563016
132,15,2285.563016
132,15,2285.563016
132,16,2258.025756
132,17,2243.130272
132,18,2239.143346
132,18,2239.143346
132,18,2239.143346
132,18,2239.143346
132,18,2239.143346
133,12,2373.125536
133,12,2373.125536
133,12,2373.125536
133,13,2313.635994
133,13,2313.635994
133,14,2292.806380
133,15,2285.563016
133,15,2285.563016
133,15,2285.563016
133,15,2285.563016
133,15,2285.563016
133,15,2285.563016
133,16,2258.025756
133,17,2243.130272
133,17,2243.130272
133,18,2239.143346
133,18,2239.143346
133,18,2239.143346
133,18,2239.143346
133,18,2239.143346
134,12,2373.125536
134,12,2373.125536
134,12,2373.125536
134,12,2373.125536
134,13,2313.635994
134,13,2313.635994
134,14,2292.806380
134,15,2285.563016
134,15,2285.563016
134,15,2285.563016
134,15,2285.563016
134,15,2285.563016
134,15,2285.563016
134,15,2285.563016
134,16,2258.025756
134,17,2243.130272
134,17,2243.130272
134,17,2243.130272
134,17,2243.130272
134,18,2239.143346
134,18,2239.143346
134,18,2239.143346
134,18,2239.143346
134,18,2239.143346
135,12,2352.629428
135,13,2313.635994
135,13,2313.635994
135,13,2313.635994
135,14,2292.806380
135,15,2285.563016
135,15,2285.563016
135,15,2285.563016
135,15,2285.563016
135,15,2285.563016
135,15,2285.563016
135,15,2285.563016
135,15,2285.563016
135,15,2285.563016
135,16,2258.025756
135,17,2243.130272
135,17,2243.130272
135,17,2243.130272
135,17,2243.130272
135,18,2239.143346
135,18,2239.143346
135,18,2239.143346
135,18,2239.143346
135,18,2239.143346
136,12,2352.629428
136,12,2352.629428
136,13,2293.139886
136,14,2291.964395
136,15,2265.066908
136,16,2246.724583
136,17,2237.000503
137,12,2352.629428
137,12,2352.629428
137,12,2352.629428
137,12,2352.629428
137,12,2352.629428
137,12,2352.629428
137,13,2293.139886
137,14,2291.964395
137,15,2265.066908
137,16,2246.724583
137,17,2235.166462
137,18,2230.787969
138,12,2345.000768
138,13,2293.139886
138,14,2291.964395
138,15,2265.066908
138,15,2265.066908
138,16,2246.724583
138,17,2235.166462
138,18,2230.787969
139,12,2345.000768
139,12,2345.000768
139,13,2284.739296
139,15,2265.066908
139,15,2265.066908
139,16,2246.724583
139,17,2231.916424
139,18,2230.787969
140,12,2345.000768
140,12,2345.000768
140,12,2345.000768
140,12,2345.000768
140,13,2284.739296
140,15,2265.066908
140,15,2265.066908
140,15,2265.066908
140,15,2265.066908
140,16,2246.724583
140,17,2231.916424
140,18,2230.787969
140,18,2230.787969
141,12,2344.420535
141,13,2284.739296
141,13,2284.739296
141,14,2283.434979
141,15,2265.066908
141,15,2265.066908
141,15,2265.066908
141,15,2265.066908
141,16,2246.724583
141,17,2231.916424
141,18,2230.787969
141,18,2230.787969
141,18,2230.787969
142,12,2340.312785
142,13,2284.739296
142,13,2284.739296
142,13,2284.739296
142,14,2280.283320
142,15,2265.066908
142,15,2265.066908
142,15,2265.066908
142,15,2265.066908
142,16,2237.995360
142,17,2228.966174
143,12,2340.312785
143,12,2340.312785
143,12,2340.312785
143,12,2340.312785
143,12,2340.312785
143,12,2340.312785
143,13,2284.739296
143,13,2284.739296
143,13,2284.739296
143,14,2276.175571
143,15,2265.066908
143,15,2265.066908
143,15,2265.066908
143,15,2265.066908
143,16,2237.995360
143,17,2228.966174
143,18,2227.035397
144,12,2340.312785
144,12,2340.312785
144,12,2340.312785
144,12,2340.312785
144,12,2340.312785
144,12,2340.312785
144,12,2340.312785
144,12,2340.312785
144,12,2340.312785
144,13,2284.739296
144,13,2284.739296
144,13,2284.739296
144,14,2276.175571
144,15,2249.059643
144,16,2237.995360
144,17,2228.966174
144,17,2228.966174
144,18,2227.035397
145,12,2321.862145
145,13,2283.825351
145,14,2275.777014
145,15,2249.059643
145,16,2237.995360
145,17,2228.966174
145,17,2228.966174
145,17,2228.966174
145,17,2228.966174
145,18,2224.671795
145,18,2224.671795
146,12,2316.463920
146,12,2316.463920
146,12,2316.463920
146,12,2316.463920
146,13,2271.566527
146,15,2249.059643
146,16,2237.995360
146,17,2222.960256
146,18,2218.222095
147,12,2315.569821
147,13,2271.566527
147,13,2271.566527
147,13,2271.566527
147,14,2270.571776
147,15,2249.059643
147,16,2220.777006
147,17,2207.950099
147,17,2207.950099
148,12,2313.402951
148,13,2271.566527
148,13,2271.566527
148,13,2271.566527
148,13,2271.566527
148,14,2245.055111
148,16,2220.777006
148,17,2207.950099
148,17,2207.950099
149,12,2312.742113
149,13,2269.346310
149,14,2245.055111
149,14,2245.055111
149,15,2234.617624
149,16,2218.335469
149,17,2202.828960
150,12,2290.110319
150,13,2260.205810
150,14,2235.914611
150,15,2225.810836
150,16,2218.335469
150,17,2202.828960
151,12,2290.110319
151,13,2246.096733
151,14,2235.914611
151,15,2225.810836
151,15,2225.810836
151,16,2218.335469
151,17,2202.828960
151,17,2202.828960
152,12,2285.166397
152,13,2246.096733
152,13,2246.096733
152,14,2235.914611
152,15,2225.810836
152,15,2225.810836
152,16,2218.335469
152,17,2202.828960
152,17,2202.828960
152,17,2202.828960
153,12,2282.213911
153,12,2282.213911
153,13,2246.096733
153,13,2246.096733
153,13,2246.096733
153,14,2235.914611
153,15,2223.811152
153,15,2223.811152
153,16,2216.968563
153,17,2202.828960
153,17,2202.828960
153,17,2202.828960
154,12,2282.213911
154,12,2282.213911
154,12,2282.213911
154,13,2240.975594
154,13,2240.975594
154,14,2235.914611
154,14,2235.914611
154,15,2218.690013
154,16,2216.968563
154,17,2202.828960
154,17,2202.828960
154,17,2202.828960
155,12,2280.045257
155,13,2240.975594
155,13,2240.975594
155,14,2235.914611
155,14,2235.914611
155,14,2235.914611
155,15,2218.690013
155,15,2218.690013
155,16,2211.154159
155,17,2202.828960
155,17,2202.828960
155,17,2202.828960
156,12,2280.045257
156,12,2280.045257
156,13,2240.975594
156,13,2240.975594
156,14,2235.914611
156,14,2235.914611
156,14,2235.914611
156,15,2218.690013
156,15,2218.690013
156,16,2211.154159
156,16,2211.154159
156,17,2202.828960
156,17,2202.828960
156,17,2202.828960
157,12,2280.045257
157,12,2280.045257
157,12,2280.045257
157,13,2240.975594
157,13,2240.975594
157,13,2240.975594
157,13,2240.975594
157,14,2235.914611
157,14,2235.914611
157,14,2235.914611
157,15,2218.690013
157,15,2218.690013
157,15,2218.690013
157,15,2218.690013
157,16,2211.154159
157,16,2211.154159
157,17,2202.828960
157,17,2202.828960
157,17,2202.828960
158,12,2280.045257
158,12,2280.045257
158,12,2280.045257
158,12,2280.045257
158,12,2280.045257
158,12,2280.045257
158,12,2280.045257
158,12,2280.045257
158,12,2280.045257
158,12,2280.045257
158,13,2240.975594
158,13,2240.975594
158,13,2240.975594
158,13,2240.975594
158,14,2235.914611
158,14,2235.914611
158,14,2235.914611
158,15,2218.690013
158,15,2218.690013
158,15,2218.690013
158,15,2218.690013
158,15,2218.690013
158,16,2211.154159
158,16,2211.154159
158,17,2202.828960
158,17,2202.828960
158,17,2202.828960
159,12,2258.585667
159,13,2179.832703
159,15,2171.707436
160,12,2257.853398
160,13,2179.832703
160,15,2171.707436
161,12,2257.853398
161,12,2257.853398
161,13,2179.832703
161,15,2171.707436
162,12,2257.853398
162,12,2257.853398
162,12,2257.853398
162,13,2179.832703
162,15,2171.707436
163,12,2257.853398
163,12,2257.853398
163,12,2257.853398
163,12,2257.853398
163,13,2179.832703
163,15,2171.707436
164,12,2257.853398
164,12,2257.853398
164,12,2257.853398
164,12,2257.853398
164,13,2179.832703
164,15,2171.707436
165,12,2249.626444
165,13,2179.832703
165,13,2179.832703
165,15,2131.335651
166,11,2303.470244
166,12,2249.626444
166,12,2249.626444
166,12,2249.626444
166,12,2249.626444
166,13,2179.832703
166,13,2179.832703
166,15,2131.335651
