Generation,NV,TOC
1,22,7666.597454
1,26,6185.507145
1,27,5939.774062
1,34,5936.303134
1,35,5536.875168
1,37,5498.320324
1,41,5398.305680
1,43,5376.199551
1,44,5341.182426
1,52,5158.530571
2,21,7020.165026
2,26,6185.507145
2,27,5939.774062
2,31,5711.452262
2,33,5474.964103
2,41,5102.500802
2,57,5102.192922
3,21,7020.165026
3,24,6793.697740
3,25,6754.398205
3,26,6185.507145
3,27,5939.774062
3,30,5678.166082
3,33,5438.432220
3,38,5414.991768
3,40,5107.592006
3,41,5102.500802
3,48,4923.180370
4,21,7020.165026
4,24,6311.015431
4,26,6185.507145
4,27,5939.774062
4,30,5678.166082
4,33,5438.432220
4,34,5322.273320
4,35,5038.116089
4,41,5033.221306
4,48,4923.180370
5,20,7384.406395
5,21,7020.165026
5,24,6023.015673
5,27,5939.774062
5,29,5344.295138
5,33,4942.152934
5,41,4809.547878
6,20,7384.406395
6,21,7020.165026
6,24,6023.015673
6,27,5939.774062
6,28,5781.848737
6,29,5344.295138
6,33,4942.152934
6,41,4809.547878
7,20,7384.406395
7,21,7020.165026
7,24,6023.015673
7,27,5939.774062
7,28,5781.848737
7,29,5344.295138
7,31,5142.922817
7,33,4942.152934
7,39,4894.562693
7,41,4809.547878
8,20,7384.406395
8,21,6519.205430
8,24,6023.015673
8,27,5939.774062
8,28,5781.848737
8,29,5344.295138
8,31,5142.922817
8,33,4942.152934
8,39,4894.562693
8,41,4809.547878
9,19,8792.713578
9,20,7384.406395
9,21,6519.205430
9,24,6023.015673
9,27,5939.774062
9,28,5660.682860
9,29,5344.295138
9,31,5142.922817
9,33,4942.152934
9,39,4894.562693
9,41,4809.547878
10,19,8792.713578
10,20,7384.406395
10,21,6519.205430
10,22,6450.972566
10,24,5901.728078
10,26,5449.663905
10,28,5258.197015
10,31,5106.387238
10,32,5031.154024
10,33,4942.152934
10,34,4897.407873
10,39,4894.562693
10,40,4783.759410
11,19,8085.589076
11,20,7384.406395
11,21,6460.232071
11,22,6405.272804
11,24,5901.728078
11,26,5449.663905
11,28,5258.197015
11,30,5180.429304
11,31,5106.387238
11,32,5031.154024
11,33,4942.152934
11,34,4897.407873
11,37,4851.434440
11,40,4783.759410
12,19,8085.589076
12,20,7297.581418
12,21,6460.232071
12,22,6400.268748
12,23,6280.502132
12,24,5901.728078
12,25,5885.402331
12,26,5449.663905
12,28,5258.197015
12,30,5180.429304
12,31,5106.387238
12,32,5031.154024
12,33,4942.152934
12,34,4897.407873
12,37,4816.152535
12,40,4783.759410
13,18,9310.258028
13,19,8085.589076
13,20,7297.581418
13,21,6460.232071
13,22,5993.352581
13,24,5901.728078
13,25,5885.402331
13,26,5449.663905
13,28,5258.197015
13,30,5180.429304
13,31,5106.387238
13,32,5031.154024
13,33,4942.152934
13,34,4897.407873
13,37,4816.152535
13,40,4783.759410
14,18,9310.258028
14,19,7341.049069
14,20,7297.581418
14,21,6460.232071
14,22,5916.291532
14,24,5901.728078
14,25,5547.966906
14,26,5449.663905
14,27,5418.349062
14,28,5258.197015
14,30,5180.429304
14,31,5007.928805
14,33,4942.152934
14,34,4897.407873
14,35,4866.636000
14,37,4816.152535
14,38,4806.407461
14,40,4783.759410
15,18,9310.258028
15,19,7341.049069
15,20,6901.874105
15,21,6460.232071
15,22,5916.291532
15,24,5901.728078
15,25,5232.021058
15,29,5193.321756
15,30,5180.429304
15,31,5007.928805
15,33,4942.152934
15,34,4897.407873
15,35,4866.636000
15,37,4816.152535
15,38,4806.407461
15,39,4780.070598
15,42,4750.272568
15,44,4706.022886
16,18,9310.258028
16,19,7341.049069
16,20,6901.874105
16,21,6460.232071
16,22,5916.291532
16,24,5790.109070
16,25,5232.021058
16,29,5193.321756
16,30,5180.429304
16,31,5007.928805
16,33,4942.152934
16,34,4897.407873
16,35,4866.636000
16,37,4816.152535
16,38,4806.407461
16,39,4780.070598
16,42,4750.272568
16,44,4706.022886
17,18,7781.663372
17,19,7288.875083
17,20,6901.874105
17,21,6460.232071
17,22,5916.291532
17,24,5790.109070
17,25,5232.021058
17,29,5193.321756
17,30,5180.429304
17,31,5007.928805
17,33,4935.527834
17,34,4897.407873
17,35,4725.105615
17,44,4706.022886
18,18,7781.663372
18,19,7288.875083
18,20,6901.874105
18,21,6460.232071
18,22,5916.291532
18,24,5790.109070
18,25,5232.021058
18,29,5193.321756
18,30,5180.429304
18,31,5007.928805
18,33,4935.527834
18,34,4897.407873
18,35,4725.105615
18,40,4718.272577
18,44,4706.022886
19,18,7781.663372
19,19,7288.875083
19,20,6901.874105
19,21,6200.096387
19,22,5916.291532
19,24,5790.109070
19,25,5232.021058
19,29,5131.336644
19,31,5007.928805
19,32,4918.376414
19,34,4897.407873
19,35,4725.105615
19,36,4637.863458
19,43,4617.142606
20,18,7781.663372
20,19,7288.875083
20,20,6901.874105
20,21,6200.096387
20,22,5916.291532
20,24,5790.109070
20,25,5217.292030
20,29,5101.330573
20,30,5013.827317
20,31,4842.705852
20,35,4594.463386
20,43,4583.567797
21,18,7781.663372
21,19,7288.875083
21,20,6901.874105
21,21,6200.096387
21,22,5916.291532
21,24,5790.109070
21,25,5217.292030
21,28,5131.275500
21,29,5074.055740
21,30,4888.540933
21,31,4842.705852
21,35,4594.463386
21,43,4583.567797
22,18,7781.663372
22,19,7288.875083
22,20,6901.874105
22,21,6200.096387
22,22,5916.291532
22,24,5790.109070
22,25,5217.292030
22,28,5131.275500
22,29,5074.055740
22,30,4888.540933
22,31,4842.705852
22,35,4594.463386
22,43,4583.567797
23,18,7781.663372
23,19,7288.875083
23,20,6901.874105
23,21,6200.096387
23,22,5916.291532
23,24,5790.109070
23,25,5217.292030
23,28,5131.275500
23,29,5074.055740
23,30,4888.540933
23,31,4842.705852
23,34,4788.874235
23,35,4594.463386
23,43,4583.567797
24,18,7781.663372
24,19,7288.875083
24,20,6893.120574
24,21,6200.096387
24,22,5916.291532
24,24,5790.109070
24,25,5217.292030
24,28,5131.275500
24,29,5074.055740
24,30,4853.800398
24,31,4842.705852
24,34,4788.874235
24,35,4594.463386
24,43,4583.567797
25,18,7781.663372
25,19,7288.875083
25,20,6893.120574
25,21,6200.096387
25,22,5901.038835
25,24,5701.917367
25,25,5109.268891
25,26,5020.286907
25,30,4846.116686
25,31,4694.904641
25,34,4640.078340
25,35,4577.838845
25,43,4571.563988
26,18,7781.663372
26,19,7288.875083
26,20,6893.120574
26,21,6200.096387
26,22,5901.038835
26,24,5701.917367
26,25,5109.268891
26,26,5020.286907
26,30,4846.116686
26,31,4694.904641
26,32,4635.671850
26,35,4577.838845
26,43,4571.563988
27,18,7781.663372
27,19,7174.005170
27,20,6664.280455
27,21,6200.096387
27,22,5874.335201
27,24,5701.917367
27,25,5109.268891
27,26,5020.286907
27,30,4768.874141
27,31,4694.904641
27,32,4635.671850
27,35,4577.838845
27,38,4546.025218
28,18,7781.663372
28,19,7174.005170
28,20,6664.280455
28,21,6200.096387
28,22,5874.335201
28,23,5794.331485
28,24,5701.917367
28,25,5109.268891
28,26,5020.286907
28,28,4840.551907
28,30,4768.874141
28,31,4694.904641
28,32,4635.671850
28,35,4577.838845
28,38,4546.025218
28,39,4540.072711
29,18,7781.663372
29,19,7174.005170
29,20,6664.280455
29,21,6200.096387
29,22,5874.335201
29,23,5794.331485
29,24,5701.917367
29,25,5109.268891
29,26,5020.286907
29,28,4840.551907
29,30,4768.874141
29,31,4694.904641
29,32,4635.671850
29,35,4577.838845
29,38,4546.025218
29,39,4540.072711
30,18,7781.663372
30,19,7174.005170
30,20,6664.280455
30,21,6200.096387
30,22,5874.335201
30,23,5587.487654
30,25,4978.206552
30,28,4833.214426
30,30,4764.505643
30,31,4654.579246
30,32,4589.283809
30,33,4488.309940
31,18,7781.663372
31,19,7174.005170
31,20,6664.280455
31,21,6200.096387
31,22,5874.335201
31,23,5587.487654
31,25,4978.206552
31,28,4749.043653
31,31,4613.630097
31,32,4589.283809
31,33,4488.309940
32,18,7781.663372
32,19,7174.005170
32,20,6405.423594
32,21,6200.096387
32,22,5874.335201
32,23,5587.487654
32,25,4978.206552
32,27,4827.956458
32,28,4749.043653
32,31,4613.630097
32,32,4589.283809
32,33,4488.309940
33,18,7781.663372
33,19,6551.872645
33,20,6405.423594
33,21,6200.096387
33,22,5874.335201
33,23,5587.487654
33,25,4978.206552
33,27,4827.956458
33,28,4749.043653
33,31,4613.630097
33,32,4589.283809
33,33,4488.309940
34,18,7781.663372
34,19,6551.872645
34,20,6405.423594
34,21,6200.096387
34,22,5874.335201
34,23,5587.487654
34,25,4978.206552
34,27,4827.956458
34,28,4749.043653
34,31,4613.630097
34,32,4589.283809
34,33,4488.309940
35,16,9046.309677
35,17,7330.654005
35,19,6551.872645
35,20,6405.423594
35,21,5968.121580
35,22,5493.513420
35,23,5434.913735
35,25,4932.641466
35,27,4770.801269
35,28,4749.043653
35,31,4604.675220
35,32,4435.519794
35,37,4410.988237
36,16,9039.362670
36,17,7330.654005
36,18,7267.525272
36,19,6551.872645
36,20,6405.423594
36,21,5968.121580
36,22,5493.513420
36,23,5434.913735
36,25,4932.641466
36,26,4660.749860
36,31,4604.675220
36,32,4435.519794
36,37,4410.988237
37,16,9039.362670
37,17,6995.007818
37,19,6551.872645
37,20,6405.423594
37,21,5968.121580
37,22,5493.513420
37,23,5434.913735
37,25,4932.641466
37,26,4660.749860
37,31,4604.675220
37,32,4435.519794
37,37,4410.988237
38,16,8548.522930
38,17,6995.007818
38,19,6551.872645
38,20,6405.423594
38,21,5968.121580
38,22,5493.513420
38,23,5434.913735
38,25,4932.641466
38,26,4660.749860
38,31,4604.675220
38,32,4435.519794
38,37,4410.988237
39,16,8548.522930
39,17,6995.007818
39,18,6649.377568
39,19,6185.183707
39,21,5968.121580
39,22,5493.513420
39,23,5434.913735
39,25,4932.641466
39,26,4660.749860
39,31,4604.675220
39,32,4435.519794
39,37,4387.046426
40,16,8548.522930
40,17,6995.007818
40,18,6649.377568
40,19,6110.749919
40,20,5706.492867
40,22,5493.513420
40,23,5434.913735
40,24,4886.829831
40,26,4596.144643
40,32,4432.097000
40,36,4380.418447
41,16,7987.531327
41,17,6995.007818
41,18,6519.352835
41,19,6110.749919
41,20,5706.492867
41,22,5493.513420
41,23,5415.984402
41,24,4886.829831
41,26,4596.144643
41,32,4432.097000
41,35,4376.566388
42,16,7987.531327
42,17,6995.007818
42,18,6519.352835
42,19,6110.749919
42,20,5706.492867
42,22,5493.513420
42,23,5415.984402
42,24,4803.233179
42,25,4609.878528
42,26,4596.144643
42,32,4432.097000
42,35,4376.566388
43,16,7987.531327
43,17,6995.007818
43,18,6519.352835
43,19,6110.749919
43,20,5706.492867
43,22,5493.513420
43,23,4721.252556
43,25,4609.878528
43,26,4596.144643
43,32,4432.097000
43,35,4376.566388
44,16,7987.531327
44,17,6633.079064
44,18,6456.471560
44,19,6110.749919
44,20,5706.492867
44,22,5493.513420
44,23,4721.252556
44,25,4609.878528
44,26,4596.144643
44,31,4591.264165
44,32,4432.097000
44,35,4376.566388
45,16,7987.531327
45,17,6615.147102
45,18,6456.471560
45,19,6110.749919
45,20,5508.713193
45,22,5493.513420
45,23,4721.252556
45,25,4535.837370
45,32,4363.137943
46,16,7987.531327
46,17,6615.147102
46,18,6456.471560
46,19,6063.126716
46,20,5508.713193
46,22,5493.513420
46,23,4721.252556
46,24,4657.659487
46,25,4535.837370
46,29,4482.728083
46,31,4444.563645
46,32,4363.137943
47,16,7987.531327
47,17,6615.147102
47,18,6456.471560
47,19,6063.126716
47,20,5508.713193
47,22,5493.513420
47,23,4721.252556
47,24,4657.659487
47,25,4535.837370
47,28,4498.100187
47,29,4482.728083
47,31,4444.563645
47,32,4363.137943
48,16,7987.531327
48,17,6615.147102
48,18,6185.262655
48,19,6009.622480
48,20,5508.713193
48,22,4877.032395
48,23,4721.252556
48,24,4657.659487
48,25,4535.837370
48,28,4498.100187
48,29,4482.728083
48,30,4433.599159
48,32,4363.137943
49,16,7715.604858
49,17,6615.147102
49,18,6185.262655
49,19,5993.887904
49,20,5508.713193
49,22,4712.624170
49,24,4623.175227
49,25,4535.837370
49,27,4515.598799
49,28,4498.100187
49,29,4482.728083
49,30,4433.599159
49,32,4363.137943
49,35,4348.360601
50,16,7715.604858
50,17,6431.633921
50,18,5664.762867
50,20,5431.735941
50,22,4712.624170
50,24,4623.175227
50,25,4511.282761
50,26,4482.871234
50,27,4478.066011
50,30,4433.599159
50,32,4356.715249
50,34,4312.746503
51,15,7944.166393
51,16,7715.604858
51,17,6431.633921
51,18,5664.762867
51,19,5603.944090
51,20,5431.735941
51,22,4712.624170
51,24,4560.030908
51,25,4511.282761
51,26,4482.871234
51,27,4478.066011
51,28,4431.069605
51,32,4356.715249
51,34,4312.746503
52,15,7858.081276
52,16,7715.604858
52,17,6431.633921
52,18,5664.762867
52,19,5603.944090
52,20,5431.735941
52,22,4712.624170
52,23,4551.749339
52,25,4511.282761
52,26,4454.322857
52,28,4431.069605
52,32,4356.715249
52,34,4312.746503
53,15,7858.081276
53,16,7715.604858
53,17,6431.633921
53,18,5664.762867
53,19,5603.944090
53,20,5431.735941
53,22,4712.624170
53,23,4551.749339
53,25,4511.282761
53,26,4454.322857
53,28,4431.069605
53,32,4356.715249
53,34,4312.746503
54,15,7858.081276
54,16,7090.101345
54,17,6431.633921
54,18,5664.762867
54,19,5603.944090
54,20,4957.553114
54,22,4712.624170
54,23,4551.749339
54,25,4511.282761
54,26,4454.322857
54,28,4431.069605
54,32,4356.715249
54,34,4312.746503
55,15,7858.081276
55,16,7090.101345
55,17,6431.633921
55,18,5664.762867
55,19,5505.355248
55,20,4916.345890
55,22,4703.491899
55,23,4535.502082
55,25,4489.699755
55,26,4434.276182
55,27,4426.805286
55,28,4383.087385
55,32,4350.996026
55,34,4311.868354
56,15,7858.081276
56,16,7090.101345
56,17,6085.467204
56,18,5664.762867
56,19,5505.355248
56,20,4916.345890
56,22,4703.491899
56,23,4535.502082
56,25,4489.699755
56,26,4414.023277
56,28,4383.087385
56,32,4350.996026
56,34,4311.868354
57,15,7858.081276
57,16,7090.101345
57,17,6085.467204
57,18,5664.762867
57,19,5505.355248
57,20,4916.345890
57,22,4703.491899
57,23,4535.502082
57,25,4412.438926
57,26,4401.284129
57,28,4383.087385
57,32,4350.996026
57,34,4311.868354
58,15,7858.081276
58,16,7090.101345
58,17,6085.467204
58,18,5664.762867
58,19,5505.355248
58,20,4916.345890
58,22,4703.491899
58,23,4411.254381
58,26,4391.339866
58,28,4383.087385
58,32,4350.996026
58,34,4311.868354
59,15,7858.081276
59,16,7090.101345
59,17,6085.467204
59,18,5305.622403
59,20,4916.345890
59,22,4703.491899
59,23,4411.254381
59,26,4391.339866
59,28,4383.087385
59,30,4380.130883
59,32,4350.996026
59,34,4311.868354
60,15,7609.299447
60,16,6003.608967
60,18,5237.797346
60,20,4829.367496
60,22,4703.491899
60,23,4372.161767
60,32,4344.770893
60,34,4289.524590
61,15,7609.299447
61,16,6003.608967
61,18,5237.797346
61,20,4829.367496
61,22,4703.491899
61,23,4372.161767
61,26,4369.033024
61,28,4359.955935
61,32,4344.770893
61,34,4289.524590
62,15,7609.299447
62,16,6003.608967
62,18,5237.797346
62,19,5002.725559
62,20,4829.367496
62,22,4703.491899
62,23,4372.161767
62,25,4327.430437
62,28,4304.538437
62,34,4289.524590
63,15,7609.299447
63,16,6003.608967
63,18,5237.797346
63,19,5002.725559
63,20,4829.367496
63,22,4703.491899
63,23,4372.161767
63,25,4327.430437
63,28,4304.538437
63,34,4289.524590
64,15,6910.554295
64,16,6003.608967
64,18,5237.797346
64,19,5002.725559
64,20,4829.367496
64,22,4703.491899
64,23,4372.161767
64,25,4327.430437
64,28,4304.538437
64,34,4289.524590
65,15,6910.554295
65,16,5844.044857
65,18,5199.001633
65,19,5002.725559
65,20,4828.589416
65,22,4703.491899
65,23,4312.404056
65,26,4305.191550
65,28,4304.538437
65,34,4261.704855
66,15,6910.554295
66,16,5844.044857
66,18,5199.001633
66,19,5002.725559
66,20,4828.589416
66,21,4508.242369
66,22,4360.721008
66,23,4312.404056
66,26,4305.191550
66,28,4304.538437
66,34,4261.704855
67,15,6910.554295
67,16,5844.044857
67,17,5787.665290
67,18,5199.001633
67,19,5002.725559
67,20,4828.589416
67,21,4508.242369
67,22,4360.721008
67,23,4312.404056
67,25,4294.673467
67,34,4261.704855
68,15,6910.554295
68,16,5844.044857
68,17,5787.665290
68,18,5199.001633
68,19,5002.725559
68,20,4828.589416
68,21,4508.242369
68,22,4360.721008
68,23,4312.404056
68,25,4294.673467
68,34,4261.704855
69,15,6910.554295
69,16,5844.044857
69,17,5787.665290
69,18,5199.001633
69,19,5002.725559
69,20,4828.589416
69,21,4508.242369
69,22,4360.721008
69,23,4312.404056
69,25,4294.673467
69,34,4261.704855
70,15,6910.554295
70,16,5844.044857
70,17,5787.665290
70,18,5195.145944
70,19,4966.336432
70,20,4828.177932
70,21,4508.242369
70,22,4349.228883
70,23,4296.423794
70,25,4290.981103
70,28,4263.817865
70,34,4246.699098
71,15,6910.554295
71,16,5844.044857
71,17,5787.665290
71,18,5195.145944
71,19,4966.336432
71,20,4787.868276
71,21,4508.242369
71,22,4349.228883
71,23,4281.439102
71,28,4263.817865
71,34,4246.699098
72,15,6910.554295
72,16,5844.044857
72,17,5787.665290
72,18,5195.145944
72,19,4966.336432
72,20,4787.868276
72,21,4508.242369
72,22,4349.228883
72,23,4281.439102
72,28,4263.817865
72,34,4246.699098
73,15,6910.554295
73,16,5844.044857
73,17,5787.665290
73,18,5195.145944
73,19,4966.336432
73,20,4471.335622
73,22,4349.228883
73,23,4281.439102
73,25,4269.212400
73,28,4263.817865
73,34,4246.699098
74,15,6910.554295
74,16,5844.044857
74,17,5787.665290
74,18,5195.145944
74,19,4966.336432
74,20,4471.335622
74,22,4349.228883
74,23,4281.439102
74,25,4269.212400
74,28,4263.817865
74,34,4246.699098
75,15,6910.554295
75,16,5844.044857
75,17,5626.501573
75,18,5195.145944
75,19,4966.336432
75,20,4471.335622
75,22,4349.228883
75,23,4281.439102
75,25,4269.212400
75,28,4263.817865
75,29,4259.279751
75,34,4246.699098
76,15,6910.554295
76,16,5844.044857
76,17,5584.280613
76,18,5195.145944
76,19,4966.336432
76,20,4471.335622
76,22,4349.228883
76,23,4281.439102
76,25,4238.821742
77,15,6910.554295
77,16,5844.044857
77,17,5360.100198
77,18,5195.145944
77,19,4966.336432
77,20,4471.335622
77,22,4349.228883
77,23,4281.439102
77,25,4238.821742
78,15,6668.807440
78,16,5844.044857
78,17,5360.100198
78,18,5195.145944
78,19,4966.336432
78,20,4471.335622
78,22,4349.228883
78,23,4281.439102
78,25,4238.821742
79,15,6668.807440
79,16,5844.044857
79,17,5360.100198
79,18,5195.145944
79,19,4966.336432
79,20,4471.335622
79,22,4349.228883
79,23,4281.439102
79,25,4238.821742
80,15,6235.092560
80,16,5819.278077
80,17,5287.991503
80,18,5186.777162
80,19,4966.336432
80,20,4437.645694
80,22,4345.930283
80,23,4276.409808
80,24,4188.481497
81,15,6047.514317
81,16,5819.278077
81,17,5287.991503
81,18,5186.777162
81,19,4966.336432
81,20,4437.645694
81,22,4345.930283
81,23,4276.409808
81,24,4188.481497
81,28,4168.520006
82,15,6047.514317
82,16,5819.278077
82,17,5287.991503
82,18,5186.777162
82,19,4966.336432
82,20,4437.645694
82,22,4345.930283
82,23,4276.409808
82,24,4172.164064
82,28,4168.520006
83,15,6047.514317
83,16,5819.278077
83,17,5287.991503
83,18,5186.777162
83,19,4966.336432
83,20,4437.645694
83,22,4345.930283
83,23,4276.409808
83,24,4172.164064
83,28,4168.520006
84,15,6047.514317
84,16,5819.278077
84,17,5287.991503
84,18,5010.098041
84,19,4966.336432
84,20,4437.645694
84,22,4345.930283
84,23,4276.409808
84,24,4172.164064
84,28,4168.520006
85,15,5992.564737
85,16,5810.477371
85,17,5272.661579
85,18,4994.143515
85,19,4957.097766
85,20,4437.495830
85,22,4331.171287
85,23,4276.409808
85,24,4159.424206
86,15,5992.564737
86,16,5810.477371
86,17,5272.661579
86,18,4994.143515
86,19,4957.097766
86,20,4437.495830
86,22,4331.171287
86,23,4276.409808
86,24,4159.424206
87,15,5871.388230
87,16,5810.477371
87,17,5272.661579
87,18,4994.143515
87,19,4957.097766
87,20,4437.495830
87,22,4331.171287
87,23,4276.409808
87,24,4159.424206
88,15,5696.001785
88,17,5272.661579
88,18,4994.143515
88,19,4957.097766
88,20,4437.495830
88,22,4331.171287
88,23,4258.916087
88,24,4159.424206
89,15,5696.001785
89,17,5272.661579
89,18,4994.143515
89,19,4957.097766
89,20,4437.495830
89,22,4331.171287
89,23,4258.916087
89,24,4159.424206
90,15,5391.038358
90,17,5272.661579
90,18,4993.199393
90,19,4957.097766
90,20,4410.116807
90,22,4304.782847
90,23,4250.278857
90,24,4159.424206
91,15,5391.038358
91,17,5272.661579
91,18,4993.199393
91,19,4957.097766
91,20,4410.116807
91,22,4271.287737
91,23,4250.278857
91,24,4159.424206
91,28,4153.992330
92,15,5391.038358
92,17,5272.661579
92,18,4993.199393
92,19,4957.097766
92,20,4410.116807
92,22,4271.287737
92,23,4250.278857
92,24,4159.424206
92,27,4140.077309
93,15,5391.038358
93,17,5272.661579
93,18,4993.199393
93,19,4957.097766
93,20,4410.116807
93,22,4253.263704
93,23,4250.278857
93,24,4159.424206
93,27,4140.077309
94,15,5391.038358
94,17,5272.661579
94,18,4993.199393
94,19,4957.097766
94,20,4410.116807
94,22,4253.263704
94,23,4247.530275
94,24,4159.424206
94,27,4140.077309
95,15,5391.038358
95,17,5255.461969
95,18,4993.199393
95,19,4932.293469
95,20,4341.126009
95,21,4200.701785
95,23,4144.510576
95,27,4112.850257
96,15,5391.038358
96,17,5255.461969
96,18,4993.199393
96,19,4932.293469
96,20,4341.126009
96,21,4200.701785
96,23,4144.510576
96,24,4137.008232
96,27,4112.850257
97,15,5391.038358
97,17,5255.461969
97,18,4993.199393
97,19,4932.293469
97,20,4341.126009
97,21,4200.701785
97,23,4144.510576
97,24,4137.008232
97,27,4112.850257
98,15,5391.038358
98,17,5255.461969
98,18,4993.199393
98,19,4932.293469
98,20,4341.126009
98,21,4200.701785
98,23,4144.510576
98,24,4137.008232
98,27,4112.850257
99,15,5391.038358
99,17,5255.461969
99,18,4993.199393
99,19,4932.293469
99,20,4341.126009
99,21,4200.701785
99,23,4144.510576
99,24,4137.008232
99,27,4112.850257
100,15,5310.439015
100,17,5228.344689
100,18,4955.577042
100,19,4931.857216
100,20,4332.016800
100,21,4197.403185
100,23,4144.510576
100,24,4135.897324
100,27,4107.374489
101,15,5310.439015
101,17,5228.344689
101,18,4955.577042
101,19,4931.857216
101,20,4332.016800
101,21,4197.403185
101,23,4144.510576
101,24,4135.897324
101,27,4107.374489
102,15,5310.439015
102,17,5228.344689
102,18,4955.577042
102,19,4931.857216
102,20,4332.016800
102,21,4197.403185
102,23,4144.510576
102,24,4135.897324
102,27,4107.374489
103,15,5310.439015
103,17,5228.344689
103,18,4955.577042
103,19,4931.857216
103,20,4332.016800
103,21,4197.403185
103,23,4144.510576
103,24,4135.897324
103,27,4107.374489
104,14,6932.474374
104,15,5310.439015
104,17,5228.344689
104,18,4955.577042
104,19,4931.857216
104,20,4332.016800
104,21,4197.403185
104,23,4144.510576
104,24,4135.897324
104,27,4107.374489
105,14,6798.855281
105,15,5310.439015
105,17,5228.344689
105,18,4955.577042
105,19,4903.906007
105,20,4329.984707
105,21,4173.413804
105,23,4144.510576
105,24,4135.897324
105,27,4104.421565
106,14,6564.347443
106,15,5310.439015
106,17,5228.344689
106,18,4955.577042
106,19,4903.906007
106,20,4329.984707
106,21,4173.413804
106,23,4144.510576
106,24,4135.897324
106,27,4104.421565
107,14,6564.347443
107,15,5310.439015
107,17,5226.951421
107,18,4955.577042
107,19,4903.906007
107,20,4329.984707
107,21,4173.413804
107,23,4144.510576
107,24,4135.897324
107,27,4104.421565
108,14,6564.347443
108,15,5310.439015
108,17,5226.951421
108,18,4955.577042
108,19,4903.906007
108,20,4329.984707
108,21,4173.413804
108,23,4144.510576
108,24,4135.897324
108,27,4104.421565
109,14,6564.347443
109,15,5310.439015
109,17,5226.951421
109,18,4955.577042
109,19,4903.906007
109,20,4329.984707
109,21,4173.413804
109,23,4144.510576
109,24,4135.897324
109,26,4125.981360
109,27,4104.421565
110,14,6564.347443
110,15,5291.293077
110,17,5226.951421
110,18,4953.335626
110,19,4897.101817
110,20,4326.580573
110,21,4156.587136
110,23,4144.510576
110,24,4129.689498
110,26,4116.584677
110,27,4095.931795
111,14,6564.347443
111,15,5291.293077
111,17,5226.951421
111,18,4953.335626
111,19,4897.101817
111,20,4326.580573
111,21,4156.587136
111,23,4144.510576
111,24,4129.689498
111,26,4116.584677
111,27,4095.931795
112,14,6564.347443
112,15,5291.293077
112,17,5226.951421
112,18,4953.335626
112,19,4897.101817
112,20,4326.580573
112,21,4156.587136
112,23,4144.510576
112,24,4129.689498
112,25,4107.892076
112,27,4095.931795
113,14,5559.359444
113,15,5291.293077
113,17,5175.148419
113,18,4953.335626
113,19,4897.101817
113,20,4326.580573
113,21,4156.587136
113,23,4144.510576
113,24,4129.689498
113,25,4107.892076
113,27,4095.931795
114,14,5559.359444
114,15,5291.293077
114,17,5175.148419
114,18,4905.899302
114,19,4897.101817
114,20,4196.318879
114,21,4156.587136
114,22,4135.906129
114,24,4129.689498
114,25,4107.892076
114,27,4095.931795
115,14,5559.359444
115,15,5291.293077
115,16,5195.821303
115,17,5175.148419
115,18,4905.899302
115,19,4189.115466
115,21,4151.988019
115,22,4129.345160
115,23,4124.490520
115,24,4092.443489
116,14,5559.359444
116,15,5291.293077
116,16,5195.821303
116,17,5175.148419
116,18,4905.899302
116,19,4189.115466
116,21,4151.988019
116,22,4129.345160
116,23,4124.490520
116,24,4092.443489
117,14,5559.359444
117,15,5291.293077
117,16,5195.821303
117,17,5175.148419
117,18,4905.899302
117,19,4189.115466
117,21,4151.988019
117,22,4129.345160
117,23,4124.490520
117,24,4092.443489
118,14,5559.359444
118,15,5215.277020
118,16,5195.821303
118,17,5175.148419
118,18,4894.188837
118,19,4189.115466
118,21,4150.021912
118,22,4129.345160
118,23,4124.490520
118,24,4092.443489
119,14,5559.359444
119,15,5215.277020
119,16,5195.821303
119,17,5175.148419
119,18,4894.188837
119,19,4189.115466
119,21,4150.021912
119,22,4129.345160
119,23,4124.490520
119,24,4092.443489
120,14,5481.531698
120,15,5210.508412
120,16,5188.823895
120,17,5175.148419
120,18,4887.737460
120,19,4188.128952
120,21,4142.751851
120,22,4129.345160
120,23,4124.490520
120,24,4092.443489
121,14,5481.531698
121,15,5210.508412
121,16,5167.164932
121,18,4887.737460
121,19,4188.128952
121,21,4142.751851
121,22,4129.345160
121,23,4124.490520
121,24,4092.443489
122,14,5481.531698
122,15,5210.508412
122,16,5131.533427
122,18,4452.348287
122,19,4120.081333
122,24,4092.443489
123,14,5481.531698
123,15,5210.508412
123,16,5131.533427
123,18,4452.348287
123,19,4120.081333
123,24,4092.443489
124,14,5481.531698
124,15,5210.508412
124,16,5131.533427
124,18,4452.348287
124,19,4120.081333
124,24,4092.443489
125,14,5472.052400
125,15,5195.489695
125,16,5131.533427
125,18,4445.163193
125,19,4120.081333
125,24,4092.443489
125,26,4073.991793
126,14,5472.052400
126,15,5195.489695
126,16,5131.533427
126,18,4445.163193
126,19,4120.081333
126,23,4105.053565
126,24,4092.443489
126,26,4073.991793
127,14,5472.052400
127,15,5195.489695
127,16,5131.533427
127,18,4445.163193
127,19,4120.081333
127,23,4105.053565
127,24,4092.443489
127,26,4073.991793
128,14,5472.052400
128,15,5195.489695
128,16,5076.344014
128,18,4445.163193
128,19,4120.081333
128,23,4105.053565
128,24,4092.443489
128,26,4073.991793
128,27,4073.094209
129,14,5472.052400
129,15,5195.489695
129,16,5054.034207
129,18,4445.163193
129,19,4120.081333
129,22,4072.660052
130,14,5327.597483
130,15,5194.136010
130,16,5033.989768
130,18,4423.312222
130,19,4114.084735
130,22,4072.660052
130,29,4051.726099
131,14,5327.597483
131,15,5186.933031
131,16,5033.989768
131,18,4423.312222
131,19,4114.084735
131,22,4072.660052
131,29,4051.726099
132,14,5243.060314
132,15,5186.933031
132,16,5033.989768
132,17,5016.757103
132,18,4423.312222
132,19,4114.084735
132,22,4072.660052
132,29,4051.726099
132,30,4041.923848
133,14,5243.060314
133,15,5186.933031
133,16,5033.989768
133,17,5016.757103
133,18,4423.312222
133,19,4114.084735
133,20,4105.549040
133,22,4072.660052
133,23,4044.817239
133,30,4041.923848
134,14,5240.994118
134,15,5186.933031
134,16,5033.989768
134,17,5016.757103
134,18,4423.312222
134,19,4114.084735
134,20,4105.549040
134,22,4072.660052
134,23,4044.817239
134,30,4041.923848
135,14,5168.091117
135,16,5031.449378
135,17,4953.248710
135,18,4416.179930
135,19,4111.587301
135,20,4071.232597
135,23,4044.817239
135,29,4026.041882
136,14,5168.091117
136,16,5031.449378
136,17,4953.248710
136,18,4416.179930
136,19,4111.587301
136,20,4071.232597
136,23,4044.817239
136,29,4026.041882
137,14,5168.091117
137,15,5137.830572
137,16,5031.449378
137,17,4953.248710
137,18,4416.179930
137,19,4111.587301
137,20,4071.232597
137,22,4059.194792
137,23,4044.817239
137,29,4026.041882
138,13,5478.777419
138,14,5168.091117
138,15,5137.830572
138,16,5031.449378
138,17,4953.248710
138,18,4416.179930
138,19,4111.587301
138,20,4071.232597
138,22,4059.194792
138,23,4044.817239
138,29,4026.041882
139,13,5478.777419
139,14,5168.091117
139,15,5137.830572
139,16,5031.449378
139,17,4949.208072
139,18,4416.179930
139,19,4111.587301
139,20,4071.232597
139,22,4059.194792
139,23,4044.817239
139,29,4026.041882
140,13,5478.777419
140,14,5132.753629
140,16,4942.793559
140,18,4375.881792
140,19,4101.437048
140,20,4071.232597
140,22,4059.194792
140,23,4044.817239
140,29,4026.041882
141,13,5478.777419
141,14,5132.753629
141,16,4922.526151
141,18,4375.881792
141,19,4101.437048
141,20,4071.232597
141,22,4059.194792
141,23,4044.817239
141,24,4040.224403
141,29,4026.041882
142,13,5478.777419
142,14,5132.753629
142,16,4922.526151
142,18,4375.881792
142,19,4101.437048
142,20,4071.232597
142,22,4059.194792
142,23,4044.817239
142,24,4040.224403
142,29,4026.041882
143,13,5478.777419
143,14,5132.753629
143,16,4922.526151
143,17,4857.099970
143,18,4375.881792
143,19,4083.048940
143,20,4071.232597
143,22,4059.194792
143,23,4044.817239
143,24,4040.224403
143,29,4026.041882
144,13,5478.777419
144,14,5132.753629
144,16,4922.526151
144,17,4857.099970
144,18,4375.881792
144,19,4083.048940
144,20,4071.232597
144,21,4040.784644
144,24,4040.224403
144,29,4026.041882
145,13,5478.777419
145,14,5114.741652
145,15,5080.100905
145,16,4922.526151
145,17,4845.152927
145,18,4327.294727
145,19,4065.472520
145,21,4040.784644
145,23,4022.112932
146,13,5478.777419
146,14,5114.741652
146,15,5080.100905
146,16,4922.526151
146,17,4394.071171
146,18,4327.294727
146,19,4065.472520
146,21,4040.784644
146,23,4022.112932
147,13,5478.777419
147,14,5114.741652
147,15,5080.100905
147,16,4922.526151
147,17,4394.071171
147,18,4327.294727
147,19,4065.472520
147,21,4040.784644
147,23,4022.112932
148,13,5478.777419
148,14,5114.741652
148,15,5080.100905
148,16,4922.526151
148,17,4394.071171
148,18,4327.294727
148,19,4065.472520
148,21,4040.784644
148,23,4022.112932
149,13,5478.777419
149,14,5114.741652
149,15,5080.100905
149,16,4922.526151
149,17,4394.071171
149,18,4327.294727
149,19,4065.472520
149,21,4040.784644
149,23,4022.112932
150,13,5478.777419
150,14,5057.352063
150,16,4920.418748
150,17,4391.178323
150,18,4286.122261
150,19,4065.472520
150,21,4040.784644
150,23,4021.010917
151,13,5478.777419
151,14,5057.352063
151,15,5040.283164
151,16,4920.418748
151,17,4391.178323
151,18,4286.122261
151,19,4065.472520
151,21,4013.998542
152,13,5478.777419
152,14,5057.352063
152,15,5040.283164
152,16,4920.418748
152,17,4391.178323
152,18,4286.122261
152,19,4065.472520
152,21,4013.998542
153,13,5478.777419
153,14,5057.352063
153,15,5040.283164
153,16,4920.418748
153,17,4391.178323
153,18,4286.122261
153,19,4062.527614
153,21,4013.998542
154,13,5478.777419
154,14,5057.352063
154,15,5040.283164
154,16,4920.418748
154,17,4391.178323
154,18,4286.122261
154,19,4062.527614
154,20,4037.521224
154,21,4013.998542
154,22,4000.944025
155,13,5478.777419
155,14,5049.722050
155,15,5032.999831
155,16,4920.418748
155,17,4387.129108
155,18,4286.122261
155,19,4062.527614
155,20,4036.153322
155,21,4013.998542
155,22,4000.944025
156,13,5478.777419
156,14,5038.224750
156,15,5032.999831
156,16,4920.418748
156,17,4387.129108
156,18,4286.122261
156,19,4028.642038
156,20,4009.338407
156,22,4000.944025
157,13,5478.777419
157,14,5038.224750
157,15,5032.999831
157,16,4920.418748
157,17,4387.129108
157,18,4286.122261
157,19,4028.642038
157,20,4009.338407
157,22,4000.944025
158,13,5478.777419
158,14,5038.224750
158,15,5032.999831
158,16,4920.418748
158,17,4387.129108
158,18,4286.122261
158,19,4028.642038
158,20,4009.338407
158,22,4000.944025
159,13,5478.777419
159,14,5038.224750
159,15,5032.999831
159,16,4920.418748
159,17,4387.129108
159,18,4174.686109
159,19,4028.642038
159,20,4009.338407
159,21,3993.048357
160,13,5449.972931
160,14,5001.901025
160,16,4883.313208
160,17,4379.742379
160,18,4139.429174
160,19,4020.700698
160,20,3996.649186
160,21,3993.048357
161,13,5030.461349
161,14,5001.901025
161,16,4883.313208
161,17,4379.742379
161,18,4139.429174
161,19,4020.700698
161,20,3996.649186
161,21,3992.319088
162,13,5030.461349
162,14,5001.901025
162,15,4899.889761
162,16,4883.313208
162,17,4379.742379
162,18,4139.429174
162,19,4020.700698
162,20,3996.649186
162,21,3992.319088
163,13,5030.461349
163,14,5001.901025
163,15,4899.889761
163,16,4883.313208
163,17,4379.742379
163,18,4139.429174
163,19,4020.700698
163,20,3996.649186
163,21,3992.005458
164,13,5030.461349
164,14,5001.901025
164,15,4899.889761
164,16,4883.313208
164,17,4379.742379
164,18,4139.429174
164,19,4020.700698
164,20,3996.649186
164,21,3992.005458
164,22,3980.483890
165,13,5030.461349
165,14,4985.744497
165,15,4899.889761
165,16,4851.787122
165,17,4379.742379
165,18,4139.429174
165,19,4020.700698
165,20,3996.649186
165,21,3992.005458
165,22,3980.483890
166,13,5030.461349
166,14,4920.546165
166,15,4899.889761
166,16,4851.787122
166,17,4379.742379
166,18,4139.429174
166,19,4020.700698
166,20,3996.649186
166,21,3992.005458
166,22,3980.483890
167,13,5030.461349
167,14,4918.216194
167,15,4899.889761
167,16,4851.787122
167,17,4379.742379
167,18,4139.429174
167,19,4020.700698
167,20,3996.649186
167,21,3992.005458
167,22,3980.483890
168,13,5030.461349
168,14,4918.216194
168,15,4857.963821
168,16,4851.787122
168,17,4379.742379
168,18,4139.429174
168,19,4020.700698
168,20,3996.649186
168,21,3992.005458
168,22,3980.483890
169,13,5030.461349
169,14,4918.216194
169,15,4857.963821
169,16,4851.787122
169,17,4379.742379
169,18,4139.429174
169,19,4020.700698
169,20,3996.649186
169,21,3992.005458
169,22,3980.483890
170,13,5028.983052
170,14,4918.216194
170,15,4787.588956
170,17,4372.529344
170,18,4133.380925
170,19,4011.088997
170,20,3996.649186
170,21,3992.005458
170,22,3977.940614
171,13,5028.983052
171,14,4918.216194
171,15,4787.588956
171,17,4372.529344
171,18,4133.380925
171,19,4011.088997
171,20,3996.649186
171,21,3992.005458
171,22,3977.940614
172,13,5028.983052
172,14,4918.216194
172,15,4787.588956
172,17,4372.529344
172,18,4133.380925
172,19,3976.803492
173,13,5028.983052
173,14,4918.216194
173,15,4787.588956
173,17,4372.529344
173,18,4133.380925
173,19,3974.328189
174,12,7468.528351
174,13,5028.983052
174,14,4918.216194
174,15,4787.588956
174,17,4372.529344
174,18,4133.380925
174,19,3974.328189
175,12,7017.738915
175,13,5023.161654
175,14,4918.216194
175,15,4786.034982
175,17,4372.529344
175,18,4133.380925
175,19,3970.918599
175,21,3958.229158
175,24,3956.604832
176,12,7017.738915
176,13,5023.161654
176,14,4918.216194
176,15,4786.034982
176,17,4372.529344
176,18,4133.380925
176,19,3970.918599
176,21,3958.229158
176,24,3956.604832
177,12,7017.738915
177,13,5023.161654
177,14,4918.216194
177,15,4786.034982
177,17,4372.529344
177,18,4133.380925
177,19,3970.918599
177,21,3958.229158
177,24,3956.604832
178,12,7017.738915
178,13,5023.161654
178,14,4918.216194
178,15,4772.442579
178,17,4372.529344
178,18,4133.380925
178,19,3970.918599
178,21,3958.229158
178,24,3956.604832
179,12,7017.738915
179,13,4968.067739
179,14,4918.216194
179,15,4772.442579
179,17,4372.529344
179,18,4133.380925
179,19,3970.918599
179,21,3958.229158
179,24,3956.604832
180,12,6559.743070
180,13,4965.709777
180,14,4879.980789
180,15,4741.974842
180,17,4355.026667
180,18,4119.164908
180,19,3970.918599
180,21,3958.229158
180,24,3956.604832
181,12,6559.743070
181,13,4937.255429
181,14,4879.980789
181,15,4741.974842
181,17,4355.026667
181,18,4119.164908
181,19,3970.918599
181,21,3958.229158
181,24,3956.604832
182,12,6559.743070
182,13,4937.255429
182,14,4879.980789
182,15,4741.974842
182,17,4355.026667
182,18,4119.164908
182,19,3970.918599
182,21,3958.229158
182,24,3956.604832
183,12,6559.743070
183,13,4937.255429
183,14,4879.980789
183,15,4741.974842
183,17,4355.026667
183,18,4119.164908
183,19,3970.918599
183,21,3958.229158
183,24,3956.604832
184,12,6559.743070
184,13,4929.376377
184,14,4879.980789
184,15,4741.974842
184,17,4355.026667
184,18,4119.164908
184,19,3970.918599
184,21,3958.229158
184,24,3956.604832
185,12,5429.387556
185,13,4897.048828
185,14,4875.609467
185,15,4732.495304
185,17,4354.644465
185,18,4119.164908
185,19,3970.918599
185,21,3958.229158
185,24,3951.387186
186,12,5429.387556
186,13,4897.048828
186,14,4875.609467
186,15,4732.495304
186,17,4354.644465
186,18,4119.164908
186,19,3970.918599
186,20,3948.231018
187,12,5429.387556
187,13,4897.048828
187,14,4875.609467
187,15,4732.495304
187,17,4354.644465
187,18,4119.164908
187,19,3970.918599
187,20,3948.231018
188,12,5367.113813
188,13,4897.048828
188,14,4875.609467
188,15,4732.495304
188,17,4354.644465
188,18,4119.164908
188,19,3970.918599
188,20,3948.231018
189,12,5367.113813
189,13,4897.048828
189,14,4875.609467
189,15,4732.495304
189,17,4354.644465
189,18,4119.164908
189,19,3970.918599
189,20,3948.231018
190,12,5236.736520
190,13,4897.048828
190,14,4871.218818
190,15,4732.495304
190,17,4334.938801
190,18,4119.164908
190,19,3970.918599
190,20,3946.376801
191,12,5236.736520
191,13,4897.048828
191,14,4871.218818
191,15,4732.495304
191,17,4334.938801
191,18,4119.164908
191,19,3970.918599
191,20,3946.376801
192,12,5236.736520
192,13,4897.048828
192,14,4871.218818
192,15,4731.700131
192,17,4334.938801
192,18,4119.164908
192,19,3970.918599
192,20,3946.376801
193,12,5236.736520
193,13,4897.048828
193,14,4871.218818
193,15,4731.700131
193,16,4717.063113
193,17,4334.938801
193,18,4119.164908
193,19,3970.918599
193,20,3946.376801
194,12,5236.736520
194,13,4897.048828
194,14,4871.218818
194,15,4731.700131
194,16,4717.063113
194,17,4334.938801
194,18,4119.164908
194,19,3970.918599
194,20,3946.376801
195,12,5236.736520
195,13,4887.158014
195,14,4867.531449
195,15,4731.700131
195,16,4717.063113
195,17,4334.938801
195,18,4104.511939
195,19,3966.500689
195,20,3946.376801
196,12,5236.736520
196,13,4887.158014
196,14,4867.531449
196,15,4731.700131
196,16,4694.135587
196,17,4334.938801
196,18,4104.511939
196,19,3966.500689
196,20,3946.376801
197,12,5236.736520
197,13,4861.063902
197,15,4731.700131
197,16,4374.457680
197,17,4334.938801
197,18,4104.511939
197,19,3966.500689
197,20,3928.701855
198,12,5236.736520
198,13,4861.063902
198,15,4731.700131
198,16,4374.457680
198,17,4334.938801
198,18,4104.511939
198,19,3966.500689
198,20,3928.701855
199,12,5236.736520
199,13,4861.063902
199,15,4731.700131
199,16,4374.457680
199,17,4334.938801
199,18,4104.511939
199,19,3966.500689
199,20,3923.508775
199,21,3920.068762
200,12,5199.335451
200,13,4861.063902
200,15,4692.713532
200,16,4374.457680
200,17,4285.462827
200,18,4089.089671
200,19,3966.500689
200,20,3900.129440
201,12,5199.335451
201,13,4861.063902
201,14,4856.045041
201,15,4692.713532
201,16,4374.457680
201,17,4285.462827
201,18,4089.089671
201,19,3962.590659
201,20,3900.129440
202,12,5199.335451
202,13,4861.063902
202,14,4856.045041
202,15,4692.713532
202,16,4374.457680
202,17,4285.462827
202,18,4089.089671
202,19,3962.590659
202,20,3900.129440
203,12,5199.335451
203,13,4861.063902
203,14,4856.045041
203,15,4692.713532
203,16,4374.457680
203,17,4285.462827
203,18,4089.089671
203,19,3930.771215
203,20,3900.129440
204,12,5199.335451
204,13,4861.063902
204,14,4856.045041
204,15,4692.713532
204,16,4374.457680
204,17,4285.462827
204,18,4089.089671
204,19,3930.771215
204,20,3900.129440
205,12,5173.011730
205,13,4858.734849
205,14,4821.198638
205,15,4692.713532
205,16,4241.043495
205,18,4082.827499
205,19,3926.518427
205,20,3900.129440
206,12,5173.011730
206,13,4858.734849
206,14,4821.198638
206,15,4679.519626
206,16,4241.043495
206,17,4196.748421
206,18,4082.827499
206,19,3903.938576
206,20,3900.129440
207,12,5173.011730
207,13,4858.734849
207,14,4821.198638
207,15,4679.519626
207,16,4241.043495
207,17,4196.748421
207,18,4082.827499
207,19,3903.938576
207,20,3900.129440
208,12,5173.011730
208,13,4858.734849
208,14,4821.198638
208,15,4679.519626
208,16,4241.043495
208,17,4196.748421
208,18,4082.827499
208,19,3903.938576
208,20,3900.129440
209,12,5173.011730
209,13,4858.734849
209,14,4821.198638
209,15,4679.519626
209,16,4241.043495
209,17,4196.748421
209,18,4082.827499
209,19,3903.938576
209,20,3900.129440
210,12,5173.011730
210,13,4841.185318
210,14,4821.198638
210,15,4679.519626
210,16,4239.661834
210,17,4196.748421
210,18,4078.778284
210,19,3895.944339
211,12,5173.011730
211,13,4841.185318
211,14,4821.198638
211,15,4679.519626
211,16,4239.661834
211,17,4196.748421
211,18,4078.778284
211,19,3895.944339
212,12,5173.011730
212,13,4841.185318
212,14,4821.198638
212,15,4679.519626
212,16,4239.661834
212,17,4196.748421
212,18,4078.778284
212,19,3881.945544
213,12,5173.011730
213,13,4841.185318
213,14,4821.198638
213,15,4679.519626
213,16,4239.661834
213,17,4196.748421
213,18,4078.778284
213,19,3881.945544
214,12,5173.011730
214,13,4841.185318
214,14,4821.198638
214,15,4679.519626
214,16,4239.661834
214,17,3992.998420
214,19,3881.945544
215,12,5158.813702
215,13,4832.889559
215,14,4821.198638
215,15,4679.519626
215,16,4233.233395
215,17,3958.142567
215,19,3881.945544
216,12,5158.813702
216,13,4832.889559
216,14,4821.198638
216,15,4664.729833
216,16,4233.233395
216,17,3958.142567
216,18,3928.773697
216,19,3881.945544
217,12,5158.813702
217,13,4762.471244
217,15,4664.729833
217,16,4233.233395
217,17,3958.142567
217,18,3890.963872
217,19,3881.945544
218,12,5158.813702
218,13,4762.471244
218,15,4660.935141
218,16,4233.233395
218,17,3958.142567
218,18,3890.963872
218,19,3881.945544
219,12,5158.813702
219,13,4762.471244
219,15,4655.020226
219,16,4233.233395
219,17,3958.142567
219,18,3890.963872
219,19,3881.945544
220,12,5157.659631
220,13,4762.471244
220,15,4617.273245
220,16,4222.247467
220,17,3958.142567
220,18,3880.034410
220,19,3875.612201
221,12,5157.659631
221,13,4762.471244
221,14,4724.468988
221,15,4617.273245
221,16,4222.247467
221,17,3958.142567
221,18,3880.034410
221,19,3875.612201
222,12,5157.659631
222,13,4762.471244
222,14,4724.468988
222,15,4617.273245
222,16,4222.247467
222,17,3958.142567
222,18,3880.034410
222,19,3875.612201
223,12,5157.659631
223,13,4760.492260
223,14,4724.468988
223,15,4617.273245
223,16,4222.247467
223,17,3958.142567
223,18,3880.034410
223,19,3875.612201
224,12,5157.659631
224,13,4760.492260
224,14,4724.468988
224,15,4617.273245
224,16,4222.247467
224,17,3958.142567
224,18,3880.034410
224,19,3875.612201
224,20,3865.958686
225,12,5149.804171
225,13,4738.586655
225,14,4724.468988
225,15,4617.273245
225,16,4214.393956
225,17,3950.622825
225,18,3878.559909
225,19,3875.612201
225,20,3865.958686
226,12,5149.804171
226,13,4738.586655
226,14,4724.468988
226,15,4617.273245
226,16,4214.393956
226,17,3950.622825
226,18,3878.559909
226,19,3863.803042
227,12,5149.804171
227,13,4738.586655
227,14,4724.468988
227,15,4617.273245
227,16,4214.393956
227,17,3950.622825
227,18,3878.559909
227,19,3836.411826
228,12,5149.804171
228,13,4738.586655
228,14,4724.468988
228,15,4617.273245
228,16,4214.393956
228,17,3950.622825
228,18,3878.559909
228,19,3836.411826
229,12,5103.951749
229,13,4738.586655
229,14,4722.770183
229,15,4617.273245
229,16,4208.066917
229,17,3950.622825
229,18,3878.559909
229,19,3836.411826
230,12,5103.951749
230,13,4714.264655
230,15,4617.273245
230,16,4208.066917
230,17,3950.622825
230,18,3858.510928
230,19,3831.752371
231,12,5103.951749
231,13,4714.264655
231,15,4617.273245
231,16,4208.066917
231,17,3950.622825
231,18,3858.510928
231,19,3831.752371
232,12,5103.951749
232,13,4714.264655
232,15,4617.273245
232,16,4084.032575
232,17,3950.622825
232,18,3849.696921
232,19,3831.752371
233,12,5103.951749
233,13,4714.264655
233,15,4617.273245
233,16,4084.032575
233,17,3950.622825
233,18,3849.696921
233,19,3831.752371
234,12,5103.951749
234,13,4714.264655
234,15,4617.273245
234,16,4084.032575
234,17,3933.620758
234,18,3849.696921
234,19,3831.752371
235,12,5100.095687
235,13,4703.786458
235,15,4617.273245
235,16,4066.829718
235,17,3927.550172
235,18,3849.696921
235,19,3831.752371
236,12,5075.762267
236,13,4703.786458
236,15,4617.273245
236,16,4066.829718
236,17,3927.550172
236,18,3843.088200
236,19,3831.752371
237,12,5075.762267
237,13,4703.786458
237,15,4617.273245
237,16,4066.829718
237,17,3927.550172
237,18,3843.088200
237,19,3831.752371
238,12,5075.762267
238,13,4703.786458
238,15,4617.273245
238,16,4066.829718
238,17,3860.622639
238,18,3843.088200
238,19,3831.752371
239,12,5075.762267
239,13,4697.360422
239,15,4617.273245
239,16,4066.829718
239,17,3860.622639
239,18,3843.088200
239,19,3831.752371
240,12,4740.236908
240,13,4696.646327
240,15,4617.273245
240,16,4066.829718
240,17,3860.622639
240,18,3843.088200
240,19,3813.818840
241,12,4740.236908
241,13,4696.646327
241,15,4617.273245
241,16,4066.829718
241,17,3860.622639
241,18,3843.088200
241,19,3813.818840
242,12,4740.236908
242,13,4696.646327
242,15,4617.273245
242,16,4066.829718
242,17,3860.622639
242,18,3843.088200
242,19,3813.818840
243,12,4740.236908
243,13,4696.646327
243,15,4617.273245
243,16,4066.829718
243,17,3860.622639
243,18,3843.088200
243,19,3813.818840
244,12,4740.236908
244,13,4696.646327
244,15,4617.273245
244,16,4066.829718
244,17,3860.622639
244,18,3827.927150
244,19,3813.818840
245,12,4740.231978
245,13,4696.646327
245,15,4596.821815
245,16,4066.829718
245,17,3860.622639
245,18,3827.927150
245,19,3813.818840
246,12,4740.231978
246,13,4683.103895
246,15,4596.821815
246,16,4066.829718
246,17,3860.622639
246,18,3827.927150
246,19,3813.818840
247,12,4740.231978
247,13,4683.103895
247,15,4576.989217
247,16,4066.829718
247,17,3855.466571
247,18,3827.927150
247,19,3813.818840
248,12,4740.231978
248,13,4683.103895
248,15,4287.121589
248,16,4066.829718
248,17,3855.466571
248,18,3827.927150
248,19,3813.818840
249,12,4740.231978
249,13,4683.103895
249,15,4287.121589
249,16,4066.829718
249,17,3855.466571
249,18,3827.927150
249,19,3813.818840
250,12,4724.901100
250,13,4683.103895
250,14,4617.682966
250,15,4193.921838
250,16,4056.552322
250,17,3855.466571
250,18,3827.869760
250,19,3813.818840
251,12,4724.901100
251,13,4679.032326
251,14,4617.682966
251,15,4193.921838
251,16,4056.552322
251,17,3855.466571
251,18,3827.869760
251,19,3813.818840
252,12,4724.901100
252,13,4679.032326
252,14,4617.682966
252,15,4193.921838
252,16,4056.552322
252,17,3855.466571
252,18,3827.869760
252,19,3813.818840
253,12,4724.901100
253,13,4679.032326
253,14,4617.682966
253,15,4193.921838
253,16,4056.552322
253,17,3855.466571
253,18,3820.497481
253,19,3813.818840
254,12,4724.901100
254,13,4679.032326
254,14,4617.682966
254,15,4193.921838
254,16,4056.552322
254,17,3855.466571
254,18,3820.497481
254,19,3813.818840
255,12,4696.312736
255,13,4655.893350
255,14,4609.281826
255,15,4193.921838
255,16,4042.408645
255,17,3855.466571
255,18,3820.497481
255,19,3813.818840
256,12,4696.312736
256,13,4655.893350
256,14,4576.608754
256,15,4193.921838
256,16,4042.408645
256,17,3855.466571
256,18,3820.497481
256,19,3813.818840
257,12,4696.312736
257,13,4655.893350
257,14,4576.608754
257,15,4193.921838
257,16,4042.408645
257,17,3855.466571
257,18,3820.497481
257,19,3813.818840
258,12,4696.312736
258,13,4647.615286
258,14,4576.608754
258,15,4193.921838
258,16,4042.408645
258,17,3855.466571
258,18,3820.497481
258,19,3813.818840
259,12,4696.312736
259,13,4647.615286
259,14,4576.608754
259,15,4193.921838
259,16,4042.408645
259,17,3843.117330
259,18,3820.497481
259,19,3813.818840
260,12,4680.763804
260,13,4647.615286
260,14,4570.138638
260,15,4193.921838
260,16,4041.232317
260,17,3843.117330
260,18,3820.497481
260,19,3813.818840
261,12,4680.763804
261,13,4647.615286
261,14,4570.138638
261,15,4193.921838
261,16,4041.232317
261,17,3843.117330
261,18,3820.497481
261,19,3813.818840
262,12,4680.763804
262,13,4626.127649
262,14,4540.723841
262,15,4193.921838
262,16,4041.232317
262,17,3838.345025
262,18,3820.497481
262,19,3813.818840
263,12,4680.763804
263,13,4626.127649
263,14,4540.723841
263,15,4193.921838
263,16,4041.232317
263,17,3825.180865
263,18,3820.497481
263,19,3813.818840
264,12,4680.763804
264,13,4626.127649
264,14,4540.723841
264,15,4193.921838
264,16,4041.232317
264,17,3825.180865
264,18,3820.497481
264,19,3813.818840
265,12,4680.763804
265,13,4626.127649
265,14,4540.723841
265,15,4193.921838
265,16,4041.232317
265,17,3819.381127
265,19,3813.818840
266,12,4680.763804
266,13,4626.127649
266,14,4540.723841
266,15,4193.921838
266,16,4041.232317
266,17,3819.381127
266,19,3813.818840
267,12,4680.763804
267,13,4626.127649
267,14,4540.723841
267,15,4193.921838
267,16,4041.232317
267,17,3819.381127
267,19,3809.769647
268,12,4680.763804
268,13,4626.127649
268,14,4540.723841
268,15,4193.921838
268,16,4041.232317
268,17,3819.381127
268,19,3809.769647
269,12,4680.763804
269,13,4626.127649
269,14,4540.723841
269,15,4193.921838
269,16,4041.232317
269,17,3819.381127
269,19,3809.769647
270,12,4680.763804
270,13,4617.376931
270,14,4511.735440
270,15,4191.501247
270,16,4030.522183
270,17,3816.044081
270,19,3809.769647
271,12,4680.763804
271,13,4606.225710
271,14,4511.735440
271,15,4191.501247
271,16,4030.522183
271,17,3816.044081
271,19,3809.769647
272,12,4663.567514
272,13,4606.225710
272,14,4511.735440
272,15,4191.501247
272,16,4030.522183
272,17,3816.044081
272,18,3814.918025
272,19,3809.769647
273,12,4663.567514
273,13,4606.225710
273,14,4511.735440
273,15,4191.501247
273,16,4030.522183
273,17,3816.044081
273,18,3814.918025
273,19,3809.769647
274,12,4663.567514
274,13,4606.225710
274,14,4511.735440
274,15,4191.501247
274,16,4030.522183
274,17,3816.044081
274,18,3814.918025
274,19,3809.769647
275,12,4660.864274
275,13,4606.225710
275,14,4511.730837
275,15,4182.281341
275,16,4030.503039
275,17,3799.275579
276,12,4634.004442
276,13,4606.225710
276,14,4511.730837
276,15,4182.281341
276,16,4030.503039
276,17,3799.275579
277,11,4748.326880
277,12,4634.004442
277,13,4606.225710
277,14,4511.730837
277,15,4182.281341
277,16,4030.503039
277,17,3799.275579
278,11,4748.326880
278,12,4634.004442
278,13,4571.716736
278,14,4511.730837
278,15,4182.281341
278,16,4030.503039
278,17,3799.275579
279,11,4748.326880
279,12,4634.004442
279,13,4571.716736
279,14,4511.730837
279,15,4182.281341
279,16,4030.503039
279,17,3799.275579
280,11,4645.953903
280,12,4599.768759
280,13,4571.716736
280,14,4505.615708
280,15,4182.281341
280,16,4030.503039
280,17,3799.275579
281,11,4645.953903
281,12,4599.768759
281,13,4571.716736
281,14,4505.615708
281,15,4182.281341
281,16,4030.503039
281,17,3799.275579
282,11,4645.953903
282,12,4599.768759
282,13,4571.716736
282,14,4505.615708
282,15,4182.281341
282,16,4030.503039
282,17,3799.275579
283,11,4645.953903
283,12,4599.768759
283,13,4571.716736
283,14,4505.615708
283,15,4182.281341
283,16,4030.503039
283,17,3799.275579
284,11,4645.953903
284,12,4599.768759
284,13,4571.716736
284,14,4505.615708
284,15,4182.281341
284,16,4030.503039
284,17,3799.275579
285,11,4645.953903
285,12,4599.768759
285,13,4570.164517
285,14,4487.062728
285,15,4182.281341
285,16,4028.577636
285,17,3799.275579
285,18,3798.092460
286,11,4645.953903
286,12,4599.768759
286,13,4570.164517
286,14,4487.062728
286,15,4182.281341
286,16,4028.577636
286,17,3799.275579
286,18,3774.635706
287,11,4645.953903
287,12,4599.768759
287,13,4570.164517
287,14,4487.062728
287,15,4182.281341
287,16,3975.066317
287,17,3799.275579
287,18,3774.635706
288,11,4645.953903
288,12,4599.768759
288,13,4570.164517
288,14,4487.062728
288,15,4182.281341
288,16,3975.066317
288,17,3799.275579
288,18,3774.635706
289,11,4645.953903
289,12,4599.768759
289,13,4570.164517
289,14,4487.062728
289,15,4182.281341
289,16,3975.066317
289,17,3799.275579
289,18,3774.635706
290,11,4640.685232
290,12,4596.547184
290,13,4569.798695
290,14,4484.100394
290,15,4175.402996
290,16,3974.379319
290,17,3799.275579
290,18,3773.982182
291,11,4640.685232
291,12,4591.484739
291,13,4569.798695
291,14,4484.100394
291,15,4175.402996
291,16,3974.379319
291,17,3799.275579
291,18,3773.982182
292,11,4640.685232
292,12,4591.484739
292,13,4569.798695
292,14,4484.100394
292,15,4175.402996
292,16,3974.379319
292,17,3799.275579
292,18,3773.982182
293,11,4640.685232
293,12,4586.662690
293,13,4569.798695
293,14,4484.100394
293,15,4175.402996
293,16,3974.379319
293,17,3799.275579
293,18,3773.982182
294,11,4640.685232
294,12,4584.590138
294,13,4569.798695
294,14,4484.100394
294,15,4175.402996
294,16,3974.379319
294,17,3799.275579
294,18,3773.982182
295,11,4620.616618
295,12,4578.088655
295,13,4569.798695
295,14,4484.100394
295,15,4170.185350
295,16,3974.379319
295,17,3799.275579
295,18,3773.982182
296,11,4620.616618
296,12,4562.496605
296,14,4484.100394
296,15,4170.185350
296,16,3974.379319
296,17,3791.687176
296,18,3768.005732
297,11,4620.616618
297,12,4562.496605
297,14,4484.100394
297,15,4170.185350
297,16,3974.379319
297,17,3791.687176
297,18,3768.005732
298,11,4620.616618
298,12,4562.496605
298,14,4484.100394
298,15,4170.185350
298,16,3974.379319
298,17,3791.687176
298,18,3768.005732
299,11,4620.616618
299,12,4528.881009
299,14,4484.100394
299,15,4170.185350
299,16,3974.379319
299,17,3791.687176
299,18,3768.005732
300,11,4620.616618
300,12,4528.881009
300,14,4478.909120
300,15,4170.185350
300,16,3974.172212
300,17,3791.687176
300,18,3768.005732
301,11,4620.616618
301,12,4528.881009
301,14,4478.909120
301,15,4170.185350
301,16,3974.172212
301,17,3791.687176
301,18,3768.005732
302,11,4611.431202
302,12,4528.881009
302,14,4478.909120
302,15,4170.185350
302,16,3974.172212
302,17,3791.687176
302,18,3768.005732
303,11,4611.431202
303,12,4515.030170
303,14,4478.909120
303,15,4170.185350
303,16,3974.172212
303,17,3791.687176
303,18,3768.005732
303,19,3761.871321
304,11,4611.431202
304,12,4515.030170
304,14,4478.909120
304,15,4170.185350
304,16,3974.172212
304,17,3791.687176
304,18,3768.005732
304,19,3761.871321
305,11,4611.431202
305,12,4515.030170
305,14,4478.909120
305,15,4170.185350
305,16,3973.693572
305,17,3791.687176
305,18,3768.005732
305,19,3761.871321
306,11,4611.431202
306,12,4479.229317
306,14,4478.909120
306,15,4170.185350
306,16,3973.693572
306,17,3791.687176
306,18,3768.005732
306,19,3761.871321
307,11,4592.443897
307,12,4463.507207
307,14,4453.514281
307,15,4170.185350
307,16,3973.693572
307,17,3791.687176
307,18,3768.005732
307,19,3761.871321
308,11,4592.443897
308,12,4463.507207
308,14,4453.514281
308,15,4170.185350
308,16,3973.693572
308,17,3791.687176
308,18,3767.798625
308,19,3761.871321
309,11,4589.482983
309,12,4463.507207
309,13,4457.742994
309,14,4453.514281
309,15,4170.185350
309,16,3973.693572
309,17,3791.687176
309,18,3767.793492
309,19,3761.871321
310,11,4565.808537
310,12,4438.793199
310,15,4149.765226
310,16,3973.693572
310,17,3788.325975
310,18,3767.793492
310,19,3761.525906
311,11,4565.808537
311,12,4438.793199
311,15,4149.765226
311,16,3973.693572
311,17,3788.325975
311,18,3767.793492
311,19,3761.525906
312,11,4565.808537
312,12,4438.793199
312,15,4149.765226
312,16,3973.693572
312,17,3788.325975
312,18,3767.793492
312,19,3761.525906
313,11,4565.808537
313,12,4438.793199
313,15,4149.765226
313,16,3973.693572
313,17,3788.325975
313,18,3767.793492
313,19,3761.525906
314,11,4565.808537
314,12,4438.793199
314,15,4149.765226
314,16,3973.693572
314,17,3788.325975
314,18,3767.793492
314,19,3758.878483
315,11,4559.205355
315,12,4438.793199
315,15,4149.765226
315,16,3973.693572
315,17,3788.325975
315,18,3767.793492
315,19,3758.878483
316,11,4559.205355
316,12,4438.793199
316,15,4149.765226
316,16,3973.693572
316,17,3788.325975
316,18,3766.898189
316,19,3758.878483
317,11,4559.205355
317,12,4438.793199
317,15,4149.765226
317,16,3973.693572
317,17,3788.325975
317,18,3766.898189
317,19,3758.878483
318,11,4559.205355
318,12,4438.793199
318,15,4149.765226
318,16,3804.466200
318,17,3788.325975
318,18,3766.898189
318,19,3758.878483
319,11,4559.205355
319,12,4438.793199
319,13,4378.345251
319,15,4149.765226
319,16,3804.466200
319,17,3788.325975
319,18,3766.898189
319,19,3758.878483
320,11,4529.247285
320,12,4438.400749
320,13,4376.610590
320,15,4118.588152
320,16,3803.905207
320,17,3788.325975
320,18,3763.536987
320,19,3758.878483
321,11,4529.247285
321,12,4438.400749
321,13,4376.610590
321,15,4118.588152
321,16,3803.905207
321,17,3788.325975
321,18,3763.536987
321,19,3758.878483
322,11,4529.247285
322,12,4438.400749
322,13,4365.807239
322,15,4118.588152
322,16,3803.905207
322,17,3788.325975
322,18,3763.536987
322,19,3758.878483
323,11,4529.247285
323,12,4438.400749
323,13,4365.807239
323,15,4118.588152
323,16,3803.905207
323,17,3788.325975
323,18,3763.536987
323,19,3758.878483
323,20,3748.422120
324,11,4529.247285
324,12,4438.400749
324,13,4360.355263
324,15,4118.588152
324,16,3803.602008
324,17,3788.325975
324,18,3763.536987
324,19,3758.878483
324,20,3748.422120
325,11,4529.247285
325,12,4438.400749
325,13,4353.061215
325,15,4118.156565
325,16,3803.602008
325,17,3788.325975
325,18,3763.536987
325,19,3758.878483
325,20,3748.422120
326,11,4529.247285
326,12,4438.400749
326,13,4353.061215
326,15,4118.156565
326,16,3803.602008
326,17,3788.325975
326,18,3763.536987
326,19,3758.878483
326,20,3748.422120
327,11,4529.247285
327,12,4438.400749
327,13,4353.061215
327,15,4118.156565
327,16,3803.602008
327,17,3788.325975
327,18,3763.536987
327,19,3758.878483
327,20,3748.422120
328,11,4529.247285
328,12,4438.400749
328,13,4353.061215
328,15,4118.156565
328,16,3803.602008
328,17,3788.325975
328,18,3763.536987
328,19,3758.878483
328,20,3748.422120
