Generation,NV,TOC
1,19,9946.613544
1,21,7616.601434
1,26,7398.145755
1,29,6620.292572
1,33,6101.093573
1,36,5424.310991
1,39,5370.257379
1,40,5284.218407
1,41,5273.055212
1,52,5152.419436
1,54,5070.136504
2,18,10603.957465
2,19,9946.613544
2,21,7616.601434
2,26,7398.145755
2,27,6736.962185
2,29,6620.292572
2,30,6294.552761
2,31,5819.012769
2,34,5795.626315
2,36,5424.310991
2,38,5332.109325
2,39,5321.109900
2,40,5284.218407
2,41,5273.055212
2,42,5093.006394
2,53,5047.951125
3,18,10603.957465
3,19,8843.564776
3,20,7650.309909
3,21,7616.601434
3,23,7437.144752
3,26,7265.338645
3,27,6736.962185
3,29,6049.915931
3,31,5819.012769
3,34,5795.626315
3,35,5317.390838
3,38,5309.304139
3,40,5103.375335
3,42,5093.006394
3,53,5047.951125
3,58,4968.823316
4,18,10603.957465
4,19,8843.564776
4,20,7650.309909
4,21,7616.601434
4,23,7437.144752
4,24,7273.611420
4,26,6852.792637
4,27,6736.962185
4,28,6574.917768
4,29,6049.915931
4,31,5819.012769
4,34,5795.626315
4,35,5317.390838
4,38,5162.342780
4,40,5047.201081
4,58,4968.823316
5,18,10603.957465
5,19,8843.564776
5,20,7650.309909
5,21,7593.074226
5,23,7437.144752
5,24,7273.611420
5,26,6852.792637
5,27,6736.962185
5,28,6574.917768
5,29,5902.990821
5,31,5819.012769
5,32,5550.970474
5,35,5115.632470
5,40,5039.803795
5,55,5039.027141
5,56,5031.319237
5,58,4968.823316
6,18,10603.957465
6,19,8843.564776
6,20,7650.309909
6,21,7593.074226
6,22,7205.710729
6,24,6589.149695
6,28,6574.917768
6,29,5902.990821
6,31,5819.012769
6,32,5550.970474
6,33,5072.737213
6,40,5039.803795
6,41,5034.216607
6,44,4880.765958
7,18,9601.255131
7,19,8843.564776
7,20,7650.309909
7,21,7593.074226
7,22,7205.710729
7,24,6589.149695
7,27,6055.256763
7,29,5902.990821
7,31,5819.012769
7,32,5419.685509
7,33,5072.737213
7,40,4941.322147
7,44,4880.765958
7,45,4862.794541
7,46,4842.463918
8,18,9601.255131
8,19,8843.564776
8,20,7466.420395
8,22,7205.710729
8,24,6538.531470
8,27,6055.256763
8,29,5902.990821
8,31,5428.182058
8,32,4960.438346
8,40,4941.322147
8,44,4797.588964
9,17,8933.681949
9,19,8843.564776
9,20,7466.420395
9,21,7426.069481
9,22,7205.710729
9,24,6538.531470
9,27,6055.256763
9,29,5902.990821
9,30,5400.923609
9,31,5359.030231
9,32,4960.438346
9,39,4957.860891
9,40,4941.322147
9,42,4908.076993
9,44,4797.588964
10,17,8933.681949
10,19,8207.554943
10,20,7422.847241
10,22,6852.313680
10,24,6240.969575
10,25,5976.408950
10,29,5722.139784
10,30,5302.209361
10,31,5255.122181
10,32,4899.352047
10,35,4814.001805
10,37,4775.101378
11,17,8933.681949
11,19,8207.554943
11,20,7422.847241
11,22,6852.313680
11,24,6240.969575
11,25,5976.408950
11,29,5431.223587
11,30,5302.209361
11,31,5255.122181
11,32,4899.352047
11,35,4814.001805
11,37,4775.101378
11,45,4755.768301
11,48,4735.121342
12,17,8479.707673
12,19,8207.554943
12,20,7422.847241
12,21,6456.123997
12,24,6240.969575
12,25,5976.408950
12,29,5431.223587
12,30,5302.209361
12,31,5255.122181
12,32,4899.352047
12,35,4814.001805
12,36,4797.633699
12,37,4775.101378
12,45,4755.768301
12,48,4735.121342
13,17,8479.707673
13,19,8137.060704
13,20,6769.377239
13,21,6456.123997
13,24,6240.969575
13,25,5976.408950
13,28,5460.850766
13,29,5431.223587
13,30,5244.879302
13,32,4899.352047
13,35,4814.001805
13,36,4797.633699
13,37,4775.101378
13,38,4769.139142
13,43,4749.674067
13,48,4735.121342
14,17,8479.707673
14,19,8137.060704
14,20,6769.377239
14,21,6456.123997
14,24,6240.969575
14,25,5976.408950
14,28,5460.850766
14,29,5431.223587
14,30,5134.860593
14,32,4899.352047
14,35,4814.001805
14,36,4797.633699
14,37,4775.101378
14,38,4769.139142
14,43,4749.674067
14,44,4732.856160
15,16,9692.588381
15,17,8479.707673
15,19,8137.060704
15,20,6769.377239
15,21,6456.123997
15,24,6240.969575
15,25,5976.408950
15,28,5315.575743
15,29,5029.075826
15,31,4848.762068
15,33,4805.983461
15,36,4716.155300
15,44,4710.892034
16,16,9692.588381
16,17,8479.707673
16,19,7743.658975
16,20,6769.377239
16,21,6456.123997
16,24,6240.969575
16,25,5483.110878
16,28,5315.575743
16,29,4809.369119
16,33,4805.983461
16,36,4716.155300
16,44,4710.892034
17,16,9692.588381
17,17,8479.707673
17,19,7743.658975
17,20,6769.377239
17,21,6456.123997
17,24,6240.969575
17,25,5483.110878
17,28,5315.575743
17,29,4809.369119
17,33,4805.983461
17,36,4716.155300
17,44,4710.892034
18,16,9692.588381
18,17,8479.707673
18,19,7743.658975
18,20,6769.377239
18,21,6456.123997
18,24,6240.969575
18,25,5483.110878
18,28,5315.575743
18,29,4809.369119
18,32,4791.547286
18,33,4772.010735
18,35,4769.450056
18,36,4716.155300
18,44,4710.892034
19,16,9692.588381
19,17,8479.707673
19,18,8151.731482
19,19,7743.658975
19,20,6769.377239
19,21,5647.029230
19,25,5483.110878
19,26,5200.375698
19,27,5100.100523
19,29,4809.369119
19,31,4800.157844
19,32,4791.547286
19,33,4655.670076
20,16,9692.588381
20,17,8479.707673
20,18,8151.731482
20,19,6426.781501
20,21,5572.369182
20,25,5452.301471
20,26,5102.254824
20,27,5027.345245
20,28,4775.479693
20,32,4629.450110
21,16,9692.588381
21,17,8424.176752
21,18,8151.731482
21,19,6426.781501
21,21,5572.369182
21,25,5452.301471
21,26,5102.254824
21,27,5027.345245
21,28,4775.479693
21,32,4629.450110
22,16,9692.588381
22,17,8424.176752
22,18,8151.731482
22,19,6426.781501
22,21,5572.369182
22,25,5452.301471
22,26,5102.254824
22,27,5027.345245
22,28,4775.479693
22,32,4629.450110
23,16,9692.588381
23,17,6930.301531
23,19,6426.781501
23,21,5572.369182
23,25,5452.301471
23,26,5102.254824
23,27,5027.345245
23,28,4775.479693
23,32,4629.450110
23,40,4627.551648
24,16,9692.588381
24,17,6930.301531
24,19,6426.781501
24,21,5414.500965
24,26,5102.254824
24,27,5027.345245
24,28,4775.479693
24,30,4763.468087
24,32,4629.450110
24,40,4607.817505
25,16,9692.588381
25,17,6846.894327
25,19,6334.142604
25,20,5334.327314
25,23,5289.819013
25,26,5102.254824
25,27,4950.661681
25,28,4737.176893
25,29,4731.260510
25,32,4561.860948
26,16,9692.588381
26,17,6846.894327
26,19,6334.142604
26,20,5334.327314
26,23,5289.819013
26,26,5102.254824
26,27,4950.661681
26,28,4737.176893
26,29,4731.260510
26,32,4561.860948
27,16,8551.297915
27,17,6846.894327
27,19,6334.142604
27,20,5334.327314
27,23,5166.524309
27,26,5102.254824
27,27,4950.661681
27,28,4737.176893
27,29,4731.260510
27,30,4724.143663
27,32,4561.860948
28,16,8551.297915
28,17,6846.894327
28,19,6334.142604
28,20,5334.327314
28,23,5166.524309
28,24,5068.579920
28,26,4999.171447
28,27,4950.661681
28,28,4737.176893
28,29,4731.260510
28,30,4724.143663
28,31,4661.841059
28,32,4561.860948
29,16,7204.177104
29,17,6846.894327
29,19,6334.142604
29,20,5334.327314
29,22,5309.417525
29,23,5166.524309
29,24,5068.579920
29,26,4999.171447
29,27,4825.095034
29,28,4737.176893
29,29,4731.260510
29,30,4724.143663
29,31,4661.841059
29,32,4561.860948
29,34,4547.541497
30,16,7204.177104
30,17,6846.894327
30,18,6387.977081
30,19,6289.386697
30,20,5334.327314
30,22,5100.846222
30,24,5044.669772
30,25,4949.928117
30,27,4726.602340
30,28,4641.128082
30,32,4552.219811
30,34,4538.477965
30,37,4504.152134
31,15,10449.801000
31,16,7151.829995
31,17,6846.894327
31,18,6387.977081
31,19,6289.386697
31,20,5334.327314
31,22,5100.846222
31,23,4984.630717
31,25,4949.928117
31,27,4726.602340
31,28,4641.128082
31,31,4599.323347
31,32,4552.219811
31,34,4538.477965
31,37,4504.152134
32,15,10449.801000
32,16,7151.829995
32,17,6846.894327
32,18,6387.977081
32,19,6289.386697
32,20,5334.327314
32,22,5100.846222
32,23,4984.630717
32,25,4949.928117
32,27,4726.602340
32,28,4641.128082
32,31,4599.323347
32,32,4552.219811
32,34,4538.477965
32,37,4504.152134
33,15,10449.801000
33,16,6559.619362
33,18,6387.977081
33,19,6289.386697
33,20,5334.327314
33,21,5183.730648
33,22,5100.846222
33,23,4984.630717
33,25,4949.928117
33,27,4726.602340
33,28,4641.128082
33,29,4581.934253
33,32,4552.219811
33,34,4538.477965
33,37,4504.152134
34,15,10449.801000
34,16,6501.739453
34,18,6387.977081
34,19,5902.156869
34,20,5334.327314
34,21,5183.730648
34,22,5100.846222
34,23,4984.630717
34,25,4949.928117
34,27,4726.602340
34,28,4641.128082
34,29,4581.934253
34,32,4552.219811
34,34,4529.719637
34,37,4504.152134
34,38,4480.004602
35,15,10449.801000
35,16,6496.409400
35,17,6286.862827
35,19,5902.156869
35,20,5334.327314
35,21,5183.730648
35,22,5100.846222
35,23,4984.630717
35,25,4949.928117
35,26,4899.639595
35,27,4726.602340
35,28,4641.128082
35,29,4581.934253
35,32,4552.219811
35,34,4529.719637
35,37,4504.152134
35,38,4480.004602
36,15,10449.801000
36,16,6496.409400
36,17,6286.862827
36,19,5902.156869
36,20,5334.327314
36,21,5183.730648
36,22,5100.846222
36,23,4984.630717
36,24,4876.284874
36,25,4851.274304
36,27,4650.444045
36,28,4641.128082
36,29,4581.934253
36,31,4552.423558
36,32,4552.038986
36,33,4521.606755
36,37,4504.152134
36,38,4480.004602
37,15,10449.801000
37,16,6496.409400
37,17,6286.862827
37,19,5690.031565
37,20,5334.327314
37,21,5183.730648
37,22,5100.846222
37,23,4984.630717
37,24,4876.284874
37,25,4851.274304
37,27,4650.444045
37,28,4582.628582
37,29,4565.568972
37,30,4552.361884
37,32,4479.121899
38,15,10449.801000
38,16,6496.409400
38,17,6286.862827
38,19,5690.031565
38,20,5334.327314
38,21,5174.556706
38,22,5100.846222
38,23,4984.630717
38,24,4876.284874
38,25,4851.274304
38,27,4650.444045
38,28,4553.937076
38,30,4552.361884
38,32,4479.121899
39,15,10449.801000
39,16,6496.409400
39,17,6280.005467
39,19,5690.031565
39,20,5334.327314
39,21,5174.556706
39,22,5100.846222
39,23,4984.630717
39,24,4876.284874
39,25,4851.274304
39,27,4650.444045
39,28,4553.937076
39,30,4552.361884
39,31,4550.381346
39,32,4479.121899
39,34,4451.305308
40,15,7168.158858
40,16,6496.409400
40,17,6280.005467
40,18,6228.304460
40,19,5690.031565
40,20,5334.327314
40,21,5174.556706
40,22,5100.846222
40,23,4984.630717
40,24,4876.284874
40,25,4806.293449
40,27,4650.444045
40,28,4553.937076
40,30,4552.361884
40,31,4550.381346
40,32,4479.121899
40,33,4467.859985
40,34,4451.305308
41,15,6675.236729
41,16,6496.409400
41,17,6280.005467
41,18,5961.141373
41,19,5690.031565
41,20,5334.327314
41,21,5174.556706
41,22,5078.206262
41,23,4954.472336
41,24,4779.346589
41,27,4549.140123
41,30,4548.002035
41,31,4460.387552
41,32,4454.666768
41,34,4440.303801
42,15,6675.236729
42,16,6496.409400
42,17,6280.005467
42,18,5961.141373
42,19,5690.031565
42,20,5334.327314
42,21,5174.556706
42,22,5062.112514
42,23,4954.472336
42,24,4779.346589
42,27,4549.140123
42,29,4503.530540
42,31,4460.387552
42,32,4454.666768
42,34,4440.303801
43,14,6932.575374
43,15,6675.236729
43,16,6496.409400
43,17,6215.649859
43,18,5961.141373
43,19,5690.031565
43,20,5334.327314
43,21,5174.556706
43,22,5062.112514
43,23,4954.472336
43,24,4779.346589
43,27,4549.140123
43,29,4503.530540
43,31,4460.387552
43,32,4454.666768
43,34,4440.303801
44,14,6682.913878
44,15,6675.236729
44,16,6240.087228
44,17,6215.649859
44,18,5961.141373
44,19,5690.031565
44,20,5334.327314
44,21,5174.556706
44,22,5062.112514
44,23,4954.472336
44,24,4779.346589
44,27,4549.140123
44,29,4503.530540
44,31,4460.387552
44,32,4454.666768
44,34,4440.303801
45,14,6682.913878
45,15,6483.417908
45,16,6240.087228
45,17,6202.295362
45,18,5961.141373
45,19,5690.031565
45,20,5334.327314
45,21,5174.556706
45,22,5062.112514
45,23,4954.472336
45,24,4779.346589
45,27,4549.140123
45,29,4503.530540
45,31,4460.387552
45,32,4454.666768
45,34,4440.303801
46,14,6682.913878
46,15,6483.417908
46,16,6240.087228
46,17,6202.295362
46,18,5292.610347
46,21,5174.556706
46,22,5023.263904
46,23,4916.968273
46,24,4779.346589
46,27,4546.882657
46,29,4503.530540
46,31,4458.678215
46,32,4443.922089
46,34,4421.259663
47,14,6682.913878
47,15,6483.417908
47,16,6240.087228
47,17,6202.295362
47,18,5292.610347
47,21,5102.994983
47,22,4952.883731
47,23,4690.128451
47,27,4546.882657
47,29,4503.530540
47,31,4442.938763
47,34,4421.259663
48,14,6682.913878
48,15,6483.417908
48,16,6240.087228
48,17,6129.262194
48,18,5292.610347
48,21,5102.994983
48,22,4952.883731
48,23,4662.146915
48,27,4546.882657
48,29,4503.530540
48,31,4442.938763
48,34,4421.259663
49,14,6682.913878
49,15,6483.417908
49,16,6240.087228
49,17,6129.262194
49,18,5292.610347
49,21,5102.994983
49,22,4952.883731
49,23,4662.146915
49,27,4546.882657
49,29,4503.530540
49,31,4442.938763
49,33,4440.100578
49,34,4421.259663
50,14,6682.913878
50,15,6483.417908
50,16,6240.087228
50,17,6129.262194
50,18,5292.610347
50,21,5102.994983
50,22,4952.883731
50,23,4644.297170
50,27,4546.882657
50,29,4503.530540
50,31,4442.938763
50,32,4436.619315
50,34,4421.259663
51,14,6682.913878
51,15,6483.417908
51,16,6240.087228
51,17,6067.810163
51,18,5173.615221
51,21,5007.853827
51,22,4623.113128
51,27,4542.368723
51,29,4480.863276
51,31,4429.025122
51,32,4408.582637
51,34,4388.238984
52,14,6682.913878
52,15,6483.417908
52,16,6240.087228
52,17,6067.810163
52,18,5173.615221
52,21,5002.588782
52,22,4623.113128
52,24,4621.061566
52,27,4542.368723
52,29,4450.884715
52,31,4429.025122
52,32,4408.582637
52,34,4388.238984
53,14,6682.913878
53,15,6483.417908
53,16,6215.697660
53,17,6067.810163
53,18,5173.615221
53,21,5002.588782
53,22,4623.113128
53,24,4621.061566
53,27,4542.368723
53,29,4450.884715
53,31,4429.025122
53,32,4408.582637
53,34,4388.238984
54,14,6682.913878
54,15,6483.417908
54,16,6009.229325
54,18,5173.615221
54,21,5002.588782
54,22,4623.113128
54,24,4621.061566
54,27,4542.368723
54,29,4450.884715
54,31,4429.025122
54,32,4408.582637
54,34,4388.238984
55,14,6682.913878
55,15,6288.612203
55,16,6009.229325
55,18,5173.615221
55,21,5002.588782
55,22,4623.113128
55,24,4621.061566
55,27,4542.368723
55,29,4450.884715
55,31,4429.025122
55,32,4408.582637
55,34,4388.238984
56,14,6682.913878
56,15,6288.612203
56,16,6009.229325
56,17,5886.217439
56,18,5036.670496
56,21,4949.597833
56,22,4618.091670
56,24,4608.532909
56,27,4539.392916
56,28,4462.850507
56,29,4441.257960
56,31,4429.025122
56,32,4362.189967
57,14,6682.913878
57,15,6288.612203
57,16,5931.523896
57,17,5886.217439
57,18,5036.670496
57,21,4949.597833
57,22,4618.091670
57,23,4608.929950
57,24,4608.532909
57,25,4516.604305
57,28,4462.850507
57,29,4441.257960
57,31,4429.025122
57,32,4362.189967
58,14,6682.913878
58,15,6288.612203
58,16,5739.056359
58,18,5036.670496
58,20,4962.975623
58,21,4949.597833
58,22,4618.091670
58,23,4608.929950
58,24,4608.532909
58,25,4516.604305
58,28,4462.850507
58,29,4441.257960
58,31,4429.025122
58,32,4362.189967
59,14,6682.913878
59,15,6288.612203
59,16,5739.056359
59,18,5036.670496
59,20,4962.975623
59,21,4949.597833
59,22,4618.091670
59,23,4608.929950
59,24,4608.532909
59,25,4516.604305
59,28,4462.850507
59,29,4441.257960
59,31,4429.025122
59,32,4362.189967
60,14,6682.913878
60,15,6288.612203
60,16,5739.056359
60,18,5036.670496
60,20,4962.975623
60,21,4949.597833
60,22,4618.091670
60,23,4608.929950
60,24,4545.587064
60,25,4516.604305
60,28,4462.850507
60,29,4441.257960
60,31,4429.025122
60,32,4362.189967
61,14,6682.913878
61,15,6153.841220
61,16,5739.056359
61,18,5036.670496
61,20,4924.433490
61,21,4912.533780
61,22,4608.592593
61,23,4530.896281
61,25,4475.180391
61,28,4456.188686
61,29,4441.257960
61,30,4404.357664
61,32,4359.502514
62,14,6668.822469
62,15,6153.841220
62,16,5739.056359
62,17,5409.986225
62,18,5036.670496
62,20,4924.433490
62,21,4912.533780
62,22,4608.592593
62,23,4530.896281
62,25,4475.180391
62,28,4456.188686
62,29,4441.257960
62,30,4404.357664
62,32,4359.502514
63,13,7252.521860
63,14,6668.822469
63,15,6153.841220
63,16,5739.056359
63,17,5409.986225
63,18,5036.670496
63,20,4924.433490
63,21,4912.533780
63,22,4608.592593
63,23,4530.896281
63,25,4475.180391
63,28,4456.188686
63,29,4441.257960
63,30,4404.357664
63,32,4359.502514
64,13,7252.521860
64,14,6668.822469
64,15,6153.841220
64,16,5716.002182
64,17,5356.413934
64,18,5036.670496
64,20,4924.433490
64,21,4912.533780
64,22,4608.592593
64,23,4530.896281
64,25,4475.180391
64,28,4456.188686
64,29,4441.257960
64,30,4404.357664
64,32,4359.502514
65,13,7252.521860
65,14,6668.822469
65,15,6105.679452
65,16,5716.002182
65,17,5356.413934
65,18,5036.670496
65,20,4924.433490
65,21,4912.533780
65,22,4608.592593
65,23,4530.896281
65,24,4521.044118
65,25,4475.180391
65,28,4456.188686
65,29,4441.257960
65,30,4404.357664
65,32,4359.502514
66,13,7252.521860
66,14,6668.822469
66,15,6105.679452
66,16,5716.002182
66,17,5356.413934
66,18,5036.670496
66,20,4924.433490
66,21,4600.843784
66,23,4503.646412
66,24,4461.637804
66,28,4456.188686
66,29,4441.257960
66,30,4399.239892
66,32,4311.794122
67,13,7252.521860
67,14,6668.822469
67,15,6105.679452
67,16,5716.002182
67,17,5356.413934
67,18,5036.670496
67,20,4924.433490
67,21,4600.843784
67,23,4503.646412
67,24,4461.637804
67,25,4459.209555
67,28,4456.188686
67,29,4441.257960
67,30,4399.239892
67,31,4382.899101
67,32,4311.794122
68,13,7252.521860
68,14,6605.169183
68,15,6105.679452
68,16,5716.002182
68,17,5356.413934
68,18,5036.670496
68,20,4924.433490
68,21,4600.843784
68,23,4503.646412
68,24,4461.637804
68,25,4459.209555
68,28,4456.188686
68,29,4441.257960
68,30,4399.239892
68,31,4382.899101
68,32,4311.794122
69,13,7252.521860
69,14,6605.169183
69,15,6094.350012
69,16,5646.273944
69,17,5356.413934
69,18,5036.670496
69,20,4924.433490
69,21,4600.843784
69,23,4503.646412
69,24,4461.637804
69,25,4459.209555
69,28,4456.188686
69,29,4441.257960
69,30,4399.239892
69,31,4382.899101
69,32,4311.794122
70,13,7252.521860
70,14,6605.169183
70,15,5993.877841
70,16,5646.273944
70,17,5278.824855
70,18,5036.670496
70,20,4924.433490
70,21,4600.843784
70,23,4503.646412
70,24,4461.637804
70,25,4459.209555
70,28,4456.188686
70,29,4441.257960
70,30,4399.239892
70,31,4382.899101
70,32,4311.794122
71,13,7252.521860
71,14,6605.169183
71,15,5993.877841
71,16,5646.273944
71,17,5278.824855
71,18,5036.670496
71,19,5032.594551
71,20,4882.161515
71,21,4600.843784
71,23,4503.646412
71,24,4452.795075
71,27,4413.334958
71,30,4348.591972
71,32,4311.353671
72,13,7252.521860
72,14,6605.169183
72,15,5993.877841
72,16,5590.482516
72,17,5278.824855
72,18,5036.670496
72,19,5032.594551
72,20,4882.161515
72,21,4600.843784
72,23,4503.646412
72,24,4452.795075
72,27,4413.334958
72,30,4348.591972
72,32,4311.353671
73,13,7252.521860
73,14,6605.169183
73,15,5993.877841
73,16,5590.482516
73,17,5278.824855
73,18,5036.670496
73,19,5032.594551
73,20,4882.161515
73,21,4600.843784
73,23,4503.646412
73,24,4452.795075
73,27,4413.334958
73,30,4348.591972
73,32,4311.353671
74,13,7252.521860
74,14,6315.738854
74,15,5993.877841
74,16,5590.482516
74,17,5240.683227
74,18,5014.276472
74,20,4882.161515
74,21,4600.843784
74,23,4503.646412
74,24,4452.795075
74,25,4406.164353
74,30,4348.591972
74,32,4311.353671
75,12,8261.997490
75,13,7252.521860
75,14,6315.738854
75,15,5814.272699
75,16,5590.482516
75,17,5240.683227
75,18,5014.276472
75,20,4882.161515
75,21,4600.843784
75,23,4408.111888
75,25,4406.164353
75,30,4348.591972
75,32,4311.353671
76,12,8261.997490
76,13,7252.521860
76,14,6315.738854
76,15,5814.272699
76,16,5565.804948
76,17,5136.821293
76,18,5014.276472
76,20,4882.161515
76,21,4583.809449
76,22,4523.517782
76,23,4408.111888
76,25,4404.307164
76,30,4348.591972
76,32,4311.353671
77,12,8261.997490
77,13,7252.521860
77,14,6315.738854
77,15,5814.272699
77,16,5565.804948
77,17,5082.414117
77,18,5014.276472
77,20,4882.161515
77,21,4583.809449
77,22,4507.910667
77,23,4408.111888
77,24,4344.601285
77,32,4311.353671
78,12,8261.997490
78,13,7252.521860
78,14,6315.738854
78,15,5814.272699
78,16,5565.804948
78,17,5082.414117
78,18,5014.276472
78,19,4861.398829
78,21,4583.809449
78,22,4507.910667
78,23,4408.111888
78,24,4344.601285
78,32,4311.353671
79,12,8261.997490
79,13,7252.521860
79,14,6315.738854
79,15,5814.272699
79,16,5565.804948
79,17,5082.414117
79,18,5014.276472
79,19,4861.398829
79,21,4583.809449
79,22,4507.910667
79,23,4408.111888
79,24,4344.601285
79,32,4311.353671
80,12,8261.997490
80,13,7252.521860
80,14,6315.738854
80,15,5814.272699
80,16,5565.804948
80,17,5082.414117
80,18,5014.276472
80,19,4861.398829
80,21,4583.809449
80,22,4464.618955
80,23,4408.111888
80,24,4344.601285
80,25,4333.980310
80,32,4311.353671
81,12,8261.997490
81,13,7252.521860
81,14,6315.738854
81,15,5622.856357
81,16,5375.347377
81,17,5059.500600
81,18,4983.313312
81,19,4861.398829
81,21,4583.809449
81,22,4444.897392
81,23,4390.461735
81,24,4319.393532
81,30,4296.999987
82,12,8261.997490
82,13,7252.521860
82,14,6315.738854
82,15,5550.272769
82,16,5375.347377
82,17,5059.500600
82,18,4983.313312
82,19,4861.398829
82,21,4583.809449
82,22,4444.897392
82,23,4390.461735
82,24,4319.393532
82,30,4296.999987
83,12,8261.997490
83,13,7252.521860
83,14,6315.738854
83,15,5550.272769
83,16,5375.347377
83,17,5059.500600
83,18,4983.313312
83,19,4861.398829
83,21,4583.809449
83,22,4444.897392
83,23,4390.461735
83,24,4319.393532
83,30,4296.999987
84,12,8261.997490
84,13,7252.521860
84,14,5835.107957
84,15,5550.272769
84,16,5375.347377
84,17,5059.500600
84,18,4983.313312
84,19,4861.398829
84,21,4583.809449
84,22,4444.897392
84,23,4390.461735
84,24,4319.393532
84,30,4296.999987
85,12,8261.997490
85,13,7252.521860
85,14,5835.107957
85,15,5550.272769
85,16,5375.347377
85,17,5059.500600
85,18,4983.313312
85,19,4861.398829
85,21,4578.642819
85,22,4444.897392
85,23,4390.461735
85,24,4319.393532
85,30,4296.999987
86,12,8261.997490
86,13,7252.521860
86,14,5835.107957
86,15,5346.966954
86,17,5044.565351
86,18,4983.313312
86,19,4861.398829
86,21,4572.333949
86,22,4377.841686
86,24,4319.393532
86,30,4296.999987
87,12,8261.997490
87,13,7252.521860
87,14,5835.107957
87,15,5346.966954
87,17,5044.565351
87,18,4983.313312
87,19,4712.059544
87,21,4500.402455
87,22,4377.841686
87,24,4319.393532
87,26,4317.052480
87,30,4296.999987
88,12,8261.997490
88,13,7252.521860
88,14,5835.107957
88,15,5346.966954
88,17,5044.565351
88,18,4983.313312
88,19,4712.059544
88,21,4500.402455
88,22,4377.841686
88,24,4319.393532
88,26,4317.052480
88,27,4296.835398
89,12,8261.997490
89,13,6138.172428
89,14,5835.107957
89,15,5346.966954
89,17,5044.565351
89,18,4945.248139
89,19,4712.059544
89,21,4421.090026
89,22,4377.841686
89,23,4371.382193
89,24,4319.393532
89,26,4317.052480
89,27,4296.835398
90,12,8261.997490
90,13,6138.172428
90,14,5372.943718
90,15,4949.417132
90,18,4945.248139
90,19,4712.059544
90,21,4421.090026
90,22,4377.841686
90,23,4371.382193
90,24,4319.393532
90,26,4317.052480
90,27,4296.835398
91,12,8068.605200
91,13,6138.172428
91,14,5139.590145
91,15,4912.247430
91,18,4811.168574
91,19,4712.059544
91,21,4389.747036
91,22,4365.047207
91,24,4315.157327
91,26,4314.918168
91,27,4274.675315
92,12,8068.605200
92,13,6138.172428
92,14,5139.590145
92,15,4912.247430
92,18,4811.168574
92,19,4712.059544
92,21,4389.747036
92,22,4365.047207
92,24,4315.157327
92,26,4314.918168
92,27,4274.675315
93,12,8068.605200
93,13,6138.172428
93,14,5139.590145
93,15,4912.247430
93,18,4811.168574
93,19,4712.059544
93,21,4389.747036
93,22,4365.047207
93,24,4315.157327
93,26,4277.266670
93,27,4274.675315
94,12,8068.605200
94,13,6138.172428
94,14,5139.590145
94,15,4912.247430
94,18,4811.168574
94,19,4712.059544
94,20,4464.822189
94,21,4389.747036
94,22,4356.145483
94,24,4315.157327
94,26,4277.266670
94,27,4274.675315
95,12,8068.605200
95,13,6138.172428
95,14,5139.590145
95,15,4912.247430
95,18,4811.168574
95,19,4712.059544
95,20,4464.822189
95,21,4389.747036
95,22,4356.145483
95,24,4315.157327
95,26,4277.266670
95,27,4274.675315
96,12,8068.605200
96,13,6138.172428
96,14,5139.590145
96,15,4912.247430
96,18,4712.328105
96,19,4672.818692
96,20,4454.297785
96,21,4381.100020
96,22,4346.325999
96,24,4284.974725
96,26,4268.830859
97,12,8068.605200
97,13,6138.172428
97,14,5139.590145
97,15,4912.247430
97,17,4885.280676
97,18,4712.328105
97,19,4672.818692
97,20,4454.297785
97,21,4381.100020
97,22,4346.325999
97,24,4284.974725
97,26,4268.830859
98,12,8068.605200
98,13,6033.102292
98,14,5139.590145
98,15,4912.247430
98,17,4885.280676
98,18,4712.328105
98,19,4672.818692
98,20,4454.297785
98,21,4381.100020
98,22,4346.325999
98,24,4284.974725
98,26,4268.830859
98,30,4258.376516
99,12,8068.605200
99,13,6033.102292
99,14,5139.590145
99,15,4912.247430
99,16,4852.262037
99,18,4712.328105
99,19,4672.818692
99,20,4454.297785
99,21,4381.100020
99,22,4346.325999
99,24,4284.974725
99,26,4268.830859
99,30,4258.376516
100,12,8068.605200
100,13,6033.102292
100,14,5073.301980
100,15,4912.247430
100,16,4852.262037
100,18,4712.328105
100,19,4672.818692
100,20,4454.297785
100,21,4381.100020
100,22,4346.325999
100,24,4284.974725
100,26,4268.830859
100,30,4258.376516
101,12,8068.605200
101,13,6033.102292
101,14,5073.301980
101,15,4912.247430
101,16,4839.876390
101,18,4712.107339
101,19,4666.509822
101,20,4454.297785
101,21,4381.100020
101,22,4343.494176
101,24,4275.049391
101,25,4250.069694
102,12,8014.178323
102,13,6030.492580
102,14,5073.301980
102,15,4912.247430
102,16,4839.876390
102,18,4712.107339
102,19,4666.509822
102,20,4454.297785
102,21,4362.096874
102,22,4343.494176
102,24,4275.049391
102,25,4250.069694
103,12,8014.178323
103,13,6030.492580
103,14,5042.070876
103,15,4912.247430
103,16,4839.876390
103,17,4786.808976
103,18,4712.107339
103,19,4666.509822
103,20,4454.297785
103,21,4362.096874
103,22,4343.494176
103,24,4275.049391
103,25,4250.069694
104,12,8014.178323
104,13,6030.492580
104,14,5042.070876
104,15,4912.247430
104,16,4839.876390
104,17,4786.808976
104,18,4712.107339
104,19,4614.499113
104,20,4454.297785
104,21,4362.096874
104,22,4343.494176
104,23,4282.910117
104,24,4275.049391
104,25,4250.069694
105,12,7915.879908
105,13,6030.492580
105,14,4968.333817
105,15,4912.247430
105,16,4839.876390
105,17,4786.808976
105,18,4712.107339
105,19,4614.499113
105,20,4454.297785
105,21,4362.096874
105,22,4343.494176
105,23,4282.888722
105,24,4275.049391
105,25,4250.069694
106,12,7915.879908
106,13,5392.519607
106,14,4968.333817
106,15,4912.247430
106,16,4833.604740
106,17,4786.808976
106,18,4712.107339
106,19,4546.130569
106,20,4454.297785
106,21,4358.904023
106,22,4343.494176
106,23,4282.888722
106,24,4233.716794
107,12,7915.879908
107,13,5392.519607
107,14,4968.333817
107,15,4912.247430
107,16,4833.604740
107,17,4786.808976
107,18,4712.107339
107,19,4546.130569
107,20,4454.297785
107,21,4358.904023
107,22,4343.494176
107,23,4282.888722
107,24,4233.716794
108,12,7915.879908
108,13,5392.519607
108,14,4968.333817
108,15,4912.247430
108,16,4833.604740
108,17,4786.808976
108,18,4712.107339
108,19,4546.130569
108,20,4454.297785
108,21,4358.904023
108,22,4343.494176
108,23,4282.888722
108,24,4233.716794
109,12,7915.879908
109,13,5392.519607
109,14,4968.333817
109,15,4912.247430
109,16,4833.604740
109,17,4786.808976
109,18,4712.107339
109,19,4546.130569
109,20,4454.297785
109,21,4358.904023
109,22,4343.494176
109,23,4282.888722
109,24,4233.716794
110,12,7915.879908
110,13,5278.292313
110,14,4968.333817
110,15,4804.892359
110,17,4786.808976
110,18,4712.107339
110,19,4546.130569
110,20,4454.297785
110,21,4358.904023
110,22,4343.494176
110,23,4282.888722
110,24,4233.716794
111,12,7749.978076
111,13,5278.292313
111,14,4884.464460
111,15,4793.844170
111,17,4786.808976
111,18,4668.677958
111,19,4535.644356
111,20,4429.775054
111,21,4358.904023
111,22,4343.494176
111,23,4282.888722
111,24,4233.716794
112,12,7749.978076
112,13,5117.259847
112,14,4884.464460
112,15,4793.844170
112,17,4786.808976
112,18,4668.677958
112,19,4535.644356
112,20,4429.775054
112,21,4358.904023
112,22,4343.494176
112,23,4282.888722
112,24,4233.716794
113,12,7749.978076
113,13,5117.259847
113,14,4884.464460
113,15,4793.844170
113,17,4786.808976
113,18,4668.677958
113,19,4535.644356
113,20,4429.775054
113,21,4358.904023
113,22,4343.494176
113,23,4282.888722
113,24,4233.716794
114,12,7552.470863
114,13,5117.259847
114,14,4758.248773
114,18,4668.677958
114,19,4535.644356
114,20,4429.775054
114,21,4358.904023
114,22,4343.494176
114,23,4282.888722
114,24,4233.716794
115,12,7552.470863
115,13,5117.259847
115,14,4758.248773
115,18,4668.677958
115,19,4535.644356
115,20,4429.775054
115,21,4358.904023
115,22,4343.494176
115,23,4282.888722
115,24,4233.716794
116,12,7552.470863
116,13,5092.755539
116,14,4748.647586
116,17,4628.534940
116,19,4524.258498
116,20,4391.622834
116,21,4355.084481
116,22,4343.179553
116,23,4248.181757
116,24,4224.208575
116,30,4216.119359
117,12,7552.470863
117,13,5092.755539
117,14,4748.647586
117,17,4628.534940
117,19,4524.258498
117,20,4391.622834
117,21,4355.084481
117,22,4343.179553
117,23,4248.181757
117,24,4224.208575
117,30,4216.119359
118,12,7526.461451
118,13,5092.755539
118,14,4748.647586
118,17,4628.534940
118,19,4524.258498
118,20,4353.334381
118,22,4343.179553
118,23,4248.181757
118,24,4224.208575
118,29,4172.595731
119,12,7134.412650
119,13,5063.502543
119,14,4748.647586
119,17,4628.534940
119,19,4524.258498
119,20,4346.720861
119,22,4343.179553
119,23,4248.181757
119,24,4224.208575
119,29,4172.595731
120,12,7134.412650
120,13,5063.502543
120,14,4748.647586
120,15,4734.066409
120,17,4628.534940
120,19,4524.258498
120,20,4346.720861
120,22,4343.179553
120,23,4248.181757
120,24,4224.208575
120,29,4172.595731
121,12,7134.412650
121,13,4739.794400
121,14,4711.840069
121,17,4606.456072
121,19,4505.795614
121,20,4338.431091
121,23,4248.172790
121,24,4224.208575
121,29,4164.201556
122,12,6890.191481
122,13,4739.794400
122,14,4711.840069
122,17,4606.456072
122,19,4505.795614
122,20,4320.968322
122,23,4248.172790
122,24,4224.208575
122,29,4164.201556
123,12,6890.191481
123,13,4739.794400
123,14,4711.840069
123,15,4704.129971
123,17,4606.456072
123,19,4505.795614
123,20,4320.968322
123,23,4248.172790
123,24,4224.208575
123,29,4164.201556
124,12,6890.191481
124,13,4739.794400
124,14,4711.840069
124,15,4704.129971
124,17,4606.456072
124,19,4505.795614
124,20,4320.968322
124,22,4262.915304
124,23,4248.172790
124,24,4224.208575
124,29,4164.201556
125,12,6890.191481
125,13,4739.794400
125,14,4711.840069
125,15,4704.129971
125,17,4606.456072
125,19,4505.795614
125,20,4320.968322
125,22,4262.915304
125,23,4248.172790
125,24,4224.208575
125,29,4164.201556
126,12,6890.191481
126,13,4710.400574
126,14,4708.782624
126,15,4690.923863
126,17,4573.129283
126,19,4460.396332
126,20,4320.968322
126,22,4262.915304
126,23,4248.156014
126,24,4218.811989
126,29,4164.201556
127,12,6890.191481
127,13,4710.400574
127,14,4708.782624
127,15,4680.009634
127,17,4573.129283
127,19,4460.396332
127,20,4320.968322
127,22,4262.915304
127,23,4248.156014
127,24,4218.811989
127,29,4164.201556
128,11,7138.123944
128,12,4994.341316
128,13,4710.400574
128,14,4685.457053
128,15,4680.009634
128,17,4573.129283
128,19,4460.396332
128,20,4320.968322
128,22,4262.915304
128,23,4248.156014
128,24,4218.811989
128,29,4164.201556
129,11,7138.123944
129,12,4994.341316
129,13,4710.400574
129,14,4685.457053
129,15,4680.009634
129,16,4662.664420
129,17,4573.129283
129,19,4460.396332
129,20,4320.968322
129,22,4262.915304
129,23,4248.156014
129,24,4218.811989
129,29,4164.201556
130,11,7138.123944
130,12,4994.341316
130,13,4710.400574
130,14,4685.457053
130,15,4680.009634
130,16,4662.664420
130,17,4573.129283
130,19,4460.396332
130,20,4301.934282
130,22,4239.607379
130,24,4218.811989
130,29,4164.201556
131,11,7138.123944
131,12,4777.180701
131,13,4660.904106
131,15,4604.364248
131,17,4573.129283
131,19,4460.396332
131,20,4301.934282
131,22,4215.557081
131,24,4204.036300
131,29,4158.021126
132,11,7138.123944
132,12,4777.180701
132,13,4660.904106
132,15,4604.364248
132,17,4573.129283
132,19,4460.396332
132,20,4301.934282
132,22,4215.557081
132,24,4204.036300
132,29,4158.021126
133,11,7138.123944
133,12,4777.180701
133,13,4660.904106
133,15,4604.364248
133,17,4573.129283
133,19,4460.396332
133,20,4301.934282
133,22,4201.282222
133,29,4158.021126
134,11,7138.123944
134,12,4777.180701
134,13,4660.904106
134,15,4604.364248
134,17,4573.129283
134,19,4450.146570
134,20,4301.934282
134,22,4201.282222
134,28,4199.513346
134,29,4158.021126
135,11,7138.123944
135,12,4777.180701
135,13,4660.904106
135,15,4604.364248
135,17,4573.129283
135,19,4450.146570
135,20,4301.934282
135,22,4201.282222
135,28,4199.513346
135,29,4158.021126
136,11,7138.123944
136,12,4756.800671
136,13,4660.904106
136,14,4632.637509
136,15,4604.364248
136,16,4572.655396
136,19,4450.146570
136,20,4301.934282
136,22,4185.120792
136,29,4158.021126
137,11,7138.123944
137,12,4756.800671
137,13,4660.904106
137,14,4632.637509
137,15,4604.364248
137,16,4572.655396
137,17,4539.326111
137,19,4450.146570
137,20,4301.934282
137,22,4185.120792
137,29,4158.021126
138,11,7138.123944
138,12,4756.800671
138,13,4660.904106
138,14,4632.637509
138,15,4604.364248
138,16,4572.655396
138,17,4539.326111
138,19,4450.146570
138,20,4301.934282
138,22,4185.120792
138,29,4158.021126
139,11,7138.123944
139,12,4756.800671
139,13,4660.904106
139,14,4632.637509
139,15,4604.364248
139,16,4572.655396
139,17,4539.326111
139,19,4450.146570
139,20,4301.934282
139,22,4185.120792
139,29,4158.021126
140,11,7033.181389
140,12,4756.800671
140,13,4660.904106
140,14,4632.637509
140,15,4604.364248
140,16,4572.655396
140,17,4539.326111
140,19,4450.146570
140,20,4301.934282
140,22,4185.120792
140,29,4158.021126
141,11,6896.891940
141,12,4736.309566
141,13,4660.904106
141,14,4619.984711
141,15,4604.364248
141,16,4572.655396
141,17,4528.912081
141,19,4295.306313
141,22,4185.120792
141,29,4158.021126
142,11,6896.891940
142,12,4736.309566
142,13,4626.002324
142,14,4611.632200
142,15,4581.207626
142,16,4572.655396
142,17,4492.519372
142,19,4295.306313
142,22,4185.120792
142,29,4158.021126
143,11,6577.488751
143,12,4736.309566
143,13,4626.002324
143,14,4602.571399
143,15,4581.207626
143,16,4572.655396
143,17,4492.519372
143,19,4295.306313
143,22,4185.120792
143,29,4158.021126
144,11,6577.488751
144,12,4736.309566
144,13,4626.002324
144,14,4602.571399
144,15,4581.207626
144,16,4572.655396
144,17,4492.519372
144,19,4295.306313
144,22,4185.120792
144,29,4158.021126
145,11,6381.834023
145,12,4736.309566
145,13,4626.002324
145,14,4602.571399
145,15,4581.207626
145,16,4572.655396
145,17,4492.519372
145,19,4295.306313
145,22,4185.120792
145,23,4182.785579
145,29,4158.021126
146,11,5956.876221
146,12,4736.309566
146,13,4626.002324
146,14,4602.571399
146,15,4577.687183
146,16,4540.905609
146,17,4486.999485
146,18,4280.495785
146,22,4148.234252
146,23,4145.899039
147,11,5956.876221
147,12,4736.309566
147,13,4626.002324
147,14,4602.571399
147,15,4577.687183
147,16,4540.905609
147,17,4486.999485
147,18,4280.495785
147,21,4275.259548
147,22,4148.234252
147,23,4145.899039
148,11,5956.876221
148,12,4736.309566
148,13,4626.002324
148,14,4602.571399
148,15,4577.687183
148,16,4540.905609
148,17,4486.999485
148,18,4280.495785
148,21,4275.259548
148,22,4148.234252
148,23,4145.899039
149,11,5956.876221
149,12,4736.309566
149,13,4626.002324
149,14,4602.571399
149,15,4577.687183
149,16,4540.905609
149,17,4486.999485
149,18,4280.495785
149,21,4275.259548
149,22,4148.234252
149,23,4145.899039
150,11,5956.876221
150,12,4736.309566
150,13,4626.002324
150,14,4602.571399
150,15,4577.687183
150,16,4540.905609
150,17,4486.999485
150,18,4280.495785
150,21,4275.259548
150,22,4148.234252
150,23,4145.899039
151,11,5956.876221
151,12,4729.955518
151,13,4626.002324
151,14,4602.571399
151,15,4577.687183
151,16,4540.905609
151,17,4486.999485
151,18,4275.227808
151,21,4273.397671
151,22,4148.234252
151,23,4134.522533
152,11,5956.876221
152,12,4729.955518
152,13,4626.002324
152,14,4602.571399
152,15,4577.687183
152,16,4540.905609
152,17,4486.999485
152,18,4275.227808
152,19,4259.282275
152,21,4156.822339
152,22,4148.234252
152,23,4134.522533
153,11,5956.876221
153,12,4686.936092
153,13,4626.002324
153,14,4602.571399
153,15,4577.687183
153,16,4540.905609
153,17,4486.999485
153,18,4275.227808
153,19,4259.282275
153,21,4156.822339
153,22,4148.234252
153,23,4134.522533
154,11,5956.876221
154,12,4686.936092
154,13,4626.002324
154,14,4602.571399
154,15,4577.687183
154,16,4540.905609
154,17,4486.999485
154,18,4275.227808
154,19,4259.282275
154,21,4156.822339
154,22,4148.234252
154,23,4134.522533
155,11,5956.876221
155,12,4686.936092
155,13,4626.002324
155,14,4602.571399
155,15,4577.687183
155,16,4540.905609
155,17,4459.705198
155,18,4275.227808
155,19,4259.282275
155,21,4156.822339
155,22,4148.234252
155,23,4134.522533
156,11,5956.876221
156,12,4626.216820
156,13,4626.002324
156,14,4569.041121
156,15,4567.801618
156,16,4532.745643
156,17,4449.361300
156,18,4261.610381
156,19,4243.882108
156,21,4156.822339
156,22,4144.322957
156,23,4134.522533
157,11,5956.876221
157,12,4571.453091
157,14,4569.041121
157,15,4567.801618
157,16,4532.745643
157,17,4449.361300
157,18,4261.610381
157,19,4243.882108
157,21,4156.822339
157,22,4144.322957
157,23,4134.522533
158,11,5956.876221
158,12,4571.453091
158,14,4569.041121
158,15,4567.801618
158,16,4532.745643
158,17,4449.361300
158,18,4261.610381
158,19,4243.882108
158,21,4156.822339
158,22,4144.322957
158,23,4134.522533
159,11,5956.876221
159,12,4571.453091
159,14,4569.041121
159,15,4567.801618
159,16,4532.745643
159,17,4449.361300
159,18,4261.610381
159,19,4243.882108
159,21,4156.822339
159,22,4144.322957
159,23,4134.522533
160,11,5956.876221
160,12,4519.389266
160,17,4449.361300
160,18,4261.610381
160,19,4243.882108
160,21,4156.822339
160,22,4144.322957
160,23,4134.522533
160,29,4124.153322
161,11,5956.876221
161,12,4519.389266
161,17,4449.361300
161,18,4261.610381
161,19,4243.882108
161,21,4151.516537
161,22,4138.965966
161,23,4134.522533
161,29,4124.153322
162,11,5956.876221
162,12,4519.389266
162,17,4449.361300
162,18,4261.610381
162,19,4243.882108
162,21,4151.516537
162,22,4138.965966
162,23,4134.522533
162,29,4124.153322
163,11,5956.876221
163,12,4519.389266
163,14,4477.777572
163,17,4449.361300
163,18,4261.610381
163,19,4243.882108
163,21,4151.516537
163,22,4138.965966
163,23,4134.522533
163,29,4124.153322
164,11,5956.876221
164,12,4515.152244
164,14,4477.777572
164,17,4449.361300
164,18,4261.610381
164,19,4243.882108
164,21,4151.516537
164,22,4138.965966
164,23,4134.522533
164,29,4124.153322
165,11,5956.876221
165,12,4488.403671
165,14,4477.777572
165,17,4449.361300
165,18,4261.610381
165,19,4243.882108
165,21,4151.516537
165,22,4138.965966
165,23,4134.522533
165,29,4124.153322
166,11,5956.876221
166,12,4486.705433
166,14,4474.471357
166,17,4449.361300
166,18,4241.103165
166,20,4126.471381
166,21,4116.922565
167,11,5956.876221
167,12,4486.705433
167,14,4474.471357
167,17,4449.361300
167,18,4241.103165
167,20,4126.471381
167,21,4116.922565
168,11,5956.876221
168,12,4486.705433
168,14,4474.471357
168,17,4449.361300
168,18,4241.103165
168,20,4126.471381
168,21,4116.922565
169,11,5639.521032
169,12,4486.705433
169,14,4474.471357
169,17,4449.361300
169,18,4241.103165
169,20,4126.471381
169,21,4116.922565
169,28,4099.625817
170,11,5639.521032
170,12,4486.705433
170,14,4474.471357
170,17,4449.361300
170,18,4241.103165
170,20,4126.471381
170,21,4116.922565
170,28,4099.625817
170,29,4081.744434
171,11,5575.402916
171,12,4485.704231
171,14,4462.543736
171,17,4449.010284
171,18,4241.103165
171,20,4126.471381
171,21,4113.908105
171,27,4069.706980
172,11,5575.402916
172,12,4485.704231
172,14,4462.543736
172,17,4414.288872
172,18,4241.103165
172,20,4126.471381
172,21,4113.908105
172,27,4069.706980
173,11,5575.402916
173,12,4485.704231
173,14,4462.543736
173,17,4414.288872
173,18,4241.103165
173,20,4126.471381
173,21,4113.908105
173,27,4069.706980
174,11,5575.402916
174,12,4424.866350
174,17,4387.108235
174,18,4241.103165
174,20,4126.471381
174,21,4113.908105
174,27,4069.706980
175,11,5575.402916
175,12,4424.866350
175,17,4387.108235
175,18,4241.103165
175,20,4126.471381
175,21,4113.908105
175,27,4069.706980
176,11,5517.850915
176,12,4408.396452
176,14,4391.264171
176,17,4387.108235
176,18,4241.103165
176,20,4126.339522
176,21,4112.172902
176,27,4062.142204
177,11,5388.649159
177,12,4408.396452
177,14,4391.264171
177,17,4387.108235
177,18,4241.103165
177,20,4126.339522
177,21,4112.172902
177,27,4062.142204
178,11,5388.649159
178,12,4408.396452
178,14,4391.264171
178,16,4387.882329
178,17,4387.108235
178,18,4241.103165
178,20,4126.339522
178,21,4112.172902
178,27,4062.142204
179,11,5388.649159
179,12,4408.396452
179,13,4369.507557
179,18,4241.103165
179,20,4126.339522
179,21,4112.172902
179,27,4062.142204
180,11,5388.649159
180,12,4408.396452
180,13,4369.507557
180,15,4361.603350
180,18,4241.103165
180,20,4126.339522
180,21,4112.172902
180,27,4062.142204
181,11,5388.649159
181,12,4408.396452
181,13,4365.839351
181,15,4292.430071
181,18,4230.024215
181,20,4126.339522
181,21,4112.172902
181,27,4053.208682
182,11,5388.649159
182,12,4408.396452
182,13,4365.839351
182,15,4292.430071
182,18,4230.024215
182,20,4126.339522
182,21,4112.172902
182,27,4053.208682
183,11,5388.649159
183,12,4408.396452
183,13,4365.839351
183,14,4360.842529
183,15,4292.430071
183,18,4230.024215
183,20,4126.339522
183,21,4112.172902
183,26,4069.238269
183,27,4053.208682
184,11,5388.649159
184,12,4408.396452
184,13,4365.839351
184,14,4360.842529
184,15,4292.430071
184,18,4230.024215
184,20,4126.339522
184,21,4112.172902
184,26,4069.238269
184,27,4053.208682
185,11,5388.649159
185,12,4408.396452
185,13,4365.839351
185,14,4360.842529
185,15,4292.430071
185,18,4230.024215
185,20,4126.339522
185,21,4112.172902
185,26,4069.238269
185,27,4053.208682
186,11,5233.485073
186,12,4379.976728
186,13,4365.839351
186,14,4344.171915
186,15,4292.427120
186,16,4259.544388
186,18,4230.024215
186,19,4101.906617
186,26,4063.824068
186,27,4053.208682
187,11,5233.485073
187,12,4379.976728
187,13,4354.385453
187,14,4344.171915
187,15,4292.427120
187,16,4259.544388
187,18,4230.024215
187,19,4101.906617
187,20,4087.210192
187,26,4063.824068
187,27,4053.208682
188,11,5233.485073
188,12,4379.976728
188,13,4354.385453
188,14,4344.171915
188,15,4292.427120
188,16,4255.383274
188,18,4134.719527
188,19,4101.906617
188,20,4087.210192
188,26,4063.824068
188,27,4053.208682
189,11,5233.485073
189,12,4379.976728
189,13,4354.385453
189,14,4344.171915
189,15,4292.427120
189,16,4255.383274
189,18,4134.719527
189,19,4101.906617
189,20,4087.210192
189,26,4063.824068
189,27,4053.208682
190,11,4621.621091
190,12,4379.976728
190,13,4354.385453
190,14,4344.171915
190,15,4251.920518
190,18,4134.719527
190,19,4096.395727
190,20,4087.210192
190,26,4063.824068
190,27,4053.208682
191,11,4520.888986
191,12,4374.660185
191,13,4338.788960
191,14,4332.745764
191,15,4251.920518
191,18,4134.719527
191,19,4096.395727
191,20,4087.210192
191,26,4053.503851
191,27,4047.882723
192,11,4520.888986
192,12,4374.660185
192,13,4338.788960
192,14,4332.745764
192,15,4251.920518
192,18,4134.719527
192,19,4096.395727
192,20,4087.210192
192,26,4053.503851
192,27,4047.882723
193,11,4520.888986
193,12,4374.660185
193,13,4338.788960
193,14,4323.022006
193,15,4251.920518
193,18,4134.719527
193,19,4096.395727
193,20,4087.210192
193,26,4053.503851
193,27,4047.882723
194,11,4520.888986
194,12,4353.170479
194,13,4338.788960
194,14,4305.153669
194,15,4241.453463
194,17,4208.718148
194,18,4134.719527
194,19,4096.395727
194,20,4087.210192
194,22,4076.224491
194,26,4053.503851
194,27,4047.882723
195,11,4520.888986
195,12,4353.170479
195,13,4338.788960
195,14,4305.153669
195,15,4241.453463
195,17,4208.718148
195,18,4134.719527
195,19,4096.395727
195,20,4087.210192
195,22,4076.224491
195,26,4053.503851
195,27,4047.882723
196,11,4520.888986
196,12,4353.170479
196,13,4335.509537
196,14,4305.153669
196,15,4241.453463
196,17,4205.052271
196,18,4134.719527
196,19,4095.028022
196,20,4073.056659
196,26,4037.755405
197,11,4520.888986
197,12,4353.170479
197,13,4335.509537
197,14,4305.153669
197,15,4241.453463
197,17,4205.052271
197,18,4134.719527
197,19,4095.028022
197,20,4073.056659
197,23,4067.178650
197,26,4037.755405
198,11,4520.888986
198,12,4329.625516
198,14,4305.153669
198,15,4241.453463
198,17,4205.052271
198,18,4134.719527
198,19,4095.028022
198,20,4073.056659
198,23,4067.178650
198,26,4037.755405
199,11,4498.422632
199,12,4329.625516
199,14,4305.153669
199,15,4241.453463
199,17,4205.052271
199,18,4134.719527
199,19,4095.028022
199,20,4073.056659
199,23,4067.178650
199,26,4037.755405
200,11,4498.422632
200,12,4329.625516
200,14,4305.153669
200,15,4241.453463
200,17,4205.052271
200,18,4134.719527
200,19,4095.028022
200,20,4073.056659
200,23,4067.178650
200,26,4037.755405
201,11,4498.422632
201,12,4329.625516
201,13,4327.091320
201,14,4305.153669
201,15,4241.453463
201,17,4194.795505
201,18,4134.719527
201,19,4094.856428
201,20,4073.056659
201,23,4067.178650
201,26,4037.755405
202,11,4498.422632
202,12,4329.625516
202,13,4327.091320
202,14,4305.153669
202,15,4241.453463
202,17,4194.795505
202,18,4134.719527
202,19,4094.856428
202,20,4073.056659
202,23,4067.178650
202,26,4037.755405
203,11,4498.422632
203,12,4329.625516
203,13,4327.091320
203,14,4305.153669
203,15,4221.099659
203,17,4194.795505
203,18,4134.719527
203,19,4094.856428
203,20,4073.056659
203,23,4067.178650
203,26,4037.755405
204,11,4498.422632
204,12,4329.625516
204,13,4327.091320
204,14,4305.153669
204,15,4202.684736
204,17,4194.795505
204,18,4134.719527
204,19,4094.856428
204,20,4073.056659
204,23,4067.178650
204,26,4037.755405
205,11,4498.422632
205,12,4329.625516
205,13,4327.091320
205,14,4305.153669
205,15,4202.684736
205,17,4194.795505
205,18,4134.719527
205,19,4094.856428
205,20,4073.056659
205,23,4067.178650
205,26,4037.755405
206,11,4457.487674
206,12,4326.641065
206,14,4299.220978
206,15,4202.684736
206,17,4189.742365
206,18,4134.719527
206,19,4094.542100
206,20,4072.212447
206,23,4061.455298
206,26,4032.561224
207,11,4457.487674
207,12,4326.641065
207,13,4316.196633
207,14,4299.220978
207,15,4202.684736
207,17,4176.188983
207,18,4134.719527
207,19,4086.653011
207,20,4072.212447
207,23,4061.455298
207,26,4032.561224
208,11,4439.088417
208,12,4326.641065
208,13,4287.881095
208,15,4202.684736
208,17,4176.188983
208,18,4134.719527
208,19,4086.653011
208,20,4072.212447
208,23,4061.455298
208,26,4032.561224
209,11,4358.549487
209,12,4326.641065
209,13,4287.881095
209,15,4202.684736
209,17,4176.188983
209,18,4134.719527
209,19,4086.653011
209,20,4072.212447
209,23,4061.455298
209,26,4032.561224
210,11,4358.549487
210,12,4326.641065
210,13,4287.881095
210,15,4202.684736
210,17,4176.188983
210,18,4134.719527
210,19,4086.653011
210,20,4072.212447
210,23,4061.455298
210,26,4032.561224
211,11,4343.252698
211,12,4326.641065
211,13,4272.841246
211,15,4193.956745
211,17,4176.188983
211,18,4134.719527
211,19,4086.653011
211,20,4065.927462
211,23,4053.442190
211,26,4032.561224
212,11,4343.252698
212,12,4326.641065
212,13,4272.841246
212,15,4193.956745
212,17,4176.188983
212,18,4134.719527
212,19,4086.653011
212,20,4065.927462
212,22,4041.442303
212,26,4032.561224
213,11,4343.252698
213,12,4321.706299
213,13,4272.841246
213,15,4193.956745
213,17,4176.188983
213,18,4134.719527
213,19,4084.468249
213,20,4065.927462
213,22,4041.442303
213,26,4032.561224
214,11,4343.252698
214,12,4321.706299
214,13,4272.841246
214,15,4193.956745
214,17,4176.188983
214,18,4134.719527
214,19,4084.468249
214,20,4065.927462
214,22,4041.442303
214,26,4032.561224
215,11,4343.252698
215,12,4321.706299
215,13,4272.841246
215,15,4193.956745
215,17,4176.188983
215,18,4134.719527
215,19,4084.468249
215,20,4065.927462
215,22,4041.442303
215,26,4032.561224
216,11,4343.252698
216,12,4321.706299
216,13,4269.181752
216,14,4194.932601
216,15,4193.956745
216,17,4176.188983
216,18,4134.719527
216,19,4083.567422
216,20,4065.927462
216,22,4041.442303
216,26,4032.561224
217,11,4343.252698
217,12,4321.706299
217,13,4269.181752
217,14,4194.932601
217,15,4193.956745
217,17,4176.188983
217,18,4134.719527
217,19,4083.567422
217,20,4065.927462
217,22,4041.442303
217,26,4032.561224
218,11,4343.252698
218,12,4305.014001
218,13,4269.181752
218,14,4194.932601
218,15,4193.956745
218,17,4176.188983
218,18,4134.719527
218,19,4083.567422
218,20,4065.927462
218,22,4041.442303
218,26,4032.561224
219,11,4343.252698
219,12,4305.014001
219,13,4269.181752
219,14,4194.932601
219,15,4193.956745
219,17,4176.188983
219,18,4134.719527
219,19,4069.017135
219,20,4062.786989
219,22,4041.442303
219,23,4036.640008
219,26,4032.561224
220,11,4343.252698
220,12,4305.014001
220,13,4269.181752
220,14,4194.932601
220,15,4193.956745
220,17,4176.188983
220,18,4134.719527
220,19,4069.017135
220,20,4062.786989
220,22,4041.442303
220,23,4036.640008
220,26,4032.561224
221,11,4343.252698
221,12,4305.014001
221,13,4262.907194
221,14,4188.963544
221,17,4163.903873
221,18,4134.719527
221,19,4069.017135
221,20,4061.330602
221,22,4037.373158
221,23,4036.640008
221,26,4032.561224
222,11,4343.252698
222,12,4305.014001
222,13,4262.907194
222,14,4188.963544
222,17,4116.985382
222,19,4069.017135
222,20,4061.330602
222,22,4037.373158
222,23,4036.640008
222,26,4032.561224
223,11,4343.252698
223,12,4305.014001
223,13,4262.907194
223,14,4188.963544
223,17,4116.985382
223,19,4069.017135
223,20,4061.330602
223,22,4037.373158
223,23,4036.640008
223,26,4020.925400
224,11,4343.252698
224,12,4305.014001
224,13,4262.003696
224,14,4188.963544
224,17,4116.985382
224,19,4069.017135
224,20,4061.330602
224,22,4037.373158
224,23,4036.640008
224,26,4020.925400
225,11,4339.722978
225,12,4221.163344
225,14,4188.963544
225,16,4163.859857
225,17,4116.985382
225,19,4069.017135
225,20,4061.330602
225,22,4037.373158
225,23,4036.640008
225,24,4028.471504
225,26,4020.925400
226,11,4339.722978
226,12,4221.163344
226,14,4188.963544
226,15,4176.463256
226,16,4163.859857
226,17,4116.961194
226,19,4069.017135
226,20,4061.330602
226,22,4037.373158
226,23,4034.276664
226,24,4027.015117
226,26,4020.925400
227,11,4339.722978
227,12,4221.163344
227,14,4188.963544
227,15,4176.463256
227,16,4163.859857
227,17,4116.961194
227,19,4069.017135
227,20,4061.330602
227,22,4037.373158
227,23,4034.276664
227,24,4027.015117
227,26,4020.925400
228,11,4339.722978
228,12,4221.163344
228,14,4188.963544
228,15,4176.463256
228,16,4163.859857
228,17,4116.961194
228,19,4069.017135
228,20,4061.330602
228,22,4037.373158
228,23,4020.040290
229,11,4339.722978
229,12,4221.163344
229,14,4188.963544
229,15,4176.463256
229,16,4163.859857
229,17,4116.961194
229,19,4069.017135
229,20,4061.330602
229,22,4037.373158
229,23,4020.040290
230,11,4316.016573
230,12,4221.163344
230,14,4188.963544
230,15,4176.463256
230,16,4163.859857
230,17,4116.961194
230,19,4069.017135
230,20,4057.789290
230,22,4037.373158
230,23,4020.040290
230,26,3994.559542
231,11,4316.016573
231,12,4195.852677
231,14,4186.494233
231,15,4173.561301
231,16,4163.859857
231,17,4108.046866
231,19,4069.017135
231,20,4057.789290
231,22,4037.373158
231,23,4019.922816
231,25,3962.242959
232,11,4316.016573
232,12,4195.852677
232,14,4186.494233
232,15,4173.561301
232,16,4162.599330
232,17,4108.046866
232,19,4069.017135
232,20,4057.789290
232,22,4037.373158
232,23,4019.922816
232,25,3962.242959
233,11,4316.016573
233,12,4195.852677
233,14,4186.494233
233,15,4173.561301
233,16,4162.599330
233,17,4108.046866
233,19,4069.017135
233,20,4057.789290
233,22,4037.373158
233,23,4019.922816
233,25,3962.242959
234,11,4316.016573
234,12,4195.852677
234,14,4186.494233
234,15,4173.561301
234,16,4162.599330
234,17,4108.046866
234,19,4069.017135
234,20,4057.789290
234,22,4037.373158
234,23,4019.922816
234,25,3962.242959
235,11,4316.016573
235,12,4195.852677
235,14,4186.494233
235,15,4173.561301
235,16,4162.599330
235,17,4108.046866
235,19,4069.017135
235,20,4057.789290
235,22,4037.373158
235,23,4019.922816
235,25,3962.242959
236,11,4316.016573
236,12,4195.852677
236,14,4185.293672
236,15,4150.311433
236,16,4147.449490
236,17,4103.438158
236,19,4067.560748
236,20,4057.789290
236,22,4037.255684
236,23,4018.716289
236,25,3962.242959
237,11,4316.016573
237,12,4195.852677
237,14,4185.293672
237,15,4150.311433
237,16,4147.449490
237,17,4103.438158
237,19,4067.560748
237,20,4057.789290
237,22,4037.255684
237,23,4018.716289
237,24,3996.817263
237,25,3962.242959
238,11,4316.016573
238,12,4195.852677
238,14,4185.293672
238,15,4150.311433
238,16,4147.449490
238,17,4103.438158
238,19,4067.560748
238,20,4057.789290
238,22,4037.255684
238,23,4018.716289
238,24,3996.817263
238,25,3962.242959
239,11,4316.016573
239,12,4195.852677
239,14,4185.293672
239,15,4150.311433
239,16,4147.449490
239,17,4103.438158
239,19,4048.137022
239,22,4037.255684
239,23,4018.716289
239,24,3961.382944
240,11,4316.016573
240,12,4195.852677
240,14,4185.293672
240,15,4150.311433
240,16,4142.244262
240,17,4103.438158
240,19,4048.137022
240,22,4037.255684
240,23,3975.938606
240,24,3961.382944
241,11,4312.085834
241,12,4184.325460
241,14,4181.775438
241,15,4149.953053
241,16,4121.788334
241,17,4103.438158
241,19,4047.860758
241,22,4037.255684
241,23,3960.462298
242,11,4312.085834
242,12,4184.325460
242,14,4181.775438
242,15,4149.953053
242,16,4112.612228
242,17,4103.438158
242,19,4047.860758
242,22,3973.911505
242,23,3960.462298
242,26,3945.523566
243,10,4406.659506
243,11,4312.085834
243,12,4184.325460
243,14,4181.775438
243,15,4149.953053
243,16,4112.612228
243,17,4103.438158
243,19,4047.860758
243,20,4046.485324
243,22,3973.911505
243,23,3960.462298
243,26,3945.523566
244,10,4406.659506
244,11,4238.534941
244,12,4184.325460
244,14,4181.775438
244,15,4149.953053
244,16,4112.612228
244,17,4103.438158
244,19,4047.860758
244,20,4046.485324
244,22,3973.911505
244,23,3960.462298
244,26,3945.523566
245,10,4406.659506
245,11,4238.534941
245,12,4184.325460
245,14,4181.775438
245,15,4149.953053
245,16,4112.612228
245,17,4103.438158
245,19,4047.860758
245,20,4046.485324
245,22,3973.911505
245,23,3960.462298
245,26,3945.523566
246,10,4406.659506
246,11,4238.534941
246,12,4184.325460
246,14,4179.435965
246,15,4140.538353
246,16,4107.989610
246,17,4101.873004
246,19,4045.772264
246,22,3973.911505
246,23,3960.462298
246,25,3957.066851
246,26,3945.523566
247,10,4371.048038
247,11,4238.534941
247,12,4184.325460
247,14,4179.435965
247,15,4140.538353
247,16,4107.989610
247,17,4101.873004
247,19,4045.772264
247,22,3973.911505
247,23,3960.462298
247,25,3957.066851
247,26,3945.523566
248,10,4371.048038
248,11,4238.534941
248,12,4184.325460
248,14,4169.347296
248,15,4140.538353
248,16,4107.989610
248,17,4101.873004
248,19,4045.772264
248,22,3973.911505
248,23,3960.462298
248,25,3957.066851
248,26,3945.523566
249,10,4371.048038
249,11,4238.534941
249,12,4181.463569
249,14,4169.347296
249,15,4140.538353
249,16,4107.989610
249,17,4101.873004
249,19,4045.772264
249,22,3973.911505
249,23,3942.755054
250,10,4371.048038
250,11,4238.534941
250,12,4181.463569
250,14,4169.347296
250,15,4140.538353
250,16,4107.989610
250,17,4101.873004
250,19,4045.772264
250,20,4009.855843
250,22,3973.911505
250,23,3942.755054
250,25,3941.366844
251,10,4371.048038
251,11,4238.534941
251,12,4169.756268
251,14,4169.347296
251,15,4140.538353
251,16,4076.753577
251,19,3985.539334
251,22,3966.948176
251,23,3942.755054
251,25,3941.274436
252,10,4371.048038
252,11,4227.855053
252,12,4169.756268
252,13,4155.998943
252,15,4140.538353
252,16,4076.753577
252,19,3985.539334
252,22,3966.948176
252,23,3942.755054
252,24,3942.648163
252,25,3941.274436
253,10,4371.048038
253,11,4227.855053
253,12,4169.756268
253,13,4155.998943
253,15,4140.538353
253,16,4076.753577
253,19,3985.539334
253,22,3966.948176
253,23,3942.755054
253,24,3942.648163
253,25,3941.274436
254,10,4371.048038
254,11,4227.855053
254,12,4169.756268
254,13,4155.998943
254,15,4140.538353
254,16,4076.753577
254,19,3985.539334
254,22,3966.948176
254,23,3942.755054
254,24,3942.648163
254,25,3941.274436
255,10,4371.048038
255,11,4227.855053
255,12,4169.756268
255,13,4155.998943
255,15,4140.538353
255,16,4076.753577
255,19,3985.539334
255,22,3966.948176
255,23,3942.755054
255,24,3942.648163
255,25,3941.274436
256,10,4371.048038
256,11,4227.855053
256,12,4169.756268
256,13,4151.581772
256,15,4138.018172
256,16,4076.753577
256,19,3985.539334
256,22,3966.948176
256,23,3942.681449
256,24,3940.898226
257,10,4371.048038
257,11,4227.855053
257,12,4169.756268
257,13,4151.581772
257,15,4138.018172
257,16,4076.753577
257,19,3985.539334
257,22,3966.948176
257,23,3942.681449
257,24,3940.898226
258,10,4371.048038
258,11,4227.855053
258,12,4169.756268
258,13,4151.581772
258,15,4138.018172
258,16,4076.753577
258,19,3985.539334
258,22,3966.948176
258,23,3942.681449
258,24,3940.898226
259,10,4371.048038
259,11,4227.855053
259,12,4169.756268
259,13,4151.581772
259,15,4136.580307
259,16,4076.753577
259,19,3985.539334
259,22,3935.842605
260,10,4371.048038
260,11,4227.855053
260,12,4169.756268
260,13,4142.931056
260,15,4136.580307
260,16,4076.753577
260,19,3985.539334
260,22,3935.842605
261,10,4371.048038
261,11,4223.073716
261,12,4164.565844
261,13,4118.342348
261,15,4061.768340
261,19,3985.539334
261,22,3935.812310
262,10,4371.048038
262,11,4223.073716
262,12,4164.565844
262,13,4118.342348
262,15,4061.768340
262,19,3985.539334
262,22,3935.812310
263,10,4371.048038
263,11,4223.073716
263,12,4164.565844
263,13,4118.342348
263,15,4061.768340
263,17,4050.464151
263,19,3985.539334
263,22,3935.812310
264,10,4371.048038
264,11,4223.073716
264,12,4164.565844
264,13,4106.915527
264,15,4061.768340
264,17,4050.464151
264,19,3985.539334
264,22,3928.025925
265,10,4371.048038
265,11,4223.073716
265,12,4164.565844
265,13,4106.915527
265,15,4061.768340
265,17,4050.464151
265,19,3985.539334
265,22,3928.025925
266,10,4371.048038
266,11,4223.073716
266,12,4164.565844
266,13,4106.915527
266,15,4061.723126
266,17,4050.464151
266,19,3963.403330
266,22,3927.442107
267,10,4371.048038
267,11,4223.073716
267,12,4164.565844
267,13,4106.915527
267,15,4061.723126
267,17,4050.464151
267,19,3963.403330
267,22,3927.442107
268,10,4371.048038
268,11,4223.073716
268,12,4164.565844
268,13,4106.915527
268,15,4061.723126
268,17,4050.464151
268,19,3963.403330
268,22,3927.442107
269,10,4371.048038
269,11,4223.073716
269,12,4163.509443
269,13,4106.915527
269,15,4061.723126
269,17,4050.464151
269,19,3963.403330
269,22,3927.442107
270,10,4326.374650
270,11,4223.073716
270,12,4163.509443
270,13,4106.915527
270,15,4061.723126
270,17,4050.464151
270,19,3963.403330
270,21,3930.163917
270,22,3927.442107
271,10,4316.976320
271,11,4192.717225
271,12,4163.509443
271,13,4088.281059
271,15,4061.723126
271,17,4050.464151
271,19,3963.403330
271,21,3930.163917
271,22,3925.282949
272,10,4316.976320
272,11,4192.717225
272,12,4163.509443
272,13,4088.281059
272,15,4061.723126
272,17,4050.464151
272,19,3963.403330
272,21,3930.163917
272,22,3925.282949
273,10,4316.976320
273,11,4192.717225
273,12,4163.509443
273,13,4088.281059
273,15,4061.723126
273,17,4050.464151
273,19,3963.403330
273,21,3930.163917
273,22,3925.282949
274,10,4316.976320
274,11,4192.717225
274,12,4163.509443
274,13,4088.281059
274,15,4061.723126
274,17,4050.464151
274,19,3963.403330
274,21,3930.163917
274,22,3925.282949
275,10,4316.976320
275,11,4192.717225
275,12,4163.509443
275,13,4088.281059
275,14,4071.243496
275,15,4061.723126
275,17,4042.695663
275,19,3963.403330
275,21,3930.163917
275,22,3925.282949
276,10,4316.976320
276,11,4192.717225
276,12,4158.713731
276,13,4065.409339
276,15,4061.723126
276,16,4037.082327
276,19,3963.403330
276,21,3928.991668
276,22,3925.282949
277,10,4316.976320
277,11,4192.717225
277,12,4158.713731
277,13,4065.409339
277,15,4061.723126
277,16,4037.082327
277,18,4030.947246
277,19,3963.403330
277,21,3928.991668
277,22,3925.282949
278,10,4316.976320
278,11,4192.717225
278,12,4158.713731
278,13,4065.409339
278,15,4061.723126
278,16,4037.082327
278,18,4030.947246
278,19,3963.403330
278,21,3928.991668
278,22,3925.282949
279,10,4316.976320
279,11,4192.717225
279,12,4158.713731
279,13,4065.409339
279,15,4061.723126
279,16,4037.082327
279,18,4030.947246
279,19,3963.403330
279,20,3889.677456
280,10,4316.976320
280,11,4192.717225
280,12,4158.713731
280,13,4065.409339
280,15,4061.723126
280,16,4037.082327
280,18,4030.947246
280,19,3963.403330
280,20,3889.677456
281,10,4316.196123
281,11,4192.717225
281,12,4158.713731
281,13,4065.409339
281,15,4056.458203
281,16,4033.433823
281,18,4004.705151
281,19,3955.035934
281,20,3889.677456
282,10,4316.196123
282,11,4192.717225
282,12,4158.713731
282,13,4065.409339
282,15,4056.458203
282,16,4033.433823
282,18,4004.705151
282,19,3955.035934
282,20,3889.677456
283,10,4258.385335
283,11,4192.717225
283,12,4158.713731
283,13,4065.409339
283,15,4056.458203
283,16,4033.433823
283,18,4004.705151
283,19,3955.035934
283,20,3889.677456
284,10,4258.385335
284,11,4192.717225
284,12,4158.713731
284,13,4065.409339
284,15,4056.458203
284,16,3986.591958
284,19,3955.035934
284,20,3889.677456
285,10,4258.385335
285,11,4192.717225
285,12,4158.713731
285,13,4065.409339
285,15,4056.458203
285,16,3986.591958
285,19,3955.035934
285,20,3889.677456
286,10,4258.385335
286,11,4176.494387
286,12,4158.713731
286,13,4065.409339
286,14,4041.605445
286,16,3984.987703
286,19,3953.452895
286,20,3889.677456
287,10,4258.385335
287,11,4176.494387
287,12,4158.713731
287,13,4065.409339
287,14,4041.605445
287,16,3984.987703
287,19,3878.588084
288,10,4258.385335
288,11,4176.494387
288,12,4158.713731
288,13,4065.409339
288,14,4041.605445
288,16,3984.987703
288,19,3878.588084
289,10,4258.385335
289,11,4176.494387
289,12,4158.713731
289,13,4065.409339
289,14,4041.605445
289,16,3984.987703
289,19,3878.588084
290,10,4258.385335
290,11,4176.494387
290,12,4158.713731
290,13,4065.409339
290,14,4041.605445
290,16,3984.987703
290,19,3867.347455
291,10,4258.385335
291,11,4170.548152
291,12,4158.257616
291,13,4065.409339
291,14,4020.843701
291,16,3984.987703
291,19,3863.381116
292,10,4258.385335
292,11,4170.548152
292,12,4158.257616
292,13,4065.409339
292,14,4020.843701
292,16,3984.987703
292,19,3863.381116
292,20,3862.332682
293,10,4258.385335
293,11,4170.548152
293,12,4158.257616
293,13,4065.409339
293,14,4020.843701
293,16,3984.987703
293,19,3863.381116
293,20,3862.332682
294,10,4258.385335
294,11,4170.548152
294,12,4158.257616
294,13,4065.409339
294,14,4020.843701
294,16,3984.987703
294,19,3863.381116
294,20,3862.332682
295,10,4251.413371
295,11,4170.548152
295,12,4158.257616
295,13,4065.409339
295,14,4020.843701
295,16,3984.987703
295,19,3863.381116
295,20,3862.332682
296,10,4248.755470
296,11,4170.548152
296,12,4139.354641
296,13,4065.409339
296,14,4012.817712
296,16,3984.987703
296,19,3862.948913
296,20,3862.332682
297,10,4248.755470
297,11,4170.548152
297,12,4139.354641
297,13,4065.409339
297,14,4012.817712
297,16,3984.987703
297,19,3862.948913
297,20,3849.516457
298,10,4248.755470
298,11,4170.548152
298,12,4139.354641
298,13,4065.409339
298,14,4012.817712
298,16,3984.987703
298,19,3862.948913
298,20,3837.057701
299,10,4248.755470
299,11,4170.548152
299,12,4139.354641
299,13,4065.409339
299,14,4012.817712
299,16,3984.987703
299,19,3862.948913
299,20,3837.057701
300,10,4248.755470
300,11,4170.548152
300,12,4139.354641
300,13,4065.409339
300,14,4012.817712
300,16,3984.987703
300,17,3972.239188
300,19,3862.948913
300,20,3837.057701
301,10,4248.755470
301,11,4170.536939
301,12,4139.354641
301,13,4064.551378
301,14,4011.938343
301,16,3980.365084
301,17,3972.239188
301,19,3862.948913
301,20,3837.057701
302,10,4248.755470
302,11,4170.536939
302,12,4139.354641
302,13,4064.551378
302,14,4011.938343
302,16,3980.365084
302,17,3972.239188
302,19,3862.948913
302,20,3837.057701
303,10,4248.755470
303,11,4170.536939
303,12,4139.354641
303,13,4064.551378
303,14,4011.938343
303,16,3980.365084
303,17,3972.239188
303,18,3962.876980
303,19,3862.948913
303,20,3837.057701
304,10,4248.755470
304,11,4170.536939
304,12,4139.354641
304,13,4064.551378
304,14,4011.938343
304,16,3980.365084
304,17,3948.098188
304,19,3862.948913
304,20,3837.057701
305,10,4248.755470
305,11,4170.536939
305,12,4139.354641
305,13,4064.551378
305,14,4011.938343
305,16,3980.365084
305,17,3948.098188
305,19,3862.948913
305,20,3837.057701
306,10,4233.926729
306,11,4170.536939
306,12,4121.865096
306,13,4059.638094
306,14,3994.333222
306,16,3980.365084
306,17,3947.785429
306,19,3862.948913
306,20,3837.057701
307,10,4233.926729
307,11,4155.304950
307,12,4121.865096
307,13,4059.638094
307,14,3994.333222
307,16,3980.365084
307,17,3947.785429
307,18,3940.695120
307,19,3862.948913
307,20,3837.057701
308,10,4233.926729
308,11,4155.304950
308,12,4121.865096
308,13,4059.638094
308,14,3994.333222
308,16,3980.365084
308,17,3947.785429
308,18,3940.695120
308,19,3862.948913
308,20,3837.057701
309,10,4233.926729
309,11,4155.304950
309,12,4121.865096
309,13,4059.638094
309,14,3994.333222
309,16,3980.365084
309,17,3947.785429
309,18,3940.695120
309,19,3862.948913
309,20,3835.842538
310,10,4233.926729
310,11,4155.304950
310,12,4121.865096
310,13,4059.638094
310,14,3994.333222
310,16,3980.365084
310,17,3947.785429
310,18,3940.695120
310,19,3862.948913
310,20,3835.842538
311,10,4232.920002
311,11,4155.304950
311,12,4121.339582
311,13,4056.038831
311,14,3992.510723
311,16,3980.365084
311,17,3946.663340
311,18,3940.511447
311,19,3854.149597
311,20,3835.842538
312,10,4232.920002
312,11,4155.304950
312,12,4121.339582
312,13,4056.038831
312,14,3992.510723
312,16,3980.365084
312,17,3946.663340
312,18,3940.511447
312,19,3854.149597
312,20,3834.150187
313,10,4232.920002
313,11,4153.647967
313,12,4121.339582
313,13,4056.038831
313,14,3992.510723
313,16,3962.469786
313,17,3946.663340
313,18,3940.511447
313,19,3854.149597
313,20,3834.150187
314,10,4232.920002
314,11,4153.647967
314,12,4121.339582
314,13,4056.038831
314,14,3992.510723
314,16,3962.469786
314,17,3946.663340
314,18,3940.511447
314,19,3854.149597
314,20,3834.150187
315,10,4232.920002
315,11,4153.647967
315,12,4121.339582
315,13,4056.038831
315,14,3992.510723
315,16,3962.469786
315,17,3946.663340
315,18,3940.511447
315,19,3854.149597
315,20,3834.150187
316,10,4232.920002
316,11,4152.536374
316,12,4121.339582
316,13,4051.431495
316,14,3987.754598
316,16,3962.469786
316,17,3946.663340
316,18,3940.511447
316,19,3854.149597
316,20,3833.876068
317,10,4232.920002
317,11,4152.536374
317,12,4121.339582
317,13,4051.431495
317,14,3987.754598
317,16,3962.469786
317,17,3946.663340
317,18,3940.511447
317,19,3854.149597
317,20,3833.876068
318,10,4225.085288
318,11,4152.536374
318,12,4121.339582
318,13,4051.431495
318,14,3987.754598
318,16,3962.469786
318,17,3911.890669
318,19,3854.149597
318,20,3833.876068
319,10,4225.085288
319,11,4152.536374
319,12,4121.339582
319,13,4051.431495
319,14,3987.754598
319,16,3962.469786
319,17,3911.890669
319,19,3854.149597
319,20,3833.876068
320,10,4225.085288
320,11,4152.536374
320,12,4121.339582
320,13,4051.431495
320,14,3987.754598
320,15,3980.135342
320,16,3940.674945
320,17,3911.890669
320,19,3854.149597
320,20,3833.876068
321,10,4225.085288
321,11,4152.536374
321,12,4117.740319
321,13,4038.851725
321,14,3987.754598
321,15,3980.135342
321,16,3940.674945
321,17,3911.890669
321,19,3854.149597
321,20,3833.876068
322,10,4225.085288
322,11,4136.883195
322,12,4117.740319
322,13,4038.851725
322,14,3987.754598
322,15,3980.135342
322,16,3940.674945
322,17,3911.890669
322,19,3850.201209
322,20,3833.876068
323,10,4225.085288
323,11,4134.065022
323,12,4117.740319
323,13,4038.851725
323,14,3987.754598
323,15,3973.477311
323,16,3940.674945
323,17,3911.890669
323,19,3850.201209
323,20,3833.876068
324,10,4225.085288
324,11,4134.065022
324,12,4117.740319
324,13,4038.851725
324,14,3976.180433
324,15,3973.477311
324,16,3940.674945
324,17,3911.890669
324,19,3850.201209
324,20,3833.876068
325,10,4225.085288
325,11,4134.065022
325,12,4115.968916
325,13,4038.851725
325,14,3976.180433
325,15,3949.195998
325,16,3940.674945
325,17,3911.890669
325,19,3850.201209
325,20,3833.876068
326,10,4225.085288
326,11,4134.065022
326,12,4115.968916
326,13,4038.851725
326,14,3976.180433
326,15,3947.031198
326,16,3940.192480
326,17,3911.890669
326,19,3848.537654
326,20,3833.876068
327,10,4225.085288
327,11,4134.065022
327,12,4115.968916
327,13,4038.851725
327,14,3976.180433
327,15,3947.031198
327,16,3940.192480
327,17,3911.890669
327,19,3848.537654
327,20,3833.876068
328,10,4225.085288
328,11,4134.065022
328,12,4115.968916
328,13,4038.851725
328,14,3976.180433
328,15,3947.031198
328,16,3940.192480
328,17,3911.890669
328,19,3848.537654
328,20,3833.876068
