Generation,NV,TOC
1,21,5712.425871
1,27,5512.389117
1,28,5317.608989
1,31,5214.303894
1,34,5040.403097
1,35,4880.058073
1,36,4794.440677
2,21,5594.620417
2,22,5471.874130
2,23,5433.880627
2,25,5414.321242
2,26,5361.198177
2,28,5317.608989
2,29,5243.254220
2,30,5001.948802
2,33,4841.304288
2,35,4829.076636
2,36,4773.328251
3,21,5547.007738
3,22,5471.874130
3,23,5433.880627
3,25,5414.321242
3,26,5355.752053
3,27,5255.459319
3,29,4983.023036
3,33,4826.806072
3,36,4740.766086
3,37,4737.746195
4,21,5471.597371
4,23,5433.880627
4,24,5305.654429
4,25,5286.656975
4,27,5148.743182
4,28,5134.357212
4,29,4965.365040
4,30,4845.369444
4,33,4764.698257
4,36,4740.766086
4,37,4737.746195
5,20,5841.682938
5,21,5471.597371
5,22,5401.016603
5,24,5207.160513
5,26,5169.872578
5,27,5148.743182
5,28,5134.357212
5,29,4965.365040
5,30,4845.369444
5,33,4764.698257
5,35,4608.993428
6,19,6244.119205
6,20,5642.241159
6,21,5471.597371
6,22,5401.016603
6,23,5206.117220
6,26,5169.872578
6,27,5148.743182
6,28,4995.698408
6,29,4898.263406
6,30,4769.532727
6,33,4764.698257
6,35,4608.993428
7,19,6105.710772
7,20,5602.339737
7,21,5471.597371
7,22,5401.016603
7,23,5103.961473
7,26,4910.126832
7,29,4887.273621
7,30,4769.532727
7,33,4764.698257
7,34,4725.023750
7,35,4595.676291
7,37,4589.295857
8,19,5880.338825
8,20,5435.905924
8,21,5433.620952
8,22,5281.862939
8,23,5103.961473
8,26,4910.126832
8,28,4858.337326
8,30,4768.322746
8,31,4736.315512
8,32,4712.233697
8,34,4700.356358
8,35,4595.676291
8,37,4589.295857
9,19,5829.305563
9,20,5435.905924
9,21,5218.053235
9,22,5171.148276
9,23,5038.822485
9,24,4967.521822
9,26,4908.582928
9,28,4858.337326
9,30,4768.322746
9,31,4710.303292
9,33,4705.711624
9,34,4700.356358
9,35,4595.676291
9,37,4589.295857
10,19,5634.069713
10,20,5435.905924
10,21,5218.053235
10,22,5171.148276
10,23,4991.492491
10,24,4960.263036
10,25,4835.646896
10,28,4766.153086
10,30,4759.544913
10,31,4608.935299
10,33,4601.116384
10,35,4595.676291
10,37,4589.295857
11,19,5634.069713
11,20,5435.905924
11,21,5218.053235
11,22,5007.399818
11,23,4937.958516
11,24,4883.490569
11,25,4795.314917
11,28,4766.153086
11,30,4740.412238
11,31,4608.935299
11,33,4578.657927
12,18,5572.998246
12,20,5435.905924
12,21,5157.076519
12,22,5007.399818
12,23,4937.958516
12,24,4867.882454
12,25,4785.778700
12,27,4774.651063
12,28,4766.153086
12,29,4725.205517
12,31,4608.060394
12,33,4578.657927
12,35,4570.462867
12,36,4569.628074
12,37,4566.821336
13,18,5572.998246
13,20,5235.334019
13,21,5157.076519
13,22,4956.707521
13,23,4848.112768
13,24,4760.558325
13,29,4697.260437
13,30,4612.870725
13,31,4608.060394
13,33,4578.657927
13,35,4562.286842
14,18,5572.998246
14,19,5493.601905
14,20,5235.334019
14,21,5157.076519
14,22,4956.707521
14,23,4848.112768
14,24,4760.558325
14,25,4748.126356
14,27,4726.537985
14,28,4710.718950
14,29,4697.260437
14,30,4612.870725
14,31,4507.173541
15,18,5572.998246
15,19,5248.655743
15,20,5235.334019
15,21,4866.710606
15,22,4797.634255
15,24,4736.878865
15,25,4663.011626
15,29,4594.990587
15,30,4505.013665
16,18,5572.998246
16,19,5248.655743
16,20,5001.770666
16,21,4866.710606
16,22,4797.634255
16,23,4772.461898
16,24,4736.878865
16,25,4656.745551
16,27,4650.192573
16,29,4594.990587
16,30,4505.013665
17,17,6579.737468
17,18,5572.998246
17,19,5248.655743
17,20,5001.770666
17,21,4745.150726
17,24,4736.878865
17,25,4656.745551
17,27,4650.192573
17,28,4574.197900
17,30,4505.013665
18,17,6579.737468
18,18,5352.522701
18,19,5248.655743
18,20,5001.770666
18,21,4745.150726
18,22,4718.419141
18,23,4709.827093
18,24,4682.445901
18,25,4511.469787
18,30,4505.013665
18,37,4493.484348
19,17,6579.737468
19,18,5163.515804
19,20,5001.770666
19,21,4745.150726
19,22,4718.419141
19,23,4709.827093
19,24,4682.445901
19,25,4511.469787
19,27,4506.725913
19,30,4505.013665
19,32,4500.239228
19,37,4493.484348
20,17,5582.907754
20,18,5163.515804
20,20,5001.770666
20,21,4670.584219
20,22,4588.380771
20,25,4506.981669
20,26,4488.351897
21,17,5582.907754
21,18,5111.213018
21,19,5104.787751
21,20,5001.770666
21,21,4670.584219
21,22,4588.380771
21,23,4562.447887
21,25,4465.119526
21,32,4452.994682
22,17,4944.162215
22,21,4587.163307
22,23,4562.447887
22,25,4465.119526
22,29,4441.243392
22,31,4393.261569
23,17,4944.162215
23,21,4501.054149
23,23,4457.737138
23,26,4431.798780
23,31,4393.261569
23,33,4370.625526
24,17,4734.919027
24,21,4478.648376
24,22,4425.037158
24,28,4353.678151
25,17,4734.919027
25,19,4714.637829
25,21,4478.648376
25,22,4425.037158
25,28,4353.678151
26,17,4734.919027
26,19,4696.499175
26,21,4478.648376
26,22,4425.037158
26,28,4353.678151
27,16,5835.451680
27,17,4657.967089
27,19,4491.637411
27,21,4428.380921
27,22,4425.037158
27,23,4393.633852
27,25,4318.556100
28,16,5835.451680
28,17,4657.967089
28,19,4491.637411
28,21,4428.380921
28,22,4425.037158
28,23,4393.633852
28,25,4318.556100
29,16,5194.700475
29,17,4613.745417
29,19,4490.796435
29,21,4428.380921
29,22,4367.698065
29,23,4331.784427
29,25,4313.026903
30,15,5057.626237
30,16,4867.304187
30,17,4613.745417
30,19,4490.796435
30,21,4347.686772
30,23,4331.784427
30,25,4313.026903
31,15,5057.626237
31,16,4867.304187
31,17,4606.278085
31,18,4599.126831
31,19,4490.796435
31,20,4349.418950
31,21,4347.686772
31,23,4331.784427
31,24,4324.954043
31,25,4313.026903
32,15,5048.679885
32,16,4867.304187
32,17,4606.278085
32,18,4599.126831
32,19,4490.796435
32,20,4349.418950
32,21,4347.686772
32,23,4331.784427
32,24,4324.954043
32,25,4266.830792
33,15,5048.679885
33,16,4837.016031
33,17,4606.278085
33,18,4599.126831
33,19,4490.796435
33,20,4349.418950
33,21,4347.686772
33,22,4343.450840
33,23,4331.784427
33,24,4303.777704
33,25,4266.830792
34,15,4840.917892
34,16,4835.883113
34,17,4471.983166
34,20,4349.418950
34,21,4301.701084
34,23,4276.333214
34,25,4240.072967
35,15,4840.917892
35,16,4717.817732
35,17,4471.983166
35,20,4349.418950
35,21,4294.249114
35,23,4276.333214
35,25,4240.072967
36,14,5383.898442
36,15,4840.917892
36,16,4555.445754
36,17,4467.901001
36,18,4449.342111
36,19,4407.620174
36,20,4349.418950
36,21,4275.452621
36,22,4263.553910
36,25,4240.072967
36,27,4238.867953
37,14,5383.898442
37,15,4722.650591
37,16,4555.445754
37,17,4446.864816
37,19,4407.620174
37,20,4339.805444
37,21,4275.452621
37,22,4263.553910
37,25,4240.072967
37,27,4238.867953
38,14,5383.898442
38,15,4722.650591
38,16,4555.445754
38,17,4446.864816
38,19,4365.468497
38,20,4339.805444
38,21,4275.452621
38,22,4263.553910
38,25,4220.194146
39,14,5383.898442
39,15,4673.345502
39,16,4413.208712
39,19,4364.904210
39,20,4339.805444
39,21,4245.498732
39,22,4241.092220
39,25,4194.074536
40,14,5218.837078
40,15,4635.171905
40,16,4413.208712
40,17,4366.805060
40,19,4311.767613
40,21,4245.498732
40,22,4241.092220
40,25,4194.074536
41,14,5102.999549
41,15,4635.171905
41,16,4413.208712
41,17,4366.805060
41,19,4288.110591
41,21,4245.498732
41,22,4241.092220
41,25,4194.074536
42,14,5029.245947
42,15,4635.171905
42,16,4369.742365
42,17,4366.805060
42,19,4288.110591
42,20,4270.526400
42,21,4245.498732
42,22,4241.092220
42,23,4223.861093
42,25,4194.074536
43,14,4850.993698
43,15,4635.171905
43,16,4369.742365
43,17,4366.805060
43,18,4362.724528
43,19,4258.330773
43,21,4245.498732
43,22,4241.092220
43,23,4223.861093
43,25,4194.074536
44,13,5751.033449
44,14,4829.953962
44,15,4490.885526
44,16,4345.769878
44,17,4277.546618
44,19,4258.330773
44,21,4245.498732
44,22,4203.106552
44,25,4194.074536
45,13,5751.033449
45,14,4829.953962
45,15,4490.885526
45,16,4345.769878
45,17,4277.546618
45,19,4258.330773
45,21,4245.498732
45,22,4203.106552
45,24,4199.389790
45,25,4194.074536
46,13,5695.072814
46,14,4829.953962
46,15,4490.885526
46,16,4345.769878
46,17,4277.546618
46,19,4258.330773
46,21,4245.498732
46,22,4203.106552
46,24,4199.389790
46,25,4194.074536
47,13,5695.072814
47,14,4829.953962
47,15,4490.885526
47,16,4319.240366
47,17,4243.287030
47,20,4242.981097
47,22,4203.106552
47,24,4199.389790
47,25,4194.074536
48,13,5544.112947
48,14,4829.953962
48,15,4442.511772
48,16,4319.240366
48,17,4243.287030
48,20,4242.981097
48,22,4203.106552
48,24,4199.389790
48,25,4194.074536
49,13,5425.447499
49,14,4829.418066
49,15,4439.614763
49,16,4312.906269
49,17,4223.089206
49,20,4213.757481
49,22,4203.106552
49,23,4180.967486
50,13,4902.420238
50,14,4829.418066
50,15,4439.614763
50,16,4291.430212
50,17,4223.089206
50,20,4204.733488
50,22,4203.106552
50,23,4180.967486
51,13,4902.420238
51,14,4829.418066
51,15,4439.614763
51,16,4291.430212
51,17,4223.089206
51,20,4188.137636
51,23,4180.967486
51,26,4171.943067
52,13,4902.420238
52,14,4796.791097
52,15,4439.614763
52,16,4291.430212
52,17,4223.089206
52,19,4206.851819
52,20,4188.137636
52,23,4180.967486
52,26,4171.943067
53,13,4902.420238
53,14,4796.791097
53,15,4439.614763
53,16,4278.325763
53,17,4223.089206
53,19,4206.851819
53,20,4188.137636
53,23,4180.967486
53,26,4171.943067
54,13,4822.987999
54,14,4796.517574
54,15,4381.535010
54,16,4238.137983
54,17,4215.538289
54,19,4206.851819
54,20,4164.187593
54,26,4154.884766
55,13,4822.987999
55,14,4715.528789
55,15,4381.535010
55,16,4238.137983
55,17,4215.538289
55,19,4206.851819
55,20,4164.187593
55,26,4154.884766
56,13,4804.004824
56,14,4410.380981
56,15,4381.535010
56,16,4238.137983
56,17,4215.538289
56,19,4206.851819
56,20,4164.187593
56,26,4154.884766
57,13,4804.004824
57,14,4410.380981
57,15,4381.535010
57,16,4238.137983
57,17,4215.538289
57,19,4206.851819
57,20,4164.187593
57,26,4154.884766
58,12,5022.286293
58,13,4804.004824
58,14,4410.380981
58,15,4377.524870
58,16,4238.137983
58,17,4215.538289
58,19,4206.851819
58,20,4164.187593
58,26,4154.884766
59,12,4957.159828
59,13,4804.004824
59,14,4333.663459
59,16,4237.571132
59,17,4215.538289
59,19,4140.463795
60,12,4957.159828
60,13,4681.524787
60,14,4320.094796
60,16,4233.807624
60,17,4215.538289
60,19,4140.463795
61,12,4913.684151
61,13,4681.524787
61,14,4320.094796
61,16,4225.001259
61,17,4215.538289
61,18,4211.303977
61,19,4140.463795
62,12,4845.230506
62,13,4631.703930
62,14,4245.742055
62,16,4163.046049
62,19,4140.463795
63,12,4845.230506
63,13,4614.760568
63,14,4245.742055
63,16,4163.046049
63,19,4140.463795
64,12,4845.230506
64,13,4611.386223
64,14,4207.945183
64,16,4162.530424
64,19,4140.147846
64,21,4118.226943
65,12,4845.230506
65,13,4611.386223
65,14,4196.582944
65,15,4192.898684
65,16,4162.530424
65,19,4140.147846
65,21,4118.226943
66,12,4845.230506
66,13,4611.386223
66,14,4177.095076
66,16,4162.530424
66,19,4140.147846
66,21,4118.226943
67,12,4768.950644
67,13,4611.386223
67,14,4177.095076
67,16,4162.530424
67,19,4140.147846
67,21,4118.226943
68,12,4768.950644
68,13,4611.386223
68,14,4167.512502
68,16,4162.530424
68,19,4140.147846
68,21,4118.226943
69,12,4768.950644
69,13,4572.945884
69,14,4145.172020
69,19,4131.069515
69,21,4100.352742
70,12,4768.950644
70,13,4572.038053
70,14,4125.977184
70,21,4100.352742
71,12,4768.950644
71,13,4572.038053
71,14,4125.977184
71,21,4100.352742
71,23,4099.155188
72,12,4765.120419
72,13,4285.400519
72,14,4125.977184
72,21,4100.352742
72,23,4099.155188
73,12,4765.120419
73,13,4258.736480
73,14,4125.977184
73,21,4100.352742
73,23,4099.155188
74,12,4765.120419
74,13,4216.106470
74,14,4114.706350
74,21,4099.899896
74,23,4099.155188
75,12,4765.120419
75,13,4216.106470
75,14,4114.706350
75,21,4099.899896
75,23,4099.155188
76,12,4695.616008
76,13,4216.106470
76,14,4114.706350
76,21,4099.899896
76,23,4099.155188
77,12,4695.616008
77,13,4216.106470
77,14,4114.706350
77,21,4099.899896
77,23,4099.155188
77,25,4095.518360
78,12,4695.616008
78,13,4216.106470
78,14,4112.860034
78,16,4101.694917
78,21,4099.899896
78,22,4091.811597
79,12,4695.616008
79,13,4216.106470
79,14,4112.860034
79,16,4101.380855
79,21,4085.255168
80,12,4695.616008
80,13,4199.705418
80,14,4112.860034
80,16,4101.380855
80,21,4085.255168
81,12,4695.616008
81,13,4199.705418
81,14,4103.471844
81,16,4101.380855
81,21,4085.255168
82,12,4692.201562
82,13,4192.388123
82,14,4103.112906
82,16,4101.380855
82,21,4078.777652
83,12,4687.278498
83,13,4192.388123
83,14,4103.112906
83,15,4080.805544
83,21,4076.515916
84,12,4667.777429
84,13,4192.388123
84,14,4103.112906
84,15,4080.805544
84,21,4076.515916
85,12,4639.507451
85,13,4192.388123
85,14,4103.112906
85,15,4080.805544
85,16,4079.921339
85,17,4075.952662
85,18,4069.099713
86,12,4639.507451
86,13,4192.388123
86,14,4103.112906
86,15,4080.805544
86,16,4079.921339
86,17,4075.952662
86,18,4069.099713
87,12,4617.631883
87,13,4192.388123
87,14,4102.819632
87,15,4080.805544
87,16,4059.909318
87,22,4057.831622
88,12,4617.631883
88,13,4192.388123
88,14,4102.031841
88,15,4080.805544
88,16,4059.909318
88,22,4057.831622
89,12,4617.631883
89,13,4192.388123
89,14,4066.585549
89,16,4059.909318
89,22,4057.831622
90,12,4436.785912
90,13,4192.388123
90,14,4066.585549
90,16,4059.909318
90,22,4057.831622
91,12,4436.785912
91,13,4181.439317
91,14,4066.585549
91,16,4059.909318
91,22,4057.831622
92,12,4436.785912
92,13,4151.963857
92,14,4066.489288
92,16,4059.703566
92,22,4057.831622
93,12,4359.954907
93,13,4151.963857
93,14,4066.489288
93,16,4035.204985
94,12,4359.954907
94,13,4151.963857
94,14,4066.489288
94,16,4035.204985
95,12,4359.954907
95,13,4151.963857
95,14,4066.489288
95,16,4035.204985
96,12,4359.954907
96,13,4151.963857
96,14,4054.626616
96,16,4035.204985
96,21,4027.376796
97,12,4329.823580
97,13,4151.963857
97,14,4051.656980
97,16,4032.412534
97,21,4025.382540
97,22,4014.998401
98,12,4329.823580
98,13,4151.963857
98,14,4042.723548
98,16,4032.412534
98,21,4025.382540
98,22,4014.998401
99,12,4329.823580
99,13,4151.963857
99,14,4042.723548
99,16,4032.412534
99,21,4025.382540
99,22,4012.511497
100,12,4326.972074
100,13,4151.963857
100,14,4042.723548
100,16,4032.412534
100,17,4023.262539
100,21,4008.916879
101,12,4326.972074
101,13,4151.963857
101,14,4042.723548
101,16,4032.412534
101,17,4015.577085
101,21,4008.916879
102,12,4322.226846
102,13,4106.589124
102,14,4042.386665
102,16,4032.040950
102,17,4003.910551
102,21,3995.271747
103,12,4322.226846
103,13,4106.589124
103,14,4042.386665
103,15,4037.146129
103,16,4024.428399
103,17,4003.910551
103,21,3974.163512
104,12,4322.226846
104,13,4106.589124
104,14,4042.386665
104,15,4037.146129
104,16,4019.195098
104,17,4003.910551
104,21,3974.163512
105,12,4279.883631
105,13,4106.589124
105,14,4042.386665
105,15,4037.146129
105,16,4019.195098
105,17,4003.910551
105,20,3995.447820
105,21,3967.273767
106,12,4279.883631
106,13,4100.399308
106,14,4042.386665
106,15,4037.146129
106,16,4019.195098
106,17,4003.910551
106,20,3995.447820
106,21,3967.273767
107,12,4276.412653
107,13,4096.735119
107,14,4042.386665
107,15,4033.100361
107,16,4011.368012
107,17,4003.910551
107,19,3980.573292
107,21,3967.273767
108,12,4271.707844
108,13,4096.735119
108,14,4038.565588
108,15,4033.100361
108,16,4010.852411
108,17,4003.910551
108,19,3980.573292
108,21,3967.273767
109,12,4271.707844
109,13,4096.735119
109,14,4038.565588
109,15,4033.100361
109,16,4005.215758
109,17,4003.910551
109,19,3980.573292
109,21,3967.273767
110,12,4234.847776
110,13,4096.735119
110,14,4035.045494
110,15,4033.100361
110,16,4005.215758
110,17,4003.910551
110,18,3999.162074
110,19,3980.573292
110,21,3967.273767
111,12,4234.847776
111,13,4096.735119
111,14,4035.045494
111,15,4033.100361
111,16,4005.215758
111,17,4003.910551
111,18,3999.162074
111,19,3980.573292
111,21,3967.273767
112,12,4234.847776
112,13,4096.735119
112,14,4023.587338
112,15,3983.468996
112,19,3980.573292
112,21,3967.273767
113,12,4234.847776
113,13,4096.735119
113,14,4023.587338
113,15,3983.468996
113,19,3980.573292
113,21,3967.273767
114,11,4352.121126
114,12,4100.254803
114,13,4032.365770
114,14,4023.587338
114,15,3983.468996
114,19,3980.573292
114,21,3967.273767
115,11,4352.121126
115,12,4100.254803
115,13,4032.365770
115,14,4023.587338
115,15,3983.468996
115,19,3980.573292
115,21,3967.273767
116,11,4352.121126
116,12,4100.254803
116,13,4032.365770
116,14,4023.587338
116,15,3983.468996
116,18,3981.270894
116,19,3980.573292
116,21,3967.273767
117,11,4352.121126
117,12,4097.333299
117,13,4032.365770
117,14,4023.587338
117,15,3981.973026
117,18,3977.665021
117,21,3947.234849
118,11,4308.727889
118,12,4085.213041
118,13,4025.246403
118,14,4023.587338
118,15,3981.973026
118,18,3977.665021
118,21,3947.234849
119,11,4308.727889
119,12,4085.213041
119,13,4025.246403
119,14,4023.587338
119,15,3981.973026
119,18,3977.665021
119,21,3947.234849
120,11,4308.727889
120,12,4085.213041
120,13,4025.246403
120,14,4023.587338
120,15,3981.973026
120,16,3975.922677
120,21,3947.234849
121,11,4308.727889
121,12,4074.072265
121,13,4002.473065
121,15,3981.973026
121,16,3975.922677
121,21,3947.234849
122,11,4287.044658
122,12,4074.072265
122,13,3982.270599
122,15,3980.284517
122,16,3975.922677
122,21,3946.647121
123,11,4287.044658
123,12,4074.072265
123,13,3982.270599
123,15,3980.284517
123,16,3975.922677
123,20,3964.008985
123,21,3946.647121
124,11,4287.044658
124,12,4074.072265
124,13,3982.270599
124,15,3980.284517
124,16,3975.922677
124,20,3964.008985
124,21,3946.647121
125,11,4287.044658
125,12,4032.758773
125,13,3982.270599
125,15,3980.284517
125,16,3975.922677
125,20,3958.688390
125,21,3946.647121
125,22,3924.121577
126,11,4200.685278
126,12,4032.758773
126,13,3978.718943
126,16,3974.599589
126,18,3966.803265
126,20,3958.688390
126,21,3946.647121
126,22,3924.121577
127,11,4200.685278
127,12,4028.773506
127,13,3973.655576
127,16,3966.508074
127,17,3955.420986
127,19,3944.785504
127,21,3912.508685
128,11,4172.142459
128,12,4028.773506
128,13,3973.655576
128,14,3964.748142
128,17,3955.420986
128,19,3944.785504
128,21,3912.508685
129,11,4137.522137
129,12,4028.773506
129,13,3973.655576
129,14,3964.748142
129,15,3951.888188
129,16,3949.692064
129,19,3944.785504
129,21,3912.508685
130,11,4137.522137
130,12,4028.773506
130,13,3969.407130
130,14,3964.748142
130,15,3951.888188
130,16,3949.692064
130,17,3947.375768
130,19,3944.785504
130,21,3912.508685
131,11,4137.522137
131,12,4028.773506
131,13,3969.407130
131,14,3964.748142
131,15,3951.888188
131,16,3949.692064
131,17,3947.375768
131,19,3944.785504
131,21,3912.508685
132,11,4137.522137
132,12,4028.773506
132,13,3968.253096
132,14,3964.748142
132,15,3949.977057
132,16,3949.692064
132,17,3947.375768
132,19,3944.785504
132,21,3912.508685
133,11,4137.522137
133,12,4028.773506
133,13,3957.577085
133,15,3949.977057
133,16,3949.673613
133,17,3947.375768
133,19,3943.413020
133,21,3912.508685
134,11,4104.438286
134,12,4028.773506
134,13,3955.206125
134,15,3949.977057
134,16,3936.459143
134,21,3912.508685
135,11,4104.438286
135,12,4028.773506
135,13,3947.650531
135,16,3936.459143
135,17,3911.144756
136,11,4104.438286
136,12,4028.773506
136,13,3947.650531
136,16,3936.459143
136,17,3911.144756
137,11,4073.214139
137,12,4002.943236
137,13,3947.650531
137,14,3942.039455
137,16,3935.918199
137,17,3904.145281
138,11,4073.214139
138,12,4002.943236
138,13,3923.146294
138,17,3904.145281
139,11,4073.214139
139,12,4002.943236
139,13,3923.146294
139,17,3904.145281
140,11,4015.557063
140,12,4002.943236
140,13,3923.146294
140,17,3904.145281
141,11,4015.557063
141,12,4002.943236
141,13,3920.042451
141,15,3913.148295
141,17,3904.145281
142,11,3999.569025
142,13,3903.906509
142,17,3892.311566
143,11,3999.569025
143,12,3984.474805
143,13,3903.906509
143,17,3892.311566
144,11,3998.768331
144,12,3984.474805
144,13,3903.906509
144,14,3893.680115
144,17,3892.311566
145,11,3998.768331
145,12,3984.474805
145,13,3903.906509
145,14,3893.680115
145,17,3892.311566
146,11,3993.677165
146,12,3963.979873
146,13,3903.906509
146,14,3893.364595
146,17,3892.311566
147,11,3967.162291
147,12,3957.868474
147,13,3903.064922
147,14,3893.364595
147,17,3891.955664
148,11,3967.162291
148,12,3934.091598
148,13,3903.064922
148,14,3893.364595
148,17,3891.955664
149,11,3967.162291
149,12,3934.091598
149,13,3901.783664
149,14,3893.364595
149,17,3891.955664
150,11,3967.162291
150,12,3934.091598
150,13,3898.744429
150,14,3893.180116
150,17,3891.955664
151,11,3967.162291
151,12,3934.091598
151,13,3898.744429
151,14,3867.608612
152,11,3967.162291
152,12,3934.091598
152,13,3898.744429
152,14,3862.585584
153,11,3967.162291
153,12,3928.971097
153,13,3889.810203
153,14,3862.585584
154,11,3967.162291
154,12,3928.971097
154,13,3888.405971
154,14,3862.585584
155,11,3956.317690
155,12,3928.971097
155,13,3873.338353
155,14,3862.585584
156,11,3956.317690
156,12,3893.382753
156,13,3873.338353
156,14,3862.585584
157,11,3951.222535
157,12,3890.538595
157,13,3870.148642
157,14,3853.198954
158,11,3950.087209
158,12,3890.538595
158,13,3859.668545
158,14,3853.198954
159,11,3932.341237
159,12,3890.538595
159,13,3859.668545
159,14,3853.198954
160,11,3932.341237
160,12,3890.538595
160,13,3859.668545
160,14,3853.198954
161,11,3932.341237
161,12,3890.538595
161,13,3859.668545
161,14,3853.198954
162,11,3932.341237
162,12,3890.538595
162,13,3858.702642
162,14,3852.804507
163,11,3932.341237
163,12,3890.538595
163,13,3846.135852
164,11,3918.403065
164,12,3890.538595
164,13,3846.135852
165,11,3902.203974
165,12,3882.305060
165,13,3846.135852
166,11,3902.203974
166,12,3882.305060
166,13,3846.135852
167,11,3902.203974
167,12,3882.222472
167,13,3846.135852
168,11,3894.427083
168,12,3882.222472
168,13,3846.135852
169,11,3894.427083
169,12,3882.222472
169,13,3846.135852
170,11,3894.427083
170,12,3838.836399
171,10,4022.682890
171,11,3878.717847
171,12,3838.836399
172,10,4022.682890
172,11,3870.919856
172,12,3838.836399
173,10,4022.682890
173,11,3870.919856
173,12,3838.836399
174,10,4022.682890
174,11,3867.825877
174,12,3838.836399
175,10,4022.682890
175,11,3867.825877
175,12,3838.836399
176,10,4022.682890
176,11,3867.825877
176,12,3838.836399
176,13,3836.197803
177,10,4020.074011
177,11,3867.825877
177,12,3838.836399
177,13,3833.223052
178,10,4020.074011
178,11,3867.825877
178,12,3838.836399
178,13,3833.223052
179,10,4020.074011
179,11,3858.642576
179,12,3838.836399
179,13,3833.223052
180,10,4020.074011
180,11,3858.642576
180,12,3838.836399
180,13,3833.223052
181,10,4020.074011
181,11,3858.642576
181,12,3838.836399
181,13,3833.223052
182,10,4020.074011
182,11,3858.642576
182,12,3838.690859
182,13,3833.223052
183,10,4020.074011
183,11,3858.642576
183,12,3838.690859
183,13,3833.223052
184,10,3975.799234
184,11,3858.642576
184,12,3838.690859
184,13,3833.223052
185,10,3975.799234
185,11,3858.642576
185,12,3838.690859
185,13,3833.223052
186,10,3975.799234
186,11,3858.642576
186,12,3838.690859
186,13,3833.223052
187,10,3932.885867
187,11,3858.626526
187,12,3838.690859
187,13,3833.223052
188,10,3932.885867
188,11,3858.626526
188,12,3838.690859
188,13,3833.223052
189,10,3932.885867
189,11,3858.626526
189,12,3838.690859
189,13,3833.223052
190,10,3932.885867
190,11,3858.626526
190,12,3838.690859
190,13,3833.223052
191,10,3932.885867
191,11,3858.626526
191,12,3829.067672
192,10,3931.761077
192,11,3858.626526
192,12,3823.813562
193,10,3931.761077
193,11,3858.626526
193,12,3823.813562
194,10,3931.761077
194,11,3858.626526
194,12,3820.381307
195,10,3918.308412
195,11,3856.436854
195,12,3820.157688
196,10,3918.308412
196,11,3856.436854
196,12,3820.157688
197,10,3918.308412
197,11,3856.436854
197,12,3820.157688
198,10,3918.308412
198,11,3856.436854
198,12,3816.619641
199,10,3918.308412
199,11,3834.710950
199,12,3816.619641
200,10,3918.308412
200,11,3834.710950
200,12,3816.619641
201,10,3918.308412
201,11,3834.710950
201,12,3815.846165
202,10,3916.312533
202,11,3834.710950
202,12,3815.756648
203,10,3913.757033
203,11,3834.710950
203,12,3815.756648
204,10,3913.757033
204,11,3828.876981
204,12,3815.756648
205,10,3913.757033
205,11,3828.876981
205,12,3815.756648
206,10,3913.757033
206,11,3822.655131
206,12,3815.756648
207,10,3906.018879
207,11,3821.734418
207,12,3814.995262
208,10,3906.018879
208,11,3821.734418
208,12,3814.995262
209,10,3906.018879
209,11,3821.734418
209,12,3814.995262
210,10,3906.018879
210,11,3821.734418
210,12,3814.995262
211,10,3904.644197
211,11,3821.734418
211,12,3814.646678
212,10,3904.644197
212,11,3820.921182
212,12,3814.231572
213,10,3904.644197
213,11,3815.561005
213,12,3814.231572
214,10,3904.405932
214,11,3815.561005
214,12,3814.231572
215,10,3896.487010
215,11,3815.561005
215,12,3814.231572
216,10,3896.487010
216,11,3815.561005
216,12,3813.518870
217,10,3896.487010
217,11,3815.532895
217,12,3813.518870
218,10,3896.487010
218,11,3815.532895
218,12,3813.518870
219,10,3894.198272
219,11,3815.532895
219,12,3811.793202
220,10,3890.486704
220,11,3815.532895
220,12,3811.793202
221,10,3890.486704
221,11,3814.039490
221,12,3811.793202
222,10,3884.113668
222,11,3814.039490
222,12,3811.793202
223,10,3884.113668
223,11,3802.487388
224,10,3884.113668
224,11,3802.487388
225,10,3878.678809
225,11,3802.487388
226,10,3878.678809
226,11,3796.814146
227,10,3878.678809
227,11,3795.324837
228,10,3878.678809
228,11,3795.324837
229,10,3875.836819
229,11,3793.271437
230,10,3875.836819
230,11,3793.271437
231,10,3869.629798
231,11,3793.271437
232,10,3851.792516
232,11,3792.158979
233,10,3851.792516
233,11,3792.158979
234,10,3851.792516
234,11,3792.158979
235,10,3851.792516
235,11,3792.158979
236,10,3851.792516
236,11,3792.158979
237,10,3851.792516
237,11,3792.147854
237,14,3789.817046
238,10,3851.792516
238,11,3792.147854
238,14,3789.817046
239,10,3851.792516
239,11,3791.002118
239,14,3789.817046
240,10,3851.792516
240,11,3786.800246
241,10,3851.792516
241,11,3786.800246
242,10,3846.535219
242,11,3786.800246
243,10,3846.535219
243,11,3786.800246
244,10,3846.535219
244,11,3782.872050
245,10,3846.535219
245,11,3782.872050
246,10,3846.535219
246,11,3782.872050
247,10,3845.555691
247,11,3782.872050
248,10,3845.555691
248,11,3782.872050
249,10,3845.555691
249,11,3782.872050
250,10,3845.555691
250,11,3782.872050
251,10,3845.555691
251,11,3782.872050
252,10,3842.682577
252,11,3782.872050
253,10,3840.005530
253,11,3782.872050
254,10,3840.005530
254,11,3782.872050
255,10,3838.042009
255,11,3782.872050
256,10,3838.042009
256,11,3782.872050
257,10,3829.424763
257,11,3782.872050
258,10,3826.759686
258,11,3782.872050
259,10,3826.759686
259,11,3782.872050
260,10,3824.210314
260,11,3781.668381
260,12,3779.901107
261,10,3824.210314
261,11,3781.668381
261,12,3779.901107
262,10,3823.199711
262,11,3781.668381
262,12,3777.960723
262,13,3768.563759
263,10,3823.199711
263,11,3781.116172
263,12,3777.960723
263,13,3768.563759
264,10,3823.199711
264,11,3781.116172
264,12,3776.949340
264,13,3768.563759
265,10,3823.199711
265,11,3777.630515
265,12,3776.949340
265,13,3768.563759
266,10,3823.199711
266,11,3777.630515
266,12,3776.749559
266,13,3768.563759
267,10,3823.199711
267,11,3777.630515
267,12,3772.507858
267,13,3768.563759
268,10,3823.199711
268,11,3777.630515
268,12,3772.507858
268,13,3768.563759
269,10,3822.189274
269,11,3777.630515
269,12,3772.507858
269,13,3768.563759
270,10,3822.189274
270,11,3777.630515
270,12,3756.415970
271,10,3822.189274
271,11,3777.630515
271,12,3756.415970
272,10,3820.868066
272,11,3777.630515
272,12,3755.765162
273,10,3820.868066
273,11,3776.606778
273,12,3755.765162
274,10,3820.868066
274,11,3776.606778
274,12,3755.765162
275,10,3820.622351
275,11,3776.606778
275,12,3755.765162
276,10,3820.622351
276,11,3776.606778
276,12,3755.765162
277,10,3820.622351
277,11,3776.606778
277,12,3755.765162
278,10,3820.622351
278,11,3776.514768
278,12,3755.765162
279,10,3819.657827
279,11,3776.514768
279,12,3755.765162
280,10,3819.657827
280,11,3776.514768
280,12,3755.765162
281,10,3819.657827
281,11,3773.711938
281,12,3755.765162
282,10,3819.657827
282,11,3773.711938
282,12,3755.765162
283,10,3819.657827
283,11,3773.711938
283,12,3755.765162
284,10,3819.657827
284,11,3773.711938
284,12,3755.765162
285,10,3819.657827
285,11,3773.065338
285,12,3755.765162
286,10,3819.159652
286,11,3773.065338
286,12,3755.765162
287,10,3819.159652
287,11,3773.065338
287,12,3755.765162
288,10,3817.340091
288,11,3773.065338
288,12,3755.765162
289,10,3817.340091
289,11,3773.065338
289,12,3755.765162
290,10,3817.340091
290,11,3773.065338
290,12,3755.765162
291,10,3817.340091
291,11,3773.065338
291,12,3755.765162
292,10,3817.340091
292,11,3773.065338
292,12,3755.765162
293,10,3817.340091
293,11,3773.065338
293,12,3755.765162
294,10,3817.340091
294,11,3773.065338
294,12,3755.765162
295,10,3817.340091
295,11,3773.065338
295,12,3755.765162
296,10,3817.340091
296,11,3773.065338
296,12,3755.765162
297,10,3815.767447
297,11,3773.065338
297,12,3755.765162
298,10,3815.767447
298,11,3773.065338
298,12,3755.765162
299,10,3815.767447
299,11,3773.065338
299,12,3755.765162
300,10,3815.511802
300,11,3773.065338
300,12,3755.765162
301,10,3815.511802
301,11,3773.065338
301,12,3755.765162
302,10,3815.511802
302,11,3773.008199
302,12,3755.765162
303,10,3815.511802
303,11,3772.305398
303,12,3755.765162
304,10,3815.511802
304,11,3772.305398
304,12,3755.765162
305,10,3815.457330
305,11,3772.305398
305,12,3755.765162
306,10,3815.457330
306,11,3772.305398
306,12,3755.765162
307,10,3815.457330
307,11,3772.305398
307,12,3755.765162
308,10,3815.457330
308,11,3772.305398
308,12,3755.765162
309,10,3815.457330
309,11,3772.305398
309,12,3755.765162
310,10,3815.457330
310,11,3772.305398
310,12,3755.765162
311,10,3809.164217
311,11,3772.305398
311,12,3755.765162
312,10,3809.164217
312,11,3772.298328
312,12,3755.765162
313,10,3809.164217
313,11,3772.298328
313,12,3755.765162
314,10,3809.164217
314,11,3772.298328
314,12,3755.765162
315,10,3809.164217
315,11,3772.298328
315,12,3755.765162
316,10,3809.164217
316,11,3772.298328
316,12,3755.765162
317,10,3809.164217
317,11,3772.298328
317,12,3755.765162
318,10,3807.487751
318,11,3772.298328
318,12,3755.765162
319,10,3807.487751
319,11,3772.290415
319,12,3755.765162
320,10,3807.487751
320,11,3772.290415
320,12,3755.765162
321,10,3805.195636
321,11,3772.290415
321,12,3755.765162
322,10,3804.205358
322,11,3769.921359
322,12,3755.765162
323,10,3803.681372
323,11,3769.921359
323,12,3755.765162
324,10,3803.681372
324,11,3769.604199
324,12,3755.765162
325,10,3803.681372
325,11,3769.604199
325,12,3755.765162
326,10,3803.681372
326,11,3769.604199
326,12,3754.747546
327,10,3803.681372
327,11,3769.604199
327,12,3754.747546
328,10,3801.146533
328,11,3769.604199
328,12,3754.747546
329,10,3801.146533
329,11,3769.604199
329,12,3754.747546
330,10,3801.146533
330,11,3769.604199
330,12,3754.747546
