Generation,NV,TOC
1,47,21708.276652
1,48,19674.415030
1,50,19522.112962
1,51,19364.673413
1,52,19136.422351
1,59,19086.513394
1,66,15637.597516
1,72,14199.986713
1,79,14139.735300
1,84,14043.201341
1,85,14024.771498
1,87,13748.670733
1,89,13551.332816
2,47,21708.276652
2,48,19674.415030
2,50,19522.112962
2,51,19298.749552
2,52,19136.422351
2,59,19086.513394
2,60,16055.815636
2,64,15286.269178
2,66,15045.688913
2,70,14111.457308
2,79,14109.885125
2,83,13741.369248
2,88,13457.939920
2,94,13373.383736
3,47,21708.276652
3,48,19460.544009
3,51,18664.845854
3,55,17734.362012
3,60,16055.815636
3,64,15286.269178
3,65,15054.545173
3,66,15045.688913
3,68,14095.895405
3,71,14006.075039
3,83,13741.369248
3,88,13457.939920
3,93,13410.699357
3,94,13373.383736
4,47,18607.158791
4,53,17460.191080
4,57,14546.215128
4,65,14415.318635
4,66,14012.908079
4,69,13803.185734
4,75,13772.264755
4,82,13666.207268
4,83,13566.202991
4,85,13326.114537
4,93,13296.586400
5,47,18607.158791
5,48,16873.021486
5,57,14546.215128
5,61,14439.961569
5,63,14372.346571
5,66,14012.908079
5,69,13803.185734
5,75,13772.264755
5,78,13602.127610
5,83,13566.202991
5,85,13326.114537
5,93,13296.586400
6,46,17999.528995
6,48,16873.021486
6,55,14971.378970
6,56,14461.919637
6,60,14171.753323
6,62,13498.036810
6,78,13422.060406
6,83,13185.343177
7,46,17999.528995
7,48,16873.021486
7,55,14682.574445
7,56,14461.919637
7,60,14171.753323
7,62,13498.036810
7,78,13422.060406
7,83,13185.343177
8,46,17999.528995
8,47,17046.159277
8,48,16489.490033
8,53,14328.664794
8,58,13984.243420
8,59,13761.336384
8,61,13447.274135
8,65,13307.721631
8,82,13104.826868
9,46,17999.528995
9,47,17035.377585
9,48,16017.677940
9,49,15905.632610
9,51,15829.965365
9,52,15046.970149
9,53,14328.664794
9,57,13790.494868
9,59,13761.336384
9,61,13447.274135
9,65,13307.721631
9,70,13307.281963
9,71,13256.005273
9,82,13104.826868
10,44,18230.641040
10,45,17788.494686
10,46,17219.624681
10,47,16822.706298
10,48,16017.677940
10,49,15905.632610
10,51,15829.965365
10,52,15046.970149
10,53,14328.664794
10,57,13790.494868
10,59,13761.336384
10,61,13447.274135
10,64,13051.384664
10,67,13026.815183
11,44,18230.641040
11,45,17788.494686
11,46,16921.860398
11,47,16822.706298
11,48,16017.677940
11,49,15905.632610
11,51,15829.965365
11,52,14868.749037
11,53,14135.375669
11,54,13986.733440
11,56,13744.513190
11,59,13699.980883
11,61,13447.274135
11,64,13044.331645
11,65,12949.757548
11,66,12662.374904
12,44,18230.641040
12,45,17194.081183
12,46,16549.624784
12,48,16017.677940
12,49,15100.845695
12,52,14669.837681
12,53,14135.375669
12,54,13986.733440
12,56,13744.513190
12,59,13699.980883
12,61,13447.274135
12,64,12982.476566
12,65,12949.757548
12,66,12662.374904
13,44,18230.641040
13,45,17194.081183
13,46,16549.624784
13,48,15555.161781
13,49,15100.845695
13,50,14849.937257
13,51,13499.624995
13,53,13316.891593
13,57,13013.860280
13,61,12841.186462
13,66,12610.802835
14,44,18230.641040
14,45,16932.462479
14,46,16549.624784
14,48,15555.161781
14,49,14969.497391
14,50,14849.937257
14,51,13499.624995
14,53,13316.891593
14,57,13013.860280
14,61,12841.186462
14,65,12822.897148
14,66,12610.802835
15,44,18230.641040
15,45,16932.462479
15,46,16549.624784
15,47,15168.082354
15,48,14773.317867
15,50,14654.937356
15,51,13360.814757
15,53,13316.891593
15,56,12876.323799
15,60,12791.710137
15,64,12676.937860
15,65,12559.882115
16,44,18230.641040
16,45,16932.462479
16,46,16549.624784
16,47,15168.082354
16,48,14773.317867
16,50,14654.937356
16,51,13360.814757
16,53,13316.891593
16,54,13265.938080
16,56,12876.323799
16,60,12791.710137
16,63,12752.576315
16,64,12676.937860
16,65,12559.882115
17,44,18230.641040
17,45,16894.220456
17,46,16549.624784
17,47,14914.428248
17,48,14773.317867
17,50,13304.313535
17,53,13284.797668
17,54,12934.150334
17,55,12810.760454
17,59,12740.251393
17,60,12730.434400
17,61,12705.358536
17,62,12652.941782
17,64,12597.653437
17,65,12477.636589
18,43,18891.970100
18,44,18230.641040
18,45,16515.009722
18,47,14914.428248
18,48,14656.749039
18,50,13304.313535
18,53,13284.797668
18,54,12934.150334
18,55,12810.760454
18,58,12689.522144
18,62,12652.941782
18,64,12597.653437
18,65,12477.636589
19,43,18891.970100
19,44,16143.683545
19,45,16113.437286
19,46,14927.125263
19,47,14914.428248
19,48,14571.088947
19,50,13180.416105
19,54,12783.043774
19,58,12589.316736
19,60,12501.345441
19,62,12495.691967
19,65,12419.082184
20,43,18891.970100
20,44,16143.683545
20,45,16113.437286
20,46,14927.125263
20,47,14914.428248
20,48,14023.515262
20,49,13725.971075
20,50,13101.023759
20,54,12783.043774
20,57,12769.030570
20,58,12589.316736
20,60,12501.345441
20,62,12495.691967
20,65,12419.082184
21,43,17725.575110
21,44,16143.683545
21,45,16113.437286
21,46,14927.125263
21,47,14440.594089
21,48,13872.343800
21,49,13725.971075
21,50,13036.447141
21,54,12753.622764
21,56,12738.576783
21,58,12556.536692
21,60,12490.249090
21,62,12414.259669
21,64,12358.409909
22,43,17725.575110
22,44,16143.683545
22,45,16113.437286
22,46,14927.125263
22,47,14440.594089
22,48,13872.343800
22,49,13459.076423
22,50,13036.447141
22,54,12753.622764
22,56,12620.595271
22,58,12556.536692
22,60,12490.249090
22,62,12414.259669
22,64,12358.409909
23,43,17725.575110
23,44,16143.683545
23,45,15524.208941
23,46,14902.958791
23,47,14350.502995
23,48,13559.173916
23,49,13280.124331
23,50,13031.435266
23,53,12730.227819
23,55,12554.367554
23,57,12462.939319
23,62,12381.883921
23,64,12315.560572
24,43,17725.575110
24,44,16066.726135
24,45,14742.097885
24,47,13237.366355
24,50,13031.435266
24,53,12730.227819
24,54,12701.397486
24,55,12554.367554
24,57,12462.939319
24,62,12381.883921
24,64,12315.560572
24,75,12314.442993
25,43,17725.575110
25,44,16066.726135
25,45,14742.097885
25,47,13237.366355
25,50,13031.435266
25,53,12730.227819
25,54,12701.397486
25,55,12554.367554
25,57,12462.939319
25,62,12381.883921
25,64,12315.560572
25,69,12200.594869
26,43,17609.310361
26,44,15972.828605
26,45,14462.523983
26,46,14344.188331
26,47,13231.886504
26,50,12987.225967
26,51,12637.543386
26,54,12549.663495
26,57,12399.127547
26,61,12096.278846
27,43,17248.201294
27,44,15972.828605
27,45,14462.523983
27,46,14344.188331
27,47,13231.886504
27,50,12982.622692
27,51,12637.543386
27,54,12549.663495
27,57,12399.127547
27,61,12096.278846
27,68,12049.544285
28,43,17248.201294
28,44,15394.302586
28,45,13871.682516
28,47,13187.693276
28,49,12852.826515
28,51,12613.368945
28,54,12499.468480
28,57,12376.261974
28,60,11939.225406
29,43,17248.201294
29,44,13907.730517
29,45,13727.456722
29,47,13187.693276
29,49,12852.826515
29,51,12613.368945
29,53,12586.251824
29,54,12499.468480
29,55,12496.455866
29,57,12376.261974
29,60,11939.225406
29,61,11903.261906
30,43,17248.201294
30,44,13678.643204
30,47,13106.434935
30,49,12806.998596
30,51,12584.346368
30,54,12432.773047
30,55,12305.565572
30,60,11863.813673
31,43,17080.846575
31,44,13678.643204
31,47,13106.434935
31,49,12806.998596
31,50,12664.667796
31,51,12584.346368
31,54,12432.773047
31,55,12305.565572
31,59,12050.713244
31,60,11863.813673
32,42,16771.794252
32,43,13623.602834
32,47,13106.434935
32,49,12637.638465
32,50,12483.418265
32,54,12033.114545
32,55,12027.238691
32,56,11969.078130
32,60,11828.950163
33,42,16771.794252
33,43,13623.602834
33,46,13210.091911
33,47,12817.106925
33,49,12637.638465
33,50,12483.418265
33,54,12033.114545
33,55,12027.238691
33,56,11969.078130
33,60,11828.950163
34,42,16771.794252
34,43,13484.895554
34,46,12744.268945
34,48,12415.785989
34,53,11993.754712
34,56,11969.078130
34,59,11851.662182
34,60,11803.725019
35,42,15637.275809
35,43,13484.895554
35,46,12744.268945
35,48,12415.785989
35,53,11993.754712
35,56,11969.078130
35,57,11894.758201
35,59,11776.885455
36,42,15637.275809
36,43,13484.895554
36,46,12701.471599
36,48,12369.534037
36,51,12310.909020
36,53,11993.754712
36,55,11917.458928
36,56,11880.519572
36,59,11753.806648
37,42,15637.275809
37,43,13484.895554
37,46,12701.471599
37,48,12369.534037
37,51,12310.909020
37,53,11993.754712
37,55,11885.336914
37,56,11876.845132
37,59,11753.806648
38,40,13494.144819
38,43,13469.117456
38,46,12585.784276
38,48,12369.534037
38,51,12283.467335
38,53,11976.074759
38,54,11812.115649
38,59,11718.302852
39,40,13494.144819
39,43,13469.117456
39,46,12585.784276
39,48,12369.534037
39,51,12283.467335
39,53,11976.074759
39,54,11812.115649
39,59,11718.302852
40,40,13099.547939
40,46,12525.268574
40,47,12275.441945
40,50,12238.382165
40,53,11976.074759
40,54,11794.703849
40,58,11655.103269
41,40,13099.547939
41,45,12936.641384
41,46,12525.268574
41,47,12275.441945
41,50,12238.382165
41,53,11976.074759
41,54,11794.703849
41,56,11781.374464
41,58,11655.103269
42,40,12921.478148
42,45,12660.243046
42,46,12525.268574
42,47,12254.174299
42,48,12236.157722
42,52,11966.114350
42,54,11741.597616
42,57,11673.894432
42,58,11614.462520
43,40,12921.478148
43,45,12660.243046
43,46,12480.456483
43,47,12254.174299
43,48,12236.157722
43,51,12188.533410
43,52,11966.114350
43,54,11741.597616
43,56,11636.171041
43,58,11614.462520
44,40,12921.478148
44,44,12539.644064
44,46,12410.008884
44,47,12143.385720
44,50,11932.331741
44,54,11568.743667
45,40,12921.478148
45,44,12539.644064
45,46,12410.008884
45,47,12143.385720
45,50,11932.331741
45,54,11568.743667
46,40,12887.657721
46,44,12512.202378
46,46,12330.201493
46,47,12138.592251
46,49,11929.359110
46,54,11546.547394
47,40,12887.657721
47,44,12462.389526
47,46,12330.201493
47,47,12138.592251
47,49,11929.359110
47,54,11546.547394
48,40,12787.051102
48,44,12366.278055
48,46,12068.293704
48,49,11839.364158
48,53,11544.008991
49,40,12787.051102
49,44,12282.549578
49,46,12068.293704
49,49,11839.364158
49,53,11544.008991
50,39,13162.343747
50,40,12787.048216
50,44,12259.467800
50,46,12040.852018
50,49,11839.364158
50,53,11507.105327
51,39,13162.343747
51,40,12787.048216
51,44,12259.467800
51,46,12040.852018
51,49,11839.364158
51,53,11507.105327
52,39,13127.331284
52,40,12740.761602
52,44,12259.439836
52,46,12035.983313
52,49,11773.570176
52,53,11491.578534
53,39,13127.331284
53,40,12740.761602
53,44,12259.439836
53,46,12035.983313
53,47,11997.488129
53,49,11773.570176
53,53,11491.578534
53,55,11470.161869
54,38,13087.433165
54,40,12740.246665
54,41,12641.547505
54,44,12196.903950
54,45,12131.815710
54,46,12015.700519
54,47,11992.854949
54,49,11723.128173
54,53,11483.874594
54,55,11425.460821
55,38,13087.433165
55,40,12740.246665
55,41,12604.363530
55,44,12196.903950
55,45,12131.815710
55,46,12015.700519
55,47,11992.854949
55,49,11723.128173
55,53,11483.874594
55,55,11425.460821
56,38,13003.919142
56,40,12740.227142
56,41,12584.180118
56,44,12194.771166
56,45,11960.316569
56,48,11934.206892
56,49,11714.566741
56,52,11429.797642
56,55,11420.325336
57,38,13003.919142
57,39,12927.533194
57,40,12615.960459
57,41,12584.180118
57,43,12374.658601
57,44,12194.771166
57,45,11960.316569
57,48,11814.795868
57,49,11714.566741
57,52,11429.797642
57,55,11420.325336
58,38,13003.919142
58,39,12646.560088
58,40,12498.028462
58,42,12077.970719
58,45,11879.202545
58,46,11859.454692
58,48,11664.186346
58,52,11428.916038
58,54,11404.185903
59,38,13003.919142
59,39,12646.560088
59,40,12498.028462
59,42,12077.970719
59,45,11721.412307
59,48,11664.186346
59,52,11428.916038
59,54,11404.185903
60,38,12959.113708
60,39,12373.480275
60,42,12065.783794
60,43,12030.901321
60,45,11721.412307
60,48,11656.080844
60,52,11418.402722
60,53,11374.284784
61,38,12959.113708
61,39,12373.480275
61,42,12065.783794
61,43,12017.812449
61,44,12000.257860
61,45,11694.954634
61,48,11656.080844
61,52,11418.402722
61,53,11374.284784
61,55,11364.570951
61,56,11360.193374
61,58,11333.666752
62,38,12959.113708
62,39,12373.480275
62,42,12065.783794
62,43,12007.205340
62,44,11948.970060
62,45,11683.663065
62,46,11613.320296
62,52,11377.826252
62,53,11374.284784
62,54,11316.867388
62,58,11298.607914
63,38,12959.113708
63,39,12373.480275
63,41,12291.870771
63,42,11954.664313
63,44,11948.970060
63,45,11683.663065
63,46,11613.320296
63,49,11503.648637
63,52,11377.826252
63,53,11374.284784
63,54,11316.867388
63,58,11298.607914
64,38,12959.113708
64,39,12373.480275
64,40,12208.842145
64,41,11952.903686
64,44,11886.881320
64,45,11609.108847
64,49,11503.648637
64,52,11368.066629
64,53,11279.942045
65,38,12959.113708
65,39,12373.480275
65,40,12208.842145
65,41,11952.903686
65,44,11886.881320
65,45,11609.108847
65,49,11503.648637
65,52,11368.066629
65,53,11279.942045
66,36,13548.279598
66,38,12901.633979
66,39,12362.293006
66,40,12067.779023
66,41,11952.903686
66,44,11886.881320
66,45,11583.411731
66,49,11473.795605
66,51,11425.772995
66,52,11350.106477
66,53,11276.132601
67,36,13548.279598
67,38,12901.633979
67,39,12362.293006
67,40,12067.779023
67,41,11952.903686
67,44,11886.881320
67,45,11583.411731
67,49,11473.795605
67,51,11425.772995
67,52,11350.106477
67,53,11276.132601
68,36,13548.279598
68,38,12901.633979
68,39,12307.584684
68,40,12067.779023
68,41,11928.351132
68,43,11856.495280
68,45,11561.668922
68,48,11433.590784
68,51,11415.006743
68,52,11350.106477
68,53,11271.008946
69,36,13548.279598
69,38,12901.633979
69,39,12307.584684
69,40,12067.779023
69,41,11928.351132
69,43,11856.495280
69,45,11561.668922
69,48,11433.590784
69,51,11415.006743
69,52,11350.106477
69,53,11271.008946
70,36,13548.279598
70,38,12867.706986
70,39,12307.087572
70,40,12045.295195
70,41,11926.991946
70,43,11856.495280
70,45,11551.183490
70,48,11433.590784
70,51,11400.447327
70,52,11344.366162
70,53,11271.008946
71,36,13548.279598
71,38,12867.706986
71,39,12307.087572
71,40,12045.295195
71,41,11911.139971
71,43,11856.495280
71,44,11800.561700
71,45,11551.183490
71,48,11433.590784
71,51,11400.447327
71,52,11344.366162
71,53,11271.008946
71,54,11253.010062
72,36,13548.279598
72,37,13427.604421
72,38,12867.706986
72,39,12307.087572
72,40,12033.087566
72,41,11882.241865
72,42,11809.747634
72,44,11793.506882
72,45,11550.366483
72,48,11421.922402
72,51,11312.163060
72,53,11209.090586
73,36,13548.279598
73,37,12588.364893
73,39,12307.087572
73,40,12033.087566
73,41,11882.241865
73,42,11809.747634
73,44,11793.506882
73,45,11550.366483
73,48,11421.922402
73,51,11312.163060
73,53,11209.090586
74,36,13548.279598
74,37,12588.364893
74,39,12307.087572
74,40,12033.087566
74,41,11882.241865
74,42,11809.747634
74,43,11728.951441
74,45,11531.140682
74,47,11452.219115
74,48,11384.124630
74,50,11285.187410
74,53,11196.005264
75,36,13548.279598
75,37,12588.364893
75,39,12260.176745
75,40,12033.087566
75,41,11759.790756
75,43,11728.951441
75,45,11531.140682
75,47,11452.219115
75,48,11384.124630
75,50,11285.187410
75,53,11196.005264
76,36,13532.284296
76,37,12555.117083
76,38,12256.055788
76,40,11708.588853
76,45,11531.140682
76,47,11433.506761
76,48,11368.172763
76,50,11285.187410
76,53,11191.895593
77,35,13585.664951
77,36,13455.966106
77,37,12555.117083
77,38,12256.055788
77,39,12222.549467
77,40,11708.588853
77,45,11531.140682
77,46,11465.454284
77,47,11433.506761
77,48,11368.172763
77,50,11285.187410
77,53,11191.895593
78,35,13585.664951
78,36,13173.106604
78,37,12183.870657
78,39,12148.107770
78,40,11708.588853
78,45,11530.768141
78,46,11398.022506
78,48,11368.172763
78,50,11258.644565
78,53,11179.507882
79,35,13585.664951
79,36,12404.491244
79,37,12183.870657
79,39,12148.107770
79,40,11708.588853
79,45,11530.768141
79,46,11398.022506
79,48,11368.172763
79,49,11363.572785
79,50,11258.644565
79,53,11179.507882
80,35,12617.253554
80,36,12404.491244
80,37,12183.870657
80,39,12109.447879
80,40,11680.423360
80,45,11518.841774
80,46,11379.645662
80,48,11324.112796
80,50,11257.898976
80,52,11243.608559
80,53,11150.264809
81,34,12922.265119
81,35,12617.253554
81,36,12404.491244
81,37,12183.870657
81,39,12109.447879
81,40,11680.423360
81,42,11663.893787
81,45,11518.841774
81,46,11379.645662
81,48,11324.112796
81,50,11257.898976
81,52,11243.608559
81,53,11150.264809
82,34,12922.265119
82,35,12617.253554
82,36,12404.491244
82,37,12183.870657
82,38,11974.019553
82,40,11575.368606
82,45,11505.465123
82,46,11370.209210
82,48,11313.773126
82,50,11255.979800
82,52,11232.972571
82,53,11141.698301
83,34,12922.265119
83,35,12617.253554
83,36,12404.491244
83,37,12183.870657
83,38,11974.019553
83,40,11575.368606
83,45,11505.465123
83,46,11370.209210
83,48,11313.773126
83,50,11255.979800
83,52,11232.972571
83,53,11141.698301
84,34,12922.265119
84,35,12617.253554
84,36,12404.491244
84,37,12183.870657
84,38,11964.077780
84,39,11930.072019
84,40,11575.368606
84,41,11554.791177
84,45,11499.718774
84,46,11335.137891
84,48,11313.773126
84,50,11255.979800
84,52,11230.651199
84,53,11135.336940
85,33,12636.955949
85,35,12505.595094
85,36,12404.491244
85,37,12183.870657
85,38,11964.077780
85,39,11930.072019
85,40,11575.368606
85,41,11554.791177
85,43,11515.044254
85,45,11499.718774
85,46,11335.137891
85,48,11313.773126
85,49,11262.408175
85,50,11255.979800
85,52,11230.651199
85,53,11135.336940
86,33,12636.955949
86,35,12180.230032
86,38,11964.077780
86,39,11919.598873
86,40,11568.487132
86,41,11554.791177
86,43,11471.757564
86,45,11455.600330
86,46,11274.761577
86,48,11256.165330
86,50,11255.979800
86,51,11213.177416
86,53,11135.050040
87,33,12636.955949
87,34,12372.605373
87,35,12180.230032
87,38,11964.077780
87,39,11856.208478
87,40,11568.487132
87,41,11554.791177
87,43,11471.757564
87,45,11455.600330
87,46,11274.761577
87,48,11256.165330
87,50,11255.979800
87,51,11213.177416
87,53,11135.050040
88,33,12636.955949
88,34,12372.605373
88,35,12180.230032
88,38,11964.077780
88,39,11778.678451
88,40,11557.791175
88,41,11554.550960
88,43,11462.635674
88,45,11434.830030
88,46,11216.731345
88,50,11208.886632
88,53,11130.909203
89,33,12636.955949
89,34,12372.605373
89,35,12180.230032
89,37,11977.681099
89,38,11911.154480
89,39,11778.678451
89,40,11557.791175
89,41,11554.550960
89,43,11462.635674
89,45,11434.830030
89,46,11216.731345
89,50,11174.962942
89,53,11130.909203
90,33,12529.020780
90,34,12372.605373
90,35,12180.230032
90,36,11908.046860
90,38,11896.909385
90,39,11639.958380
90,40,11551.891622
90,41,11511.025648
90,43,11446.703364
90,45,11418.070381
90,46,11214.710346
90,50,11174.962942
90,53,11119.610315
91,33,12522.459686
91,34,12372.605373
91,35,12180.230032
91,36,11908.046860
91,38,11896.909385
91,39,11639.958380
91,40,11551.891622
91,41,11511.025648
91,43,11446.703364
91,44,11370.674277
91,46,11214.710346
91,47,11202.781693
91,50,11174.962942
91,53,11119.610315
92,33,12522.459686
92,34,12372.605373
92,35,12180.230032
92,36,11908.046860
92,38,11811.901218
92,39,11593.286020
92,40,11525.431581
92,41,11484.049065
92,43,11414.631900
92,44,11360.702173
92,46,11152.087361
92,53,11119.067779
93,33,12522.459686
93,34,12317.266459
93,35,12180.230032
93,36,11908.046860
93,38,11811.901218
93,39,11593.286020
93,40,11525.431581
93,41,11484.049065
93,43,11414.631900
93,44,11360.702173
93,46,11152.087361
93,53,11119.067779
94,33,12522.459686
94,34,12317.266459
94,35,12180.230032
94,36,11899.515688
94,37,11748.884882
94,39,11526.149880
94,40,11518.840922
94,41,11484.049065
94,43,11394.332848
94,44,11340.132075
94,45,11203.604620
94,46,11129.019595
94,53,11118.079642
95,33,12490.118631
95,34,12317.266459
95,35,12180.230032
95,36,11899.515688
95,37,11748.884882
95,39,11526.149880
95,40,11518.840922
95,41,11484.049065
95,43,11394.332848
95,44,11340.132075
95,45,11203.604620
95,46,11129.019595
95,53,11118.079642
96,33,12490.118631
96,34,12272.601613
96,35,12180.230032
96,36,11885.446684
96,37,11743.037080
96,39,11519.925311
96,40,11506.735981
96,41,11405.083953
96,43,11390.193199
96,44,11298.009092
96,45,11200.077740
96,46,11126.959176
96,53,11113.443916
97,33,12490.118631
97,34,12261.781596
97,35,12180.230032
97,36,11885.446684
97,37,11743.037080
97,39,11519.925311
97,40,11506.735981
97,41,11381.202353
97,43,11332.824613
97,44,11189.052957
97,46,11126.959176
97,53,11113.443916
98,33,12490.118631
98,34,12213.970850
98,35,11848.164085
98,37,11704.905473
98,39,11519.925311
98,40,11505.641605
98,41,11307.748174
98,44,11188.949307
98,46,11098.073909
99,32,12847.811383
99,33,12490.118631
99,34,12213.970850
99,35,11848.164085
99,37,11704.905473
99,38,11583.074842
99,39,11519.925311
99,40,11505.641605
99,41,11307.748174
99,44,11188.949307
99,46,11098.073909
100,32,12847.811383
100,33,12362.334124
100,34,11784.231444
100,37,11681.951010
100,38,11530.238405
100,39,11519.925311
100,40,11367.963373
100,41,11307.748174
100,44,11182.900927
100,46,11095.026941
101,31,12628.477698
101,33,12362.334124
101,34,11784.231444
101,35,11692.652375
101,37,11681.951010
101,38,11530.238405
101,39,11519.925311
101,40,11367.963373
101,41,11307.748174
101,44,11182.900927
101,46,11095.026941
102,31,12628.477698
102,33,12192.713867
102,34,11720.777868
102,35,11678.804400
102,36,11608.090828
102,38,11523.126358
102,39,11519.925311
102,40,11227.389215
102,42,11172.180134
102,45,11060.077989
103,31,12628.477698
103,33,12192.713867
103,34,11720.777868
103,35,11678.804400
103,36,11608.090828
103,38,11523.126358
103,39,11519.925311
103,40,11227.389215
103,42,11131.154543
103,45,11060.077989
104,31,12489.310852
104,33,12097.201420
104,34,11718.671017
104,35,11676.256448
104,36,11595.297776
104,38,11522.087569
104,39,11519.378963
104,40,11177.484791
104,42,11129.654330
104,45,11060.077989
105,31,12489.310852
105,33,12097.201420
105,34,11718.671017
105,35,11676.256448
105,36,11595.297776
105,38,11522.087569
105,39,11519.378963
105,40,11177.484791
105,42,11129.654330
105,45,11060.077989
106,31,12489.310852
106,33,12097.201420
106,34,11718.671017
106,35,11669.504975
106,36,11595.297776
106,37,11538.690611
106,38,11521.052157
106,39,11488.800950
106,40,11170.329272
106,42,11129.654330
106,43,11087.868005
106,45,11040.142681
107,31,12489.310852
107,33,12097.201420
107,34,11718.671017
107,35,11669.504975
107,36,11595.297776
107,37,11538.690611
107,38,11521.052157
107,39,11488.800950
107,40,11170.329272
107,41,11124.709039
107,43,11087.868005
107,44,11074.929544
107,45,11040.142681
108,31,12489.310852
108,33,12097.201420
108,34,11718.671017
108,35,11669.504975
108,36,11537.581771
108,38,11508.120120
108,39,11488.800950
108,40,11160.015698
108,41,11122.642554
108,43,11048.217972
108,45,11038.121682
109,31,12489.310852
109,33,12097.201420
109,34,11717.803261
109,35,11669.504975
109,36,11537.581771
109,38,11508.120120
109,39,11488.800950
109,40,11160.015698
109,41,11122.642554
109,43,11048.217972
109,45,11038.121682
110,31,12489.310852
110,33,11965.279604
110,34,11618.048721
110,36,11528.694015
110,37,11492.222066
110,38,11467.387725
110,40,11148.831735
110,41,11113.184610
110,43,11041.424244
110,45,11036.959017
111,31,12489.310852
111,33,11965.279604
111,34,11618.048721
111,35,11483.136437
111,38,11467.387725
111,40,11148.831735
111,41,11113.184610
111,43,11041.424244
111,45,11036.959017
111,49,11010.805523
112,31,12221.976167
112,33,11956.144205
112,34,11430.321165
112,40,11126.943142
112,41,11060.084440
112,43,11038.580386
112,45,11034.038354
112,48,10991.722042
113,31,12221.976167
113,33,11956.144205
113,34,11430.321165
113,40,11126.943142
113,41,11060.084440
113,43,11038.580386
113,45,11034.038354
113,48,10991.722042
114,31,12139.444077
114,33,11375.516756
114,38,11152.048544
114,40,11126.032902
114,41,11060.084440
114,42,11006.437352
114,43,10982.384008
114,48,10971.269723
115,31,12139.444077
115,32,12131.801191
115,33,11375.516756
115,38,11152.048544
115,40,11126.032902
115,41,11060.084440
115,42,11006.437352
115,43,10982.384008
115,46,10976.268156
115,48,10971.269723
116,31,12026.679060
116,33,11375.032279
116,38,11140.690964
116,40,11126.032902
116,41,11057.393294
116,42,11000.861200
116,43,10974.169883
116,47,10947.086364
117,31,12026.679060
117,33,11353.458344
117,38,11140.690964
117,40,11126.032902
117,41,11057.393294
117,42,11000.861200
117,43,10974.169883
117,47,10947.086364
118,31,12012.096698
118,33,11349.171577
118,38,11129.234548
118,39,11100.537509
118,41,11053.115984
118,42,10998.872757
118,43,10967.185802
118,47,10942.831655
119,31,12012.096698
119,33,11301.449565
119,38,11129.234548
119,39,11100.537509
119,41,11053.115984
119,42,10998.872757
119,43,10967.185802
119,47,10942.831655
120,31,12004.870419
120,33,11268.120854
120,38,11126.642668
120,39,11071.138252
120,41,11053.115984
120,42,10997.958212
120,43,10956.607096
120,47,10919.573400
121,31,12004.870419
121,33,11268.120854
121,38,11126.642668
121,39,11071.138252
121,41,11053.115984
121,42,10985.793533
121,43,10956.607096
121,47,10919.573400
122,31,11983.987051
122,33,11222.908689
122,38,11061.190592
122,41,11053.115984
122,42,10984.216880
122,43,10949.355602
122,47,10893.215777
123,31,11983.987051
123,33,11222.908689
123,38,11061.190592
123,41,11053.115984
123,42,10978.216986
123,43,10949.355602
123,47,10893.215777
124,31,11965.799297
124,33,11205.179946
124,38,11041.763565
124,42,10944.149020
124,45,10870.056642
125,31,11965.799297
125,33,11205.179946
125,37,11180.312487
125,38,11041.763565
125,42,10906.693031
125,45,10870.056642
126,31,11964.045581
126,33,11205.063196
126,37,11136.178225
126,38,11041.763565
126,41,10990.448749
126,42,10869.229562
127,31,11964.045581
127,33,11205.063196
127,37,11136.178225
127,38,11041.763565
127,40,11037.283777
127,41,10990.448749
127,42,10869.229562
128,31,11961.163748
128,33,11205.063196
128,37,11130.433885
128,38,11040.848521
128,40,11008.675587
128,41,10885.481215
128,42,10835.498878
129,31,11961.163748
129,33,11205.063196
129,37,11130.433885
129,38,11040.848521
129,40,11008.675587
129,41,10885.481215
129,42,10835.498878
130,31,11959.623771
130,32,11890.871176
130,33,11191.536007
130,37,11106.083286
130,38,11040.848521
130,39,10931.854761
130,41,10885.259161
130,42,10835.498878
131,31,11959.623771
131,32,11793.616117
131,33,11191.536007
131,37,11106.083286
131,38,11040.848521
131,39,10931.854761
131,41,10885.259161
131,42,10835.498878
132,31,11911.955383
132,32,11759.168294
132,33,11184.335401
132,37,11103.960952
132,38,11040.259962
132,39,10923.409199
132,41,10885.259161
132,42,10835.498878
133,31,11911.955383
133,32,11683.508935
133,33,11184.335401
133,37,11103.960952
133,38,11040.259962
133,39,10923.409199
133,41,10876.802541
133,42,10835.498878
134,31,11894.824939
134,32,11683.508935
134,33,11181.721851
134,37,11098.819319
134,38,11031.922026
134,39,10923.409199
134,41,10874.292704
134,42,10793.637807
135,31,11894.824939
135,32,11683.508935
135,33,11181.721851
135,37,10973.646298
135,39,10923.409199
135,41,10874.292704
135,42,10793.637807
136,31,11877.091566
136,32,11683.508935
136,33,11161.770158
136,37,10956.513656
136,39,10923.334195
136,41,10872.398210
136,42,10787.738023
137,31,11877.091566
137,32,11683.508935
137,33,11161.770158
137,37,10956.513656
137,39,10923.334195
137,41,10872.398210
137,42,10787.738023
138,31,11849.738473
138,32,11366.777500
138,33,11161.770158
138,37,10953.917482
138,39,10923.334195
138,41,10872.398210
138,42,10787.738023
139,31,11849.738473
139,32,11366.777500
139,33,11161.770158
139,37,10953.917482
139,39,10923.334195
139,41,10872.398210
139,42,10787.738023
140,30,12697.891075
140,31,11848.641159
140,32,11366.777500
140,33,11158.902250
140,36,10916.637353
140,39,10881.506137
140,41,10872.370070
140,42,10783.617899
141,30,12697.891075
141,31,11848.641159
141,32,11366.777500
141,33,11158.902250
141,36,10916.637353
141,39,10881.506137
141,41,10833.800220
141,42,10783.617899
142,30,12688.060253
142,31,11831.942044
142,32,11303.544506
142,33,11158.884595
142,36,10916.637353
142,39,10881.506137
142,41,10833.800220
142,42,10783.617899
143,30,12688.060253
143,31,11831.942044
143,32,11303.544506
143,33,11158.884595
143,36,10916.637353
143,39,10881.506137
143,41,10833.800220
143,42,10783.617899
144,30,12672.745948
144,31,11799.226138
144,32,11303.544506
144,33,11121.677728
144,36,10915.018184
144,39,10874.519682
144,41,10768.855567
145,30,12672.745948
145,31,11799.226138
145,32,11303.544506
145,33,11121.677728
145,36,10915.018184
145,38,10870.887456
145,40,10807.077467
145,41,10768.855567
146,30,12660.832297
146,31,11798.462880
146,32,11283.850358
146,33,11121.677728
146,36,10915.018184
146,38,10870.887456
146,40,10807.077467
146,41,10768.855567
147,30,12660.832297
147,31,11798.462880
147,32,11283.850358
147,33,11121.677728
147,36,10915.018184
147,38,10870.887456
147,39,10863.455906
147,40,10807.077467
147,41,10768.855567
148,30,12592.441838
148,31,11798.462880
148,32,11283.850358
148,33,11118.368177
148,36,10843.154297
148,40,10807.077467
148,41,10768.855567
149,30,12592.441838
149,31,11798.462880
149,32,11283.850358
149,33,11118.368177
149,34,11102.854464
149,36,10843.154297
149,39,10792.975341
149,41,10768.855567
150,30,12576.796880
150,31,11772.969960
150,32,11251.832562
150,33,11117.784726
150,34,11092.586195
150,36,10815.582995
150,39,10792.975341
150,41,10768.855567
150,42,10757.249761
151,30,12576.796880
151,31,11759.961303
151,32,11251.832562
151,33,11117.784726
151,34,11092.586195
151,36,10815.582995
151,39,10792.975341
151,41,10768.855567
151,42,10757.249761
151,44,10756.661783
152,30,12465.946665
152,31,11759.101333
152,32,11230.043335
152,33,11104.977129
152,34,11084.479045
152,36,10777.399930
152,41,10768.701213
152,42,10757.249761
152,44,10743.073769
153,30,12465.946665
153,31,11759.101333
153,32,11230.043335
153,33,11104.977129
153,34,11084.479045
153,36,10777.399930
153,41,10768.701213
153,42,10757.249761
153,44,10722.572786
154,30,12465.946665
154,31,11758.391792
154,32,11230.043335
154,33,11102.545571
154,34,11084.479045
154,36,10754.440347
154,42,10750.189136
154,44,10721.780349
155,30,12465.946665
155,31,11758.391792
155,32,11230.043335
155,33,11102.545571
155,34,11084.479045
155,36,10754.440347
155,37,10715.408108
156,30,12397.624344
156,31,11747.761790
156,32,11226.783885
156,33,11077.895094
156,35,10983.345307
156,36,10754.440347
156,37,10714.577643
156,42,10700.895033
157,30,12397.624344
157,31,11747.761790
157,32,11226.783885
157,33,11077.895094
157,35,10983.345307
157,36,10754.440347
157,37,10714.577643
157,42,10700.895033
158,30,12330.349139
158,31,11737.614950
158,32,11205.425113
158,33,11068.584726
158,35,10914.324413
158,36,10743.752731
158,37,10706.946854
158,39,10673.763098
159,30,12330.349139
159,31,11718.312229
159,32,11205.425113
159,33,11068.584726
159,35,10914.324413
159,36,10743.752731
159,37,10706.946854
159,39,10651.888001
160,30,12141.685587
160,31,11716.951405
160,32,11204.201282
160,33,11049.323675
160,35,10893.272084
160,36,10739.731143
160,37,10706.946854
160,38,10690.623814
160,39,10650.725729
161,30,12141.685587
161,31,11716.323177
161,32,11204.201282
161,33,11049.323675
161,35,10893.272084
161,36,10739.731143
161,37,10706.946854
161,38,10690.623814
161,39,10650.725729
162,30,12128.758484
162,31,11499.250330
162,32,11190.497383
162,33,11048.909844
162,35,10878.483580
162,36,10737.131578
162,37,10698.830724
162,38,10688.216119
162,39,10649.307760
163,30,12128.758484
163,31,11499.250330
163,32,11190.497383
163,33,11048.909844
163,35,10878.483580
163,36,10737.131578
163,37,10698.830724
163,38,10688.216119
163,39,10649.307760
164,30,12089.388419
164,31,11499.250330
164,32,11176.041185
164,33,11039.401057
164,35,10855.299728
164,36,10737.131578
164,37,10698.830724
164,38,10688.216119
164,39,10647.425810
165,30,12089.388419
165,31,11493.777090
165,32,11176.041185
165,33,11039.401057
165,35,10855.299728
165,36,10737.131578
165,37,10698.830724
165,38,10688.216119
165,39,10647.425810
166,30,12088.721828
166,31,11392.584316
166,32,11174.999784
166,33,11039.144169
166,35,10854.108202
166,36,10706.507615
166,37,10698.786444
166,38,10688.216119
166,39,10647.425810
167,30,12088.721828
167,31,11392.584316
167,32,11174.999784
167,33,11039.144169
167,35,10854.108202
167,36,10706.507615
167,37,10698.786444
167,38,10688.216119
167,39,10647.425810
168,30,12054.208520
168,31,11390.100996
168,32,11145.438001
168,33,11003.092416
168,35,10854.108202
168,36,10706.507615
168,37,10681.233231
168,39,10647.425810
169,30,12054.208520
169,31,11364.486591
169,32,11120.594410
169,33,11003.092416
169,35,10854.108202
169,36,10706.507615
169,37,10681.233231
169,39,10647.425810
169,40,10627.272138
170,30,12004.786850
170,31,11235.439926
170,32,11120.594410
170,33,11003.092416
170,35,10844.818740
170,36,10706.507615
170,37,10670.789775
170,39,10644.487253
170,40,10623.003258
171,30,12004.786850
171,31,11235.439926
171,32,11120.594410
171,33,11003.092416
171,35,10844.818740
171,36,10706.507615
171,37,10670.789775
171,39,10644.487253
171,40,10623.003258
172,30,12004.786850
172,31,11171.807082
172,32,11103.002376
172,33,10998.597092
172,35,10826.853743
172,36,10705.984019
172,37,10645.094145
172,39,10644.487253
172,40,10619.649694
173,30,12004.786850
173,31,11171.807082
173,32,11103.002376
173,33,10998.597092
173,35,10826.853743
173,36,10705.984019
173,37,10645.094145
173,39,10644.487253
173,40,10619.649694
174,30,11989.544400
174,31,11166.664520
174,32,11097.719209
174,33,10998.597092
174,35,10826.853743
174,36,10678.703007
174,37,10629.612811
174,40,10606.281011
175,30,11989.544400
175,31,11166.664520
175,32,11097.633094
175,33,10998.597092
175,35,10826.853743
175,36,10678.703007
175,37,10629.612811
175,40,10606.281011
176,30,11726.671948
176,31,11165.064670
176,32,11097.633094
176,33,10991.638207
176,35,10818.178801
176,36,10601.677146
177,30,11726.671948
177,31,11165.064670
177,32,11097.633094
177,33,10991.638207
177,35,10818.178801
177,36,10601.677146
178,30,11723.612911
178,31,11165.064670
178,32,11091.385095
178,33,10991.638207
178,35,10814.745952
178,36,10599.858822
179,30,11723.612911
179,31,11088.505611
179,33,10991.638207
179,35,10814.745952
179,36,10599.858822
179,37,10549.704901
180,30,11723.612911
180,31,11087.010434
180,33,10985.935284
180,34,10877.448132
180,35,10814.745952
180,36,10560.868034
180,37,10549.704901
181,29,12729.715923
181,30,11723.612911
181,31,11087.010434
181,33,10985.935284
181,34,10877.448132
181,35,10814.745952
181,36,10560.868034
181,37,10549.704901
182,29,12631.644456
182,30,11720.768252
182,31,11079.319205
182,33,10985.935284
182,34,10866.256940
182,35,10793.118859
182,36,10557.812066
182,37,10549.057621
183,29,12631.644456
183,30,11698.376893
183,31,11079.319205
183,33,10985.935284
183,34,10866.256940
183,35,10782.579990
183,36,10557.812066
183,37,10549.057621
184,29,12554.849260
184,30,11683.411827
184,31,11065.961879
184,33,10974.854271
184,34,10859.700544
184,35,10740.919100
184,36,10557.812066
184,37,10549.057621
185,29,12554.849260
185,30,11683.411827
185,31,11065.961879
185,33,10974.854271
185,34,10859.700544
185,35,10740.919100
185,36,10557.812066
185,37,10549.057621
186,29,12522.140325
186,30,11683.411827
186,31,11064.860230
186,33,10962.219564
186,34,10859.700544
186,35,10737.954540
186,36,10552.685823
186,37,10538.521241
187,29,12522.140325
187,30,11547.493293
187,31,11064.860230
187,33,10962.219564
187,34,10859.700544
187,35,10737.954540
187,36,10552.685823
187,37,10538.521241
187,38,10532.513625
188,29,12511.172186
188,30,11495.687856
188,31,11056.370303
188,33,10946.725746
188,34,10850.787759
188,35,10731.325762
188,36,10552.685823
188,37,10536.837268
188,38,10518.192215
189,29,12511.172186
189,30,11495.687856
189,31,11056.370303
189,33,10946.725746
189,34,10850.787759
189,35,10692.529143
189,36,10552.685823
189,37,10536.837268
189,38,10518.192215
190,29,12478.408693
190,30,11474.357459
190,31,11056.287968
190,33,10944.178641
190,34,10850.787759
190,35,10653.067786
190,36,10542.716237
190,37,10511.436263
191,29,12478.408693
191,30,11474.357459
191,31,11056.287968
191,33,10944.178641
191,34,10850.787759
191,35,10578.795508
191,36,10512.957286
191,37,10505.880916
192,29,12472.246376
192,30,11472.641063
192,31,11051.382775
192,33,10937.716205
192,34,10826.531875
192,35,10577.634478
192,36,10510.034304
192,37,10505.880916
193,29,12472.246376
193,30,11472.641063
193,31,11051.382775
193,33,10937.716205
193,34,10826.531875
193,35,10577.634478
193,36,10510.034304
193,37,10505.880916
194,29,12472.246376
194,30,11472.641063
194,31,11051.382775
194,33,10937.716205
194,34,10819.923636
194,35,10496.024755
195,29,12472.246376
195,30,11472.641063
195,31,11051.382775
195,33,10937.716205
195,34,10819.923636
195,35,10496.024755
196,29,12469.365066
196,30,11462.508526
196,31,11051.382775
196,33,10937.716205
196,34,10819.923636
196,35,10495.226541
197,29,12469.365066
197,30,11462.508526
197,31,11051.382775
197,33,10910.191758
197,34,10819.923636
197,35,10495.226541
198,29,12454.446806
198,30,11429.363055
198,31,11049.941434
198,33,10904.982786
198,34,10819.913455
198,35,10494.770624
199,29,12454.446806
199,30,11395.313823
199,31,11049.941434
199,33,10904.982786
199,34,10819.913455
199,35,10494.770624
200,29,12454.446806
200,30,11395.313823
200,31,11040.556589
200,33,10904.982786
200,34,10802.083491
200,35,10494.770624
201,29,12389.692227
201,30,11395.313823
201,31,11040.556589
201,33,10904.982786
201,34,10802.083491
201,35,10494.770624
202,29,12376.072279
202,30,11389.910898
202,31,11038.266207
202,33,10901.763883
202,34,10802.083491
202,35,10489.780627
203,29,12376.072279
203,30,11389.910898
203,31,11038.266207
203,33,10901.763883
203,34,10802.083491
203,35,10489.780627
203,37,10480.181234
204,29,12366.379205
204,30,11351.908922
204,31,11037.914862
204,33,10901.763883
204,34,10800.399518
204,35,10455.469659
205,29,12366.379205
205,30,11351.908922
205,31,11029.624547
205,33,10901.763883
205,34,10800.399518
205,35,10455.469659
206,29,12344.629967
206,30,11326.549942
206,31,11029.624547
206,33,10899.498512
206,34,10790.715371
206,35,10453.577836
207,29,12344.629967
207,30,11326.549942
207,31,11029.624547
207,33,10899.498512
207,34,10790.715371
207,35,10453.577836
207,37,10452.434423
208,29,12343.535429
208,30,11255.337835
208,31,11020.518108
208,33,10897.817855
208,34,10790.693305
208,35,10452.926859
208,37,10450.963225
209,29,12343.535429
209,30,11255.337835
209,31,11020.518108
209,33,10897.817855
209,34,10790.693305
209,35,10452.926859
209,37,10450.963225
210,29,12340.998530
210,30,11240.795900
210,31,11020.518108
210,32,11008.030136
210,33,10897.817855
210,34,10787.104258
210,35,10452.926859
210,37,10450.511365
211,29,12340.998530
211,30,11240.795900
211,31,11020.518108
211,32,11008.030136
211,33,10897.817855
211,34,10787.104258
211,35,10452.926859
211,37,10450.511365
212,29,12336.136553
212,30,11240.795900
212,31,11019.431261
212,32,11002.600306
212,33,10896.502726
212,34,10787.104258
212,35,10452.488831
212,37,10439.559215
213,29,12336.136553
213,30,11240.795900
213,31,11019.431261
213,32,11002.600306
213,33,10896.502726
213,34,10787.104258
213,35,10452.488831
213,37,10439.559215
214,29,12320.472944
214,30,11240.795900
214,31,11016.202980
214,32,10936.954913
214,33,10886.217040
214,34,10784.759967
214,35,10452.430797
214,37,10434.569218
215,29,12320.472944
215,30,11240.795900
215,31,11016.202980
215,32,10936.954913
215,33,10886.217040
215,34,10784.759967
215,35,10452.430797
215,37,10434.569218
216,29,12317.037004
216,30,11234.269474
216,31,11009.923300
216,32,10936.954913
216,33,10820.669035
216,34,10781.097334
216,35,10451.941440
216,37,10434.569218
217,29,12205.741081
217,30,11234.269474
217,31,10978.369929
217,32,10936.954913
217,33,10820.669035
217,34,10781.097334
217,35,10451.941440
217,37,10434.569218
218,29,12203.976604
218,30,11222.154508
218,31,10978.369929
218,32,10936.954913
218,33,10812.691860
218,34,10771.139540
218,35,10450.461125
218,37,10428.149028
219,29,12203.976604
219,30,11222.154508
219,31,10978.369929
219,32,10936.954913
219,33,10812.691860
219,34,10771.139540
219,35,10438.613028
219,37,10428.149028
220,29,12198.687176
220,30,10945.157445
220,32,10930.893021
220,33,10811.953387
220,34,10735.438118
220,35,10438.613028
220,37,10428.149028
221,29,12198.687176
221,30,10945.157445
221,32,10930.893021
221,33,10811.953387
221,34,10735.438118
221,35,10438.613028
221,37,10428.149028
222,29,12187.312335
222,30,10945.136645
222,32,10930.893021
222,33,10809.483714
222,34,10735.438118
222,35,10403.811414
223,29,12187.312335
223,30,10945.136645
223,32,10930.893021
223,33,10809.483714
223,34,10735.438118
223,35,10403.811414
224,29,11969.767527
224,30,10935.422529
224,32,10930.893021
224,33,10805.345435
224,34,10735.438118
224,35,10388.932240
225,29,11969.767527
225,30,10935.422529
225,32,10930.893021
225,33,10805.345435
225,34,10735.438118
225,35,10388.932240
226,29,11953.566985
226,30,10927.957548
226,33,10769.168143
226,34,10712.539118
226,35,10388.094826
227,29,11953.566985
227,30,10927.957548
227,33,10769.168143
227,34,10712.539118
227,35,10388.094826
228,29,11953.566985
228,30,10920.206532
228,31,10911.960644
228,33,10753.528500
228,34,10712.539118
228,35,10388.094826
229,29,11953.566985
229,30,10920.206532
229,31,10911.960644
229,33,10753.528500
229,34,10712.539118
229,35,10388.094826
230,29,11856.857114
230,30,10920.206532
230,31,10908.855271
230,33,10753.528500
230,34,10712.539118
230,35,10386.323668
231,29,11854.374249
231,30,10920.206532
231,31,10908.855271
231,33,10753.528500
231,34,10712.539118
231,35,10386.323668
232,29,11831.800503
232,30,10920.206532
232,31,10906.278897
232,32,10706.486489
232,33,10699.773110
232,35,10370.820843
233,29,11831.800503
233,30,10920.206532
233,31,10906.278897
233,32,10706.486489
233,33,10699.773110
233,34,10633.799429
233,35,10370.820843
234,29,11831.800503
234,30,10920.206532
234,31,10900.128539
234,32,10637.593762
234,34,10633.799429
234,35,10370.820843
235,29,10944.672002
235,30,10920.206532
235,31,10900.128539
235,32,10637.593762
235,34,10633.799429
235,35,10370.820843
236,29,10933.254579
236,30,10914.054274
236,31,10848.383618
236,32,10636.883902
236,34,10620.437093
236,35,10370.820843
237,29,10933.254579
237,30,10914.054274
237,31,10848.383618
237,32,10636.883902
237,34,10620.437093
237,35,10370.820843
238,29,10933.254579
238,30,10913.624412
238,31,10848.383618
238,32,10630.929495
238,34,10619.898097
238,35,10360.618492
239,29,10933.254579
239,30,10903.725314
239,31,10848.383618
239,32,10630.929495
239,34,10619.898097
239,35,10360.618492
240,29,10927.190143
240,30,10838.798799
240,31,10830.061935
240,32,10630.929495
240,34,10568.528932
240,35,10360.618492
241,29,10927.190143
241,30,10838.798799
241,31,10830.061935
241,32,10630.929495
241,34,10532.429886
241,35,10360.618492
242,29,10926.689911
242,30,10838.798799
242,31,10823.303668
242,32,10628.438049
242,34,10530.977634
242,35,10359.434130
243,29,10915.213194
243,30,10838.798799
243,31,10823.303668
243,32,10628.438049
243,34,10530.977634
243,35,10359.434130
244,29,10915.213194
244,30,10838.798799
244,31,10817.346283
244,32,10625.597954
244,34,10529.393952
244,35,10350.995424
245,28,10945.462497
245,29,10915.213194
245,30,10838.798799
245,31,10817.346283
245,32,10625.597954
245,34,10529.393952
245,35,10350.995424
246,28,10934.660596
246,29,10915.213194
246,30,10836.535670
246,31,10812.499938
246,32,10625.597954
246,34,10529.393952
246,35,10326.895174
247,28,10934.660596
247,29,10915.213194
247,30,10836.535670
247,31,10812.499938
247,32,10625.597954
247,34,10525.439841
247,35,10326.895174
248,28,10934.660596
248,29,10915.213194
248,30,10835.494408
248,31,10809.882016
248,32,10625.597954
248,34,10497.386449
248,35,10324.706350
249,28,10895.501893
249,30,10835.494408
249,31,10809.882016
249,32,10625.597954
249,34,10425.377991
249,35,10324.706350
250,28,10887.132950
250,30,10824.389257
250,31,10799.549965
250,32,10615.344065
250,34,10422.831765
250,35,10316.050180
251,28,10887.132950
251,30,10824.389257
251,31,10799.549965
251,32,10615.344065
251,34,10383.619408
251,35,10316.050180
252,28,10884.249696
252,30,10819.878904
252,31,10799.549965
252,32,10612.789373
252,34,10383.402128
252,35,10314.421729
253,28,10884.249696
253,30,10804.561516
253,31,10799.549965
253,32,10612.789373
253,34,10383.402128
253,35,10314.421729
254,28,10880.272377
254,30,10802.317458
254,31,10799.549965
254,32,10581.276913
254,34,10368.768435
254,35,10303.967737
255,28,10880.272377
255,29,10867.402235
255,30,10802.317458
255,31,10799.549965
255,32,10581.276913
255,34,10368.768435
255,35,10303.967737
256,28,10852.390867
256,30,10802.317458
256,31,10797.710342
256,32,10579.382393
256,33,10505.771047
256,34,10365.885613
256,35,10303.967737
257,28,10852.390867
257,30,10802.317458
257,31,10797.710342
257,32,10579.382393
257,33,10505.771047
257,34,10365.885613
257,35,10303.967737
258,28,10843.189860
258,30,10790.314149
258,32,10578.211899
258,33,10488.440085
258,34,10355.602235
258,35,10302.005364
259,28,10830.076941
259,30,10790.314149
259,32,10578.211899
259,33,10488.440085
259,34,10355.602235
259,35,10302.005364
260,28,10829.467610
260,30,10790.314149
260,32,10578.173892
260,33,10445.897141
260,34,10354.196210
260,35,10302.005364
261,28,10829.467610
261,30,10790.314149
261,32,10578.173892
261,33,10445.897141
261,34,10333.873696
261,35,10302.005364
262,28,10829.467610
262,30,10790.314149
262,32,10575.668844
262,33,10443.995893
262,34,10333.873696
262,35,10302.005364
263,28,10805.149315
263,29,10794.620883
263,30,10790.314149
263,32,10575.668844
263,33,10386.900752
263,34,10333.873696
263,35,10302.005364
264,28,10799.548974
264,29,10794.043670
264,30,10789.275360
264,32,10567.056225
264,33,10386.900752
264,34,10294.050143
265,28,10799.548974
265,29,10778.362516
265,31,10761.098151
265,32,10567.056225
265,33,10386.900752
265,34,10294.050143
266,28,10799.548974
266,29,10768.944666
266,31,10757.777934
266,32,10567.056225
266,33,10380.447694
266,34,10272.156772
267,28,10799.548974
267,29,10768.944666
267,31,10757.777934
267,32,10567.056225
267,33,10380.447694
267,34,10272.156772
268,28,10788.820599
268,29,10757.797767
268,31,10740.608346
268,32,10567.056225
268,33,10374.458601
268,34,10258.807476
269,28,10788.820599
269,29,10757.797767
269,31,10740.608346
269,32,10567.056225
269,33,10374.458601
269,34,10258.807476
270,28,10788.820599
270,29,10757.318973
270,31,10740.608346
270,32,10567.056225
270,33,10374.159032
270,34,10258.807476
271,28,10788.820599
271,29,10757.318973
271,31,10740.608346
271,32,10567.056225
271,33,10374.159032
271,34,10258.807476
272,28,10786.678622
272,29,10747.234956
272,31,10740.608346
272,32,10543.268901
272,33,10364.025685
272,34,10256.322486
273,28,10786.678622
273,29,10747.234956
273,31,10740.608346
273,32,10543.268901
273,33,10364.025685
273,34,10256.322486
274,28,10786.216636
274,29,10738.501412
274,32,10528.312827
274,33,10364.025685
274,34,10251.116556
275,28,10786.216636
275,29,10738.501412
275,30,10725.864528
275,32,10528.312827
275,33,10364.025685
275,34,10251.116556
276,28,10775.984456
276,29,10738.501412
276,30,10720.019878
276,32,10524.185792
276,33,10360.425388
276,34,10251.116556
277,28,10759.230140
277,29,10738.501412
277,30,10720.019878
277,31,10684.848512
277,32,10524.185792
277,33,10360.425388
277,34,10251.116556
278,28,10759.230140
278,29,10726.806245
278,30,10719.090140
278,31,10684.848512
278,32,10345.445731
278,34,10250.055277
279,28,10759.230140
279,29,10726.806245
279,30,10719.090140
279,31,10684.848512
279,32,10345.445731
279,34,10250.055277
280,28,10759.230140
280,29,10726.806245
280,30,10718.611345
280,31,10680.325536
280,32,10321.961998
280,34,10250.055277
281,28,10759.230140
281,29,10726.806245
281,30,10718.611345
281,31,10680.325536
281,32,10321.961998
281,34,10250.055277
282,28,10757.073565
282,29,10726.548274
282,30,10713.759246
282,31,10680.240402
282,32,10304.203435
282,34,10250.055277
283,28,10742.753713
283,29,10726.548274
283,30,10713.759246
283,31,10680.240402
283,32,10304.203435
283,34,10250.055277
284,28,10717.880574
284,29,10705.857045
284,31,10680.240402
284,32,10304.203435
284,33,10254.679556
284,34,10248.603025
285,28,10717.880574
285,29,10705.857045
285,31,10680.240402
285,32,10304.203435
285,33,10254.679556
285,34,10248.603025
286,28,10717.880574
286,29,10699.807223
286,31,10282.500785
286,33,10254.661602
286,34,10239.437876
287,28,10717.880574
287,29,10699.807223
287,31,10282.500785
287,33,10254.661602
287,34,10239.437876
288,28,10698.920865
288,29,10698.245712
288,31,10282.500785
288,33,10254.661602
288,34,10239.437876
289,28,10698.920865
289,29,10698.245712
289,31,10282.500785
289,33,10254.661602
289,34,10239.437876
290,28,10697.606462
290,31,10277.092698
290,33,10251.765341
290,34,10236.161293
291,28,10697.606462
291,29,10681.164131
291,31,10277.092698
291,33,10251.765341
291,34,10236.161293
292,28,10697.606462
292,29,10679.210947
292,31,10277.092698
292,33,10251.765341
292,34,10228.041174
293,28,10697.606462
293,29,10666.703231
293,31,10277.092698
293,32,10212.001576
294,28,10692.176632
294,29,10666.703231
294,31,10277.092698
294,32,10182.854951
295,28,10692.176632
295,29,10666.703231
295,31,10277.092698
295,32,10182.854951
296,28,10690.006139
296,29,10664.589961
296,31,10277.092698
296,32,10169.370422
297,28,10684.430081
297,29,10664.589961
297,31,10214.669859
297,32,10169.370422
298,28,10684.430081
298,29,10664.589961
298,31,10175.710840
298,32,10169.370422
299,28,10684.430081
299,29,10664.589961
299,31,10163.957721
300,28,10684.343196
300,29,10663.963811
300,31,10163.957721
301,28,10684.343196
301,29,10663.963811
301,31,10163.957721
302,28,10665.248250
302,29,10640.215518
302,31,10152.530957
303,28,10647.695962
303,29,10640.215518
303,31,10152.530957
304,28,10646.985257
304,29,10640.215518
304,31,10152.530957
305,28,10646.985257
305,29,10640.215518
305,31,10152.530957
306,28,10646.985257
306,29,10619.239840
306,31,10152.530957
307,28,10646.985257
307,29,10619.239840
307,31,10152.530957
308,28,10630.563307
308,29,10619.239840
308,31,10152.530957
308,34,10141.320203
309,28,10630.563307
309,29,10619.239840
309,31,10152.530957
309,34,10141.320203
310,28,10630.203337
310,29,10604.378593
310,31,10152.530957
310,34,10139.367970
310,36,10136.892014
311,28,10630.203337
311,29,10604.378593
311,31,10152.530957
311,34,10139.367970
311,36,10136.892014
312,28,10602.720268
312,30,10167.358552
312,31,10152.184758
312,32,10114.347346
313,28,10602.720268
313,30,10167.358552
313,31,10152.184758
313,32,10114.347346
314,28,10602.720268
314,29,10188.111862
314,30,10167.358552
314,31,10150.885968
314,32,10114.347346
315,28,10602.720268
315,29,10188.111862
315,30,10166.596206
315,31,10150.885968
315,32,10114.347346
316,28,10582.533516
316,29,10185.538796
316,30,10163.449585
316,31,10128.199792
316,32,10114.347346
317,28,10582.533516
317,29,10185.538796
317,30,10163.449585
317,31,10128.199792
317,32,10077.883778
318,28,10575.011555
318,29,10173.763674
318,30,10159.210382
318,31,10123.107371
318,32,10077.439503
319,28,10575.011555
319,29,10173.763674
319,30,10159.210382
319,31,10123.107371
319,32,10077.439503
320,28,10575.011555
320,29,10173.763674
320,30,10159.210382
320,31,10123.107371
320,32,10074.102767
321,28,10575.011555
321,29,10173.763674
321,30,10159.210382
321,31,10122.822037
321,32,10074.102767
322,28,10571.460666
322,29,10173.763674
322,30,10126.623300
322,31,10103.591487
322,32,10074.102767
323,28,10571.460666
323,29,10173.763674
323,30,10126.623300
323,31,10103.591487
323,32,10074.102767
324,27,11738.023179
324,28,10557.053706
324,29,10173.745832
324,30,10073.295140
