Generation,NV,TOC
1,18,7544.867839
1,19,6859.270716
1,22,6189.319648
1,24,6072.924006
1,25,5400.213967
1,26,5333.820033
1,31,5287.597827
1,34,4893.450069
2,18,7014.177461
2,19,6859.270716
2,20,6700.364654
2,21,6439.063630
2,22,6189.319648
2,24,5831.679452
2,25,5400.213967
2,26,5333.820033
2,29,5323.416889
2,30,5256.618373
2,33,5069.152707
2,34,4893.450069
3,18,7014.177461
3,19,6859.270716
3,20,6228.297855
3,22,6189.319648
3,24,5831.679452
3,25,5400.213967
3,26,5333.820033
3,29,5323.416889
3,30,5256.618373
3,31,5076.013893
3,33,5069.152707
3,34,4893.450069
4,18,7014.177461
4,19,6859.270716
4,20,6228.297855
4,21,6035.869458
4,23,5270.208234
4,24,5270.092596
4,27,5135.577299
4,31,5076.013893
4,33,5069.152707
4,34,4893.450069
5,18,6983.334099
5,19,6859.270716
5,20,6153.666888
5,21,6021.319245
5,22,5755.063113
5,23,5270.208234
5,24,5214.047180
5,25,5186.124985
5,26,4913.644989
5,34,4893.450069
5,45,4857.583976
5,51,4828.185702
6,18,6930.363025
6,19,6859.270716
6,20,6147.611519
6,21,5898.113872
6,22,5300.527383
6,23,5270.208234
6,24,5190.302375
6,25,5186.124985
6,26,4913.644989
6,27,4903.602739
6,33,4892.363973
6,34,4851.372984
6,36,4828.664644
6,39,4625.143564
7,18,6826.383671
7,19,6595.626025
7,20,6147.611519
7,21,5898.113872
7,22,5300.527383
7,23,5165.895418
7,24,5152.711682
7,25,5108.244043
7,26,4913.644989
7,27,4903.602739
7,28,4814.124815
7,30,4752.910270
7,39,4625.143564
8,18,6218.569072
8,20,6147.611519
8,21,5349.412323
8,22,5300.527383
8,23,5165.895418
8,24,5152.711682
8,25,5108.244043
8,26,4913.644989
8,27,4903.602739
8,28,4814.124815
8,30,4705.859647
8,36,4698.986455
8,39,4625.143564
9,18,6218.569072
9,20,6121.557767
9,21,5349.412323
9,22,5300.527383
9,23,5165.895418
9,24,4969.960388
9,25,4747.994234
9,29,4744.241212
9,30,4705.859647
9,36,4698.986455
9,39,4625.143564
10,18,6218.569072
10,19,6161.068311
10,20,5172.208903
10,22,5141.044197
10,23,4922.126000
10,25,4713.922415
10,29,4480.622179
11,18,6218.569072
11,19,5768.946578
11,20,5172.208903
11,21,5090.681643
11,22,4973.910876
11,23,4684.293789
11,29,4480.622179
12,18,6218.569072
12,19,5503.227395
12,20,5172.208903
12,21,5090.681643
12,22,4970.160205
12,23,4684.293789
12,27,4668.660163
12,29,4480.622179
13,18,6205.077137
13,19,5375.234589
13,20,5172.208903
13,21,4797.432098
13,23,4684.293789
13,25,4631.250058
13,26,4630.816863
13,27,4570.644723
13,29,4480.622179
14,18,6205.077137
14,19,5375.234589
14,20,4760.293355
14,23,4598.551168
14,27,4570.644723
14,28,4415.403100
15,18,5728.431793
15,19,5296.620477
15,20,4679.093181
15,23,4583.505989
15,24,4570.576948
15,25,4437.532917
15,26,4364.122065
16,17,6030.495772
16,18,5728.431793
16,19,5296.620477
16,20,4679.093181
16,21,4648.678342
16,23,4583.505989
16,24,4570.576948
16,25,4437.532917
16,26,4364.122065
17,17,6030.495772
17,18,5728.431793
17,19,5296.620477
17,20,4679.093181
17,21,4648.678342
17,23,4583.505989
17,24,4443.219102
17,25,4437.532917
17,26,4364.122065
18,17,5831.713346
18,18,5728.431793
18,19,5296.620477
18,20,4679.093181
18,21,4648.678342
18,23,4583.505989
18,24,4443.219102
18,25,4437.532917
18,26,4364.122065
19,17,5831.713346
19,18,5728.431793
19,19,4753.946680
19,20,4679.093181
19,21,4648.678342
19,22,4543.307431
19,23,4542.436618
19,24,4443.219102
19,25,4437.532917
19,26,4364.122065
19,28,4343.503866
20,16,6078.658495
20,17,5688.644559
20,18,4705.073259
20,19,4600.959204
20,21,4590.155866
20,22,4513.715969
20,23,4427.912498
20,25,4410.953013
20,26,4361.647266
20,28,4342.753423
21,16,6078.658495
21,17,5688.644559
21,18,4705.073259
21,19,4600.959204
21,20,4490.884910
21,23,4427.912498
21,25,4410.953013
21,26,4361.647266
21,27,4317.019516
22,16,4935.960426
22,18,4705.073259
22,19,4600.959204
22,20,4490.884910
22,23,4427.912498
22,25,4378.732255
22,26,4361.647266
22,27,4317.019516
23,16,4935.960426
23,18,4705.073259
23,19,4527.413187
23,20,4490.884910
23,23,4427.912498
23,24,4355.497887
23,27,4317.019516
23,30,4298.126727
24,16,4935.960426
24,18,4705.073259
24,19,4527.413187
24,20,4490.884910
24,21,4424.160987
24,24,4355.497887
24,26,4305.404601
24,30,4298.126727
25,16,4916.875798
25,18,4675.371355
25,19,4527.413187
25,20,4470.588110
25,21,4424.160987
25,24,4355.497887
25,26,4295.449496
25,28,4265.607756
26,16,4916.875798
26,18,4675.371355
26,19,4527.413187
26,20,4470.588110
26,21,4424.160987
26,24,4355.497887
26,26,4295.449496
26,28,4265.607756
27,16,4916.875798
27,18,4675.371355
27,19,4527.413187
27,20,4470.588110
27,21,4424.160987
27,24,4355.497887
27,26,4295.449496
27,27,4292.898485
27,28,4265.607756
28,16,4916.875798
28,18,4675.371355
28,19,4527.413187
28,20,4465.789739
28,21,4424.160987
28,23,4388.155067
28,24,4355.497887
28,26,4295.449496
28,27,4292.898485
28,28,4265.607756
29,16,4850.682045
29,18,4675.371355
29,19,4527.413187
29,20,4465.789739
29,21,4424.160987
29,23,4388.155067
29,24,4355.497887
29,26,4295.449496
29,27,4276.416567
29,28,4265.607756
30,16,4847.976022
30,18,4662.891553
30,19,4471.211579
30,20,4441.758934
30,21,4419.232172
30,23,4388.155067
30,24,4354.785833
30,25,4268.204182
30,28,4260.070404
31,16,4847.976022
31,18,4662.891553
31,19,4471.211579
31,20,4441.758934
31,21,4419.232172
31,23,4388.155067
31,24,4354.785833
31,25,4268.204182
31,28,4260.070404
32,15,7064.896324
32,16,4847.976022
32,18,4500.042102
32,19,4471.211579
32,20,4441.758934
32,21,4415.522847
32,23,4388.155067
32,24,4354.785833
32,25,4268.204182
32,28,4260.070404
33,15,6962.056457
33,16,4847.976022
33,17,4564.379554
33,18,4500.042102
33,19,4471.211579
33,20,4441.758934
33,21,4415.522847
33,23,4388.155067
33,24,4354.785833
33,25,4268.204182
33,28,4260.070404
34,15,6962.056457
34,16,4847.976022
34,17,4564.379554
34,18,4500.042102
34,19,4419.952816
34,21,4415.522847
34,23,4388.155067
34,24,4354.785833
34,25,4268.204182
34,28,4260.070404
35,15,6962.056457
35,16,4847.976022
35,17,4564.379554
35,18,4500.042102
35,19,4419.952816
35,20,4412.891503
35,23,4388.155067
35,24,4354.785833
35,25,4268.204182
35,28,4260.070404
36,15,6962.056457
36,16,4847.976022
36,17,4564.379554
36,18,4492.422366
36,19,4419.952816
36,20,4391.106359
36,22,4317.829717
36,25,4268.204182
36,28,4260.070404
37,15,6962.056457
37,16,4847.976022
37,17,4503.603706
37,18,4492.422366
37,19,4419.952816
37,20,4391.106359
37,22,4317.829717
37,25,4268.204182
37,28,4260.070404
38,15,6962.056457
38,16,4847.976022
38,17,4503.603706
38,18,4471.395589
38,19,4419.952816
38,20,4391.106359
38,22,4317.829717
38,25,4268.204182
38,28,4260.070404
39,15,6962.056457
39,16,4847.976022
39,17,4503.603706
39,18,4471.395589
39,19,4419.952816
39,20,4391.106359
39,22,4317.829717
39,25,4268.204182
39,28,4260.070404
40,15,5959.867982
40,16,4847.976022
40,17,4503.603706
40,18,4471.395589
40,19,4419.952816
40,20,4391.106359
40,22,4317.829717
40,24,4269.450063
40,25,4268.204182
40,28,4260.070404
41,15,5898.136612
41,16,4816.086405
41,17,4494.430096
41,18,4438.420404
41,19,4402.302252
41,20,4354.677466
41,22,4281.684097
41,24,4257.069645
41,26,4231.565580
42,15,5898.136612
42,16,4816.086405
42,17,4494.430096
42,18,4438.420404
42,19,4402.302252
42,20,4354.677466
42,22,4281.684097
42,24,4257.069645
42,26,4229.463328
43,15,5844.555353
43,16,4816.086405
43,17,4494.430096
43,18,4438.420404
43,19,4310.659169
43,21,4289.165774
43,22,4281.684097
43,24,4257.069645
43,26,4229.463328
44,15,5815.376112
44,16,4816.086405
44,17,4494.430096
44,18,4438.420404
44,19,4310.659169
44,21,4289.165774
44,22,4281.684097
44,24,4257.069645
44,26,4229.463328
45,15,5627.401248
45,16,4599.004371
45,17,4494.430096
45,18,4438.420404
45,19,4310.659169
45,21,4289.165774
45,22,4281.684097
45,24,4257.069645
45,26,4229.463328
46,15,5404.223999
46,16,4594.100168
46,17,4468.555132
46,18,4435.581215
46,19,4291.669007
46,21,4220.177601
47,15,5404.223999
47,16,4594.100168
47,17,4468.555132
47,18,4435.581215
47,19,4291.669007
47,21,4220.177601
48,15,5404.223999
48,16,4594.100168
48,17,4468.555132
48,18,4435.581215
48,19,4291.669007
48,21,4220.177601
49,15,5404.223999
49,16,4594.100168
49,17,4468.555132
49,18,4435.581215
49,19,4291.669007
49,21,4220.177601
50,15,5404.223999
50,16,4594.100168
50,17,4468.555132
50,18,4435.581215
50,19,4291.669007
50,21,4220.177601
51,15,5289.998286
51,16,4587.646841
51,17,4426.585844
51,18,4417.906123
51,19,4276.753900
51,21,4196.100789
52,15,5289.998286
52,16,4587.646841
52,17,4426.585844
52,18,4411.696024
52,19,4276.753900
52,21,4196.100789
53,15,5289.998286
53,16,4587.646841
53,17,4426.585844
53,18,4411.696024
53,19,4276.753900
53,20,4248.122809
53,21,4196.100789
54,15,5229.552123
54,16,4587.646841
54,17,4426.585844
54,18,4411.696024
54,19,4276.753900
54,20,4248.122809
54,21,4196.100789
55,15,5229.552123
55,16,4587.646841
55,17,4404.787397
55,19,4276.753900
55,20,4248.122809
55,21,4196.100789
55,22,4153.407041
56,15,5128.301209
56,16,4548.245576
56,17,4404.787397
56,18,4351.173743
56,19,4241.449299
56,21,4194.848871
56,22,4120.075921
57,15,5128.301209
57,16,4548.245576
57,17,4404.787397
57,18,4351.173743
57,19,4241.449299
57,21,4194.848871
57,22,4120.075921
58,15,5128.301209
58,16,4532.282259
58,17,4404.787397
58,18,4351.173743
58,19,4241.449299
58,21,4194.848871
58,22,4120.075921
59,15,4605.081336
59,16,4532.282259
59,17,4404.787397
59,18,4351.173743
59,19,4189.356975
59,22,4120.075921
60,15,4605.081336
60,16,4532.282259
60,17,4404.787397
60,18,4351.173743
60,19,4189.356975
60,22,4120.075921
61,15,4548.851429
61,16,4497.720049
61,17,4397.673309
61,18,4351.173743
61,19,4189.356975
61,22,4120.075921
62,15,4548.851429
62,16,4469.298097
62,17,4397.673309
62,18,4351.173743
62,19,4189.356975
62,22,4120.075921
63,14,5652.567262
63,15,4548.851429
63,16,4469.298097
63,17,4397.673309
63,18,4350.359904
63,19,4189.356975
63,22,4120.075921
64,14,5652.567262
64,15,4548.851429
64,16,4469.298097
64,17,4397.673309
64,18,4350.359904
64,19,4189.356975
64,22,4120.075921
65,14,5652.567262
65,15,4548.851429
65,16,4469.298097
65,17,4397.673309
65,18,4350.359904
65,19,4189.356975
65,22,4120.075921
66,14,5620.113040
66,15,4482.828178
66,16,4238.725972
66,19,4139.289493
66,22,4114.868052
67,14,5620.113040
67,15,4482.828178
67,16,4238.725972
67,19,4139.289493
67,22,4114.868052
68,14,5620.113040
68,15,4482.828178
68,16,4238.725972
68,19,4139.289493
68,22,4114.868052
69,14,5620.113040
69,15,4482.828178
69,16,4238.725972
69,19,4139.289493
69,22,4114.868052
70,14,5620.113040
70,15,4482.828178
70,16,4238.725972
70,19,4139.289493
70,22,4114.868052
71,14,5415.718188
71,15,4457.389723
71,16,4238.513911
71,19,4139.289493
71,22,4112.193697
72,14,4654.940692
72,15,4457.389723
72,16,4238.513911
72,19,4139.289493
72,22,4112.193697
73,14,4654.940692
73,15,4457.389723
73,16,4238.513911
73,19,4139.289493
73,22,4112.193697
74,14,4654.940692
74,15,4457.389723
74,16,4238.513911
74,19,4139.289493
74,22,4112.193697
75,14,4654.940692
75,15,4457.389723
75,16,4238.513911
75,19,4139.289493
75,22,4112.193697
76,14,4588.079626
76,15,4449.657989
76,16,4238.278251
76,19,4139.289493
76,22,4110.112388
77,14,4588.079626
77,15,4449.657989
77,16,4238.278251
77,19,4139.289493
77,22,4110.112388
78,14,4588.079626
78,15,4449.657989
78,16,4238.278251
78,17,4220.351833
78,19,4139.289493
78,22,4110.112388
79,14,4588.079626
79,15,4449.657989
79,16,4238.278251
79,17,4220.351833
79,19,4139.289493
79,22,4110.112388
80,14,4588.079626
80,15,4449.657989
80,16,4238.278251
80,17,4220.351833
80,19,4139.289493
80,22,4110.112388
80,25,4108.021977
81,14,4580.549959
81,15,4378.842891
81,16,4238.278251
81,17,4220.351833
81,19,4139.289493
81,21,4095.299079
82,14,4580.549959
82,15,4378.842891
82,16,4238.278251
82,17,4220.351833
82,18,4216.056155
82,19,4139.289493
82,21,4095.299079
83,13,4976.110293
83,14,4580.549959
83,15,4378.842891
83,16,4238.278251
83,17,4220.351833
83,18,4216.056155
83,19,4139.289493
83,21,4095.299079
84,13,4976.110293
84,14,4580.549959
84,15,4378.842891
84,16,4238.278251
84,17,4220.351833
84,18,4216.056155
84,19,4139.289493
84,21,4095.299079
85,13,4976.110293
85,14,4580.549959
85,15,4378.842891
85,16,4238.278251
85,17,4220.351833
85,18,4216.056155
85,19,4139.289493
85,21,4095.299079
86,13,4960.310277
86,14,4580.549959
86,15,4372.377417
86,16,4238.278251
86,17,4220.351833
86,18,4214.976228
86,19,4108.474722
86,21,4069.685447
87,13,4960.310277
87,14,4580.549959
87,15,4372.377417
87,16,4207.149122
87,17,4188.031219
87,19,4108.474722
87,20,4075.312764
87,21,4069.685447
88,13,4960.310277
88,14,4580.549959
88,15,4331.196340
88,16,4207.149122
88,17,4188.031219
88,18,4153.765348
88,19,4108.474722
88,20,4075.312764
88,21,4069.685447
89,13,4960.310277
89,14,4580.549959
89,15,4331.196340
89,16,4207.149122
89,17,4188.031219
89,18,4119.421406
89,19,4108.474722
89,20,4075.312764
89,21,4069.685447
90,13,4960.310277
90,14,4580.549959
90,15,4331.196340
90,16,4207.149122
90,17,4187.795906
90,18,4119.421406
90,19,4108.474722
90,20,4075.312764
90,21,4069.685447
91,13,4960.310277
91,14,4580.549959
91,15,4331.196340
91,16,4207.149122
91,17,4106.543105
91,20,4074.357023
91,21,4068.310951
92,13,4793.741832
92,14,4580.549959
92,15,4331.196340
92,16,4201.987680
92,17,4106.543105
92,18,4077.466680
92,20,4074.357023
92,21,4068.310951
93,13,4793.741832
93,14,4580.549959
93,15,4331.196340
93,16,4179.022116
93,17,4106.543105
93,18,4077.466680
93,20,4074.357023
93,21,4068.310951
94,13,4793.741832
94,14,4422.585724
94,15,4331.196340
94,16,4179.022116
94,17,4106.543105
94,18,4077.466680
94,20,4074.357023
94,21,4068.310951
95,13,4793.741832
95,14,4422.585724
95,15,4331.196340
95,16,4179.022116
95,17,4106.543105
95,18,4077.466680
95,19,4074.418008
95,20,4074.357023
95,21,4068.310951
96,13,4704.615227
96,14,4405.980117
96,15,4310.706630
96,16,4167.322667
96,17,4106.509248
96,18,4077.466680
96,19,4074.418008
96,20,4074.357023
96,21,4068.109808
97,13,4704.615227
97,14,4405.980117
97,15,4310.706630
97,16,4167.322667
97,17,4106.509248
97,18,4077.466680
97,19,4074.418008
97,20,4074.357023
97,21,4068.109808
98,13,4704.615227
98,14,4405.980117
98,15,4310.706630
98,16,4167.322667
98,17,4100.647513
98,18,4077.466680
98,19,4071.016960
98,21,4068.109808
99,13,4704.615227
99,14,4405.980117
99,15,4310.706630
99,16,4167.322667
99,17,4100.647513
99,18,4077.466680
99,19,4071.016960
99,21,4068.109808
100,13,4704.615227
100,14,4405.980117
100,15,4310.706630
100,16,4167.322667
100,17,4100.647513
100,18,4077.466680
100,19,4071.016960
100,21,4068.109808
101,13,4670.203061
101,14,4382.801743
101,15,4299.772995
101,16,4165.657378
101,17,4083.384351
101,18,4075.292594
101,19,4069.929139
101,21,4068.109808
102,13,4670.203061
102,14,4382.801743
102,15,4272.363452
102,16,4165.657378
102,17,4083.384351
102,18,4075.292594
102,19,4068.566545
102,21,4068.109808
103,13,4670.203061
103,14,4382.801743
103,15,4272.363452
103,16,4165.657378
103,17,4083.384351
103,18,4074.290385
103,19,4068.566545
103,21,4068.109808
103,22,4061.744596
104,13,4670.203061
104,14,4382.801743
104,15,4272.363452
104,16,4146.723329
104,17,4083.384351
104,18,4074.290385
104,19,4068.566545
104,21,4068.109808
104,22,4061.744596
105,13,4670.203061
105,14,4382.801743
105,15,4272.363452
105,16,4146.723329
105,17,4081.114829
105,18,4074.290385
105,19,4064.019730
105,22,4061.744596
106,13,4640.734812
106,14,4369.126699
106,15,4263.752741
106,16,4112.247431
106,17,4080.099123
106,18,4074.007016
106,19,4033.275142
107,13,4640.734812
107,14,4369.126699
107,15,4263.752741
107,16,4112.247431
107,17,4080.099123
107,18,4074.007016
107,19,4033.275142
108,13,4640.734812
108,14,4369.126699
108,15,4252.706924
108,16,4112.247431
108,17,4074.101998
108,18,4074.007016
108,19,4033.275142
109,13,4640.734812
109,14,4369.126699
109,15,4252.706924
109,16,4068.400712
109,18,4064.247635
109,19,4033.275142
110,13,4640.734812
110,14,4369.126699
110,15,4252.706924
110,16,4068.400712
110,17,4063.056318
110,19,4033.275142
111,13,4591.411156
111,14,4369.126699
111,15,4200.740748
111,16,4068.400712
111,17,4063.056318
111,18,4059.654433
111,19,4031.876896
112,13,4591.411156
112,14,4369.126699
112,15,4200.740748
112,16,4068.400712
112,17,4063.056318
112,18,4059.654433
112,19,4031.876896
113,13,4591.411156
113,14,4369.126699
113,15,4200.740748
113,16,4068.400712
113,17,4063.056318
113,18,4059.654433
113,19,4031.876896
114,13,4591.411156
114,14,4369.126699
114,15,4200.740748
114,16,4068.400712
114,17,4063.056318
114,18,4059.654433
114,19,4031.876896
115,13,4591.411156
115,14,4369.126699
115,15,4200.740748
115,16,4068.400712
115,17,4063.056318
115,18,4039.374408
115,19,4031.876896
116,13,4535.253970
116,14,4367.930987
116,15,4200.683875
116,16,4051.137550
116,18,4037.302316
116,19,4031.744394
117,13,4535.253970
117,14,4367.930987
117,15,4200.683875
117,16,4051.137550
117,18,4023.869760
117,22,4011.963325
118,13,4535.253970
118,14,4367.930987
118,15,4200.683875
118,16,4051.137550
118,18,4023.869760
118,22,4011.963325
119,13,4535.253970
119,14,4367.930987
119,15,4200.683875
119,16,4051.137550
119,17,4049.392270
119,18,4023.869760
119,22,4011.963325
120,13,4535.253970
120,14,4367.930987
120,15,4200.683875
120,16,4051.137550
120,17,4049.392270
120,18,4023.869760
120,22,4011.963325
121,13,4527.182376
121,14,4367.930987
121,15,4200.683875
121,16,4049.589830
121,17,4006.814983
121,22,4005.314437
122,13,4527.182376
122,14,4301.857963
122,15,4200.683875
122,16,4049.589830
122,17,4006.814983
122,22,4005.314437
123,13,4527.182376
123,14,4301.857963
123,15,4200.683875
123,16,4049.589830
123,17,4006.814983
123,22,4005.314437
124,12,5215.241192
124,13,4527.182376
124,14,4301.857963
124,15,4200.683875
124,16,4049.589830
124,17,3986.926957
125,12,5215.241192
125,13,4527.182376
125,14,4301.857963
125,15,4200.683875
125,16,4049.589830
125,17,3986.926957
126,12,5145.898643
126,13,4447.345697
126,14,4295.084438
126,15,4173.250644
126,16,4045.991934
126,17,3981.246496
127,12,5145.898643
127,13,4447.345697
127,14,4295.084438
127,15,4173.250644
127,16,4045.991934
127,17,3981.246496
128,12,5145.898643
128,13,4447.345697
128,14,4295.084438
128,15,4173.250644
128,16,4045.991934
128,17,3981.246496
129,12,5145.898643
129,13,4447.345697
129,14,4295.084438
129,15,4173.250644
129,16,4045.991934
129,17,3981.246496
130,12,5145.898643
130,13,4447.345697
130,14,4295.084438
130,15,4173.250644
130,16,4045.991934
130,17,3981.246496
131,12,5131.118240
131,13,4433.165917
131,14,4295.084438
131,15,4167.925164
131,16,4022.518637
131,17,3972.658303
132,12,5131.118240
132,13,4433.165917
132,14,4295.084438
132,15,4167.925164
132,16,4022.518637
132,17,3972.658303
133,12,5131.118240
133,13,4433.165917
133,14,4295.084438
133,15,4167.925164
133,16,4011.182686
133,17,3972.658303
134,12,5131.118240
134,13,4433.165917
134,14,4295.084438
134,15,4167.925164
134,16,4011.182686
134,17,3972.658303
135,12,5131.118240
135,13,4433.165917
135,14,4295.084438
135,15,4167.925164
135,16,4011.182686
135,17,3972.658303
136,12,5003.717627
136,13,4404.703956
136,14,4292.221075
136,15,4150.546169
136,16,4006.980761
136,17,3939.775528
137,12,5003.717627
137,13,4404.703956
137,14,4292.221075
137,15,4150.546169
137,16,4006.980761
137,17,3939.775528
138,12,5003.717627
138,13,4403.281827
138,14,4292.221075
138,15,4150.546169
138,16,4006.980761
138,17,3939.775528
139,12,5003.717627
139,13,4403.281827
139,14,4292.221075
139,15,4150.546169
139,16,4006.980761
139,17,3939.775528
140,12,5003.717627
140,13,4403.281827
140,14,4276.974165
140,15,4150.546169
140,16,4006.980761
140,17,3939.775528
141,12,4942.038549
141,13,4377.700543
141,14,4194.480570
141,15,4143.111401
141,16,4006.980761
141,17,3939.775528
142,12,4942.038549
142,13,4377.700543
142,14,4194.480570
142,15,4143.111401
142,16,4006.980761
142,17,3939.775528
143,12,4942.038549
143,13,4377.700543
143,14,4194.480570
143,15,4143.111401
143,16,4006.980761
143,17,3939.775528
144,12,4942.038549
144,13,4377.700543
144,14,4194.480570
144,15,4143.111401
144,16,4006.980761
144,17,3939.775528
145,12,4942.038549
145,13,4377.700543
145,14,4194.480570
145,15,4143.111401
145,16,3959.695431
145,17,3939.775528
146,12,4914.483118
146,13,4373.624041
146,14,4191.294242
146,15,4139.515509
146,16,3942.770616
146,17,3929.868999
147,12,4914.483118
147,13,4373.624041
147,14,4191.294242
147,15,4139.515509
147,16,3942.770616
147,17,3929.868999
148,12,4914.483118
148,13,4373.624041
148,14,4075.677940
148,16,3940.203749
148,17,3929.868999
149,12,4914.483118
149,13,4373.624041
149,14,4075.677940
149,16,3940.203749
149,17,3929.868999
150,12,4914.483118
150,13,4373.624041
150,14,4075.677940
150,16,3940.203749
150,17,3929.868999
151,12,4867.427471
151,13,4323.999920
151,14,4075.677940
151,16,3940.203749
151,17,3923.038838
152,12,4867.427471
152,13,4323.999920
152,14,4075.677940
152,16,3940.203749
152,17,3923.038838
153,12,4867.427471
153,13,4323.999920
153,14,4075.677940
153,16,3940.203749
153,17,3923.038838
154,12,4867.427471
154,13,4323.999920
154,14,4075.677940
154,16,3940.203749
154,17,3923.038838
155,12,4867.427471
155,13,4323.999920
155,14,4075.677940
155,16,3940.203749
155,17,3923.038838
156,12,4682.900931
156,13,4319.693099
156,14,4056.990614
156,16,3940.203749
156,17,3921.949595
157,12,4682.900931
157,13,4319.693099
157,14,4056.990614
157,15,3974.264911
157,16,3940.203749
157,17,3921.949595
158,12,4682.900931
158,13,4270.233839
158,14,4056.990614
158,15,3974.264911
158,16,3940.203749
158,17,3921.949595
159,12,4682.900931
159,13,4270.233839
159,14,4056.990614
159,15,3974.264911
159,16,3940.203749
159,17,3921.949595
160,12,4682.900931
160,13,4270.233839
160,14,4056.990614
160,15,3974.264911
160,16,3940.203749
160,17,3921.949595
161,12,4682.900931
161,13,4266.784969
161,14,4056.029461
161,15,3969.550707
161,16,3929.462299
161,17,3921.949595
162,12,4682.900931
162,13,4266.784969
162,14,4056.029461
162,15,3969.550707
162,16,3929.462299
162,17,3921.949595
163,12,4682.900931
163,13,4266.784969
163,14,4056.029461
163,15,3969.550707
163,16,3929.462299
163,17,3921.949595
164,12,4682.900931
164,13,4266.784969
164,14,4056.029461
164,15,3969.550707
164,16,3929.462299
164,17,3921.949595
165,12,4682.900931
165,13,4266.784969
165,14,4056.029461
165,15,3969.550707
165,16,3929.462299
165,17,3921.949595
166,12,4682.900931
166,13,4263.561714
166,14,4050.531385
166,15,3968.099476
166,16,3925.821398
166,17,3919.342649
167,12,4682.900931
167,13,4263.561714
167,14,4050.531385
167,15,3968.099476
167,16,3925.821398
167,17,3919.342649
168,12,4682.900931
168,13,4263.561714
168,14,4050.531385
168,15,3968.099476
168,16,3925.821398
168,17,3919.342649
169,12,4682.900931
169,13,4263.561714
169,14,4050.531385
169,15,3968.099476
169,16,3925.821398
169,17,3919.342649
170,12,4682.900931
170,13,4263.561714
170,14,4050.531385
170,15,3958.467392
170,16,3925.821398
170,17,3919.342649
171,12,4682.900931
171,13,4263.561714
171,14,4048.584359
171,15,3948.848561
171,16,3914.422928
172,12,4682.900931
172,13,4243.620248
172,14,4048.584359
172,15,3948.848561
172,16,3914.422928
173,12,4682.900931
173,13,4243.620248
173,14,4048.584359
173,15,3921.787936
173,16,3914.422928
174,12,4682.900931
174,13,4243.620248
174,14,4048.584359
174,15,3921.787936
174,16,3914.422928
175,12,4682.900931
175,13,4243.620248
175,14,4032.447527
175,15,3921.787936
175,16,3914.422928
176,12,4662.569533
176,13,4243.620248
176,14,4032.447527
176,15,3901.600918
177,12,4662.569533
177,13,4243.620248
177,14,4032.447527
177,15,3901.600918
178,12,4662.569533
178,13,4212.429127
178,14,4032.447527
178,15,3901.600918
179,12,4662.569533
179,13,4212.429127
179,14,4032.447527
179,15,3901.600918
179,18,3897.583170
180,12,4662.569533
180,13,4212.429127
180,14,4032.447527
180,15,3901.600918
180,18,3897.583170
181,12,4661.158256
181,13,4212.429127
181,14,3997.976901
181,15,3901.600918
181,18,3897.583170
182,12,4582.463578
182,13,4212.429127
182,14,3997.976901
182,15,3901.600918
182,18,3897.583170
183,12,4582.463578
183,13,4212.429127
183,14,3997.976901
183,15,3901.600918
183,18,3897.583170
184,12,4481.528111
184,13,4212.429127
184,14,3997.976901
184,15,3901.600918
184,18,3897.583170
185,12,4481.528111
185,13,4212.429127
185,14,3997.976901
185,15,3892.279211
186,11,4815.659460
186,12,4409.985400
186,13,4196.816115
186,14,3994.542950
186,15,3890.469945
187,11,4815.659460
187,12,4409.985400
187,13,4196.816115
187,14,3994.542950
187,15,3890.469945
188,11,4815.659460
188,12,4409.985400
188,13,4194.857147
188,14,3994.542950
188,15,3890.469945
189,11,4815.659460
189,12,4409.985400
189,13,4194.857147
189,14,3994.542950
189,15,3890.469945
190,11,4815.659460
190,12,4409.985400
190,13,4194.857147
190,14,3994.542950
190,15,3890.469945
190,16,3881.992568
191,11,4780.344785
191,12,4391.275680
191,13,4194.857147
191,14,3991.180679
191,15,3890.285841
191,16,3881.992568
192,11,4780.344785
192,12,4391.275680
192,13,4194.857147
192,14,3991.180679
192,15,3882.360960
192,16,3881.992568
193,11,4780.344785
193,12,4391.275680
193,13,4194.501919
193,14,3991.180679
193,15,3882.360960
193,16,3881.992568
194,11,4780.344785
194,12,4391.275680
194,13,4194.501919
194,14,3991.180679
194,15,3882.360960
194,16,3881.992568
195,11,4780.344785
195,12,4391.275680
195,13,4194.501919
195,14,3991.180679
195,15,3882.360960
195,16,3881.992568
196,11,4757.433572
196,12,4165.707554
196,14,3909.266412
196,15,3882.360960
196,16,3881.992568
197,11,4757.433572
197,12,4165.707554
197,14,3909.266412
197,15,3882.360960
197,16,3881.992568
198,11,4687.324727
198,12,4146.114871
198,14,3909.266412
198,15,3882.360960
198,16,3881.992568
199,11,4618.126422
199,12,4146.114871
199,14,3909.266412
199,15,3860.669401
200,11,4618.126422
200,12,4146.114871
200,14,3909.266412
200,15,3860.669401
201,11,4603.374650
201,12,4146.114871
201,14,3905.333261
201,15,3860.669401
202,11,4546.577434
202,12,4146.114871
202,14,3905.333261
202,15,3860.669401
203,11,4546.577434
203,12,4146.114871
203,14,3905.333261
203,15,3860.669401
204,11,4306.216266
204,12,4146.114871
204,14,3905.333261
204,15,3860.669401
205,11,4306.216266
205,12,4146.114871
205,13,4136.576404
205,14,3905.333261
205,15,3860.669401
206,11,4288.219578
206,12,4145.713886
206,13,4111.276195
206,14,3905.333261
206,15,3860.669401
207,11,4288.219578
207,12,4130.795447
207,13,4111.276195
207,14,3905.333261
207,15,3860.669401
208,11,4194.531959
208,12,4130.795447
208,13,4111.276195
208,14,3854.667496
209,11,4194.531959
209,12,4130.795447
209,13,4111.276195
209,14,3824.259899
210,11,4194.531959
210,12,4130.795447
210,13,4111.276195
210,14,3824.259899
211,11,4180.087923
211,12,4130.467652
211,13,4111.276195
211,14,3824.259899
212,11,4180.087923
212,12,4130.467652
212,13,4111.276195
212,14,3824.259899
213,11,4180.087923
213,12,4130.467652
213,13,4107.422534
213,14,3824.259899
214,11,4164.863100
214,12,4130.467652
214,13,4107.422534
214,14,3824.259899
214,15,3821.196112
215,11,4164.863100
215,12,4086.644642
215,13,4082.411885
215,14,3824.259899
215,15,3821.196112
216,11,4116.158704
216,12,4086.644642
216,13,4073.845438
216,14,3824.259899
216,15,3819.115473
217,11,4116.158704
217,12,4086.644642
217,13,4073.845438
217,14,3824.259899
217,15,3819.115473
218,11,4116.158704
218,12,4086.644642
218,13,4011.841732
218,14,3824.259899
218,15,3819.115473
219,11,4116.158704
219,12,4086.644642
219,13,4011.841732
219,14,3824.259899
219,15,3819.115473
220,11,4058.469289
220,13,4011.841732
220,14,3824.259899
220,15,3819.115473
221,11,4050.221330
221,13,3908.301802
221,14,3824.259899
221,15,3809.098088
222,11,4050.221330
222,13,3908.301802
222,14,3824.259899
222,15,3809.098088
223,11,4050.221330
223,13,3899.828586
223,14,3824.259899
223,15,3797.656441
224,11,4045.060180
224,12,4013.285689
224,13,3899.828586
224,14,3824.259899
224,15,3797.656441
225,11,4045.060180
225,12,4013.285689
225,13,3899.828586
225,14,3824.259899
225,15,3797.656441
226,11,4045.060180
226,12,4006.797510
226,13,3899.828586
226,14,3809.734871
226,15,3797.656441
227,11,4042.801772
227,12,4006.797510
227,13,3899.828586
227,14,3809.734871
227,15,3797.656441
228,11,4041.746682
228,12,4006.797510
228,13,3899.828586
228,14,3809.734871
228,15,3793.564886
229,11,4041.746682
229,12,4006.797510
229,13,3899.828586
229,14,3809.734871
229,15,3793.564886
230,11,4041.746682
230,12,4006.797510
230,13,3899.828586
230,14,3808.796606
230,15,3793.564886
230,16,3776.763406
231,11,4038.302250
231,12,4006.218207
231,13,3896.077263
231,14,3808.796606
231,15,3793.564886
231,16,3776.763406
232,11,4038.302250
232,12,4006.218207
232,13,3896.077263
232,14,3808.796606
232,15,3793.564886
232,16,3776.763406
233,11,4038.302250
233,12,4006.218207
233,13,3896.077263
233,14,3808.796606
233,15,3791.865187
233,16,3776.763406
234,11,4038.302250
234,12,4006.218207
234,13,3896.077263
234,14,3808.796606
234,15,3791.865187
234,16,3776.763406
235,11,4016.177704
235,12,4006.218207
235,13,3896.077263
235,14,3800.271408
235,15,3791.865187
235,16,3773.643748
236,11,4011.969698
236,12,4006.218207
236,13,3896.077263
236,14,3800.271408
236,15,3791.865187
236,16,3773.643748
237,10,4109.341593
237,11,4011.969698
237,12,4006.218207
237,13,3896.077263
237,14,3800.271408
237,15,3791.865187
237,16,3773.643748
238,10,4109.341593
238,11,4011.969698
238,12,3992.720392
238,13,3896.077263
238,14,3788.573040
238,16,3773.643748
239,10,4109.341593
239,11,4011.969698
239,12,3992.720392
239,13,3896.077263
239,14,3788.573040
239,16,3773.643748
240,10,4109.341593
240,11,4011.969698
240,12,3984.412498
240,13,3896.077263
240,14,3788.573040
240,15,3773.917001
240,16,3773.643748
241,10,4106.468598
241,11,4004.667242
241,12,3977.750781
241,13,3896.077263
241,14,3788.573040
241,15,3773.917001
241,16,3773.643748
242,10,4106.468598
242,11,4004.667242
242,12,3977.750781
242,13,3896.077263
242,14,3788.573040
242,15,3773.917001
242,16,3773.643748
243,10,4106.468598
243,11,4004.667242
243,12,3977.750781
243,13,3896.077263
243,14,3788.573040
243,15,3773.917001
243,16,3773.643748
244,10,4036.541594
244,11,3980.467989
244,12,3977.750781
244,13,3896.077263
244,14,3788.573040
244,15,3773.917001
244,16,3773.643748
245,10,4036.541594
245,11,3980.467989
245,12,3977.750781
245,13,3896.077263
245,14,3777.117543
245,15,3773.917001
245,16,3773.643748
246,10,4007.561686
246,11,3978.964159
246,12,3975.432372
246,13,3896.077263
246,14,3773.943993
246,15,3773.917001
246,16,3773.498482
247,10,4007.561686
247,11,3978.964159
247,12,3975.432372
247,13,3896.077263
247,14,3773.943993
247,15,3773.917001
247,16,3773.498482
248,10,4002.660722
248,11,3959.765424
248,13,3896.077263
248,14,3762.522152
249,10,3985.292498
249,11,3959.765424
249,13,3896.077263
249,14,3762.522152
250,10,3985.292498
250,11,3959.765424
250,13,3896.077263
250,14,3762.522152
251,10,3985.050355
251,11,3959.694171
251,13,3892.823819
251,14,3762.354474
252,10,3960.146290
252,11,3959.694171
252,13,3892.823819
252,14,3762.354474
253,10,3960.146290
253,11,3959.694171
253,13,3892.823819
253,14,3762.354474
254,10,3960.146290
254,11,3952.116649
254,13,3892.823819
254,14,3762.354474
255,10,3960.146290
255,11,3952.116649
255,13,3892.823819
255,14,3762.354474
256,10,3960.146290
256,11,3951.696515
256,13,3892.823819
256,14,3762.354474
257,10,3960.146290
257,11,3951.696515
257,13,3892.823819
257,14,3762.354474
258,10,3960.146290
258,11,3951.696515
258,13,3892.823819
258,14,3762.354474
258,16,3760.329594
259,10,3960.146290
259,11,3949.054161
259,13,3892.823819
259,14,3762.354474
259,16,3760.329594
260,10,3960.146290
260,11,3949.054161
260,13,3892.823819
260,14,3762.354474
260,16,3760.329594
261,10,3958.216040
261,11,3945.016976
261,13,3890.624057
261,14,3762.354474
261,16,3759.679216
262,10,3958.216040
262,11,3945.016976
262,13,3890.624057
262,14,3762.354474
262,16,3759.679216
263,10,3938.266480
263,12,3920.458588
263,13,3890.624057
263,14,3762.354474
263,16,3759.679216
264,10,3938.266480
264,12,3920.458588
264,13,3890.624057
264,14,3762.354474
264,16,3759.679216
265,10,3938.266480
265,11,3930.834787
265,12,3920.458588
265,13,3890.624057
265,14,3762.354474
265,16,3759.679216
266,10,3937.391381
266,11,3930.834787
266,12,3920.386272
266,13,3884.662241
266,14,3762.354474
266,16,3759.679216
267,10,3923.682169
267,12,3920.386272
267,13,3884.662241
267,14,3762.354474
267,16,3759.679216
268,10,3923.682169
268,12,3920.386272
268,13,3884.662241
268,14,3762.354474
268,16,3759.679216
269,10,3923.682169
269,12,3920.386272
269,13,3884.662241
269,14,3762.354474
269,16,3759.679216
270,10,3923.682169
270,12,3920.386272
270,13,3884.662241
270,14,3762.354474
270,16,3759.679216
271,10,3923.682169
271,12,3920.386272
271,13,3884.662241
271,14,3762.354474
271,16,3757.246671
272,10,3923.682169
272,12,3920.386272
272,13,3884.662241
272,14,3762.354474
272,16,3757.246671
273,10,3923.682169
273,12,3920.386272
273,13,3884.662241
273,14,3762.354474
273,16,3757.246671
274,10,3923.682169
274,12,3920.386272
274,13,3884.662241
274,14,3762.354474
274,16,3757.246671
275,10,3923.682169
275,11,3899.851772
275,13,3884.662241
275,14,3762.354474
275,16,3757.246671
276,10,3923.682169
276,11,3899.851772
276,13,3884.662241
276,14,3762.354474
276,16,3757.246671
277,10,3922.093592
277,11,3899.851772
277,13,3884.662241
277,14,3762.354474
277,16,3757.246671
278,10,3922.093592
278,11,3899.851772
278,13,3884.662241
278,14,3762.354474
278,16,3757.246671
279,10,3922.093592
279,11,3899.851772
279,13,3884.662241
279,14,3762.354474
279,16,3757.246671
280,10,3919.973797
280,11,3899.851772
280,13,3884.662241
280,14,3762.354474
280,16,3757.246671
281,10,3919.934322
281,11,3899.851772
281,13,3884.641412
281,14,3762.354474
281,16,3743.700957
282,10,3919.934322
282,11,3899.851772
282,13,3884.641412
282,14,3762.354474
282,16,3743.700957
283,10,3919.934322
283,11,3899.851772
283,12,3895.689020
283,13,3884.641412
283,14,3762.354474
283,16,3743.700957
284,10,3919.934322
284,11,3899.851772
284,12,3895.689020
284,13,3884.641412
284,14,3762.354474
284,16,3743.700957
285,10,3897.428313
285,12,3895.689020
285,13,3884.641412
285,14,3760.415410
285,16,3743.700957
286,10,3887.965520
286,13,3882.085496
286,14,3758.990807
286,16,3742.261494
287,10,3887.965520
287,13,3835.887009
287,14,3758.990807
287,16,3742.261494
288,10,3887.965520
288,11,3878.201246
288,13,3835.887009
288,14,3758.990807
288,16,3742.261494
289,10,3887.965520
289,11,3878.201246
289,13,3835.887009
289,14,3758.990807
289,16,3742.261494
290,10,3887.965520
290,11,3878.201246
290,13,3835.887009
290,14,3758.990807
290,15,3743.462690
290,16,3742.261494
291,10,3887.965520
291,11,3878.201246
291,13,3814.167471
291,14,3758.132740
291,15,3743.462690
291,16,3742.261494
292,10,3887.965520
292,11,3878.201246
292,13,3805.048981
292,14,3758.132740
292,15,3743.462690
292,16,3742.261494
293,10,3887.965520
293,11,3851.828003
293,13,3805.048981
293,14,3758.132740
293,15,3743.462690
293,16,3742.261494
294,10,3887.965520
294,11,3851.828003
294,13,3805.048981
294,14,3747.475051
294,15,3743.450653
294,16,3742.261494
295,10,3887.965520
295,11,3851.828003
295,13,3805.048981
295,14,3747.475051
295,15,3743.450653
295,16,3742.261494
296,10,3880.467147
296,11,3848.801335
296,13,3805.048981
296,14,3747.475051
296,15,3743.450653
296,16,3742.261494
297,10,3880.467147
297,11,3848.801335
297,13,3805.048981
297,14,3747.475051
297,15,3743.450653
297,16,3742.261494
298,10,3880.467147
298,11,3848.801335
298,13,3805.048981
298,14,3747.475051
298,15,3743.450653
298,16,3742.261494
299,10,3880.467147
299,11,3848.801335
299,13,3805.048981
299,14,3747.475051
299,15,3743.450653
299,16,3742.261494
300,10,3880.467147
300,11,3848.801335
300,13,3805.048981
300,14,3744.456759
300,15,3743.450653
300,16,3742.261494
301,10,3880.467147
301,11,3848.801335
301,13,3805.048981
301,14,3744.456759
301,15,3742.026050
302,10,3880.467147
302,11,3848.801335
302,13,3805.048981
302,14,3744.456759
302,15,3732.879140
303,10,3880.467147
303,11,3847.819387
303,13,3805.048981
303,14,3744.456759
303,15,3732.879140
304,10,3880.467147
304,11,3847.819387
304,13,3805.048981
304,14,3744.456759
304,15,3732.879140
305,10,3880.467147
305,11,3835.618165
305,13,3790.996647
305,14,3744.456759
305,15,3732.879140
306,10,3880.467147
306,11,3835.618165
306,13,3790.782727
306,14,3744.456759
306,15,3732.879140
307,10,3869.986137
307,11,3835.618165
307,13,3790.782727
307,14,3744.456759
307,15,3732.879140
308,10,3869.986137
308,11,3828.160458
308,13,3790.782727
308,14,3744.456759
308,15,3732.879140
309,10,3869.986137
309,11,3820.731657
309,13,3785.459497
309,14,3744.456759
309,15,3732.879140
310,10,3865.011752
310,11,3820.731657
310,13,3785.459497
310,14,3744.456759
310,15,3732.879140
311,10,3860.863639
311,11,3820.731657
311,13,3782.983228
311,14,3744.456759
311,15,3732.879140
312,10,3860.863639
312,11,3820.731657
312,13,3782.983228
312,14,3744.456759
312,15,3732.879140
313,10,3860.863639
313,11,3820.731657
313,12,3805.537895
313,13,3782.983228
313,14,3744.456759
313,15,3732.879140
314,10,3860.863639
314,11,3820.731657
314,12,3805.537895
314,13,3782.983228
314,14,3744.456759
314,15,3732.879140
315,10,3860.863639
315,11,3815.848638
315,12,3805.537895
315,13,3782.983228
315,14,3744.456759
315,15,3732.879140
316,10,3842.118237
316,11,3814.118335
316,12,3776.047471
316,14,3744.456759
316,15,3732.879140
317,10,3842.118237
317,11,3788.255697
317,12,3776.047471
317,14,3743.970491
317,15,3732.879140
318,10,3842.118237
318,11,3788.255697
318,12,3776.047471
318,14,3743.970491
318,15,3732.879140
319,10,3842.118237
319,11,3788.255697
319,12,3776.047471
319,13,3746.180791
319,14,3743.970491
319,15,3732.879140
320,10,3842.118237
320,11,3788.255697
320,12,3776.047471
320,13,3746.180791
320,14,3743.970491
320,15,3732.879140
321,10,3840.943882
321,11,3765.376274
321,13,3746.180791
321,14,3743.970491
321,15,3732.879140
322,10,3837.577993
322,11,3765.376274
322,13,3738.601105
322,15,3732.879140
323,10,3837.577993
323,11,3765.376274
323,13,3738.601105
323,15,3732.879140
324,10,3837.577993
324,11,3765.376274
324,12,3752.740666
324,13,3738.601105
324,15,3732.879140
325,10,3837.577993
325,11,3765.376274
325,12,3752.740666
325,13,3730.259101
326,10,3837.577993
326,11,3765.376274
326,12,3752.740666
326,13,3727.575817
327,10,3834.792597
327,11,3753.782200
327,12,3746.153082
327,13,3727.188225
328,10,3834.792597
328,11,3753.782200
328,12,3746.153082
328,13,3727.188225
329,10,3834.792597
329,11,3753.782200
329,12,3746.153082
329,13,3727.188225
