Generation,NV,TOC
1,30,11462.612330
1,31,10585.117118
1,32,10355.112505
1,34,9687.028128
1,36,8990.167555
1,50,8896.036146
1,52,8867.477756
1,57,8468.710318
1,64,8454.520416
1,70,8292.721183
1,78,8186.197709
1,88,8006.050682
2,28,10910.331122
2,31,10585.117118
2,32,9848.851266
2,33,9657.691307
2,34,9599.281638
2,35,9405.917440
2,36,8990.167555
2,41,8864.795317
2,46,8809.115596
2,51,8365.904647
2,57,8214.590466
2,76,7577.945657
3,28,10910.331122
3,29,9938.517789
3,32,9760.543641
3,33,9657.691307
3,34,9599.281638
3,35,9405.917440
3,36,8990.167555
3,39,8548.505572
3,45,8471.469495
3,47,8337.427261
3,51,8272.118669
3,53,8193.382123
3,54,7821.249686
3,62,7568.014535
3,79,7544.256557
4,26,11275.919445
4,27,10986.258933
4,28,10612.593941
4,29,9938.517789
4,30,9610.462139
4,34,8672.142151
4,39,8548.505572
4,45,8471.469495
4,47,8337.427261
4,51,8272.118669
4,52,8150.975932
4,54,7821.249686
4,60,7775.758836
4,61,7397.323886
4,68,7370.526201
5,25,11589.273929
5,26,11244.714827
5,27,10986.258933
5,28,9799.602731
5,30,9610.462139
5,32,9569.947782
5,33,8324.422983
5,41,8258.324292
5,43,8040.848554
5,48,7836.605651
5,51,7800.657971
5,55,7717.127636
5,60,7207.054984
5,65,6807.787493
6,25,11589.273929
6,26,10792.327007
6,27,9548.861888
6,32,9065.114249
6,33,8324.422983
6,38,8198.353968
6,39,8131.135050
6,42,7947.559838
6,44,7843.185232
6,48,7836.605651
6,51,7800.657971
6,55,7717.127636
6,60,7207.054984
6,65,6807.787493
7,25,11589.273929
7,26,10792.327007
7,27,9548.861888
7,29,9456.864470
7,32,9065.114249
7,33,8324.422983
7,38,8198.353968
7,39,8131.135050
7,42,7947.559838
7,44,7824.096122
7,45,7633.228059
7,48,7556.583598
7,60,7207.054984
7,65,6807.787493
8,25,11589.273929
8,26,9587.158119
8,27,9548.861888
8,29,9321.451933
8,30,8847.645904
8,33,8324.422983
8,35,8321.259575
8,36,8244.733768
8,38,7627.209570
8,46,7496.289982
8,48,7321.860023
8,60,7207.054984
8,65,6807.787493
9,25,11589.273929
9,26,9587.158119
9,27,9548.861888
9,29,9035.993779
9,30,8847.645904
9,32,8530.881145
9,33,8324.422983
9,35,8321.259575
9,36,8244.733768
9,38,7627.209570
9,45,7354.641823
9,48,7321.860023
9,60,7207.054984
9,65,6807.787493
10,25,11589.273929
10,26,9587.158119
10,27,9548.861888
10,28,8659.079594
10,32,8530.881145
10,33,7698.238402
10,38,7627.209570
10,45,7147.780904
10,56,7072.494193
10,58,6832.220445
10,63,6767.439870
10,65,6676.214364
11,24,9917.937775
11,26,9587.158119
11,27,9548.861888
11,28,8659.079594
11,29,8523.783152
11,31,8510.264613
11,33,7698.238402
11,38,7468.061722
11,45,7147.780904
11,56,7072.494193
11,58,6832.220445
11,63,6767.439870
11,65,6676.214364
12,24,9917.937775
12,26,9587.158119
12,27,9508.482242
12,28,8659.079594
12,29,8523.783152
12,31,8510.264613
12,33,7698.238402
12,37,7313.835416
12,43,7187.992868
12,45,7147.780904
12,50,7125.038421
12,56,7072.494193
12,58,6832.220445
12,63,6767.439870
12,65,6676.214364
12,73,6612.197869
13,24,9917.937775
13,26,8812.413174
13,28,8526.440192
13,29,8523.783152
13,30,8095.068267
13,33,7698.238402
13,37,7313.835416
13,43,7187.992868
13,45,7147.780904
13,48,7130.033964
13,50,7125.038421
13,55,7050.941903
13,56,7029.221667
13,57,6816.677619
13,63,6767.439870
13,65,6676.214364
13,67,6597.106138
14,23,10173.810459
14,24,9917.937775
14,26,8445.114947
14,30,8095.068267
14,33,7698.238402
14,37,7313.835416
14,43,7187.992868
14,45,7147.780904
14,48,7130.033964
14,50,7125.038421
14,53,6735.036374
14,65,6605.006100
14,67,6597.106138
15,23,10173.810459
15,24,9917.937775
15,25,9644.931062
15,26,8445.114947
15,29,8424.184087
15,30,8095.068267
15,32,8013.930020
15,33,7649.254553
15,37,7250.344349
15,41,7073.386561
15,44,6988.410242
15,47,6873.388887
15,53,6644.818670
15,64,6553.168258
15,66,6543.218120
16,23,10173.810459
16,24,9917.937775
16,25,9644.931062
16,26,8445.114947
16,27,8219.803465
16,29,8149.445131
16,30,7899.524779
16,33,7649.254553
16,35,7473.221834
16,37,7250.344349
16,41,7073.386561
16,44,6988.410242
16,47,6873.388887
16,53,6644.818670
16,58,6641.220156
16,64,6553.168258
16,66,6496.247898
17,23,10173.810459
17,24,9125.943934
17,26,8360.717264
17,27,8219.803465
17,29,8149.445131
17,30,7899.524779
17,33,7649.254553
17,35,7473.221834
17,37,7250.344349
17,41,7073.386561
17,42,6926.408039
17,47,6873.388887
17,50,6634.882934
17,52,6598.407819
17,54,6519.594438
17,66,6496.247898
18,23,10173.810459
18,24,9025.176134
18,26,8360.717264
18,27,8219.803465
18,29,8149.445131
18,30,7899.524779
18,31,7886.098885
18,32,7811.303342
18,33,7649.254553
18,35,7473.221834
18,37,7250.344349
18,41,7073.386561
18,42,6926.408039
18,47,6873.388887
18,49,6739.309590
18,50,6634.882934
18,52,6598.407819
18,54,6519.594438
18,66,6496.247898
19,23,9828.513868
19,24,9025.176134
19,26,8360.717264
19,27,8219.803465
19,29,8149.445131
19,30,7899.524779
19,31,7862.977964
19,32,7810.019758
19,33,7530.119950
19,35,7473.221834
19,37,7250.344349
19,38,7217.048577
19,40,7204.056365
19,41,7073.386561
19,42,6926.408039
19,47,6873.388887
19,49,6739.309590
19,50,6634.882934
19,52,6598.407819
19,53,6554.064685
19,54,6519.594438
19,65,6447.156361
20,23,9828.513868
20,24,8878.907225
20,25,8871.708600
20,26,8360.717264
20,27,8176.386232
20,29,8149.445131
20,30,7899.524779
20,31,7854.525680
20,32,7723.528730
20,33,7530.119950
20,35,7473.221834
20,37,7250.344349
20,38,7217.048577
20,39,7124.800871
20,41,6796.509101
20,49,6739.309590
20,50,6536.169450
20,53,6502.438572
20,54,6407.484456
21,23,9828.513868
21,24,8878.907225
21,25,8393.250458
21,26,8044.941490
21,29,8005.122694
21,30,7381.170891
21,37,7250.344349
21,38,7165.780151
21,39,7124.800871
21,41,6796.509101
21,48,6793.747156
21,49,6739.309590
21,50,6536.169450
21,53,6502.438572
21,54,6407.484456
22,23,9828.513868
22,24,8878.907225
22,25,8393.250458
22,26,8044.941490
22,29,8005.122694
22,30,7381.170891
22,35,7330.075661
22,36,7256.640572
22,37,7242.766581
22,38,7165.780151
22,39,7124.800871
22,41,6796.509101
22,48,6793.747156
22,49,6739.309590
22,50,6536.169450
22,53,6502.438572
22,54,6407.484456
23,23,9828.513868
23,24,8878.907225
23,25,8393.250458
23,26,8044.941490
23,29,7955.875115
23,30,7381.170891
23,35,7241.525825
23,38,7165.780151
23,39,7124.800871
23,41,6796.509101
23,48,6793.747156
23,49,6739.309590
23,50,6536.169450
23,53,6502.438572
23,54,6407.484456
24,23,9828.513868
24,24,8783.756152
24,25,8393.250458
24,26,7924.227801
24,29,7733.836851
24,30,7381.170891
24,33,7338.559078
24,35,7241.525825
24,36,7126.518265
24,39,7124.800871
24,41,6796.509101
24,48,6793.747156
24,49,6739.309590
24,50,6536.169450
24,53,6411.767767
24,54,6407.484456
25,23,9828.513868
25,24,8465.629639
25,25,7992.873498
25,26,7924.227801
25,29,7733.836851
25,30,7381.170891
25,33,7143.629896
25,35,7102.757813
25,38,7082.625302
25,41,6751.539139
25,46,6714.888015
25,48,6403.208355
25,51,6373.563783
25,54,6344.477024
26,23,9646.027815
26,24,8465.629639
26,25,7951.002305
26,26,7924.227801
26,27,7586.489696
26,29,7064.403555
26,33,7004.836787
26,41,6751.539139
26,46,6714.888015
26,48,6403.208355
26,51,6373.563783
26,54,6344.477024
27,23,9518.672582
27,24,8465.629639
27,25,7895.986975
27,26,7675.861249
27,27,7461.991627
27,29,7064.403555
27,33,7004.836787
27,36,6740.835665
27,45,6482.128659
27,48,6403.208355
27,51,6373.563783
27,54,6344.477024
27,57,6234.734986
27,60,6223.846620
28,23,9344.425768
28,24,8465.629639
28,25,7707.735269
28,26,7675.861249
28,27,7461.991627
28,28,7391.477206
28,29,7064.403555
28,33,7004.836787
28,34,6992.579247
28,35,6821.910620
28,36,6740.835665
28,45,6482.128659
28,48,6403.208355
28,51,6373.563783
28,53,6144.742580
29,23,9344.425768
29,24,7839.251455
29,25,7707.735269
29,26,7309.477941
29,27,7303.849725
29,29,7064.403555
29,33,7004.836787
29,34,6992.579247
29,35,6821.910620
29,36,6740.835665
29,45,6482.128659
29,48,6403.208355
29,51,6373.563783
29,53,6144.742580
30,23,8014.381898
30,24,7839.251455
30,25,7707.735269
30,26,7309.477941
30,27,7303.849725
30,28,6948.127998
30,32,6927.963288
30,34,6924.125790
30,35,6695.215226
30,38,6642.510217
30,45,6419.252840
30,48,6177.233402
30,52,6087.098950
31,23,8014.381898
31,24,7839.251455
31,25,7707.735269
31,26,7309.477941
31,27,7303.849725
31,28,6948.127998
31,32,6927.963288
31,34,6924.125790
31,35,6695.215226
31,38,6642.510217
31,44,6402.738263
31,47,6373.837897
31,48,6177.233402
31,49,6163.803678
31,52,6087.098950
32,23,8014.381898
32,24,7839.251455
32,25,7516.248878
32,26,7309.477941
32,27,7282.280536
32,28,6948.127998
32,32,6927.963288
32,34,6924.125790
32,35,6695.215226
32,38,6642.510217
32,44,6402.738263
32,47,6373.837897
32,48,6177.233402
32,49,6163.803678
32,52,6087.098950
33,23,8014.381898
33,24,7679.918716
33,25,7490.382677
33,26,7309.477941
33,27,7282.280536
33,28,6948.127998
33,32,6927.963288
33,34,6924.125790
33,35,6695.215226
33,38,6642.510217
33,44,6402.738263
33,47,6373.837897
33,48,6177.233402
33,49,6163.803678
33,52,6087.098950
34,23,8014.381898
34,24,7679.918716
34,25,7467.842666
34,26,7293.278488
34,27,7282.280536
34,28,6948.127998
34,32,6927.963288
34,34,6924.125790
34,35,6695.215226
34,38,6642.510217
34,44,6402.738263
34,47,6373.837897
34,48,6177.233402
34,49,6163.803678
34,52,6087.098950
35,22,7743.558339
35,24,7094.836259
35,28,6941.895234
35,32,6881.100664
35,35,6695.215226
35,38,6642.510217
35,41,6383.630701
35,47,6270.513340
35,48,6153.126949
35,49,6152.987710
35,52,6060.826730
36,22,7743.558339
36,24,7094.836259
36,28,6941.895234
36,32,6881.100664
36,35,6695.215226
36,38,6642.510217
36,40,6560.676631
36,41,6383.630701
36,47,6270.513340
36,48,6153.126949
36,49,6152.987710
36,52,6060.826730
37,22,7743.558339
37,23,7556.820452
37,24,7094.836259
37,28,6941.895234
37,32,6881.100664
37,33,6703.849141
37,35,6695.215226
37,38,6511.986733
37,41,6383.630701
37,46,6180.382260
37,48,6153.126949
37,49,6152.987710
37,52,6060.826730
38,22,7743.558339
38,23,7543.298665
38,24,7094.836259
38,27,7088.982205
38,28,6941.895234
38,32,6881.100664
38,33,6703.849141
38,35,6695.215226
38,38,6511.986733
38,41,6383.630701
38,46,6180.382260
38,48,6153.126949
38,49,6152.987710
38,52,6060.826730
39,22,7743.558339
39,23,7182.663605
39,24,7094.836259
39,27,7088.982205
39,28,6932.637377
39,32,6881.100664
39,33,6703.849141
39,35,6695.215226
39,38,6511.986733
39,41,6383.630701
39,45,6300.064950
39,46,6180.382260
39,48,6153.126949
39,49,6152.987710
39,52,6060.826730
40,22,7504.602563
40,23,7182.663605
40,24,7075.791369
40,25,6845.002841
40,33,6677.087125
40,35,6636.921513
40,38,6511.664964
40,41,6329.074480
40,44,6276.204249
40,46,6180.382260
40,48,6115.569644
40,50,5980.602706
41,22,7504.602563
41,23,7182.663605
41,24,7075.791369
41,25,6845.002841
41,33,6677.087125
41,35,6636.921513
41,38,6511.664964
41,41,6329.074480
41,44,6276.204249
41,46,6180.382260
41,48,6115.569644
41,50,5980.602706
42,22,7504.602563
42,23,7081.782529
42,24,7069.696895
42,25,6845.002841
42,29,6841.277201
42,33,6677.087125
42,35,6636.921513
42,37,6635.203526
42,38,6511.664964
42,41,6329.074480
42,44,6276.204249
42,46,6180.382260
42,48,6115.569644
42,50,5980.602706
43,21,8029.482015
43,22,7504.602563
43,23,7081.782529
43,24,7069.696895
43,25,6766.529998
43,33,6677.087125
43,35,6636.921513
43,36,6633.777613
43,38,6511.664964
43,41,6329.074480
43,44,6276.204249
43,46,6180.382260
43,48,6115.569644
43,50,5980.602706
44,21,7712.909161
44,22,7504.602563
44,23,7081.782529
44,24,7069.696895
44,25,6766.529998
44,26,6679.131074
44,33,6677.087125
44,35,6636.921513
44,36,6556.142516
44,38,6511.664964
44,40,6509.165413
44,41,6329.074480
44,44,6276.204249
44,46,6180.382260
44,48,6022.620338
44,50,5980.602706
45,21,7712.909161
45,22,7504.602563
45,23,7081.782529
45,24,7040.177452
45,25,6766.529998
45,26,6679.131074
45,33,6627.666483
45,36,6553.003535
45,38,6384.096090
45,41,6314.564910
45,44,6276.204249
45,46,6159.929733
45,47,5996.448638
45,50,5967.196316
46,20,8435.945721
46,21,7712.909161
46,22,7431.153354
46,23,7081.782529
46,24,7040.177452
46,25,6766.529998
46,26,6679.131074
46,33,6627.666483
46,36,6553.003535
46,38,6384.096090
46,41,6314.564910
46,44,6276.204249
46,46,6159.929733
46,47,5996.448638
46,50,5967.196316
47,20,8435.945721
47,21,7712.909161
47,22,7431.153354
47,23,7081.782529
47,24,7040.177452
47,25,6766.529998
47,26,6679.131074
47,33,6627.666483
47,36,6553.003535
47,37,6461.809603
47,38,6384.096090
47,41,6314.564910
47,44,6236.045246
47,46,6159.929733
47,47,5996.448638
47,50,5967.196316
48,20,7913.551092
48,21,7712.909161
48,22,7431.153354
48,23,7081.782529
48,24,7000.622445
48,25,6766.529998
48,26,6679.131074
48,33,6627.666483
48,36,6553.003535
48,37,6461.809603
48,38,6384.096090
48,41,6314.564910
48,44,6236.045246
48,46,6159.929733
48,47,5996.448638
48,50,5967.196316
49,20,7902.352627
49,21,7712.909161
49,22,7297.692486
49,23,7081.782529
49,24,7000.622445
49,25,6766.529998
49,26,6679.131074
49,27,6562.715262
49,36,6553.003535
49,37,6438.512316
49,38,6384.096090
49,41,6314.564910
49,44,6236.045246
49,46,6159.929733
49,47,5996.448638
49,50,5967.196316
50,18,8666.244086
50,20,7902.352627
50,21,7712.909161
50,22,7297.692486
50,23,7081.782529
50,24,7000.622445
50,25,6589.198629
50,27,6521.724032
50,28,6403.189763
50,38,6343.944853
50,41,6302.450599
50,44,6236.045246
50,46,6114.932616
50,47,5946.329569
50,49,5910.430595
51,18,8666.244086
51,20,7563.500265
51,22,7297.692486
51,23,7081.782529
51,24,6993.704277
51,25,6589.198629
51,27,6521.724032
51,28,6403.189763
51,38,6314.720848
51,41,6302.450599
51,44,6236.045246
51,46,6114.932616
51,47,5946.329569
51,49,5910.430595
52,18,8666.244086
52,19,8501.091813
52,20,7563.500265
52,22,7297.692486
52,23,7081.782529
52,24,6882.328686
52,25,6589.198629
52,27,6521.724032
52,28,6403.189763
52,29,6319.636400
52,38,6314.720848
52,41,6302.450599
52,44,6236.045246
52,46,6114.932616
52,47,5946.329569
52,49,5910.430595
53,18,8666.244086
53,19,8501.091813
53,20,7563.500265
53,22,7297.692486
53,23,6929.097252
53,24,6882.328686
53,25,6589.198629
53,27,6521.724032
53,28,6403.189763
53,29,6319.636400
53,35,6299.389236
53,44,6236.045246
53,46,6114.932616
53,47,5946.329569
53,49,5910.430595
54,18,8666.244086
54,19,7687.158766
54,20,7563.500265
54,22,7297.692486
54,23,6929.097252
54,24,6882.328686
54,25,6589.198629
54,27,6521.724032
54,28,6403.189763
54,29,6319.636400
54,35,6299.389236
54,44,6236.045246
54,46,6114.932616
54,47,5946.329569
54,49,5910.430595
55,18,8666.244086
55,19,7687.158766
55,20,7563.500265
55,22,7297.692486
55,23,6929.097252
55,24,6882.328686
55,25,6589.198629
55,27,6509.818710
55,28,6362.570341
55,29,6319.636400
55,34,6258.254568
55,37,6213.758743
55,43,6158.278003
55,46,6106.359020
55,47,5926.777606
55,49,5910.430595
56,18,8666.244086
56,19,7687.158766
56,20,7563.500265
56,22,7297.692486
56,23,6875.220915
56,25,6589.198629
56,27,6509.818710
56,28,6362.570341
56,29,6319.636400
56,32,6246.395697
56,33,6198.202000
56,43,6158.278003
56,46,6106.359020
56,47,5926.777606
56,49,5910.430595
57,18,8666.244086
57,19,7522.188466
57,22,7297.692486
57,23,6875.220915
57,25,6589.198629
57,27,6509.818710
57,28,6362.570341
57,29,6319.636400
57,32,6246.395697
57,33,6198.202000
57,43,6158.278003
57,46,6106.359020
57,47,5926.777606
57,49,5910.430595
58,18,8666.244086
58,19,7522.188466
58,22,7046.382223
58,23,6875.220915
58,24,6809.611436
58,25,6589.198629
58,27,6509.818710
58,28,6362.570341
58,29,6319.636400
58,32,6246.395697
58,33,6198.202000
58,35,6137.631249
58,46,6106.359020
58,47,5926.777606
58,49,5910.430595
59,18,8666.244086
59,19,7425.564199
59,22,7046.382223
59,23,6875.220915
59,24,6693.500405
59,25,6589.198629
59,27,6509.818710
59,28,6362.570341
59,29,6319.636400
59,32,6246.395697
59,33,6198.202000
59,35,6137.631249
59,46,6106.359020
59,47,5926.777606
59,49,5910.430595
60,18,8666.244086
60,19,7425.564199
60,22,7046.382223
60,23,6794.427899
60,24,6693.500405
60,25,6543.263437
60,27,6493.016910
60,28,6362.570341
60,29,6254.218468
60,32,6209.836681
60,33,6198.202000
60,35,6137.631249
60,46,6106.359020
60,47,5926.777606
60,49,5886.847562
61,18,8666.244086
61,19,7342.570471
61,22,7046.382223
61,23,6794.427899
61,24,6693.500405
61,25,6543.263437
61,27,6493.016910
61,28,6362.570341
61,29,6254.218468
61,32,6209.836681
61,33,6198.202000
61,35,6137.631249
61,36,6066.177991
61,47,5926.777606
61,49,5886.847562
62,18,8114.346586
62,19,7342.570471
62,22,7046.382223
62,23,6794.427899
62,24,6693.500405
62,25,6543.263437
62,27,6493.016910
62,28,6362.570341
62,29,6254.218468
62,32,6209.836681
62,33,6198.202000
62,35,6066.185503
62,36,5999.734947
62,47,5926.777606
62,49,5886.847562
63,18,8114.346586
63,19,7251.377637
63,22,7046.382223
63,23,6794.427899
63,24,6693.500405
63,25,6543.263437
63,27,6493.016910
63,28,6362.570341
63,29,6254.218468
63,31,6237.142573
63,32,6209.836681
63,33,6198.202000
63,34,6193.441139
63,35,6012.762003
63,36,5999.734947
63,47,5926.777606
63,49,5886.847562
64,18,8114.346586
64,19,7251.377637
64,22,6934.862075
64,23,6794.427899
64,24,6693.500405
64,25,6543.263437
64,27,6493.016910
64,28,6362.570341
64,29,6254.218468
64,30,6248.079773
64,31,6237.142573
64,32,6209.836681
64,33,6198.202000
64,34,6190.575361
64,35,6012.762003
64,36,5999.734947
64,47,5926.777606
64,49,5886.847562
65,18,7831.685596
65,19,7249.685418
65,20,7204.792060
65,22,6934.862075
65,23,6794.427899
65,24,6693.500405
65,25,6543.263437
65,27,6224.289837
65,31,6183.346060
65,33,6159.198340
65,34,5995.630596
65,35,5972.320299
65,47,5926.777606
65,48,5798.032667
66,18,7831.685596
66,19,7249.685418
66,20,7204.792060
66,21,7075.657346
66,22,6812.754493
66,23,6794.427899
66,24,6693.500405
66,25,6543.263437
66,27,6224.289837
66,31,6183.346060
66,33,6159.198340
66,34,5995.630596
66,35,5968.749050
66,47,5926.777606
66,48,5798.032667
67,18,7831.685596
67,19,7249.685418
67,20,7097.366245
67,21,7075.657346
67,22,6812.754493
67,23,6794.427899
67,24,6693.500405
67,25,6543.263437
67,27,6224.289837
67,31,6183.346060
67,33,6159.198340
67,34,5995.630596
67,35,5968.749050
67,47,5926.777606
67,48,5798.032667
68,18,7831.685596
68,19,7249.685418
68,20,7063.349688
68,22,6812.754493
68,23,6794.427899
68,24,6693.500405
68,25,6543.263437
68,27,6224.289837
68,31,6183.346060
68,33,6159.198340
68,34,5995.630596
68,35,5968.749050
68,46,5960.499173
68,47,5926.777606
68,48,5798.032667
69,18,7338.670243
69,19,7249.685418
69,20,7063.349688
69,22,6812.754493
69,23,6794.427899
69,24,6693.500405
69,25,6543.263437
69,27,6224.289837
69,31,6183.346060
69,33,6159.198340
69,34,5995.630596
69,35,5968.749050
69,44,5937.098030
69,47,5926.777606
69,48,5798.032667
70,18,7338.670243
70,19,7249.685418
70,20,7063.349688
70,22,6812.754493
70,23,6794.427899
70,24,6661.616990
70,25,6543.129467
70,27,6224.289837
70,31,6183.346060
70,33,6101.989875
70,34,5983.895054
70,35,5909.351478
70,48,5798.032667
71,18,7338.670243
71,19,7249.685418
71,20,7063.349688
71,22,6812.754493
71,23,6794.427899
71,24,6661.616990
71,25,6543.129467
71,27,6224.289837
71,31,6183.346060
71,33,6101.989875
71,34,5983.895054
71,35,5909.351478
71,48,5798.032667
72,18,7338.670243
72,19,7249.685418
72,20,7063.349688
72,22,6778.066499
72,24,6661.616990
72,25,6543.129467
72,27,6224.289837
72,31,6183.346060
72,33,6101.989875
72,34,5983.895054
72,35,5909.351478
72,48,5798.032667
73,18,7338.670243
73,19,7249.685418
73,20,6983.299757
73,22,6778.066499
73,23,6774.941610
73,24,6661.616990
73,25,6543.129467
73,27,6224.289837
73,31,6183.346060
73,33,6101.989875
73,34,5965.523954
73,35,5909.351478
73,48,5798.032667
74,18,7338.670243
74,19,7249.685418
74,20,6983.299757
74,22,6778.066499
74,23,6734.974191
74,24,6661.616990
74,25,6543.129467
74,27,6224.289837
74,28,6202.535105
74,31,6183.346060
74,33,6101.989875
74,34,5965.523954
74,35,5909.351478
74,37,5897.752325
74,43,5890.068634
74,48,5798.032667
75,18,7338.670243
75,19,7249.685418
75,20,6983.299757
75,21,6853.489155
75,22,6769.428385
75,23,6734.974191
75,24,6661.616990
75,25,6456.793046
75,27,6224.289837
75,28,6194.331288
75,30,6114.368179
75,33,6077.807227
75,34,5916.478769
75,35,5907.873676
75,37,5897.752325
75,43,5890.068634
75,47,5779.759371
76,18,7338.670243
76,19,7249.685418
76,20,6898.785138
76,21,6853.489155
76,22,6759.619243
76,23,6734.974191
76,24,6661.616990
76,25,6456.793046
76,27,6224.289837
76,28,6194.331288
76,30,6114.368179
76,33,6077.807227
76,34,5916.478769
76,35,5907.873676
76,37,5897.752325
76,43,5890.068634
76,47,5779.759371
77,18,7338.670243
77,19,7087.273412
77,20,6898.785138
77,21,6853.489155
77,22,6759.619243
77,23,6734.974191
77,24,6611.659663
77,25,6456.793046
77,27,6224.289837
77,28,6194.331288
77,30,6114.368179
77,33,6077.807227
77,34,5916.478769
77,35,5907.873676
77,36,5839.614037
77,47,5779.759371
78,18,7338.670243
78,19,7087.273412
78,20,6898.785138
78,21,6853.489155
78,22,6733.227841
78,24,6611.659663
78,25,6456.793046
78,27,6224.289837
78,28,6194.331288
78,30,6114.368179
78,33,6077.807227
78,34,5916.478769
78,35,5907.873676
78,36,5839.614037
78,47,5779.759371
79,18,7338.670243
79,19,7087.273412
79,20,6898.785138
79,21,6853.489155
79,22,6689.690154
79,24,6611.659663
79,25,6456.793046
79,27,6224.289837
79,28,6194.331288
79,30,6114.368179
79,33,6077.807227
79,34,5916.478769
79,35,5907.873676
79,36,5839.614037
79,47,5779.759371
80,18,7338.670243
80,19,7087.273412
80,20,6898.785138
80,21,6853.489155
80,22,6689.690154
80,24,6574.881422
80,25,6379.536443
80,27,6224.289837
80,28,6131.596764
80,30,6113.894278
80,33,6077.807227
80,34,5916.478769
80,35,5888.245078
80,36,5829.591401
80,47,5779.759371
81,18,7338.670243
81,19,7087.273412
81,20,6898.785138
81,21,6853.489155
81,22,6672.818069
81,24,6574.881422
81,25,6379.536443
81,27,6224.289837
81,28,6131.596764
81,30,6113.894278
81,33,6077.807227
81,34,5916.478769
81,35,5888.245078
81,36,5829.591401
81,47,5779.759371
82,18,7139.277371
82,19,7087.273412
82,20,6898.785138
82,21,6803.269598
82,22,6672.818069
82,24,6574.881422
82,25,6379.536443
82,27,6224.289837
82,28,6131.596764
82,30,6113.894278
82,33,5911.787983
82,35,5888.245078
82,36,5829.591401
82,37,5785.625070
82,47,5779.759371
83,18,7139.277371
83,19,7087.273412
83,20,6898.785138
83,21,6803.269598
83,22,6638.800815
83,24,6503.827765
83,25,6379.536443
83,27,6224.289837
83,28,6131.596764
83,30,6113.894278
83,33,5911.787983
83,35,5888.245078
83,36,5829.591401
83,37,5785.625070
83,47,5779.759371
84,18,7139.277371
84,19,7087.273412
84,20,6898.785138
84,21,6803.269598
84,22,6638.800815
84,24,6503.827765
84,25,6379.536443
84,27,6224.289837
84,28,6131.596764
84,30,6113.894278
84,32,6090.707762
84,33,5911.787983
84,35,5888.245078
84,36,5829.591401
84,37,5785.625070
84,47,5779.759371
85,18,7139.277371
85,19,6865.409011
85,21,6793.430728
85,22,6638.800815
85,24,6442.466212
85,25,6379.536443
85,27,6214.729744
85,28,6099.328829
85,30,6055.141014
85,32,5880.750570
85,36,5829.591401
85,37,5779.386182
85,46,5777.567288
86,18,7139.277371
86,19,6865.409011
86,20,6798.617838
86,21,6793.430728
86,22,6638.800815
86,24,6427.086858
86,25,6379.536443
86,27,6214.729744
86,28,6099.328829
86,30,6055.141014
86,31,6010.253562
86,32,5880.750570
86,36,5829.591401
86,37,5779.386182
86,46,5777.567288
87,18,7139.277371
87,19,6865.409011
87,20,6798.617838
87,21,6793.430728
87,22,6638.800815
87,23,6610.523524
87,24,6427.086858
87,25,6379.536443
87,27,6214.729744
87,28,6099.328829
87,30,6055.141014
87,31,6010.253562
87,32,5880.750570
87,35,5851.074987
87,36,5829.591401
87,37,5779.386182
87,46,5777.567288
88,18,7139.277371
88,19,6865.409011
88,20,6798.617838
88,21,6693.032201
88,22,6606.612680
88,24,6427.086858
88,25,6379.536443
88,26,6346.989647
88,27,6214.729744
88,28,6099.328829
88,30,6055.141014
88,31,6010.253562
88,32,5880.750570
88,35,5851.074987
88,36,5827.858483
88,37,5779.386182
88,46,5777.567288
89,18,7036.889376
89,19,6865.409011
89,20,6798.617838
89,21,6693.032201
89,22,6606.612680
89,24,6427.086858
89,25,6266.877177
89,27,6214.729744
89,28,6099.328829
89,30,6055.141014
89,31,6010.253562
89,32,5880.750570
89,35,5851.074987
89,36,5827.858483
89,37,5779.386182
89,46,5777.567288
90,18,7036.889376
90,19,6865.409011
90,20,6775.872620
90,21,6693.032201
90,22,6563.818672
90,23,6426.010331
90,24,6395.275626
90,25,6174.287434
90,28,6088.774395
90,30,6055.141014
90,31,6010.253562
90,32,5843.555329
90,33,5790.534107
90,37,5779.386182
90,46,5777.567288
91,18,7036.889376
91,19,6865.409011
91,20,6775.872620
91,21,6693.032201
91,22,6563.818672
91,23,6426.010331
91,24,6395.275626
91,25,6174.287434
91,28,6088.774395
91,30,6055.141014
91,31,6010.253562
91,32,5843.555329
91,33,5790.534107
91,37,5779.386182
91,46,5777.567288
92,18,7033.706736
92,19,6865.409011
92,20,6775.872620
92,21,6693.032201
92,22,6563.818672
92,23,6426.010331
92,24,6395.275626
92,25,6151.710151
92,28,6088.774395
92,30,6055.141014
92,31,6010.253562
92,32,5843.555329
92,33,5790.534107
92,37,5779.386182
92,46,5777.567288
93,18,7033.706736
93,19,6865.409011
93,20,6775.872620
93,21,6693.032201
93,22,6563.818672
93,23,6426.010331
93,24,6381.420316
93,25,6151.710151
93,28,6088.774395
93,30,6055.141014
93,31,6010.253562
93,32,5843.555329
93,33,5790.534107
93,36,5743.176895
94,18,7033.706736
94,19,6865.409011
94,20,6716.394742
94,21,6693.032201
94,22,6563.818672
94,23,6426.010331
94,24,6172.813338
94,25,6151.710151
94,28,6088.774395
94,30,6025.335157
94,31,6010.253562
94,32,5843.555329
94,33,5790.534107
94,36,5743.176895
95,18,7033.706736
95,19,6865.409011
95,20,6716.394742
95,21,6582.259000
95,22,6563.818672
95,23,6406.230795
95,24,6149.399805
95,25,6114.996302
95,26,6053.532084
95,30,6017.455560
95,31,5986.102672
95,32,5843.555329
95,33,5790.534107
95,35,5715.344617
96,18,7033.706736
96,19,6865.409011
96,20,6716.394742
96,21,6582.259000
96,22,6563.818672
96,23,6406.230795
96,24,6149.399805
96,25,6114.996302
96,26,6053.532084
96,30,6017.455560
96,31,5986.102672
96,32,5843.555329
96,33,5790.534107
96,35,5715.344617
97,18,7033.706736
97,19,6865.409011
97,20,6716.394742
97,21,6548.580837
97,23,6406.230795
97,24,6149.399805
97,25,6057.758786
97,26,6053.532084
97,30,6017.455560
97,31,5986.102672
97,32,5843.555329
97,33,5790.534107
97,35,5715.344617
98,18,7033.706736
98,19,6779.519115
98,20,6716.394742
98,21,6548.580837
98,23,6264.999645
98,24,6149.399805
98,25,6057.758786
98,26,6053.532084
98,30,6017.455560
98,31,5986.102672
98,32,5843.555329
98,33,5790.534107
98,35,5715.344617
99,18,7033.706736
99,19,6779.519115
99,20,6696.599859
99,21,6548.580837
99,23,6264.999645
99,24,6149.399805
99,25,6057.758786
99,26,6053.532084
99,29,6008.704897
99,30,5988.239839
99,31,5986.102672
99,32,5843.555329
99,33,5790.534107
99,35,5715.344617
100,18,6902.349537
100,19,6779.519115
100,20,6696.599859
100,21,6548.580837
100,23,6247.098144
100,24,6149.399805
100,25,6057.758786
100,26,6053.532084
100,29,6008.704897
100,30,5983.668384
100,32,5843.555329
100,33,5790.534107
100,34,5702.879123
101,18,6902.349537
101,19,6779.519115
101,20,6696.599859
101,21,6548.580837
101,23,6247.098144
101,24,6149.399805
101,25,6057.758786
101,26,6053.532084
101,29,5968.463881
101,32,5843.555329
101,33,5790.534107
101,34,5702.879123
101,35,5691.774096
102,18,6902.349537
102,19,6779.519115
102,20,6696.599859
102,21,6548.580837
102,23,6247.098144
102,24,6149.399805
102,25,6057.758786
102,26,6053.532084
102,28,5984.649748
102,29,5968.463881
102,30,5941.966369
102,32,5843.555329
102,33,5790.534107
102,34,5702.879123
102,35,5691.774096
103,18,6902.349537
103,19,6713.310999
103,20,6696.599859
103,21,6548.580837
103,23,6247.098144
103,24,6149.399805
103,25,6057.758786
103,26,6053.532084
103,28,5984.649748
103,29,5968.463881
103,30,5941.966369
103,32,5843.555329
103,33,5790.534107
103,34,5702.879123
103,35,5691.774096
104,18,6902.349537
104,19,6713.310999
104,20,6696.599859
104,21,6548.580837
104,23,6247.098144
104,24,6099.046833
104,25,6057.758786
104,26,6053.532084
104,27,5983.122025
104,29,5968.463881
104,30,5941.966369
104,32,5843.555329
104,33,5790.534107
104,34,5702.879123
104,35,5684.910103
105,18,6902.349537
105,19,6713.310999
105,20,6696.599859
105,21,6548.580837
105,23,6247.098144
105,24,6099.046833
105,25,6057.758786
105,26,6035.017735
105,27,5983.122025
105,28,5920.191125
105,32,5843.555329
105,33,5732.946652
105,34,5702.879123
105,35,5684.910103
106,18,6857.265647
106,19,6713.310999
106,20,6696.599859
106,21,6548.580837
106,22,6497.631430
106,23,6247.098144
106,24,6099.046833
106,25,6057.758786
106,26,6035.017735
106,27,5983.122025
106,28,5920.191125
106,32,5843.555329
106,33,5732.946652
106,34,5702.879123
106,35,5684.910103
107,18,6857.265647
107,19,6657.824910
107,21,6548.580837
107,22,6430.205635
107,23,6247.098144
107,24,6099.046833
107,25,6057.758786
107,26,6035.017735
107,27,5983.122025
107,28,5920.191125
107,32,5843.555329
107,33,5732.946652
107,34,5702.879123
107,35,5684.910103
108,18,6857.265647
108,19,6657.824910
108,21,6548.580837
108,22,6430.205635
108,23,6181.982092
108,24,6099.046833
108,25,6057.758786
108,26,5971.783602
108,28,5920.191125
108,32,5843.555329
108,33,5732.946652
108,34,5702.879123
108,35,5684.910103
109,18,6857.265647
109,19,6657.824910
109,21,6548.580837
109,22,6377.705218
109,23,6181.982092
109,24,6099.046833
109,25,6057.758786
109,26,5971.783602
109,27,5879.748642
109,32,5843.555329
109,33,5732.946652
109,34,5669.165490
110,18,6857.265647
110,19,6657.824910
110,21,6548.580837
110,22,6331.742267
110,23,6181.982092
110,24,6080.022328
110,25,6057.758786
110,26,5971.783602
110,27,5857.553240
110,32,5843.555329
110,33,5732.946652
110,34,5661.966511
111,18,6857.265647
111,19,6657.824910
111,21,6548.580837
111,22,6331.742267
111,23,6181.982092
111,24,6080.022328
111,25,6057.758786
111,26,5971.783602
111,27,5857.553240
111,32,5843.555329
111,33,5732.946652
111,34,5661.966511
111,37,5643.782592
112,18,6857.265647
112,19,6614.548011
112,21,6548.580837
112,22,6331.742267
112,23,6181.982092
112,24,6080.022328
112,25,5973.002689
112,26,5971.783602
112,27,5857.553240
112,31,5726.860152
112,34,5661.966511
112,37,5643.782592
113,18,6857.265647
113,19,6614.548011
113,21,6548.580837
113,22,6331.742267
113,23,6181.982092
113,24,6080.022328
113,25,5973.002689
113,26,5971.783602
113,27,5857.553240
113,31,5683.283884
113,34,5661.966511
113,37,5643.782592
114,17,7712.483790
114,18,6857.265647
114,19,6614.548011
114,21,6548.580837
114,22,6331.742267
114,23,6181.982092
114,24,6080.022328
114,25,5962.517813
114,27,5857.553240
114,31,5683.283884
114,34,5661.966511
114,37,5643.782592
115,17,7466.432583
115,18,6775.772562
115,19,6614.548011
115,21,6421.959615
115,22,6298.954737
115,23,6150.312201
115,24,6080.022328
115,25,5962.517813
115,26,5815.297013
115,29,5813.411267
115,31,5683.283884
115,34,5661.966511
115,35,5632.128404
116,17,7466.432583
116,18,6775.772562
116,19,6614.548011
116,21,6421.959615
116,22,6298.954737
116,23,6150.312201
116,24,6080.022328
116,25,5962.517813
116,26,5815.297013
116,29,5813.411267
116,31,5683.283884
116,34,5645.985689
116,35,5632.128404
117,17,7466.432583
117,18,6775.772562
117,19,6614.548011
117,21,6421.959615
117,22,6298.954737
117,23,6150.312201
117,24,6080.022328
117,25,5962.517813
117,26,5815.297013
117,29,5813.411267
117,31,5683.283884
117,34,5645.985689
117,35,5632.128404
118,17,7466.432583
118,18,6775.772562
118,19,6614.548011
118,20,6578.223676
118,21,6421.959615
118,22,6298.954737
118,23,6150.312201
118,24,6080.022328
118,25,5962.517813
118,26,5815.297013
118,29,5813.411267
118,30,5783.621792
118,31,5683.283884
118,34,5645.985689
118,35,5632.128404
119,17,7466.432583
119,18,6746.602838
119,19,6614.548011
119,20,6578.223676
119,21,6421.959615
119,22,6298.954737
119,23,6150.312201
119,24,6080.022328
119,25,5962.517813
119,26,5815.297013
119,29,5813.411267
119,30,5783.621792
119,31,5683.283884
119,34,5645.985689
119,35,5632.128404
120,17,7466.432583
120,18,6746.602838
120,19,6614.548011
120,20,6578.223676
120,21,6421.959615
120,22,6282.791884
120,23,6150.312201
120,24,6080.022328
120,25,5916.332421
120,26,5815.297013
120,29,5813.411267
120,30,5782.576830
120,31,5683.283884
120,34,5636.796928
120,35,5632.128404
121,17,7466.432583
121,18,6746.602838
121,19,6614.548011
121,20,6578.223676
121,21,6421.959615
121,22,6282.791884
121,23,6150.312201
121,24,6080.022328
121,25,5916.332421
121,26,5815.297013
121,29,5813.411267
121,30,5782.576830
121,31,5683.283884
121,34,5636.796928
121,35,5632.128404
122,17,7466.432583
122,18,6746.602838
122,19,6614.548011
122,20,6578.223676
122,21,6421.959615
122,22,6282.791884
122,23,6150.312201
122,24,6080.022328
122,25,5916.332421
122,26,5815.297013
122,29,5813.411267
122,30,5782.576830
122,31,5659.481509
122,34,5634.654557
122,35,5632.128404
123,17,7466.432583
123,18,6746.602838
123,19,6614.548011
123,20,6578.223676
123,21,6421.959615
123,22,6282.791884
123,23,6150.312201
123,24,6080.022328
123,25,5916.332421
123,26,5815.297013
123,29,5813.411267
123,30,5782.576830
123,31,5659.481509
123,34,5634.654557
123,35,5632.128404
124,17,7466.432583
124,18,6746.602838
124,19,6614.548011
124,20,6428.233777
124,21,6338.422464
124,22,6282.791884
124,23,6150.312201
124,24,6080.022328
124,25,5916.332421
124,26,5815.297013
124,29,5813.411267
124,30,5710.106881
124,31,5659.481509
124,34,5634.654557
124,35,5632.128404
125,17,7389.738450
125,18,6746.602838
125,19,6614.548011
125,20,6422.703677
125,21,6338.422464
125,22,6260.951511
125,23,6150.312201
125,24,6080.022328
125,25,5916.332421
125,26,5717.450358
125,30,5699.696704
125,31,5659.481509
125,34,5634.654557
125,35,5632.128404
126,17,7389.738450
126,18,6746.602838
126,19,6557.905690
126,20,6422.703677
126,21,6338.422464
126,22,6260.951511
126,23,6150.312201
126,24,6080.022328
126,25,5916.332421
126,26,5717.450358
126,30,5699.696704
126,31,5659.481509
126,34,5634.654557
126,35,5632.128404
127,17,7389.738450
127,18,6746.602838
127,19,6557.905690
127,20,6394.968223
127,21,6338.422464
127,22,6260.951511
127,23,6150.312201
127,24,6080.022328
127,25,5916.332421
127,26,5717.450358
127,30,5699.696704
127,31,5659.481509
127,34,5634.654557
127,35,5632.128404
128,17,7389.738450
128,18,6746.602838
128,19,6557.905690
128,20,6394.968223
128,21,6338.422464
128,22,6260.951511
128,23,6150.312201
128,24,6080.022328
128,25,5916.332421
128,26,5717.450358
128,30,5699.696704
128,31,5659.481509
128,32,5647.878604
128,34,5634.654557
128,35,5632.128404
129,17,7389.738450
129,18,6746.602838
129,19,6557.905690
129,20,6394.968223
129,21,6338.422464
129,22,6260.951511
129,23,6150.312201
129,24,6080.022328
129,25,5916.332421
129,26,5717.450358
129,30,5699.696704
129,31,5659.481509
129,32,5647.878604
129,34,5634.654557
129,35,5632.128404
130,17,7389.738450
130,18,6746.602838
130,19,6557.905690
130,20,6394.968223
130,21,6306.213284
130,22,6192.692458
130,23,6150.312201
130,24,6062.582724
130,25,5916.332421
130,26,5705.070443
130,30,5693.717137
130,31,5659.481509
130,32,5603.637972
131,17,7389.738450
131,18,6746.602838
131,19,6540.643930
131,20,6394.968223
131,21,6306.213284
131,22,6192.692458
131,23,6150.312201
131,24,6062.582724
131,25,5916.332421
131,26,5705.070443
131,30,5693.717137
131,31,5659.481509
131,32,5603.637972
132,17,7389.738450
132,18,6746.602838
132,19,6540.643930
132,20,6394.968223
132,21,6306.213284
132,22,6192.692458
132,23,6150.312201
132,24,6046.876376
132,25,5916.332421
132,26,5705.070443
132,30,5693.717137
132,31,5659.481509
132,32,5603.637972
133,17,7389.738450
133,18,6726.861297
133,19,6540.643930
133,20,6394.968223
133,21,6306.213284
133,22,6192.692458
133,23,6150.312201
133,24,6046.876376
133,25,5916.332421
133,26,5705.070443
133,30,5693.717137
133,31,5649.701159
133,32,5603.637972
134,17,7389.738450
134,18,6726.861297
134,19,6514.716681
134,20,6394.968223
134,21,6306.213284
134,22,6192.692458
134,23,6150.312201
134,24,6046.876376
134,25,5916.332421
134,26,5705.070443
134,30,5693.717137
134,31,5649.701159
134,32,5603.637972
135,17,7389.738450
135,18,6726.861297
135,19,6514.716681
135,20,6384.844097
135,21,6297.588638
135,22,6181.460109
135,23,6150.312201
135,24,6045.018978
135,25,5899.883237
135,26,5696.065936
135,30,5693.717137
135,31,5636.723063
135,32,5597.611908
136,17,7389.738450
136,18,6704.432539
136,19,6514.716681
136,20,6384.844097
136,21,6297.588638
136,22,6181.460109
136,23,6150.312201
136,24,6045.018978
136,25,5899.883237
136,26,5696.065936
136,30,5693.717137
136,31,5636.723063
136,32,5597.611908
137,17,7389.738450
137,18,6704.432539
137,19,6514.716681
137,20,6384.844097
137,21,6297.588638
137,22,6181.460109
137,23,6120.293435
137,24,6045.018978
137,25,5899.883237
137,26,5696.065936
137,30,5693.717137
137,31,5636.723063
137,32,5562.164560
138,17,7342.398893
138,18,6704.432539
138,19,6514.716681
138,20,6384.844097
138,21,6297.588638
138,22,6181.460109
138,23,6120.293435
138,24,6045.018978
138,25,5899.883237
138,26,5696.065936
138,30,5693.717137
138,31,5636.723063
138,32,5562.164560
139,17,7342.398893
139,18,6704.432539
139,19,6514.716681
139,20,6384.844097
139,21,6297.588638
139,22,6181.460109
139,23,6120.293435
139,24,6045.018978
139,25,5899.883237
139,26,5696.065936
139,29,5681.272641
139,31,5636.723063
139,32,5562.164560
140,17,7342.398893
140,18,6704.432539
140,19,6514.716681
140,20,6384.844097
140,21,6208.033861
140,22,6181.460109
140,23,6107.865328
140,24,6045.018978
140,25,5889.981789
140,26,5677.198614
140,31,5636.723063
140,32,5531.486926
141,17,7342.398893
141,18,6704.432539
141,19,6514.716681
141,20,6384.844097
141,21,6208.033861
141,22,6181.460109
141,23,6107.865328
141,24,6045.018978
141,25,5889.981789
141,26,5677.198614
141,31,5636.723063
141,32,5531.486926
142,17,7342.398893
142,18,6704.432539
142,19,6514.716681
142,20,6384.844097
142,21,6208.033861
142,22,6181.460109
142,23,6107.865328
142,24,6045.018978
142,25,5889.981789
142,26,5677.198614
142,31,5636.723063
142,32,5531.486926
143,17,7307.416717
143,18,6704.432539
143,19,6514.716681
143,20,6384.844097
143,21,6208.033861
143,22,6181.460109
143,23,6107.865328
143,24,6045.018978
143,25,5889.981789
143,26,5677.198614
143,31,5636.723063
143,32,5531.486926
144,17,7307.416717
144,18,6704.432539
144,19,6514.716681
144,20,6384.844097
144,21,6208.033861
144,22,6181.460109
144,23,6107.865328
144,24,6045.018978
144,25,5877.934241
144,26,5677.198614
144,31,5636.723063
144,32,5531.486926
145,17,7307.416717
145,18,6704.432539
145,19,6514.716681
145,20,6384.844097
145,21,6189.283419
145,22,6176.660171
145,23,6107.865328
145,24,5997.287596
145,25,5867.629191
145,26,5657.729811
145,28,5653.565127
145,31,5636.723063
145,32,5529.992991
146,17,7307.416717
146,18,6704.432539
146,19,6439.260915
146,20,6384.844097
146,21,6189.283419
146,22,6176.660171
146,23,6107.865328
146,24,5997.287596
146,25,5819.010540
146,26,5657.729811
146,28,5653.565127
146,31,5636.723063
146,32,5529.992991
147,17,7307.416717
147,18,6704.432539
147,19,6439.260915
147,20,6384.844097
147,21,6189.283419
147,22,6176.660171
147,23,6107.865328
147,24,5997.287596
147,25,5819.010540
147,26,5657.729811
147,28,5653.565127
147,31,5636.723063
147,32,5529.992991
148,17,7307.416717
148,18,6704.432539
148,19,6439.260915
148,20,6367.952057
148,21,6189.283419
148,22,6176.660171
148,23,6107.865328
148,24,5997.287596
148,25,5819.010540
148,26,5657.729811
148,28,5634.573533
148,32,5529.992991
149,17,7307.416717
149,18,6704.432539
149,19,6439.260915
149,20,6367.952057
149,21,6189.283419
149,22,6176.660171
149,23,6107.865328
149,24,5997.287596
149,25,5819.010540
149,26,5657.729811
149,28,5634.573533
149,32,5529.992991
150,17,7307.416717
150,18,6649.302031
150,19,6434.244241
150,20,6367.952057
150,21,6182.315914
150,22,6176.660171
150,23,6107.865328
150,24,5997.287596
150,25,5818.936105
150,26,5657.729811
150,28,5634.573533
150,32,5496.157111
151,17,7307.416717
151,18,6649.302031
151,19,6434.244241
151,20,6367.952057
151,21,6182.315914
151,22,6176.660171
151,23,6092.089344
151,24,5997.287596
151,25,5818.936105
151,26,5657.729811
151,28,5634.573533
151,32,5496.157111
152,17,7300.574304
152,18,6649.302031
152,19,6434.244241
152,20,6367.952057
152,21,6150.335427
152,23,6092.089344
152,24,5997.287596
152,25,5818.936105
152,26,5657.729811
152,28,5634.573533
152,32,5496.157111
153,17,7300.574304
153,18,6649.302031
153,19,6434.244241
153,20,6360.390490
153,21,6150.335427
153,23,6092.089344
153,24,5983.406063
153,25,5818.936105
153,26,5657.729811
153,28,5634.573533
153,32,5496.157111
154,17,7300.574304
154,18,6649.302031
154,19,6382.575156
154,20,6360.390490
154,21,6150.335427
154,23,6092.089344
154,24,5912.905669
154,25,5818.936105
154,26,5657.729811
154,28,5634.573533
154,32,5496.157111
155,17,7225.308179
155,18,6649.302031
155,19,6338.836658
155,20,6247.208072
155,21,6150.335427
155,23,6092.089344
155,24,5912.905669
155,25,5818.936105
155,26,5657.729811
155,28,5634.573533
155,29,5522.637854
155,32,5496.157111
156,17,7225.308179
156,18,6649.302031
156,19,6338.836658
156,20,6247.208072
156,21,6150.335427
156,23,6092.089344
156,24,5912.905669
156,25,5818.936105
156,26,5657.729811
156,28,5634.573533
156,29,5522.637854
156,32,5496.157111
157,17,7225.308179
157,18,6649.302031
157,19,6338.836658
157,20,6247.208072
157,21,6150.335427
157,23,6092.089344
157,24,5910.878530
157,25,5818.936105
157,26,5657.729811
157,27,5632.419331
157,28,5597.486034
157,29,5522.637854
157,32,5496.157111
158,17,7225.308179
158,18,6633.259351
158,19,6338.836658
158,20,6247.208072
158,21,6150.335427
158,23,6092.089344
158,24,5910.878530
158,25,5818.936105
158,26,5657.729811
158,27,5632.419331
158,28,5597.486034
158,29,5522.637854
158,32,5496.157111
159,17,7225.308179
159,18,6606.475395
159,19,6338.836658
159,20,6247.208072
159,21,6150.335427
159,23,6092.089344
159,24,5910.878530
159,25,5818.936105
159,26,5657.729811
159,27,5632.419331
159,28,5597.486034
159,29,5522.637854
159,32,5496.157111
160,17,7225.308179
160,18,6606.475395
160,19,6338.836658
160,20,6227.668805
160,21,6121.206779
160,23,6092.089344
160,24,5877.490921
160,25,5799.541152
160,26,5657.729811
160,27,5631.219596
160,28,5597.486034
160,29,5522.637854
160,32,5496.157111
161,16,7931.613750
161,17,7225.308179
161,18,6606.475395
161,19,6338.836658
161,20,6227.668805
161,21,6121.206779
161,23,6056.518398
161,24,5877.490921
161,25,5799.541152
161,26,5657.729811
161,27,5631.219596
161,28,5597.486034
161,29,5522.637854
161,32,5496.157111
162,16,7645.403684
162,17,7225.308179
162,18,6606.475395
162,19,6338.836658
162,20,6168.626833
162,21,6121.206779
162,23,6056.518398
162,24,5877.490921
162,25,5799.541152
162,26,5657.729811
162,27,5631.219596
162,28,5597.486034
162,29,5522.637854
162,32,5496.157111
163,16,7645.403684
163,17,7225.308179
163,18,6553.545749
163,19,6338.836658
163,20,6168.626833
163,21,6121.206779
163,23,6056.518398
163,24,5877.490921
163,25,5799.541152
163,26,5657.729811
163,27,5631.219596
163,28,5597.486034
163,29,5522.637854
163,32,5496.157111
164,16,7645.403684
164,17,7220.096798
164,18,6553.545749
164,19,6338.836658
164,20,6168.626833
164,21,6121.206779
164,23,6056.518398
164,24,5877.490921
164,25,5799.541152
164,26,5657.729811
164,27,5631.219596
164,28,5597.486034
164,29,5522.637854
164,32,5496.157111
165,16,7645.403684
165,17,7193.620695
165,18,6553.545749
165,19,6338.836658
165,20,6168.626833
165,21,6121.206779
165,23,6047.888473
165,24,5877.396029
165,25,5799.541152
165,26,5657.729811
165,27,5631.219596
165,28,5597.486034
165,29,5522.637854
165,32,5483.640354
166,16,7645.403684
166,17,7193.620695
166,18,6553.545749
166,19,6338.836658
166,20,6168.626833
166,21,6121.206779
166,23,6047.888473
166,24,5877.396029
166,25,5799.541152
166,26,5657.729811
166,27,5631.219596
166,28,5597.486034
166,29,5522.637854
166,32,5483.640354
167,16,7645.403684
167,17,7193.620695
167,18,6553.545749
167,19,6338.836658
167,20,6168.626833
167,21,6121.206779
167,23,6047.888473
167,24,5877.396029
167,25,5799.541152
167,26,5657.729811
167,27,5631.219596
167,28,5597.486034
167,29,5522.637854
167,32,5483.640354
168,16,7645.403684
168,17,7193.620695
168,18,6553.545749
168,19,6338.836658
168,20,6168.626833
168,21,6121.206779
168,23,6047.888473
168,24,5877.396029
168,25,5799.541152
168,26,5657.729811
168,27,5631.219596
168,28,5597.486034
168,29,5522.637854
168,32,5483.640354
169,16,7645.403684
169,17,7193.620695
169,18,6553.545749
169,19,6338.836658
169,20,6168.626833
169,21,6121.206779
169,23,6047.888473
169,24,5840.564843
169,25,5799.541152
169,26,5657.729811
169,27,5631.219596
169,28,5597.486034
169,29,5522.637854
169,32,5483.640354
170,16,7645.403684
170,17,7193.620695
170,18,6553.545749
170,19,6338.836658
170,20,6168.626833
170,21,6121.206779
170,23,5990.251117
170,24,5840.564843
170,25,5773.673610
170,26,5657.729811
170,27,5615.820675
170,28,5597.486034
170,29,5522.637854
170,32,5483.640354
171,16,7645.403684
171,17,7193.620695
171,18,6553.545749
171,19,6338.836658
171,20,6168.626833
171,21,5974.570990
171,24,5840.564843
171,25,5773.673610
171,26,5657.729811
171,27,5615.820675
171,28,5597.486034
171,29,5522.637854
171,32,5483.640354
172,16,7645.403684
172,17,7116.131611
172,18,6553.545749
172,19,6338.836658
172,20,6168.626833
172,21,5974.570990
172,24,5840.564843
172,25,5773.673610
172,26,5657.729811
172,27,5615.820675
172,28,5597.486034
172,29,5522.637854
172,32,5483.640354
173,16,7645.403684
173,17,7116.131611
173,18,6553.545749
173,19,6338.836658
173,20,6168.626833
173,21,5974.570990
173,24,5840.564843
173,25,5773.673610
173,26,5657.729811
173,27,5615.820675
173,28,5597.486034
173,29,5522.637854
173,32,5483.640354
174,16,7645.403684
174,17,6653.995195
174,18,6553.545749
174,19,6338.836658
174,20,6168.626833
174,21,5974.570990
174,24,5840.564843
174,25,5773.673610
174,26,5657.729811
174,27,5615.820675
174,28,5597.486034
174,29,5522.637854
174,32,5483.640354
175,16,7645.403684
175,17,6653.995195
175,18,6553.545749
175,19,6338.836658
175,20,6107.480419
175,21,5974.570990
175,24,5840.564843
175,25,5763.472350
175,26,5657.729811
175,27,5615.820675
175,28,5597.486034
175,29,5522.637854
175,32,5483.640354
176,16,7645.403684
176,17,6653.995195
176,18,6553.545749
176,19,6338.836658
176,20,6107.480419
176,21,5974.570990
176,24,5840.564843
176,25,5763.472350
176,26,5657.729811
176,27,5615.820675
176,28,5597.486034
176,29,5522.637854
176,32,5483.640354
177,16,7645.403684
177,17,6653.995195
177,18,6553.545749
177,19,6338.836658
177,20,6107.480419
177,21,5974.570990
177,24,5786.316635
177,25,5763.472350
177,26,5657.729811
177,27,5615.820675
177,28,5597.486034
177,29,5522.637854
177,32,5483.640354
178,16,7645.403684
178,17,6653.995195
178,18,6553.545749
178,19,6286.216456
178,20,6107.480419
178,21,5974.570990
178,24,5786.316635
178,25,5763.472350
178,26,5657.729811
178,27,5615.820675
178,28,5597.486034
178,29,5522.637854
178,32,5483.640354
179,16,7645.403684
179,17,6653.995195
179,18,6553.545749
179,19,6286.216456
179,20,6107.480419
179,21,5974.570990
179,24,5786.316635
179,25,5729.706081
179,26,5657.729811
179,27,5615.820675
179,28,5597.486034
179,29,5522.637854
179,32,5483.640354
180,16,7645.403684
180,17,6653.995195
180,18,6553.545749
180,19,6267.791893
180,20,6090.852032
180,21,5974.570990
180,24,5786.316635
180,25,5729.706081
180,26,5655.835543
180,27,5615.820675
180,28,5597.486034
180,29,5517.623890
180,31,5470.016469
181,16,7645.403684
181,17,6653.995195
181,18,6553.545749
181,19,6267.791893
181,20,6090.852032
181,21,5974.570990
181,24,5786.316635
181,25,5729.706081
181,26,5655.835543
181,27,5615.820675
181,28,5597.486034
181,29,5517.623890
181,31,5470.016469
182,16,7645.403684
182,17,6653.995195
182,18,6553.545749
182,19,6267.791893
182,20,6090.852032
182,21,5974.570990
182,24,5786.316635
182,25,5729.706081
182,26,5655.835543
182,27,5615.820675
182,28,5597.486034
182,29,5501.958479
182,31,5470.016469
183,16,7645.403684
183,17,6653.995195
183,18,6553.545749
183,19,6267.791893
183,20,6090.852032
183,21,5974.570990
183,23,5940.013163
183,24,5786.316635
183,25,5729.706081
183,26,5655.835543
183,27,5615.820675
183,28,5597.486034
183,29,5501.958479
183,31,5470.016469
184,16,7645.403684
184,17,6653.995195
184,18,6553.545749
184,19,6267.791893
184,20,6090.852032
184,21,5974.570990
184,23,5940.013163
184,24,5786.316635
184,25,5729.706081
184,26,5655.835543
184,27,5615.820675
184,28,5597.486034
184,29,5501.958479
184,31,5470.016469
185,16,7645.403684
185,17,6653.995195
185,18,6553.545749
185,19,6267.791893
185,20,6075.932401
185,21,5964.958708
185,23,5940.013163
185,24,5754.162944
185,25,5729.706081
185,26,5638.783707
185,27,5570.547224
185,29,5501.958479
185,31,5470.016469
186,16,7645.403684
186,17,6653.995195
186,18,6553.545749
186,19,6267.791893
186,20,6075.932401
186,21,5964.958708
186,23,5940.013163
186,24,5754.162944
186,25,5729.706081
186,26,5638.783707
186,27,5570.547224
186,29,5501.958479
186,31,5470.016469
187,16,7645.403684
187,17,6653.995195
187,18,6553.545749
187,19,6267.791893
187,20,6075.932401
187,21,5964.958708
187,23,5940.013163
187,24,5754.162944
187,25,5630.827695
187,27,5570.547224
187,29,5501.958479
187,31,5470.016469
188,16,7645.403684
188,17,6653.995195
188,18,6553.545749
188,19,6267.791893
188,20,6075.932401
188,21,5964.958708
188,23,5940.013163
188,24,5754.162944
188,25,5630.827695
188,27,5570.547224
188,29,5501.958479
188,31,5470.016469
189,16,7239.301538
189,17,6653.995195
189,18,6553.545749
189,19,6267.791893
189,20,6075.932401
189,21,5964.958708
189,23,5940.013163
189,24,5754.162944
189,25,5576.108421
189,27,5570.547224
189,29,5501.958479
189,30,5457.590183
190,16,7239.301538
190,17,6653.995195
190,18,6484.258774
190,19,6174.779671
190,20,6075.932401
190,21,5964.958708
190,23,5893.996846
190,24,5713.748811
190,25,5570.573546
190,27,5570.547224
190,29,5501.958479
190,30,5457.590183
191,16,7206.117032
191,17,6653.995195
191,18,6484.258774
191,19,6174.779671
191,20,6075.932401
191,21,5964.958708
191,23,5893.996846
191,24,5713.748811
191,25,5570.573546
191,26,5552.538913
191,29,5501.958479
191,30,5457.590183
192,16,7206.117032
192,17,6653.995195
192,18,6484.258774
192,19,6174.779671
192,20,6075.932401
192,21,5964.958708
192,23,5893.996846
192,24,5713.748811
192,25,5570.573546
192,26,5552.538913
192,29,5501.958479
192,30,5457.590183
193,16,7069.635830
193,17,6653.995195
193,18,6484.258774
193,19,6174.779671
193,20,6075.932401
193,21,5964.958708
193,23,5893.996846
193,24,5713.748811
193,25,5570.573546
193,26,5552.538913
193,29,5501.958479
193,30,5457.590183
194,16,7069.635830
194,17,6653.995195
194,18,6484.258774
194,19,6174.779671
194,20,6075.932401
194,21,5964.958708
194,23,5893.996846
194,24,5713.748811
194,25,5570.573546
194,26,5552.538913
194,29,5476.902307
194,30,5457.590183
195,16,7069.635830
195,17,6653.995195
195,18,6484.258774
195,19,6133.507601
195,20,6033.791787
195,21,5964.958708
195,23,5886.673933
195,24,5713.748811
195,25,5570.573546
195,26,5552.538913
195,29,5449.121160
195,30,5446.488633
196,16,7069.635830
196,17,6653.995195
196,18,6484.258774
196,19,6133.507601
196,20,6033.791787
196,21,5964.958708
196,23,5886.673933
196,24,5713.748811
196,25,5570.573546
196,26,5552.538913
196,29,5449.121160
196,30,5446.488633
197,16,7069.635830
197,17,6653.995195
197,18,6484.258774
197,19,6133.507601
197,20,6033.791787
197,21,5964.958708
197,23,5757.586043
197,24,5713.748811
197,25,5570.573546
197,26,5552.538913
197,29,5449.121160
197,30,5446.488633
198,16,7069.635830
198,17,6653.995195
198,18,6484.258774
198,19,6133.507601
198,20,6033.791787
198,21,5964.958708
198,23,5757.586043
198,24,5713.748811
198,25,5570.573546
198,26,5552.538913
198,29,5449.121160
198,30,5446.488633
199,16,7069.635830
199,17,6653.995195
199,18,6484.258774
199,19,6133.507601
199,20,6033.791787
199,21,5964.958708
199,23,5757.586043
199,24,5713.748811
199,25,5570.573546
199,26,5552.538913
199,29,5449.121160
199,30,5446.488633
200,16,7069.635830
200,17,6653.995195
200,18,6429.415520
200,19,6090.759409
200,20,6023.499129
200,21,5964.958708
200,23,5757.586043
200,24,5713.748811
200,25,5551.119878
200,26,5551.037563
200,29,5425.841787
201,16,7069.635830
201,17,6653.995195
201,18,6429.415520
201,19,6090.759409
201,20,6023.499129
201,21,5964.958708
201,23,5757.586043
201,24,5713.748811
201,25,5551.119878
201,26,5551.037563
201,27,5548.148435
201,29,5425.841787
202,16,7069.635830
202,17,6653.995195
202,18,6429.415520
202,19,6090.759409
202,20,6023.499129
202,21,5964.958708
202,23,5757.586043
202,24,5671.245137
202,25,5551.119878
202,26,5551.037563
202,27,5548.148435
202,29,5425.841787
203,16,7069.635830
203,17,6653.995195
203,18,6429.415520
203,19,6090.759409
203,20,6023.499129
203,21,5964.958708
203,23,5757.586043
203,24,5671.245137
203,25,5551.119878
203,26,5551.037563
203,27,5548.148435
203,29,5425.841787
204,16,7069.635830
204,17,6653.995195
204,18,6429.415520
204,19,6090.759409
204,20,6023.499129
204,21,5964.958708
204,23,5757.586043
204,24,5671.245137
204,25,5551.119878
204,26,5551.037563
204,27,5548.148435
204,29,5425.841787
205,16,7069.635830
205,17,6653.995195
205,18,6429.415520
205,19,6090.759409
205,20,6023.499129
205,21,5943.467964
205,23,5742.060677
205,24,5671.245137
205,25,5551.119878
205,26,5551.037563
205,27,5542.645857
205,29,5425.841787
206,16,7069.635830
206,17,6653.995195
206,18,6429.415520
206,19,6090.759409
206,20,6023.499129
206,21,5943.467964
206,22,5879.756231
206,23,5742.060677
206,24,5671.245137
206,25,5551.119878
206,26,5551.037563
206,27,5542.645857
206,29,5425.841787
207,16,7069.635830
207,17,6653.995195
207,18,6429.415520
207,19,6090.759409
207,20,6023.499129
207,21,5943.467964
207,22,5879.756231
207,23,5742.060677
207,24,5671.245137
207,25,5551.119878
207,26,5551.037563
207,27,5542.645857
207,29,5425.841787
208,16,7069.635830
208,17,6653.965729
208,18,6429.415520
208,19,6090.759409
208,20,6023.499129
208,21,5943.467964
208,22,5879.756231
208,23,5742.060677
208,24,5671.245137
208,25,5551.119878
208,26,5551.037563
208,27,5504.609796
208,29,5425.841787
209,16,6831.976786
209,17,6653.965729
209,18,6429.415520
209,19,6090.759409
209,20,6023.499129
209,21,5943.467964
209,22,5879.756231
209,23,5742.060677
209,24,5671.245137
209,25,5551.119878
209,26,5547.036334
209,27,5504.609796
209,29,5425.841787
210,16,6831.976786
210,17,6653.965729
210,18,6429.415520
210,19,6090.759409
210,20,5993.367194
210,21,5943.467964
210,22,5873.488245
210,23,5742.060677
210,24,5623.471334
210,25,5551.119878
210,26,5547.036334
210,27,5504.609796
210,29,5425.841787
211,16,6831.976786
211,17,6653.965729
211,18,6429.415520
211,19,6090.759409
211,20,5993.367194
211,21,5943.467964
211,22,5873.488245
211,23,5742.060677
211,24,5623.471334
211,25,5551.119878
211,26,5547.036334
211,27,5504.609796
211,29,5425.841787
212,15,7741.728009
212,16,6831.976786
212,17,6653.965729
212,18,6429.415520
212,19,6090.759409
212,20,5993.367194
212,21,5943.467964
212,22,5873.488245
212,23,5742.060677
212,24,5623.471334
212,25,5551.119878
212,26,5547.036334
212,27,5504.609796
212,29,5425.841787
213,15,7389.234973
213,16,6831.976786
213,17,6653.965729
213,18,6429.415520
213,19,6090.759409
213,20,5993.367194
213,21,5943.467964
213,22,5873.488245
213,23,5742.060677
213,24,5623.471334
213,25,5545.176719
213,27,5504.609796
213,29,5425.841787
214,15,7389.234973
214,16,6831.976786
214,17,6653.965729
214,18,6429.415520
214,19,6090.759409
214,20,5993.367194
214,21,5943.467964
214,22,5873.488245
214,23,5742.060677
214,24,5623.471334
214,25,5545.176719
214,27,5504.609796
214,28,5500.219318
214,29,5425.841787
215,15,7389.234973
215,16,6831.976786
215,17,6653.965729
215,18,6429.415520
215,19,5995.776246
215,20,5993.367194
215,21,5943.467964
215,22,5847.037970
215,23,5668.883510
215,24,5623.471334
215,25,5536.586341
215,27,5480.203942
215,29,5425.841787
216,15,7389.234973
216,16,6831.976786
216,17,6653.965729
216,18,6429.415520
216,19,5995.776246
216,20,5993.367194
216,21,5943.467964
216,22,5847.037970
216,23,5668.883510
216,24,5623.471334
216,25,5511.237898
216,27,5480.203942
216,29,5425.841787
217,15,7144.536808
217,16,6768.193789
217,17,6653.965729
217,18,6429.415520
217,19,5995.776246
217,20,5993.367194
217,21,5943.467964
217,22,5847.037970
217,23,5668.883510
217,24,5623.471334
217,25,5511.237898
217,26,5501.517345
217,27,5480.203942
217,29,5425.841787
218,15,7144.536808
218,16,6768.193789
218,17,6653.965729
218,18,6429.415520
218,19,5995.776246
218,20,5912.703267
218,22,5696.137300
218,23,5668.883510
218,24,5623.471334
218,25,5511.237898
218,26,5501.517345
218,27,5480.203942
218,29,5425.841787
219,15,7125.414597
219,16,6768.193789
219,17,6653.965729
219,18,6429.415520
219,19,5995.776246
219,20,5912.703267
219,22,5696.137300
219,23,5668.883510
219,24,5623.471334
219,25,5511.237898
219,26,5501.517345
219,27,5480.203942
219,29,5425.841787
220,15,7125.414597
220,16,6768.193789
220,17,6653.965729
220,18,6394.277228
220,19,5995.776246
220,20,5912.703267
220,22,5696.137300
220,23,5668.883510
220,24,5623.471334
220,25,5492.989924
220,26,5490.707708
220,27,5480.203942
220,29,5425.841787
221,15,7125.414597
221,16,6768.193789
221,17,6653.965729
221,18,6394.277228
221,19,5995.776246
221,20,5912.703267
221,22,5696.137300
221,23,5668.883510
221,24,5623.471334
221,25,5492.989924
221,26,5490.707708
221,27,5480.203942
221,29,5425.841787
222,15,7125.414597
222,16,6768.193789
222,17,6653.965729
222,18,6394.277228
222,19,5995.776246
222,20,5912.703267
222,22,5696.137300
222,23,5668.883510
222,24,5623.471334
222,25,5492.989924
222,26,5490.707708
222,27,5480.203942
222,29,5425.841787
223,15,7125.414597
223,16,6768.193789
223,17,6590.624379
223,18,6394.277228
223,19,5995.776246
223,20,5858.804838
223,22,5696.137300
223,23,5668.883510
223,24,5623.471334
223,25,5492.989924
223,26,5490.707708
223,27,5475.307971
223,29,5425.841787
224,15,7125.414597
224,16,6768.193789
224,17,6590.624379
224,18,6394.277228
224,19,5995.776246
224,20,5858.804838
224,22,5696.137300
224,23,5668.883510
224,24,5623.471334
224,25,5492.989924
224,26,5490.707708
224,27,5475.307971
224,29,5425.841787
225,15,7125.414597
225,16,6768.193789
225,17,6590.624379
225,18,6387.669933
225,19,5995.776246
225,20,5831.219002
225,22,5692.095687
225,23,5668.883510
225,24,5623.471334
225,25,5492.989924
225,26,5490.707708
225,27,5475.307971
225,29,5425.841787
226,15,7125.414597
226,16,6722.991491
226,17,6502.621124
226,18,6387.669933
226,19,5995.776246
226,20,5831.219002
226,22,5692.095687
226,23,5668.883510
226,24,5623.471334
226,25,5492.989924
226,26,5490.707708
226,27,5475.307971
226,29,5425.841787
227,15,7032.504013
227,16,6722.991491
227,17,6502.621124
227,18,6387.669933
227,19,5995.776246
227,20,5831.219002
227,22,5692.095687
227,23,5668.883510
227,24,5623.471334
227,25,5492.989924
227,26,5490.707708
227,27,5475.307971
227,29,5425.841787
228,15,6916.256808
228,16,6722.991491
228,17,6502.621124
228,18,6387.669933
228,19,5995.776246
228,20,5831.219002
228,22,5692.095687
228,23,5668.883510
228,24,5623.471334
228,25,5492.989924
228,26,5490.707708
228,27,5475.307971
228,29,5425.841787
229,15,6916.256808
229,16,6722.991491
229,17,6502.621124
229,18,6387.669933
229,19,5995.776246
229,20,5831.219002
229,22,5692.095687
229,23,5668.883510
229,24,5623.471334
229,25,5492.989924
229,26,5478.435436
229,27,5475.307971
229,29,5425.841787
230,15,6916.256808
230,16,6722.991491
230,17,6502.621124
230,18,6387.669933
230,19,5955.562977
230,20,5831.219002
230,22,5672.298421
230,23,5668.883510
230,24,5623.471334
230,25,5492.989924
230,26,5478.435436
230,27,5465.660687
230,29,5373.601150
231,15,6916.256808
231,16,6722.991491
231,17,6502.621124
231,18,6387.669933
231,19,5955.562977
231,20,5831.219002
231,22,5672.298421
231,23,5668.883510
231,24,5623.471334
231,25,5492.989924
231,26,5478.435436
231,27,5465.660687
231,29,5373.601150
232,15,6916.256808
232,16,6722.991491
232,17,6502.621124
232,18,6387.669933
232,19,5955.562977
232,20,5831.219002
232,22,5672.298421
232,23,5668.883510
232,24,5602.200172
232,25,5492.989924
232,26,5478.435436
232,27,5465.660687
232,29,5373.601150
233,15,6916.256808
233,16,6722.991491
233,17,6502.621124
233,18,6387.669933
233,19,5955.562977
233,20,5831.219002
233,22,5672.298421
233,23,5668.883510
233,24,5602.200172
233,25,5492.989924
233,26,5478.435436
233,27,5465.660687
233,29,5373.601150
234,15,6916.256808
234,16,6722.991491
234,17,6502.621124
234,18,6387.669933
234,19,5955.562977
234,20,5776.332695
234,22,5672.298421
234,23,5649.564869
234,24,5602.200172
234,25,5492.989924
234,26,5478.435436
234,27,5465.660687
234,29,5373.601150
235,15,6916.256808
235,16,6713.954176
235,17,6484.415519
235,18,6387.669933
235,19,5955.562977
235,20,5776.332695
235,21,5728.526094
235,22,5672.298421
235,23,5648.592550
235,24,5602.200172
235,25,5492.989924
235,26,5478.435436
235,27,5442.579646
235,28,5435.976774
235,29,5367.044614
236,15,6916.256808
236,16,6713.954176
236,17,6470.977864
236,18,6387.669933
236,19,5955.562977
236,20,5776.332695
236,21,5691.871111
236,22,5672.298421
236,23,5648.592550
236,24,5576.579919
236,25,5481.290925
236,26,5478.435436
236,27,5442.579646
236,28,5435.976774
236,29,5367.044614
237,15,6916.256808
237,16,6713.954176
237,17,6470.977864
237,18,6387.669933
237,19,5955.562977
237,20,5776.332695
237,21,5691.871111
237,22,5672.298421
237,23,5648.592550
237,24,5576.579919
237,25,5481.290925
237,26,5478.435436
237,27,5442.579646
237,28,5435.976774
237,29,5367.044614
238,15,6916.256808
238,16,6713.954176
238,17,6422.658925
238,18,6387.669933
238,19,5955.562977
238,20,5776.332695
238,21,5691.871111
238,22,5672.298421
238,23,5648.592550
238,24,5576.579919
238,25,5481.290925
238,26,5478.435436
238,27,5442.579646
238,28,5435.976774
238,29,5367.044614
239,15,6916.256808
239,16,6713.954176
239,17,6422.658925
239,18,6387.669933
239,19,5955.562977
239,20,5776.332695
239,21,5691.871111
239,22,5672.298421
239,23,5640.676012
239,24,5576.579919
239,25,5481.290925
239,26,5478.435436
239,27,5442.579646
239,28,5435.976774
239,29,5367.044614
240,15,6916.256808
240,16,6713.954176
240,17,6422.658925
240,18,6387.669933
240,19,5955.562977
240,20,5776.332695
240,21,5666.251816
240,23,5640.676012
240,24,5576.579919
240,25,5480.665415
240,26,5476.275968
240,27,5442.579646
240,28,5398.874026
240,29,5333.941795
241,14,7644.199179
241,15,6916.256808
241,16,6713.954176
241,17,6422.658925
241,18,6387.669933
241,19,5955.562977
241,20,5776.332695
241,21,5666.251816
241,23,5640.676012
241,24,5576.579919
241,25,5480.665415
241,26,5476.275968
241,27,5442.579646
241,28,5398.874026
241,29,5333.941795
242,14,7644.199179
242,15,6916.256808
242,16,6713.954176
242,17,6422.658925
242,18,6387.669933
242,19,5955.562977
242,20,5776.332695
242,21,5666.251816
242,23,5640.676012
242,24,5576.579919
242,25,5480.665415
242,26,5476.275968
242,27,5442.579646
242,28,5398.874026
242,29,5333.941795
243,14,7644.199179
243,15,6916.256808
243,16,6713.954176
243,17,6377.471566
243,19,5955.562977
243,20,5776.332695
243,21,5666.251816
243,23,5640.676012
243,24,5542.299639
243,25,5480.665415
243,26,5476.275968
243,27,5442.579646
243,28,5398.874026
243,29,5333.941795
244,14,7644.199179
244,15,6916.256808
244,16,6713.954176
244,17,6377.471566
244,19,5955.562977
244,20,5776.332695
244,21,5666.251816
244,23,5640.676012
244,24,5542.299639
244,25,5480.665415
244,26,5476.275968
244,27,5442.579646
244,28,5398.874026
244,29,5333.941795
245,14,7644.199179
245,15,6916.256808
245,16,6665.643223
245,17,6377.471566
245,19,5935.442110
245,20,5744.352295
245,21,5666.251816
245,23,5626.380395
245,24,5542.299639
245,25,5480.665415
245,26,5476.050366
245,27,5442.579646
245,28,5398.874026
245,29,5333.941795
246,14,7644.199179
246,15,6916.256808
246,16,6665.643223
246,17,6377.471566
246,19,5935.442110
246,20,5741.871428
246,21,5666.251816
246,23,5626.380395
246,24,5542.299639
246,25,5480.665415
246,26,5476.050366
246,27,5442.579646
246,28,5398.874026
246,29,5333.941795
247,14,7644.199179
247,15,6916.256808
247,16,6665.643223
247,17,6377.471566
247,19,5935.442110
247,20,5741.871428
247,21,5666.251816
247,23,5618.936006
247,24,5542.299639
247,25,5480.665415
247,26,5476.050366
247,27,5411.459948
247,28,5398.874026
247,29,5333.941795
248,14,7644.199179
248,15,6699.612357
248,16,6665.643223
248,17,6377.471566
248,19,5935.442110
248,20,5741.871428
248,21,5666.251816
248,23,5618.936006
248,24,5542.299639
248,25,5452.229679
248,27,5411.459948
248,28,5398.874026
248,29,5333.941795
249,14,7644.199179
249,15,6699.612357
249,16,6600.153464
249,17,6377.471566
249,19,5935.442110
249,20,5741.871428
249,21,5666.251816
249,23,5618.936006
249,24,5542.299639
249,25,5452.229679
249,27,5411.459948
249,28,5398.874026
249,29,5333.941795
250,14,7644.199179
250,15,6654.178853
250,16,6600.153464
250,17,6377.471566
250,18,6310.540299
250,19,5888.873285
250,20,5741.871428
250,21,5622.962456
250,23,5618.936006
250,24,5542.299639
250,25,5452.229679
250,27,5411.459948
250,28,5393.573950
250,29,5333.941795
251,14,7644.199179
251,15,6654.178853
251,16,6600.153464
251,17,6377.471566
251,18,6310.540299
251,19,5888.873285
251,20,5741.871428
251,21,5622.962456
251,23,5618.936006
251,24,5542.299639
251,25,5452.229679
251,27,5411.459948
251,28,5393.573950
251,29,5333.941795
252,14,7644.199179
252,15,6654.178853
252,16,6600.153464
252,17,6377.471566
252,18,6310.540299
252,19,5888.873285
252,20,5741.871428
252,21,5622.962456
252,23,5550.205473
252,24,5542.299639
252,25,5452.229679
252,27,5411.459948
252,28,5393.573950
252,29,5333.941795
253,14,7644.199179
253,15,6654.178853
253,16,6600.153464
253,17,6377.471566
253,18,6310.540299
253,19,5888.873285
253,20,5741.871428
253,21,5622.962456
253,23,5550.205473
253,24,5542.299639
253,25,5452.229679
253,27,5411.459948
253,28,5393.573950
253,29,5333.941795
254,14,7634.690489
254,15,6592.906005
254,17,6377.471566
254,18,6310.540299
254,19,5888.873285
254,20,5741.871428
254,21,5622.962456
254,23,5550.205473
254,24,5542.299639
254,25,5452.229679
254,27,5411.459948
254,28,5393.573950
254,29,5333.941795
255,14,7634.690489
255,15,6592.906005
255,17,6377.471566
255,18,6253.353993
255,19,5880.108249
255,20,5706.395327
255,21,5616.308847
255,23,5550.205473
255,24,5542.299639
255,25,5452.229679
255,27,5393.871498
255,28,5393.573950
255,29,5324.527180
256,14,7634.690489
256,15,6592.906005
256,17,6377.471566
256,18,6253.353993
256,19,5880.108249
256,20,5706.395327
256,21,5616.308847
256,23,5550.205473
256,24,5542.299639
256,25,5452.229679
256,27,5393.871498
256,28,5393.573950
256,29,5324.527180
257,14,7634.690489
257,15,6592.906005
257,17,6377.471566
257,18,6253.353993
257,19,5880.108249
257,20,5706.395327
257,21,5616.308847
257,23,5550.205473
257,24,5542.299639
257,25,5452.229679
257,27,5393.871498
257,28,5393.573950
257,29,5324.527180
258,14,7377.609398
258,15,6592.906005
258,16,6478.316439
258,17,6377.471566
258,18,6253.353993
258,19,5880.108249
258,20,5706.395327
258,21,5616.308847
258,23,5550.205473
258,24,5542.299639
258,25,5404.636608
258,27,5393.871498
258,28,5393.573950
258,29,5324.527180
259,14,7377.609398
259,15,6592.906005
259,16,6435.695494
259,17,6377.471566
259,18,6253.353993
259,19,5880.108249
259,20,5706.395327
259,21,5616.308847
259,23,5550.205473
259,24,5542.299639
259,25,5404.636608
259,27,5393.871498
259,28,5393.573950
259,29,5324.527180
260,14,7377.609398
260,15,6581.781024
260,16,6435.695494
260,17,6365.592013
260,18,6253.022004
260,19,5842.232325
260,20,5696.754701
260,21,5616.308847
260,23,5550.205473
260,24,5542.299639
260,25,5404.636608
260,27,5393.871498
260,28,5393.573950
260,29,5324.527180
261,14,7377.609398
261,15,6581.781024
261,16,6435.695494
261,17,6365.592013
261,18,6253.022004
261,19,5842.232325
261,20,5696.754701
261,21,5616.308847
261,23,5550.205473
261,24,5542.299639
261,25,5391.017694
261,29,5324.527180
262,14,7377.609398
262,15,6581.781024
262,16,6435.695494
262,17,6365.592013
262,18,6253.022004
262,19,5842.232325
262,20,5696.754701
262,21,5616.308847
262,23,5550.205473
262,24,5542.299639
262,25,5391.017694
262,29,5324.527180
263,14,7377.609398
263,15,6581.781024
263,16,6435.695494
263,17,6365.592013
263,18,6253.022004
263,19,5842.232325
263,20,5696.754701
263,21,5616.308847
263,23,5550.205473
263,24,5542.299639
263,25,5391.017694
263,29,5324.527180
264,14,7377.609398
264,15,6495.629546
264,16,6435.695494
264,17,6333.578724
264,18,6212.831603
264,19,5842.232325
264,20,5696.754701
264,21,5616.308847
264,23,5550.205473
264,24,5542.299639
264,25,5391.017694
264,29,5324.527180
265,14,7377.609398
265,15,6495.629546
265,16,6434.797589
265,17,6327.520160
265,18,6212.831603
265,19,5840.593248
265,20,5662.718253
265,21,5608.635550
265,23,5542.238309
265,25,5391.017694
265,29,5324.527180
266,14,7377.609398
266,15,6495.629546
266,16,6434.797589
266,17,6327.520160
266,18,6212.831603
266,19,5840.593248
266,20,5662.718253
266,21,5608.635550
266,23,5542.238309
266,24,5523.370716
266,25,5391.017694
266,29,5324.527180
267,14,7377.609398
267,15,6495.629546
267,16,6434.797589
267,17,6327.520160
267,18,6212.831603
267,19,5840.593248
267,20,5662.718253
267,21,5608.635550
267,23,5542.238309
267,24,5523.370716
267,25,5377.035138
267,29,5324.527180
268,14,7377.609398
268,15,6495.629546
268,16,6434.797589
268,17,6327.520160
268,18,6212.831603
268,19,5840.593248
268,20,5662.718253
268,21,5608.635550
268,22,5538.427882
268,24,5523.370716
268,25,5377.035138
268,29,5324.527180
269,14,7377.609398
269,15,6495.629546
269,16,6434.797589
269,17,6327.520160
269,18,6212.831603
269,19,5840.593248
269,20,5662.718253
269,21,5608.635550
269,22,5538.427882
269,24,5523.370716
269,25,5377.035138
269,29,5324.527180
270,14,7300.792933
270,15,6495.629546
270,16,6354.559621
270,17,6327.520160
270,18,6204.586295
270,19,5840.593248
270,20,5662.718253
270,21,5608.635550
270,22,5538.427882
270,24,5500.580813
270,25,5377.035138
270,29,5324.527180
271,14,7300.792933
271,15,6495.629546
271,16,6354.559621
271,17,6327.520160
271,18,6204.586295
271,19,5840.593248
271,20,5662.718253
271,21,5608.635550
271,22,5538.427882
271,24,5500.580813
271,25,5377.035138
271,29,5324.527180
272,14,6901.556057
272,15,6495.629546
272,16,6354.559621
272,17,6327.520160
272,18,6204.586295
272,19,5840.593248
272,20,5662.718253
272,21,5608.635550
272,22,5538.427882
272,24,5500.580813
272,25,5377.035138
272,29,5324.527180
273,14,6901.556057
273,15,6495.629546
273,16,6354.559621
273,17,6327.520160
273,18,6204.586295
273,19,5840.593248
273,20,5662.718253
273,21,5608.635550
273,22,5538.427882
273,23,5531.952666
273,24,5500.580813
273,25,5377.035138
273,29,5324.527180
274,14,6901.556057
274,15,6491.248544
274,16,6288.871191
274,18,6204.586295
274,19,5840.593248
274,20,5655.547793
274,21,5608.635550
274,22,5538.427882
274,23,5531.952666
274,24,5500.580813
274,25,5377.035138
274,29,5324.527180
275,14,6648.193615
275,15,6491.248544
275,16,6191.103389
275,19,5840.593248
275,20,5655.547793
275,21,5608.635550
275,22,5538.427882
275,23,5531.952666
275,24,5500.580813
275,25,5376.761167
275,29,5319.944502
276,14,6648.193615
276,15,6491.248544
276,16,6191.103389
276,19,5840.593248
276,20,5655.547793
276,21,5608.635550
276,22,5538.427882
276,23,5531.952666
276,24,5500.580813
276,25,5376.761167
276,29,5319.944502
277,14,6648.193615
277,15,6481.013322
277,16,6191.103389
277,17,6083.401327
277,19,5840.593248
277,20,5655.547793
277,21,5608.635550
277,22,5538.427882
277,23,5531.952666
277,24,5500.580813
277,25,5376.761167
277,29,5319.944502
278,13,8023.137792
278,14,6648.193615
278,15,6423.685933
278,16,6191.103389
278,17,6083.401327
278,19,5840.593248
278,20,5655.547793
278,21,5608.635550
278,22,5538.427882
278,23,5531.952666
278,24,5500.580813
278,25,5376.761167
278,29,5319.944502
279,13,8023.137792
279,14,6630.358325
279,15,6423.685933
279,16,6191.103389
279,17,5842.186689
279,19,5840.593248
279,20,5655.547793
279,21,5608.635550
279,22,5538.427882
279,23,5531.952666
279,24,5500.580813
279,25,5376.761167
279,29,5319.944502
280,13,8023.137792
280,14,6630.358325
280,15,6379.010941
280,16,6191.103389
280,17,5842.186689
280,19,5832.744607
280,20,5655.547793
280,21,5608.635550
280,22,5538.427882
280,23,5531.952666
280,24,5491.630255
280,25,5376.761167
280,29,5319.944502
280,30,5297.780359
281,13,8023.137792
281,14,6630.358325
281,15,6379.010941
281,16,6191.103389
281,17,5842.186689
281,19,5832.744607
281,20,5655.547793
281,21,5608.635550
281,22,5538.427882
281,23,5531.952666
281,24,5491.630255
281,25,5376.761167
281,29,5317.951005
281,30,5297.780359
282,13,8023.137792
282,14,6630.358325
282,15,6379.010941
282,16,6191.103389
282,17,5842.186689
282,19,5832.744607
282,20,5655.547793
282,21,5608.635550
282,22,5538.427882
282,23,5531.952666
282,24,5491.630255
282,25,5376.761167
282,29,5317.951005
282,30,5297.780359
282,32,5276.980920
283,13,8023.137792
283,14,6630.358325
283,15,6379.010941
283,16,6191.103389
283,17,5842.186689
283,19,5832.744607
283,20,5655.547793
283,21,5608.635550
283,22,5538.427882
283,23,5531.952666
283,24,5458.146369
283,25,5376.761167
283,29,5317.951005
283,30,5297.780359
283,32,5276.980920
284,13,8023.137792
284,14,6630.358325
284,15,6379.010941
284,16,6191.103389
284,17,5842.186689
284,19,5832.744607
284,20,5655.547793
284,21,5608.635550
284,22,5504.881728
284,24,5458.146369
284,25,5376.761167
284,29,5317.951005
284,30,5297.780359
284,32,5276.980920
285,13,7174.970609
285,14,6630.358325
285,15,6379.010941
285,16,6191.103389
285,17,5842.186689
285,19,5832.744607
285,20,5655.547793
285,21,5555.769923
285,22,5504.881728
285,23,5503.668108
285,24,5458.146369
285,25,5376.761167
285,29,5317.951005
285,30,5296.598396
285,32,5255.048855
286,13,7174.970609
286,14,6630.358325
286,15,6379.010941
286,16,6191.103389
286,17,5802.502923
286,20,5655.547793
286,21,5555.769923
286,22,5504.881728
286,23,5503.668108
286,24,5458.146369
286,25,5376.761167
286,29,5317.951005
286,30,5296.598396
286,32,5255.048855
287,13,7174.970609
287,14,6630.358325
287,15,6379.010941
287,16,6191.103389
287,17,5764.456030
287,20,5655.547793
287,21,5555.769923
287,22,5504.881728
287,23,5503.668108
287,24,5458.146369
287,25,5376.761167
287,29,5317.951005
287,30,5296.598396
287,32,5255.048855
288,13,7174.970609
288,14,6630.358325
288,15,6379.010941
288,16,6191.103389
288,17,5764.456030
288,20,5655.547793
288,21,5555.769923
288,22,5504.881728
288,23,5503.668108
288,24,5458.146369
288,25,5376.761167
288,29,5317.951005
288,30,5296.598396
288,32,5255.048855
289,13,7174.970609
289,14,6630.358325
289,15,6379.010941
289,16,6191.103389
289,17,5764.456030
289,20,5655.547793
289,21,5555.769923
289,22,5504.881728
289,23,5503.668108
289,24,5458.146369
289,25,5376.761167
289,29,5317.951005
289,30,5296.598396
289,32,5255.048855
290,13,7174.970609
290,14,6630.358325
290,15,6350.745465
290,16,6191.103389
290,17,5723.659671
290,20,5655.547793
290,21,5555.769923
290,22,5504.881728
290,23,5503.668108
290,24,5455.363923
290,25,5376.761167
290,29,5317.951005
290,30,5288.866017
290,31,5253.544312
291,13,7174.970609
291,14,6617.241591
291,15,6350.745465
291,16,6191.103389
291,17,5723.659671
291,20,5655.547793
291,21,5555.769923
291,22,5504.881728
291,23,5503.668108
291,24,5455.363923
291,25,5376.761167
291,29,5317.951005
291,30,5288.866017
291,31,5253.544312
292,13,7174.970609
292,14,6617.241591
292,15,6350.745465
292,16,6191.103389
292,17,5723.659671
292,20,5655.547793
292,21,5555.769923
292,22,5504.881728
292,23,5503.668108
292,24,5455.363923
292,25,5376.761167
292,29,5317.951005
292,30,5288.866017
292,31,5253.544312
293,13,7174.970609
293,14,6617.241591
293,15,6350.745465
293,16,6191.103389
293,17,5723.659671
293,20,5655.547793
293,21,5555.769923
293,22,5504.881728
293,23,5503.668108
293,24,5455.363923
293,25,5376.761167
293,29,5317.951005
293,30,5288.866017
293,31,5253.544312
294,13,7174.970609
294,14,6617.241591
294,15,6350.745465
294,16,6191.103389
294,17,5723.659671
294,20,5655.547793
294,21,5555.769923
294,22,5504.881728
294,23,5503.668108
294,24,5455.363923
294,25,5376.761167
294,29,5317.951005
294,30,5288.866017
294,31,5253.544312
295,13,7174.970609
295,14,6617.241591
295,15,6239.527892
295,16,6191.103389
295,17,5723.659671
295,20,5655.547793
295,21,5524.809965
295,22,5504.881728
295,23,5503.668108
295,24,5455.363923
295,25,5376.761167
295,29,5247.182550
296,13,7174.970609
296,14,6617.241591
296,15,6239.527892
296,16,6191.103389
296,17,5723.659671
296,20,5655.547793
296,21,5524.809965
296,22,5504.881728
296,23,5503.668108
296,24,5455.363923
296,25,5376.761167
296,27,5353.210316
296,29,5247.182550
297,13,7174.970609
297,14,6617.241591
297,15,6239.527892
297,16,6191.103389
297,17,5723.659671
297,20,5655.547793
297,21,5524.809965
297,22,5504.881728
297,23,5464.621585
297,24,5455.363923
297,25,5376.761167
297,27,5353.210316
297,29,5247.182550
298,13,7174.970609
298,14,6617.241591
298,15,6239.527892
298,16,6191.103389
298,17,5723.659671
298,20,5655.547793
298,21,5524.809965
298,22,5504.881728
298,23,5464.621585
298,24,5455.363923
298,25,5376.761167
298,26,5359.374510
298,27,5353.210316
298,29,5247.182550
299,13,7174.970609
299,14,6564.949596
299,15,6239.527892
299,16,6180.487129
299,17,5723.659671
299,18,5653.574107
299,21,5524.809965
299,22,5504.881728
299,23,5464.621585
299,24,5455.363923
299,25,5376.761167
299,26,5359.374510
299,27,5353.210316
299,29,5247.182550
300,13,7174.970609
300,14,6564.949596
300,15,6239.527892
300,16,6180.487129
300,17,5652.241204
300,21,5524.809965
300,22,5504.881728
300,23,5464.621585
300,24,5408.710298
300,25,5376.761167
300,26,5359.374510
300,27,5353.210316
300,29,5247.182550
301,13,7174.970609
301,14,6564.949596
301,15,6239.527892
301,16,6180.487129
301,17,5652.241204
301,21,5524.809965
301,22,5501.696439
301,23,5464.621585
301,24,5408.710298
301,25,5376.761167
301,26,5359.374510
301,27,5353.210316
301,29,5247.182550
302,13,7174.970609
302,14,6564.949596
302,15,6239.527892
302,16,6180.487129
302,17,5652.241204
302,21,5511.432151
302,22,5501.696439
302,23,5464.621585
302,24,5408.710298
302,25,5376.761167
302,26,5359.374510
302,27,5353.210316
302,28,5271.291086
302,29,5247.182550
303,13,7174.970609
303,14,6564.949596
303,15,6239.527892
303,16,6180.487129
303,17,5652.241204
303,20,5620.026373
303,21,5511.432151
303,22,5452.602923
303,23,5383.850290
303,25,5376.761167
303,26,5359.374510
303,27,5353.210316
303,28,5271.291086
303,29,5247.182550
304,13,7174.970609
304,14,6564.949596
304,15,6239.527892
304,16,6180.487129
304,17,5647.168480
304,20,5620.026373
304,21,5511.432151
304,22,5452.602923
304,23,5383.850290
304,25,5376.761167
304,26,5359.374510
304,27,5353.210316
304,28,5271.291086
304,29,5247.182550
305,13,7174.970609
305,14,6564.949596
305,15,6239.527892
305,16,6054.435547
305,17,5647.168480
305,20,5620.026373
305,21,5499.922031
305,22,5452.602923
305,23,5383.850290
305,25,5376.761167
305,26,5359.374510
305,27,5353.210316
305,28,5268.876196
305,29,5247.182550
306,13,7174.970609
306,14,6564.949596
306,15,6239.527892
306,16,6054.435547
306,17,5647.168480
306,20,5620.026373
306,21,5499.922031
306,22,5452.602923
306,23,5383.850290
306,25,5376.761167
306,26,5359.374510
306,27,5353.210316
306,28,5268.876196
306,29,5247.182550
307,13,7174.970609
307,14,6564.949596
307,15,6239.527892
307,16,6054.435547
307,17,5647.168480
307,20,5620.026373
307,21,5499.922031
307,22,5452.602923
307,23,5383.850290
307,25,5376.761167
307,26,5359.374510
307,27,5353.210316
307,28,5268.876196
307,29,5247.175565
308,13,7174.970609
308,14,6564.949596
308,15,6239.527892
308,16,6054.435547
308,17,5647.168480
308,20,5620.026373
308,21,5499.922031
308,22,5426.504464
308,23,5383.850290
308,25,5348.492254
308,28,5268.876196
308,29,5247.175565
309,13,7174.970609
309,14,6530.356982
309,15,6239.527892
309,16,6054.435547
309,17,5647.168480
309,20,5620.026373
309,21,5499.922031
309,22,5426.504464
309,23,5383.850290
309,25,5348.492254
309,28,5268.876196
309,29,5247.175565
310,13,7174.970609
310,14,6530.356982
310,15,6235.836970
310,16,6054.435547
310,17,5647.168480
310,20,5620.026373
310,21,5484.658237
310,22,5426.504464
310,23,5383.850290
310,25,5348.492254
310,28,5268.876196
310,29,5247.175565
311,13,7174.970609
311,14,6530.356982
311,15,6235.836970
311,16,6054.435547
311,17,5647.168480
311,20,5605.327228
311,21,5484.658237
311,22,5426.504464
311,23,5383.850290
311,25,5348.492254
311,28,5268.876196
311,29,5247.175565
312,13,7174.970609
312,14,6530.356982
312,15,6235.836970
312,16,6054.435547
312,17,5647.168480
312,20,5605.327228
312,21,5484.658237
312,22,5426.504464
312,23,5380.928252
312,25,5348.492254
312,26,5281.486594
312,28,5268.876196
312,29,5247.175565
313,13,7174.970609
313,14,6530.356982
313,15,6235.836970
313,16,6054.435547
313,17,5647.168480
313,19,5521.838220
313,21,5484.658237
313,22,5426.504464
313,23,5380.928252
313,25,5348.492254
313,26,5281.486594
313,28,5268.876196
313,29,5247.175565
314,13,7174.970609
314,14,6530.356982
314,15,6182.377451
314,16,6054.435547
314,17,5647.168480
314,19,5521.838220
314,21,5484.658237
314,22,5393.142008
314,23,5380.928252
314,24,5336.330741
314,26,5281.486594
314,28,5268.876196
314,29,5247.175565
315,13,7174.970609
315,14,6530.356982
315,15,6182.377451
315,16,5573.698390
315,19,5505.394174
315,21,5472.236825
315,22,5393.142008
315,23,5380.928252
315,24,5336.330741
315,26,5281.486594
315,28,5264.817548
315,29,5247.175565
316,13,7174.970609
316,14,6530.356982
316,15,6182.377451
316,16,5573.698390
316,19,5505.394174
316,21,5472.236825
316,22,5393.142008
316,23,5380.928252
316,24,5336.330741
316,26,5281.486594
316,28,5264.817548
316,29,5247.175565
317,13,7174.970609
317,14,6530.356982
317,15,6182.377451
317,16,5573.698390
317,19,5505.394174
317,21,5472.236825
317,22,5393.142008
317,23,5376.708495
317,24,5336.330741
317,26,5281.486594
317,27,5261.086932
317,29,5247.175565
318,13,7174.970609
318,14,6530.356982
318,15,6182.377451
318,16,5573.698390
318,19,5505.394174
318,21,5472.236825
318,22,5393.142008
318,23,5376.708495
318,24,5336.330741
318,26,5281.486594
318,27,5261.086932
318,29,5247.175565
319,13,7174.970609
319,14,6528.511634
319,15,6182.377451
319,16,5573.698390
319,19,5491.887780
319,21,5472.236825
319,22,5393.142008
319,23,5282.914772
319,26,5281.486594
319,27,5261.086932
319,29,5247.175565
320,13,7174.970609
320,14,6528.511634
320,15,6169.269567
320,16,5573.030807
320,19,5491.887780
320,21,5472.236825
320,22,5393.142008
320,23,5282.914772
320,26,5281.486594
320,27,5261.086932
320,29,5247.175565
321,13,7174.970609
321,14,6528.511634
321,15,6169.269567
321,16,5573.030807
321,19,5491.887780
321,21,5472.236825
321,22,5393.142008
321,23,5282.914772
321,26,5281.486594
321,27,5261.086932
321,29,5247.175565
322,13,7073.667415
322,14,6528.511634
322,15,6169.269567
322,16,5573.030807
322,19,5491.887780
322,21,5472.236825
322,22,5393.142008
322,23,5282.914772
322,26,5281.486594
322,27,5261.086932
322,29,5247.175565
323,13,7073.667415
323,14,6528.511634
323,15,6169.269567
323,16,5573.030807
323,19,5491.887780
323,21,5472.236825
323,22,5353.127988
323,23,5282.914772
323,26,5281.486594
323,27,5243.320395
324,13,7073.667415
324,14,6528.511634
324,15,6169.269567
324,16,5573.030807
324,19,5491.887780
324,21,5472.236825
324,22,5353.127988
324,23,5282.914772
324,26,5281.486594
324,27,5243.320395
325,13,7073.667415
325,14,6503.237315
325,15,6169.269567
325,16,5573.030807
325,19,5491.887780
325,21,5472.236825
325,22,5352.055175
325,23,5282.914772
325,26,5281.486594
325,27,5243.320395
326,13,7073.667415
326,14,6503.237315
326,15,6169.269567
326,16,5573.030807
326,19,5491.887780
326,21,5472.236825
326,22,5352.055175
326,23,5282.914772
326,26,5281.486594
326,27,5243.320395
327,13,7073.667415
327,14,6503.237315
327,15,6169.269567
327,16,5573.030807
327,19,5491.887780
327,21,5472.236825
327,22,5352.055175
327,23,5282.914772
327,26,5281.486594
327,27,5243.320395
