Generation,NV,TOC
1,51,20059.874404
1,53,19788.741488
1,63,17783.779503
1,67,17156.220245
1,77,16696.234079
1,82,16498.939690
1,90,16394.327340
1,91,15912.717987
1,102,15808.857981
1,108,15519.128838
2,48,20868.518270
2,49,20423.071845
2,51,20059.874404
2,52,19571.449005
2,53,19276.034189
2,60,18177.190732
2,63,17783.779503
2,65,17101.393205
2,77,16696.234079
2,79,16087.382922
2,91,15912.717987
2,101,15826.622844
2,102,15808.857981
2,104,15789.684335
2,105,15531.060228
2,108,15519.128838
2,115,15456.207745
2,118,15403.650435
3,48,20868.518270
3,49,20423.071845
3,51,20059.874404
3,52,18711.877986
3,56,18601.251629
3,60,18177.190732
3,62,17763.004571
3,65,17101.393205
3,66,17094.303371
3,71,17094.097885
3,75,17091.009699
3,77,16696.234079
3,79,16087.382922
3,90,15965.734075
3,91,15912.717987
3,93,15698.492052
3,103,15511.433796
3,115,15456.207745
3,118,15297.801871
4,48,20868.518270
4,49,20423.071845
4,50,19955.644393
4,52,18711.877986
4,56,18601.251629
4,58,18557.752830
4,60,18177.190732
4,62,17763.004571
4,63,17272.069599
4,65,17101.393205
4,66,17094.303371
4,71,17094.097885
4,74,16562.277090
4,77,16525.696411
4,79,16087.382922
4,82,16067.760092
4,83,15802.557049
4,91,15016.843037
5,48,20868.518270
5,49,20180.546432
5,50,19955.175904
5,52,18711.877986
5,56,18601.251629
5,58,18454.191376
5,60,18177.190732
5,61,16821.483461
5,68,16571.118107
5,72,16310.765937
5,75,16225.785724
5,78,15988.250083
5,80,15718.691775
5,81,15611.267332
5,90,14972.297723
6,47,20817.834824
6,48,20300.412092
6,49,18638.050634
6,56,18601.251629
6,57,18179.184559
6,60,18076.298498
6,61,16821.483461
6,63,16558.367277
6,68,16465.683106
6,69,16371.491921
6,72,16310.765937
6,73,16134.580357
6,76,15916.015734
6,78,15647.842316
6,81,15611.267332
6,90,14972.297723
7,47,20817.834824
7,48,20300.412092
7,49,18638.050634
7,56,18601.251629
7,57,18179.184559
7,58,17765.449052
7,61,16821.483461
7,63,16558.367277
7,68,16212.823575
7,71,16070.181007
7,73,16062.783758
7,74,15945.051588
7,75,15796.923068
7,77,15638.054173
7,81,15503.952638
7,90,14972.297723
8,47,20817.834824
8,48,20300.412092
8,49,18285.365128
8,50,17722.155617
8,59,17419.685666
8,61,16821.483461
8,62,16572.885372
8,63,16517.874675
8,65,16444.658345
8,66,16006.394887
8,73,15829.010617
8,75,15796.923068
8,77,15638.054173
8,81,15503.952638
8,89,14888.254799
9,46,20922.775583
9,47,20591.857673
9,48,20300.412092
9,49,18285.365128
9,50,17722.155617
9,52,17387.911885
9,59,16698.155419
9,60,16540.467706
9,62,16308.426848
9,63,16303.973786
9,66,15838.512209
9,73,15627.435837
9,74,15623.007688
9,76,15136.894264
9,89,14776.167208
10,46,19967.228247
10,48,18089.498209
10,50,17722.155617
10,52,17387.911885
10,54,17237.313585
10,59,16277.555740
10,66,15838.512209
10,68,15270.048983
10,76,15136.894264
10,89,14776.167208
11,46,19967.228247
11,48,18089.498209
11,50,17722.155617
11,52,17387.911885
11,53,17177.469063
11,56,17096.116851
11,57,16648.893905
11,58,16561.837270
11,59,16277.555740
11,61,16190.638482
11,65,16008.720044
11,66,15838.512209
11,68,15270.048983
11,76,15136.894264
11,84,14997.249116
11,89,14775.178000
11,93,14731.098719
12,46,19967.228247
12,47,18482.524844
12,48,18089.498209
12,50,17722.155617
12,52,17387.911885
12,53,17177.469063
12,56,16928.353880
12,57,16648.893905
12,58,16561.837270
12,59,16277.555740
12,61,16190.638482
12,64,16046.631206
12,65,16008.720044
12,66,15838.512209
12,68,15270.048983
12,74,15228.306972
12,76,15136.894264
12,84,14997.249116
12,89,14775.178000
12,93,14618.953754
13,45,18999.183526
13,46,18982.418175
13,47,18070.277408
13,50,17722.155617
13,52,17345.935123
13,53,17177.469063
13,56,16822.789110
13,57,16648.893905
13,58,16561.837270
13,59,16277.555740
13,61,16190.638482
13,63,16187.606748
13,64,16046.631206
13,65,15853.465835
13,66,15195.917170
13,74,15123.533463
13,81,14831.128136
13,84,14809.888518
13,87,14623.642676
13,92,14581.196934
14,44,21969.015513
14,45,18999.183526
14,46,18895.886356
14,47,18070.277408
14,50,17722.155617
14,52,17345.935123
14,53,17098.278866
14,56,16822.789110
14,57,16549.004478
14,59,16277.555740
14,61,16190.638482
14,63,16187.606748
14,64,16046.631206
14,65,15853.465835
14,66,15195.917170
14,70,14960.236598
14,81,14831.128136
14,84,14809.888518
14,87,14623.642676
14,92,14361.687107
15,44,21969.015513
15,45,17561.679860
15,49,17168.174385
15,53,17098.278866
15,54,17072.755803
15,56,16652.864606
15,57,16549.004478
15,58,16437.590014
15,59,16277.555740
15,61,16190.638482
15,63,15865.545469
15,65,15853.465835
15,66,15195.917170
15,70,14960.236598
15,81,14831.128136
15,84,14809.888518
15,87,14623.642676
15,91,14271.988089
16,44,21969.015513
16,45,17561.679860
16,49,17168.174385
16,53,16628.548688
16,57,16159.953833
16,63,15865.545469
16,65,15483.535582
16,66,15195.917170
16,70,14960.236598
16,81,14831.128136
16,84,14809.888518
16,86,14716.608735
16,87,14623.642676
16,90,14435.137669
16,91,14271.988089
17,44,18055.177958
17,45,17561.679860
17,48,17454.241639
17,49,17168.174385
17,52,16679.706210
17,53,16628.548688
17,57,16159.953833
17,63,15786.917141
17,65,15483.535582
17,66,15195.917170
17,67,14922.657634
17,78,14794.857347
17,80,14659.106147
17,87,14623.642676
17,89,14571.433972
17,90,14435.137669
17,91,14271.988089
18,44,18055.177958
18,45,17561.679860
18,46,17517.326213
18,48,17454.241639
18,49,17168.174385
18,50,16886.601813
18,52,16679.706210
18,53,16305.427055
18,57,16159.953833
18,59,16147.916604
18,61,16093.575156
18,63,15786.917141
18,64,15439.722693
18,66,14815.235538
18,77,14738.676248
18,78,14555.445067
18,87,14435.440271
18,89,14158.786044
19,44,17949.726085
19,45,17561.679860
19,46,17517.326213
19,47,17080.328285
19,50,16886.601813
19,52,16612.374416
19,53,16095.545838
19,54,16065.690319
19,59,15951.940075
19,63,15786.917141
19,64,15439.722693
19,66,14815.235538
19,70,14722.184162
19,78,14555.445067
19,86,14468.974011
19,87,14435.440271
19,89,14158.786044
20,44,17949.726085
20,45,17561.679860
20,46,17517.326213
20,47,17080.328285
20,50,16693.498767
20,52,16612.374416
20,53,16095.545838
20,54,16065.690319
20,57,15983.291235
20,58,15932.455519
20,59,15758.837526
20,62,15658.617315
20,64,15404.468488
20,66,14785.690381
20,68,14370.827557
20,85,14330.239191
20,88,14139.576970
21,44,17949.726085
21,45,17561.679860
21,46,17247.917964
21,47,17080.328285
21,50,16693.498767
21,52,16191.308160
21,53,16095.545838
21,54,16065.690319
21,55,15996.562289
21,57,15965.103203
21,58,15681.736654
21,62,15658.617315
21,64,15404.468488
21,66,14785.690381
21,67,14422.515477
21,68,14370.827557
21,85,14330.239191
21,88,14082.754196
22,44,17679.479941
22,45,17541.543388
22,46,17247.917964
22,47,17080.328285
22,49,17036.944175
22,50,16693.498767
22,52,16191.308160
22,53,16095.545838
22,54,15944.490961
22,55,15817.593067
22,57,15752.466695
22,58,15573.532763
22,60,15487.341459
22,64,14272.951685
22,88,14082.754196
23,44,17679.479941
23,45,17541.543388
23,46,17247.917964
23,47,17080.328285
23,49,17017.287352
23,50,16275.068405
23,52,16191.308160
23,53,16095.545838
23,54,15944.490961
23,55,15817.593067
23,57,15752.466695
23,58,15573.532763
23,60,15487.341459
23,61,15430.117111
23,64,14272.951685
23,88,14082.754196
24,44,17525.461043
24,45,16947.673485
24,48,16729.127420
24,49,16318.023567
24,50,16275.068405
24,51,16167.128795
24,52,15820.716976
24,54,15798.222301
24,57,15423.704674
24,60,15378.009281
24,61,15337.329550
24,63,14220.248059
24,86,14011.354956
25,44,17446.691936
25,45,16947.673485
25,46,16460.561195
25,49,16318.023567
25,50,16275.068405
25,51,16167.128795
25,52,15820.716976
25,53,15769.601950
25,57,15423.704674
25,60,15378.009281
25,61,15337.329550
25,63,14220.248059
25,65,14066.329879
25,86,14011.354956
26,42,17728.735665
26,43,17560.008301
26,44,17446.691936
26,45,16947.673485
26,46,16460.561195
26,49,16318.023567
26,50,15995.613927
26,51,15657.096977
26,56,15420.168925
26,57,15023.695029
26,63,14159.959577
26,64,13969.357069
26,84,13942.550465
27,41,18663.182992
27,42,17264.747538
27,45,16947.673485
27,46,16460.561195
27,48,16332.218966
27,49,16318.023567
27,50,15995.613927
27,51,15657.096977
27,54,15602.273900
27,56,15420.168925
27,57,15023.695029
27,63,14079.674693
27,64,13969.357069
27,84,13942.550465
28,41,18663.182992
28,42,17264.747538
28,45,16790.395469
28,46,16460.561195
28,48,16332.218966
28,49,15913.974701
28,51,15603.830802
28,54,15540.052387
28,55,15528.714862
28,56,15377.358277
28,57,14931.158405
28,58,14711.766284
28,63,14041.612268
28,64,13931.788642
28,84,13929.511161
29,41,17648.518133
29,42,17264.747538
29,45,16790.395469
29,46,16460.561195
29,48,16297.419864
29,49,15913.974701
29,51,15603.830802
29,54,15540.052387
29,55,15528.714862
29,56,15377.358277
29,57,14931.158405
29,58,14711.766284
29,63,14041.612268
29,64,13931.788642
29,84,13929.511161
30,41,17648.518133
30,42,17264.747538
30,43,17148.427881
30,44,16623.834644
30,46,16251.213654
30,48,16216.099914
30,49,15913.974701
30,50,15365.962318
30,54,14868.837982
30,58,14711.766284
30,63,13888.028491
30,84,13852.329160
31,41,17648.518133
31,42,17141.659925
31,44,16623.834644
31,45,16337.613259
31,46,16251.213654
31,48,16216.099914
31,49,15493.474331
31,50,15365.962318
31,54,14868.837982
31,58,14711.766284
31,63,13888.028491
31,84,13852.329160
32,41,17648.518133
32,42,17141.659925
32,44,16623.834644
32,45,16190.872009
32,46,16061.280819
32,49,15425.591359
32,50,15301.509941
32,54,14784.643886
32,58,14688.938670
32,62,13811.864604
32,83,13809.889812
33,41,17648.518133
33,42,17054.063583
33,43,17043.826518
33,44,16623.834644
33,45,16190.872009
33,46,16061.280819
33,47,15983.649833
33,49,15425.591359
33,50,15301.509941
33,53,14754.331663
33,58,14688.938670
33,62,13811.864604
33,83,13809.889812
34,41,17648.518133
34,42,17054.063583
34,43,17043.826518
34,44,16623.834644
34,45,16190.872009
34,46,15841.304391
34,49,15202.395651
34,53,14701.577589
34,58,14645.299262
34,60,14514.125926
34,61,14305.836961
34,62,13801.222311
35,41,17648.518133
35,42,16949.362315
35,44,16623.834644
35,45,16190.872009
35,46,15841.304391
35,49,15202.395651
35,53,14701.577589
35,58,14645.299262
35,59,14549.697458
35,60,14514.125926
35,61,14305.836961
35,62,13801.222311
36,41,17648.518133
36,42,16949.362315
36,44,16405.071203
36,45,16009.283220
36,46,15723.073918
36,49,15202.395651
36,53,14643.682020
36,57,14593.970721
36,59,14489.745672
36,60,14458.274496
36,61,14305.836961
36,62,13763.847769
37,41,17648.518133
37,42,16949.362315
37,44,16405.071203
37,45,16009.283220
37,46,15723.073918
37,48,15703.768956
37,49,15202.395651
37,53,14643.682020
37,57,14593.970721
37,59,14365.285783
37,61,14213.716739
37,62,13763.847769
38,41,17648.518133
38,42,16949.362315
38,43,16516.052437
38,44,16405.071203
38,45,16009.283220
38,46,15511.970507
38,48,15502.075097
38,49,15202.395651
38,51,14586.100882
38,57,14491.990381
38,59,14365.285783
38,60,14207.876685
38,61,14200.998041
38,62,13669.396188
39,41,17100.177981
39,42,16949.362315
39,43,16516.052437
39,44,16405.071203
39,45,16009.283220
39,46,15511.970507
39,48,15490.571813
39,49,15149.184702
39,50,15071.553717
39,51,14586.100882
39,55,14421.812270
39,59,14365.285783
39,60,14207.876685
39,61,14200.998041
39,62,13669.396188
40,41,17100.177981
40,42,16810.014488
40,43,16412.608173
40,44,15974.036718
40,46,15391.992885
40,48,15116.814075
40,50,14997.833021
40,51,14586.100882
40,55,14209.797749
40,57,14172.147565
40,60,13871.868464
40,62,13668.702595
41,41,17100.177981
41,42,16810.014488
41,43,16176.635211
41,44,15974.036718
41,46,15391.992885
41,48,15116.814075
41,50,14997.833021
41,51,14586.100882
41,55,14209.797749
41,57,14172.147565
41,60,13871.868464
41,62,13600.251072
42,41,17100.177981
42,42,16810.014488
42,43,16044.877227
42,44,15830.787475
42,46,15070.157049
42,49,15025.481583
42,50,14854.824702
42,51,14448.914263
42,54,14072.919888
42,60,13871.221051
42,61,13564.251271
43,41,17100.177981
43,42,16810.014488
43,43,16044.877227
43,44,15830.787475
43,45,15171.878447
43,46,15070.157049
43,48,15008.855028
43,49,14950.710713
43,50,14854.824702
43,51,14448.914263
43,54,14072.919888
43,60,13690.715718
43,61,13564.251271
44,41,17100.177981
44,42,16641.191873
44,43,15839.075711
44,44,15807.894146
44,45,15135.160466
44,46,14928.837942
44,50,14768.735525
44,51,14429.863885
44,54,14054.989815
44,59,13573.207328
44,61,13550.982091
45,41,16886.417834
45,42,16641.191873
45,43,15839.075711
45,44,15807.894146
45,45,15135.160466
45,46,14928.837942
45,50,14768.735525
45,51,14429.863885
45,54,14054.989815
45,59,13573.207328
45,61,13550.982091
45,65,13464.572580
45,67,13446.931882
46,41,16886.417834
46,42,16641.191873
46,43,15667.636174
46,45,15106.453029
46,46,14778.919571
46,48,14213.345066
46,54,14025.888524
46,57,13472.054213
46,65,13412.140370
47,41,16886.417834
47,42,16276.514954
47,43,15667.636174
47,44,15404.831854
47,45,14987.050047
47,46,14778.919571
47,48,14213.345066
47,54,14025.888524
47,55,13705.300455
47,57,13472.054213
47,65,13412.140370
47,67,13411.830651
48,40,16927.702242
48,41,16886.417834
48,42,15846.928364
48,43,15667.636174
48,44,15404.831854
48,45,14940.871033
48,46,14762.342863
48,47,14140.116528
48,53,13935.283168
48,55,13674.055555
48,57,13431.329595
48,65,13341.816035
48,68,13334.586427
49,40,16927.702242
49,41,16886.417834
49,42,15846.928364
49,43,15667.636174
49,44,15404.831854
49,45,14940.871033
49,46,14762.342863
49,47,14140.116528
49,53,13935.283168
49,55,13674.055555
49,57,13431.329595
49,65,13341.816035
49,68,13282.720445
50,40,16927.702242
50,41,16886.417834
50,42,15614.369899
50,44,15404.831854
50,45,14900.999610
50,46,14762.342863
50,47,14140.116528
50,53,13850.514072
50,55,13674.055555
50,57,13431.329595
50,61,13380.196024
50,65,13316.832673
50,67,13270.274488
50,68,13254.915158
51,40,16927.702242
51,41,16885.857782
51,42,15614.369899
51,43,15590.544248
51,44,15404.831854
51,45,14900.999610
51,46,14762.342863
51,47,14140.116528
51,53,13850.514072
51,55,13674.055555
51,57,13431.329595
51,61,13347.032714
51,63,13308.234732
51,67,13270.274488
51,68,13254.915158
52,40,16927.702242
52,41,16374.212027
52,42,15614.369899
52,43,15590.544248
52,44,15404.831854
52,45,14897.537002
52,46,14723.822769
52,47,14042.870891
52,52,13847.229506
52,55,13625.862401
52,57,13426.363957
52,61,13334.235619
52,63,13304.565345
52,67,13198.295974
53,40,16927.702242
53,41,16374.212027
53,42,15614.369899
53,43,15357.469855
53,45,14897.537002
53,46,14723.822769
53,47,14042.870891
53,52,13847.229506
53,55,13625.862401
53,57,13426.363957
53,59,13410.688791
53,61,13334.235619
53,63,13304.565345
53,67,13198.295974
54,40,16927.702242
54,41,16374.212027
54,42,15614.369899
54,43,15357.469855
54,45,14897.537002
54,46,14042.655113
54,52,13774.280438
54,54,13583.033688
54,57,13426.362485
54,59,13390.824451
54,61,13325.236522
54,63,13304.565345
54,66,13138.508522
55,40,16927.702242
55,41,16334.207155
55,42,15614.369899
55,43,15357.469855
55,44,15292.119314
55,45,14897.537002
55,46,14042.655113
55,52,13774.280438
55,54,13583.033688
55,57,13426.362485
55,59,13349.623164
55,61,13325.236522
55,63,13304.565345
55,66,13138.508522
56,40,16927.702242
56,41,16218.224391
56,42,15273.168752
56,45,14836.298537
56,46,14042.655113
56,51,13704.264879
56,54,13580.383050
56,56,13362.695044
56,58,13226.693491
56,66,13119.277397
57,40,16927.702242
57,41,16218.224391
57,42,15273.168752
57,45,14836.298537
57,46,14042.655113
57,51,13704.264879
57,54,13580.383050
57,56,13362.695044
57,58,13226.693491
57,66,13119.277397
58,39,17368.611130
58,40,16528.003544
58,41,15991.284615
58,42,15219.407843
58,44,14479.916553
58,46,13942.934439
58,51,13693.718525
58,54,13580.383050
58,56,13359.251458
58,57,13221.953152
58,66,13067.567001
59,39,17368.611130
59,40,16528.003544
59,41,15991.284615
59,42,15219.407843
59,44,14479.916553
59,46,13942.934439
59,51,13693.718525
59,54,13580.383050
59,56,13359.251458
59,57,13221.953152
59,66,13067.567001
60,39,17368.611130
60,40,16528.003544
60,41,15991.284615
60,42,15219.407843
60,44,14450.814616
60,46,13942.934439
60,51,13693.718525
60,54,13564.268547
60,56,13355.630978
60,57,13218.266144
60,66,13047.560125
61,39,16927.384339
61,40,16528.003544
61,41,15991.284615
61,42,15219.407843
61,44,14450.814616
61,45,14404.738362
61,46,13942.934439
61,51,13693.718525
61,54,13564.268547
61,56,13355.630978
61,57,13218.266144
61,66,13047.560125
62,39,16297.099674
62,41,15991.284615
62,42,15187.286331
62,44,14424.485947
62,45,14404.738362
62,46,13942.934439
62,50,13816.804178
62,51,13681.396591
62,54,13523.979093
62,56,13355.630978
62,57,13212.308260
62,66,13020.555767
63,39,16297.099674
63,41,15991.284615
63,42,15187.286331
63,44,14424.485947
63,45,14404.738362
63,46,13942.934439
63,50,13816.804178
63,51,13681.396591
63,53,13675.386648
63,54,13523.979093
63,56,13355.630978
63,57,13212.308260
63,66,13020.555767
64,39,16297.099674
64,40,16288.352877
64,41,15691.327927
64,42,15148.974423
64,44,14384.201375
64,45,13811.161382
64,50,13617.484755
64,54,13481.305839
64,56,13303.543390
64,57,13187.233674
64,66,13010.537347
65,39,16297.099674
65,40,16288.352877
65,41,15691.327927
65,42,15148.974423
65,44,14384.201375
65,45,13811.161382
65,50,13617.484755
65,54,13481.305839
65,56,13303.543390
65,57,13187.233674
65,66,13010.537347
66,39,16297.099674
66,40,16288.352877
66,41,15493.414504
66,42,15122.875561
66,44,14384.201375
66,45,13811.161382
66,50,13544.713300
66,54,13476.040917
66,56,13266.341457
66,57,13138.326919
66,66,13010.537347
67,38,17797.832274
67,39,16180.926090
67,40,16062.895721
67,41,15493.414504
67,42,15122.875561
67,44,14384.201375
67,45,13811.161382
67,50,13544.713300
67,53,13516.806429
67,54,13476.040917
67,55,13427.470218
67,56,13266.341457
67,57,13138.326919
67,66,13010.537347
68,38,17797.832274
68,39,16108.844945
68,40,16062.895721
68,41,14983.732554
68,44,14299.511553
68,45,13744.104939
68,49,13536.895504
68,53,13516.806429
68,54,13474.902586
68,55,13392.660114
68,56,13251.288533
68,57,13061.899414
68,66,13007.403144
69,38,16934.651961
69,39,16108.844945
69,40,16062.895721
69,41,14983.732554
69,42,14877.986002
69,44,14299.511553
69,45,13744.104939
69,49,13536.895504
69,52,13515.398239
69,54,13474.902586
69,55,13392.660114
69,56,13251.288533
69,57,13061.899414
69,66,13007.403144
70,38,16934.651961
70,39,15849.106441
70,41,14983.732554
70,42,14798.105339
70,44,14249.937785
70,45,13676.458406
70,49,13516.155221
70,52,13515.398239
70,53,13428.478279
70,54,13384.937241
70,55,13198.474140
70,57,13061.899414
70,66,12985.317370
71,38,16934.651961
71,39,15849.106441
71,41,14983.732554
71,42,14798.105339
71,44,14249.937785
71,45,13676.458406
71,49,13516.155221
71,52,13515.398239
71,53,13428.478279
71,54,13384.937241
71,55,13198.474140
71,57,13061.899414
71,66,12985.317370
72,38,16934.651961
72,39,15849.106441
72,41,14983.732554
72,42,14798.105339
72,43,14604.685578
72,44,14228.945167
72,45,13676.458406
72,48,13644.082506
72,49,13494.930578
72,52,13489.584043
72,53,13428.478279
72,54,13309.832381
72,55,13189.878437
72,57,13035.219687
72,66,12941.742651
73,38,16934.651961
73,39,15849.106441
73,41,14983.732554
73,42,14798.105339
73,43,14604.685578
73,44,14026.821972
73,45,13676.458406
73,48,13644.082506
73,49,13494.930578
73,52,13489.584043
73,53,13428.478279
73,54,13309.832381
73,55,13189.878437
73,57,13035.219687
73,66,12941.742651
74,37,18655.292704
74,38,16934.651961
74,39,15849.106441
74,41,14983.732554
74,42,14798.105339
74,43,14604.685578
74,44,14026.821972
74,45,13676.458406
74,48,13644.082506
74,49,13494.930578
74,52,13489.584043
74,53,13428.478279
74,54,13309.832381
74,55,13189.878437
74,57,13035.219687
74,66,12941.742651
75,37,18655.292704
75,38,16934.651961
75,39,15849.106441
75,41,14983.732554
75,42,14798.105339
75,43,14604.685578
75,44,14026.821972
75,45,13676.458406
75,48,13644.082506
75,49,13494.930578
75,52,13379.976224
75,54,13309.832381
75,55,13189.878437
75,57,13035.219687
75,66,12941.742651
76,37,18655.292704
76,38,16934.651961
76,39,15768.810231
76,41,14983.732554
76,42,14522.599213
76,44,13747.236859
76,45,13674.256453
76,48,13604.117319
76,49,13434.076899
76,52,13368.285691
76,54,13277.610686
76,55,13084.492019
76,57,13016.349607
76,66,12926.914886
77,37,18655.292704
77,38,16824.629302
77,39,15768.810231
77,40,15581.902257
77,41,14983.732554
77,42,14522.599213
77,43,14425.157076
77,44,13747.236859
77,45,13674.256453
77,47,13616.734182
77,48,13604.117319
77,49,13434.076899
77,52,13368.285691
77,54,13277.610686
77,55,13084.492019
77,57,13016.349607
77,66,12926.914886
78,37,18578.168050
78,38,16824.629302
78,39,15768.810231
78,40,15581.902257
78,41,14983.732554
78,42,14522.599213
78,43,14425.157076
78,44,13747.236859
78,45,13674.256453
78,47,13616.734182
78,48,13604.117319
78,49,13434.076899
78,52,13368.285691
78,54,13277.610686
78,55,13084.492019
78,57,13016.349607
78,66,12926.914886
79,37,18578.168050
79,38,16824.629302
79,39,15582.518189
79,40,15581.902257
79,41,14983.732554
79,42,14522.599213
79,43,14425.157076
79,44,13747.236859
79,45,13645.990530
79,47,13557.120771
79,48,13537.977844
79,49,13434.076899
79,52,13368.245278
79,54,13248.999897
79,55,13047.640607
79,57,13016.349607
79,66,12926.914886
80,37,18578.168050
80,38,16412.740932
80,39,15582.518189
80,40,15581.902257
80,41,14983.732554
80,42,14522.599213
80,43,14425.157076
80,44,13747.236859
80,45,13645.990530
80,47,13557.120771
80,48,13537.977844
80,49,13434.076899
80,52,13368.245278
80,54,13248.999897
80,55,13047.640607
80,57,13016.349607
80,66,12926.914886
81,37,18578.168050
81,38,16412.740932
81,39,15364.311399
81,41,14983.732554
81,42,14522.599213
81,43,14425.157076
81,44,13747.236859
81,45,13645.990530
81,47,13557.120771
81,48,13537.977844
81,49,13434.076899
81,51,13309.702775
81,54,13248.999897
81,55,13047.640607
81,57,13016.349607
81,66,12926.914886
82,37,18578.168050
82,38,16412.740932
82,39,15364.311399
82,40,15276.282191
82,41,14983.732554
82,42,14522.599213
82,43,14425.157076
82,44,13747.236859
82,45,13645.990530
82,47,13557.120771
82,48,13537.977844
82,49,13434.076899
82,51,13309.702775
82,54,13248.999897
82,55,13047.640607
82,57,13016.349607
82,66,12926.914886
83,37,18578.168050
83,38,16383.264167
83,39,15364.311399
83,40,14966.948385
83,42,14522.599213
83,43,14425.157076
83,44,13747.236859
83,45,13645.044644
83,46,13485.473074
83,49,13368.258317
83,51,13274.580521
83,54,13248.999897
83,55,13045.321549
83,57,13016.349607
83,66,12926.174998
84,37,18578.168050
84,38,16383.264167
84,39,15364.311399
84,40,14966.948385
84,42,14522.599213
84,43,14425.157076
84,44,13747.236859
84,45,13645.044644
84,46,13485.473074
84,49,13368.258317
84,51,13274.580521
84,52,13265.828270
84,54,13248.999897
84,55,13045.321549
84,57,13016.349607
84,66,12926.174998
85,37,18578.168050
85,38,16280.692761
85,39,15072.211518
85,40,14966.948385
85,42,14522.599213
85,43,14425.157076
85,44,13747.236859
85,45,13645.044644
85,46,13485.473074
85,49,13368.258317
85,51,13274.580521
85,52,13265.828270
85,54,13248.999897
85,55,13045.321549
85,57,13016.349607
85,66,12926.174998
86,37,18578.168050
86,38,16280.692761
86,39,15072.211518
86,40,14730.445969
86,42,14522.599213
86,43,14425.157076
86,44,13747.236859
86,45,13645.044644
86,46,13485.473074
86,49,13368.258317
86,50,13305.611257
86,51,13274.580521
86,52,13265.828270
86,54,13248.999897
86,55,13045.321549
86,57,13016.349607
86,66,12926.174998
87,37,18578.168050
87,38,15712.101079
87,39,14948.373199
87,40,14730.445969
87,42,14034.262867
87,44,13747.236859
87,45,13645.044644
87,46,13485.473074
87,48,13338.393964
87,50,13305.611257
87,51,13274.580521
87,52,13265.828270
87,54,13248.999897
87,55,13045.321549
87,57,13016.349607
87,66,12926.174998
88,37,17471.684548
88,38,15712.101079
88,39,14948.373199
88,40,14730.445969
88,42,14034.262867
88,44,13747.236859
88,45,13645.044644
88,46,13485.473074
88,48,13338.393964
88,50,13305.611257
88,51,13240.529288
88,55,13045.321549
88,57,13016.349607
88,66,12926.174998
89,37,16677.506137
89,38,15712.101079
89,39,14948.373199
89,40,14730.445969
89,42,14034.262867
89,44,13696.640715
89,45,13638.912253
89,46,13431.570948
89,48,13247.577034
89,51,13212.981937
89,55,13045.321549
89,57,12993.693897
89,64,12918.281898
90,37,16677.506137
90,38,15712.101079
90,39,14698.704997
90,42,14034.262867
90,44,13696.640715
90,45,13638.912253
90,46,13431.570948
90,48,13247.577034
90,51,13212.981937
90,55,13045.321549
90,57,12993.693897
90,61,12988.352790
90,64,12918.281898
91,37,16677.506137
91,38,15456.010529
91,39,14698.704997
91,42,13994.184203
91,43,13689.730162
91,45,13638.912253
91,46,13371.657605
91,48,13232.605094
91,51,13189.853042
91,55,13032.116059
91,57,12966.985866
91,59,12882.319096
92,37,16677.506137
92,38,15456.010529
92,39,14698.704997
92,42,13994.184203
92,43,13689.730162
92,45,13638.912253
92,46,13371.657605
92,48,13232.605094
92,51,13189.853042
92,55,13032.116059
92,57,12966.985866
92,59,12882.319096
93,37,16252.305036
93,38,15456.010529
93,39,14663.230914
93,42,13973.634276
93,43,13637.682607
93,45,13636.387065
93,46,13341.457556
93,48,13206.110330
93,51,13143.109509
93,55,13032.116059
93,57,12963.220202
93,59,12816.894471
94,37,16252.305036
94,38,15456.010529
94,39,14663.230914
94,42,13973.634276
94,43,13637.682607
94,45,13636.387065
94,46,13214.198849
94,48,13206.110330
94,51,13143.109509
94,55,13032.116059
94,57,12963.220202
94,59,12816.894471
95,37,16252.305036
95,38,15456.010529
95,39,14663.230914
95,41,14654.587399
95,42,13973.634276
95,43,13637.682607
95,45,13636.387065
95,46,13185.297756
95,51,13125.069949
95,55,13008.268189
95,57,12951.689950
95,59,12760.711363
96,37,16083.589220
96,38,15456.010529
96,39,14663.230914
96,41,14654.587399
96,42,13973.634276
96,43,13637.682607
96,45,13636.387065
96,46,13185.297756
96,51,13125.069949
96,55,13008.268189
96,57,12951.689950
96,58,12887.859817
96,59,12760.711363
97,37,15614.665731
97,38,15456.010529
97,39,14412.985224
97,42,13917.921084
97,43,13558.870918
97,45,13555.942776
97,46,13139.379831
97,51,13099.945924
97,55,13008.268189
97,57,12951.689950
97,58,12706.206810
98,37,15050.559627
98,38,14922.332275
98,39,14412.985224
98,42,13917.921084
98,43,13558.870918
98,45,13555.942776
98,46,13139.379831
98,51,13099.945924
98,55,13008.268189
98,57,12951.689950
98,58,12706.206810
99,36,15243.880113
99,37,14876.724789
99,39,14171.518375
99,42,13915.244280
99,43,13511.354023
99,46,13122.561509
99,51,13096.709608
99,55,13002.910073
99,57,12903.770410
99,58,12695.902882
100,36,15243.880113
100,37,14876.724789
100,39,14171.518375
100,42,13915.244280
100,43,13511.354023
100,46,13122.561509
100,51,13096.709608
100,55,13002.910073
100,57,12903.770410
100,58,12695.902882
101,36,15169.194312
101,37,14737.157148
101,39,14165.339954
101,42,13915.244280
101,43,13511.354023
101,45,13083.816770
101,51,13044.431535
101,55,12985.117134
101,57,12893.340705
101,58,12695.902882
102,36,15169.194312
102,37,14737.157148
102,39,14129.603117
102,42,13915.244280
102,43,13511.354023
102,45,13083.816770
102,51,13044.431535
102,55,12985.117134
102,57,12893.340705
102,58,12695.902882
103,36,15039.872495
103,37,14713.011430
103,39,14018.995638
103,42,13915.244280
103,43,13496.661895
103,44,13039.540157
103,54,12954.554438
103,56,12682.974938
103,57,12664.975151
104,36,15039.872495
104,37,14713.011430
104,39,14018.995638
104,42,13915.244280
104,43,13496.661895
104,44,13039.540157
104,54,12954.554438
104,56,12682.974938
104,57,12664.975151
105,36,14965.432732
105,37,14637.304021
105,39,14002.158421
105,42,13872.350502
105,43,13496.661895
105,44,13039.540157
105,51,12963.729113
105,52,12916.343048
105,56,12672.126127
105,57,12654.900074
106,36,14965.432732
106,37,14637.304021
106,39,14002.158421
106,42,13872.350502
106,43,13496.661895
106,44,13039.540157
106,51,12963.729113
106,52,12916.343048
106,56,12672.126127
106,57,12654.900074
107,36,14953.550956
107,37,14457.888803
107,39,13924.350634
107,42,13838.218915
107,43,13496.661895
107,44,13009.821980
107,51,12935.927108
107,52,12898.519435
107,56,12636.278333
108,36,14953.550956
108,37,14457.888803
108,39,13924.350634
108,41,13793.663762
108,43,13496.661895
108,44,13009.821980
108,51,12935.927108
108,52,12898.519435
108,56,12592.582518
109,36,14847.315782
109,37,14457.888803
109,39,13919.212175
109,41,13781.636971
109,42,13671.124016
109,43,13496.661895
109,44,12993.027493
109,50,12867.727253
109,56,12592.582518
110,36,14847.315782
110,37,14457.888803
110,39,13919.212175
110,41,13705.423663
110,42,13671.124016
110,43,13496.661895
110,44,12993.027493
110,47,12951.129217
110,49,12924.060724
110,50,12867.727253
110,54,12853.082295
110,56,12592.582518
111,36,14847.315782
111,37,14457.888803
111,39,13919.212175
111,41,13671.597095
111,42,13591.200714
111,43,13418.408804
111,44,12975.424232
111,47,12893.257716
111,50,12833.878660
111,56,12563.347435
112,36,14847.315782
112,37,14457.888803
112,39,13919.212175
112,41,13671.597095
112,42,13591.200714
112,43,13418.408804
112,44,12975.424232
112,47,12893.257716
112,50,12833.878660
112,56,12563.347435
113,36,14806.311162
113,37,14457.888803
113,39,13873.545295
113,41,13668.516939
113,42,13564.880423
113,43,13375.196929
113,44,12975.424232
113,47,12893.257716
113,50,12833.878660
113,56,12556.468087
114,36,14806.311162
114,37,14457.888803
114,39,13873.545295
114,41,13668.516939
114,42,13564.880423
114,43,13375.196929
114,44,12975.424232
114,47,12893.257716
114,50,12833.878660
114,56,12556.468087
115,36,14740.619404
115,37,14439.467543
115,39,13869.814482
115,41,13627.452810
115,42,13496.547679
115,43,13283.768418
115,44,12944.872074
115,46,12902.091583
115,47,12859.334296
115,50,12813.327738
115,56,12548.858183
116,36,14740.619404
116,37,14439.467543
116,39,13869.814482
116,41,13627.452810
116,42,13496.547679
116,43,13283.768418
116,44,12944.872074
116,46,12902.091583
116,47,12859.334296
116,50,12813.327738
116,56,12548.858183
117,36,14740.619404
117,37,14407.838939
117,39,13793.097580
117,41,13627.452810
117,42,13243.738938
117,44,12942.631924
117,46,12902.091583
117,47,12857.425711
117,50,12785.659250
117,54,12529.595379
118,35,15510.300111
118,36,14740.619404
118,37,14375.352867
118,39,13793.097580
118,41,13627.452810
118,42,13243.738938
118,44,12942.631924
118,46,12902.091583
118,47,12857.425711
118,50,12785.659250
118,54,12529.595379
119,35,15510.300111
119,36,14646.953070
119,37,14265.594622
119,38,13747.409224
119,41,13443.031848
119,42,13243.738938
119,44,12942.631924
119,46,12888.090691
119,47,12851.950666
119,50,12772.472035
119,54,12529.332848
120,35,15510.300111
120,36,14534.756533
120,37,14265.594622
120,38,13747.409224
120,41,13443.031848
120,42,13243.738938
120,44,12942.631924
120,46,12888.090691
120,47,12851.950666
120,50,12772.472035
120,54,12529.332848
121,35,15510.300111
121,36,14534.756533
121,37,14245.904284
121,38,13738.538077
121,41,13418.415388
121,42,13228.754476
121,44,12918.525514
121,46,12882.099682
121,47,12832.106852
121,50,12768.984798
121,54,12529.332848
122,35,15510.300111
122,36,14534.756533
122,37,14245.904284
122,38,13738.538077
122,41,13418.415388
122,42,13228.754476
122,43,13156.315245
122,44,12918.525514
122,46,12882.099682
122,47,12832.106852
122,50,12768.984798
122,52,12766.210056
122,54,12529.332848
123,35,15510.300111
123,36,14468.032385
123,37,14245.904284
123,38,13725.687561
123,41,13368.395465
123,42,13228.754476
123,43,12894.644689
123,46,12880.554615
123,47,12804.332689
123,48,12732.301841
123,53,12519.775175
124,35,14954.316721
124,36,14468.032385
124,37,14245.904284
124,38,13725.687561
124,41,13368.395465
124,42,13228.754476
124,43,12894.644689
124,46,12880.554615
124,47,12804.332689
124,48,12732.301841
124,53,12519.775175
125,35,14618.873066
125,36,14468.032385
125,37,14245.904284
125,38,13712.745723
125,39,13661.458151
125,41,13368.395465
125,42,13227.794322
125,43,12850.772495
125,47,12800.372547
125,48,12713.360051
125,53,12508.727751
125,54,12381.517142
126,35,14618.873066
126,36,14468.032385
126,37,14245.904284
126,38,13712.745723
126,39,13661.458151
126,41,13368.395465
126,42,13227.794322
126,43,12850.772495
126,47,12800.372547
126,48,12713.360051
126,53,12508.727751
126,54,12381.517142
127,35,14618.873066
127,36,14468.032385
127,37,14245.904284
127,38,13673.848423
127,39,13654.848517
127,40,13360.100847
127,42,13227.794322
127,43,12850.772495
127,47,12800.372547
127,48,12703.367191
127,53,12355.178407
128,35,14570.905581
128,36,14468.032385
128,37,14245.904284
128,38,13673.848423
128,39,13654.848517
128,40,13360.100847
128,42,13227.794322
128,43,12850.772495
128,47,12800.372547
128,48,12703.367191
128,53,12355.178407
129,35,14570.905581
129,36,14468.032385
129,37,14245.904284
129,38,13655.894343
129,39,13652.953032
129,40,13334.131459
129,42,13174.436369
129,43,12849.172579
129,44,12836.919826
129,47,12737.830007
129,48,12703.367191
129,53,12354.508223
130,35,14570.905581
130,36,14468.032385
130,37,14245.904284
130,38,13655.894343
130,39,13652.953032
130,40,13334.131459
130,42,13174.436369
130,43,12831.088280
130,47,12737.830007
130,48,12703.367191
130,53,12354.508223
131,35,14488.585277
131,36,14298.419241
131,37,14134.826079
131,38,13651.778851
131,39,13631.263757
131,40,13329.829620
131,42,13157.119632
131,43,12825.369188
131,47,12737.830007
131,48,12671.468525
131,52,12343.055082
132,35,14488.585277
132,36,14298.419241
132,37,14134.826079
132,38,13651.778851
132,39,13631.263757
132,40,13329.829620
132,41,13201.806287
132,42,13095.439894
132,43,12825.369188
132,47,12737.830007
132,48,12671.468525
132,52,12343.055082
133,35,14488.585277
133,36,14298.419241
133,37,14126.846423
133,38,13554.903894
133,40,13311.769024
133,41,13099.089883
133,42,12785.661750
133,47,12737.830007
133,48,12663.988478
133,52,12324.088197
134,35,14488.585277
134,36,14298.419241
134,37,14126.846423
134,38,13554.903894
134,40,13311.769024
134,41,13099.089883
134,42,12785.661750
134,47,12737.830007
134,48,12663.988478
134,52,12324.088197
135,35,14488.585277
135,36,14068.348264
135,38,13453.388544
135,40,13257.806815
135,41,13021.445937
135,42,12773.616438
135,43,12762.442791
135,46,12681.349308
135,48,12662.645001
135,52,12324.088197
136,35,14488.585277
136,36,14068.348264
136,37,13976.863976
136,38,13453.388544
136,40,13257.806815
136,41,13021.445937
136,42,12773.616438
136,43,12762.442791
136,46,12681.349308
136,48,12662.645001
136,52,12324.088197
137,35,14488.585277
137,36,14055.937671
137,37,13976.863976
137,38,13335.811192
137,40,13237.254826
137,41,13021.445937
137,42,12773.616438
137,43,12739.212776
137,46,12669.412924
137,48,12648.611376
137,52,12324.088197
138,35,14488.585277
138,36,14055.937671
138,37,13976.863976
138,38,13335.811192
138,40,13237.254826
138,41,13021.445937
138,42,12773.616438
138,43,12739.212776
138,46,12669.412924
138,48,12648.611376
138,52,12324.088197
139,35,14062.073454
139,36,14004.354849
139,37,13916.325131
139,38,13331.661772
139,40,13235.610106
139,41,13005.441732
139,42,12711.062908
139,46,12663.101061
139,48,12614.428733
139,51,12289.727780
140,35,14062.073454
140,36,14004.354849
140,37,13916.325131
140,38,13331.661772
140,40,13235.610106
140,41,13005.441732
140,42,12711.062908
140,46,12663.101061
140,48,12614.428733
140,51,12289.727780
141,35,14060.345464
141,36,14004.354849
141,37,13843.807818
141,38,13331.661772
141,40,13204.907645
141,41,12986.031345
141,42,12711.062908
141,46,12653.389642
141,48,12612.309246
141,51,12289.727780
142,35,14060.345464
142,36,14004.354849
142,37,13843.807818
142,38,13331.661772
142,40,13204.907645
142,41,12986.031345
142,42,12711.062908
142,46,12653.389642
142,47,12640.173818
142,48,12612.309246
142,51,12289.727780
143,34,15827.778311
143,35,14060.345464
143,36,14004.354849
143,37,13839.797087
143,38,13278.981182
143,40,13184.411219
143,41,12983.321001
143,42,12696.599535
143,46,12639.113367
143,47,12638.424067
143,48,12554.248381
143,51,12276.120929
144,34,15827.778311
144,35,13804.699515
144,38,13278.981182
144,40,13184.411219
144,41,12983.321001
144,42,12696.599535
144,46,12639.113367
144,47,12638.424067
144,48,12554.248381
144,51,12276.120929
145,34,15793.144369
145,35,13804.699515
145,38,13268.189007
145,40,13154.723594
145,41,12972.228508
145,42,12696.599535
145,46,12634.778298
145,47,12608.769797
145,48,12529.981705
145,51,12274.231117
146,34,15793.144369
146,35,13804.699515
146,38,13268.189007
146,40,13154.723594
146,41,12972.228508
146,42,12696.599535
146,46,12634.778298
146,47,12608.769797
146,48,12529.981705
146,51,12274.231117
147,34,15749.598642
147,35,13725.933334
147,38,13267.106663
147,40,13139.697667
147,41,12972.228508
147,42,12650.092933
147,46,12615.368711
147,47,12603.682381
147,48,12529.981705
147,51,12246.046958
148,34,15749.598642
148,35,13725.933334
148,38,13267.106663
148,40,13139.697667
148,41,12972.228508
148,42,12650.092933
148,46,12615.368711
148,47,12603.682381
148,48,12529.981705
148,51,12246.046958
149,34,14002.572445
149,35,13725.933334
149,38,13239.048980
149,40,13139.697667
149,41,12966.216674
149,42,12604.831115
149,46,12599.144372
149,47,12561.804350
149,48,12529.981705
149,51,12245.799551
150,34,14002.572445
150,35,13725.933334
150,38,13239.048980
150,40,13139.697667
150,41,12966.216674
150,42,12604.831115
150,46,12599.144372
150,47,12561.804350
150,48,12529.981705
150,51,12245.799551
151,34,13867.999369
151,35,13714.323404
151,38,13196.316329
151,40,13137.843187
151,41,12966.216674
151,42,12604.433685
151,46,12565.819694
151,47,12540.545957
151,48,12500.765062
151,51,12245.799551
152,34,13867.999369
152,35,13674.189097
152,36,13638.065463
152,38,13196.316329
152,40,13137.843187
152,41,12966.216674
152,42,12604.433685
152,46,12565.819694
152,47,12540.545957
152,48,12500.765062
152,51,12245.799551
153,34,13867.999369
153,35,13659.829609
153,36,13638.065463
153,38,13181.384080
153,40,13083.172463
153,41,12966.216674
153,42,12604.433685
153,46,12543.771241
153,47,12534.745155
153,48,12500.765062
153,51,12245.667496
154,34,13867.999369
154,35,13659.829609
154,36,13638.065463
154,38,13181.384080
154,40,13083.172463
154,41,12966.216674
154,42,12604.433685
154,46,12543.771241
154,47,12534.745155
154,48,12500.765062
154,51,12245.667496
155,34,13867.999369
155,35,13520.057514
155,38,13181.384080
155,40,13067.600332
155,41,12963.275187
155,42,12604.433685
155,46,12537.864323
155,47,12534.601704
155,48,12500.765062
155,51,12235.743756
156,34,13867.999369
156,35,13520.057514
156,38,13181.384080
156,40,13067.600332
156,41,12963.275187
156,42,12604.433685
156,46,12537.864323
156,47,12511.685449
156,48,12500.765062
156,51,12235.743756
157,34,13659.598512
157,35,13512.061714
157,37,13176.046463
157,40,13067.600332
157,41,12962.905879
157,42,12595.306481
157,46,12537.864323
157,47,12511.685449
157,48,12457.095937
157,50,12226.172464
158,34,13659.598512
158,35,13512.061714
158,37,13176.046463
158,40,13067.600332
158,41,12962.905879
158,42,12595.306481
158,43,12587.571530
158,46,12537.864323
158,47,12511.685449
158,48,12457.095937
158,50,12226.172464
159,34,13624.906422
159,35,13512.061714
159,37,13140.575073
159,40,13067.600332
159,41,12936.086738
159,42,12590.236289
159,43,12587.509603
159,44,12469.865193
159,48,12449.175084
159,50,12224.212823
160,34,13624.906422
160,35,13512.061714
160,37,13140.575073
160,40,13067.600332
160,41,12936.086738
160,42,12590.236289
160,43,12587.509603
160,44,12469.865193
160,48,12449.175084
160,50,12224.212823
161,34,13624.906422
161,35,13512.061714
161,37,13112.561748
161,40,12989.590979
161,41,12935.331544
161,42,12572.287575
161,44,12442.300067
161,50,12206.040727
162,34,13624.906422
162,35,13512.061714
162,37,13112.561748
162,40,12989.590979
162,41,12935.331544
162,42,12572.287575
162,44,12442.300067
162,50,12206.040727
163,34,13473.365999
163,37,13112.561748
163,40,12949.026469
163,41,12884.790881
163,42,12572.287575
163,44,12405.840092
163,50,12206.040727
164,34,13473.365999
164,37,13112.561748
164,40,12949.026469
164,41,12884.790881
164,42,12572.287575
164,43,12563.623533
164,44,12405.840092
164,50,12197.789514
165,34,13461.867842
165,37,13055.147514
165,40,12948.166785
165,41,12843.551223
165,42,12538.980846
165,43,12372.592987
165,50,12188.806291
166,34,13461.867842
166,37,13055.147514
166,40,12948.166785
166,41,12843.551223
166,42,12538.980846
166,43,12372.592987
166,50,12188.806291
167,33,13782.062080
167,34,13378.766258
167,37,13036.774871
167,40,12922.124824
167,41,12838.302066
167,42,12514.569342
167,43,12372.592987
167,50,12181.622772
168,33,13782.062080
168,34,13378.766258
168,36,13376.744156
168,37,13036.774871
168,40,12922.124824
168,41,12838.302066
168,42,12514.569342
168,43,12372.592987
168,50,12181.622772
169,33,13782.062080
169,34,13373.540856
169,36,13366.536678
169,37,13027.341184
169,40,12899.986409
169,41,12772.099112
169,42,12514.541934
169,43,12372.592987
169,50,12181.622772
170,33,13406.013610
170,34,13373.540856
170,36,13366.536678
170,37,13027.341184
170,40,12899.986409
170,41,12772.099112
170,42,12514.541934
170,43,12372.592987
170,49,12117.768832
171,33,13391.053303
171,34,13373.540856
171,36,13365.183873
171,37,13003.140089
171,40,12899.986409
171,41,12772.099112
171,42,12514.035604
171,43,12362.783944
171,49,12117.768832
172,33,13391.053303
172,34,13373.540856
172,36,13365.183873
172,37,13003.140089
172,40,12899.986409
172,41,12772.099112
172,42,12514.035604
172,43,12362.783944
172,49,12117.768832
173,33,13387.299415
173,34,13336.890004
173,37,13003.140089
173,40,12875.382025
173,41,12768.509028
173,42,12410.124038
173,43,12348.182038
173,49,12113.709719
174,33,13387.299415
174,34,13269.451335
174,37,13003.140089
174,40,12875.382025
174,41,12768.509028
174,42,12410.124038
174,43,12348.182038
174,49,12113.709719
174,50,12109.445090
175,33,13372.383752
175,34,13261.844875
175,37,13003.140089
175,40,12867.649320
175,41,12767.498859
175,42,12405.025834
175,43,12348.162075
175,49,12087.372725
176,33,13372.383752
176,34,13261.844875
176,37,13003.140089
176,40,12867.649320
176,41,12767.498859
176,42,12405.025834
176,43,12348.162075
176,49,12087.372725
177,33,13372.383752
177,34,13261.844875
177,37,13003.140089
177,40,12852.754245
177,41,12759.242397
177,42,12403.332406
177,43,12340.497217
177,49,12069.975538
178,33,13360.910939
178,34,13261.844875
178,37,13003.140089
178,40,12852.754245
178,41,12759.242397
178,42,12403.332406
178,43,12340.497217
178,49,12069.975538
179,33,13337.531902
179,34,13219.883325
179,37,12951.580975
179,40,12852.754245
179,41,12759.242397
179,42,12393.887578
179,43,12291.653456
179,48,12215.448317
179,49,12048.236849
180,33,13258.308989
180,34,13219.883325
180,37,12951.580975
180,40,12852.754245
180,41,12759.242397
180,42,12393.887578
180,43,12291.653456
180,48,12215.448317
180,49,12048.236849
181,33,13258.308989
181,34,13185.876342
181,37,12951.580975
181,39,12919.899457
181,40,12852.754245
181,41,12737.147902
181,42,12393.887578
181,43,12291.653456
181,48,12213.269334
181,49,12041.704908
182,33,13258.308989
182,34,13132.662579
182,37,12951.580975
182,39,12919.899457
182,40,12852.754245
182,41,12737.147902
182,42,12393.887578
182,43,12291.653456
182,48,12213.269334
182,49,12041.704908
183,33,13188.511180
183,34,13108.220825
183,37,12951.580975
183,38,12772.794756
183,41,12737.147902
183,42,12384.496376
183,43,12282.527231
183,48,12206.867874
183,49,12041.704908
184,32,13233.289118
184,33,13188.511180
184,34,13108.220825
184,37,12951.580975
184,38,12772.794756
184,41,12700.231049
184,42,12384.496376
184,43,12282.527231
184,48,12206.867874
184,49,12041.704908
185,32,13232.767158
185,33,13188.511180
185,34,13107.332082
185,37,12951.580975
185,38,12770.680512
185,41,12643.659521
185,42,12359.849954
185,43,12279.327207
185,48,12017.286539
186,32,13232.767158
186,33,13188.511180
186,34,13107.332082
186,36,13038.200826
186,37,12951.580975
186,38,12770.680512
186,41,12643.659521
186,42,12359.849954
186,43,12279.327207
186,48,12017.286539
187,32,13232.767158
187,33,13188.511180
187,34,13107.332082
187,36,13038.200826
187,37,12951.580975
187,38,12759.307248
187,41,12623.018104
187,42,12343.211724
187,43,12277.769684
187,48,11999.795182
188,32,13232.767158
188,33,13188.511180
188,34,13107.332082
188,36,13038.200826
188,37,12883.517264
188,38,12759.307248
188,41,12623.018104
188,42,12343.211724
188,43,12277.769684
188,48,11999.795182
189,32,13229.960086
189,33,13168.426104
189,34,13097.998582
189,36,13015.985470
189,37,12866.948437
189,38,12759.307248
189,41,12617.366932
189,42,12343.211724
189,43,12277.049311
189,48,11999.795182
190,32,13229.960086
190,33,13168.426104
190,34,13042.864125
190,36,13015.985470
190,37,12866.948437
190,38,12759.307248
190,41,12617.366932
190,42,12343.211724
190,43,12277.049311
190,48,11999.795182
191,32,13229.960086
191,33,13105.892600
191,34,13042.864125
191,36,13003.088917
191,37,12866.853396
191,38,12759.307248
191,39,12720.991499
191,41,12616.924266
191,42,12331.780596
191,43,12257.519006
191,48,11999.795182
192,32,13229.960086
192,33,13105.892600
192,34,13042.864125
192,36,13003.088917
192,37,12866.853396
192,38,12759.307248
192,39,12720.991499
192,41,12616.924266
192,42,12331.780596
192,43,12257.519006
192,48,11999.795182
193,32,13229.960086
193,33,13105.892600
193,34,13042.864125
193,36,12981.605877
193,37,12815.953263
193,38,12757.514727
193,39,12719.688609
193,41,12616.409217
193,42,12331.780596
193,43,12256.008887
193,47,12224.718789
193,48,11999.795182
194,32,13229.960086
194,33,13105.892600
194,34,13042.864125
194,36,12981.605877
194,37,12815.953263
194,38,12757.514727
194,39,12719.688609
194,41,12616.409217
194,42,12331.780596
194,43,12256.008887
194,47,12224.718789
194,48,11999.795182
195,32,13229.960086
195,33,13105.892600
195,34,13042.864125
195,36,12967.899265
195,37,12815.207258
195,38,12733.112400
195,39,12719.688609
195,41,12616.409217
195,42,12303.874159
195,43,12254.230423
195,46,12183.611204
195,48,11999.795182
196,32,13229.960086
196,33,13105.892600
196,34,13042.864125
196,36,12894.880067
196,37,12815.207258
196,38,12733.112400
196,39,12719.688609
196,41,12616.409217
196,42,12303.874159
196,43,12254.230423
196,46,12183.611204
196,48,11999.795182
197,32,13229.960086
197,33,13105.892600
197,34,13042.864125
197,36,12890.209937
197,37,12791.006616
197,38,12732.549737
197,39,12703.288008
197,41,12615.782494
197,42,12298.481993
197,43,12254.230423
197,46,12181.269170
197,48,11992.685027
198,32,13229.960086
198,33,13105.892600
198,34,13042.864125
198,36,12890.209937
198,37,12791.006616
198,38,12732.549737
198,39,12703.288008
198,41,12615.782494
198,42,12298.481993
198,43,12254.230423
198,46,12181.269170
198,48,11992.685027
199,32,13229.960086
199,33,13105.892600
199,34,13012.367246
199,36,12882.012804
199,37,12721.966954
199,39,12701.546265
199,41,12615.782494
199,42,12287.815089
199,43,12207.757980
199,46,12150.833918
199,48,11971.087006
200,32,13229.960086
200,33,13060.077994
200,34,13012.367246
200,35,12988.423403
200,36,12882.012804
200,37,12721.966954
200,39,12701.546265
200,41,12615.782494
200,42,12287.815089
200,43,12207.757980
200,46,12150.833918
200,47,12146.406061
200,48,11971.087006
201,32,13229.960086
201,33,13060.077994
201,34,12979.352203
201,35,12974.127747
201,36,12848.405188
201,37,12664.458254
201,41,12615.782494
201,42,12287.815089
201,43,12200.406396
201,46,12100.391460
201,48,11959.387022
202,32,13229.960086
202,33,13060.077994
202,34,12979.352203
202,35,12974.127747
202,36,12848.405188
202,37,12664.458254
202,41,12615.782494
202,42,12287.815089
202,43,12200.406396
202,46,12100.391460
202,48,11959.387022
203,32,13229.960086
203,33,13038.400067
203,34,12974.899876
203,35,12819.280687
203,37,12632.555378
203,41,12590.143436
203,42,12286.022558
203,43,12190.092206
203,46,12081.746786
203,48,11950.788632
204,32,13229.960086
204,33,13038.400067
204,34,12974.899876
204,35,12819.280687
204,36,12764.093371
204,37,12632.555378
204,41,12590.143436
204,42,12286.022558
204,43,12190.092206
204,46,12081.746786
204,48,11950.788632
205,32,13229.960086
205,33,13038.400067
205,34,12974.899876
205,35,12819.280687
205,36,12764.093371
205,37,12573.583797
205,39,12565.862486
205,41,12483.239261
205,42,12272.240241
205,43,12188.913808
205,46,12075.541502
205,48,11938.412161
206,32,13229.960086
206,33,13038.400067
206,34,12974.899876
206,35,12819.280687
206,36,12764.093371
206,37,12573.583797
206,39,12565.862486
206,41,12483.239261
206,42,12272.240241
206,43,12188.913808
206,46,12075.541502
206,48,11938.412161
207,32,13229.960086
207,33,13038.400067
207,34,12953.978139
207,35,12795.361470
207,36,12761.507477
207,37,12569.346322
207,39,12556.321512
207,41,12478.809449
207,42,12272.240241
207,43,12183.024635
207,46,12075.541502
207,48,11923.615150
208,32,13229.960086
208,33,13038.400067
208,34,12953.978139
208,35,12795.361470
208,36,12761.507477
208,37,12569.346322
208,39,12556.321512
208,41,12478.809449
208,42,12272.240241
208,43,12183.024635
208,46,12075.541502
208,48,11923.615150
209,32,13229.960086
209,33,13029.846348
209,34,12941.136909
209,35,12701.522768
209,37,12494.482401
209,40,12474.762478
209,42,12272.240241
209,43,12179.621463
209,45,12015.636728
209,48,11923.615150
210,32,13229.960086
210,33,13029.846348
210,34,12941.136909
210,35,12701.522768
210,36,12573.695788
210,37,12494.482401
210,40,12474.762478
210,42,12272.240241
210,43,12179.621463
210,45,12015.636728
210,48,11923.615150
211,32,13229.960086
211,33,13027.959860
211,34,12926.386446
211,35,12700.584601
211,36,12553.415088
211,37,12494.482401
211,40,12473.532060
211,42,12224.694074
211,43,12178.088259
211,45,12009.104787
211,48,11906.378865
212,32,13229.960086
212,33,13027.959860
212,34,12926.386446
212,35,12700.584601
212,36,12553.415088
212,37,12494.482401
212,40,12473.532060
212,42,12224.694074
212,43,12178.088259
212,45,12009.104787
212,48,11906.378865
213,32,13229.960086
213,33,13001.009559
213,34,12926.386446
213,35,12700.584601
213,36,12553.415088
213,37,12488.022602
213,40,12470.857299
213,42,12224.694074
213,43,12150.695558
213,45,12009.104787
213,48,11901.407994
214,32,13229.960086
214,33,13001.009559
214,34,12926.386446
214,35,12700.584601
214,36,12553.415088
214,37,12488.022602
214,40,12470.857299
214,42,12224.694074
214,43,12150.695558
214,45,12009.104787
214,47,11994.598910
214,48,11901.407994
215,32,13225.277537
215,33,12992.003294
215,34,12923.124547
215,35,12596.523014
215,36,12553.415088
215,37,12472.430220
215,40,12470.857299
215,42,12224.694074
215,43,12150.695558
215,45,11998.212257
215,47,11994.598910
215,48,11885.071929
216,31,14630.370906
216,32,13201.599666
216,33,12992.003294
216,34,12923.124547
216,35,12596.523014
216,36,12553.415088
216,37,12472.430220
216,40,12470.857299
216,41,12376.322667
216,42,12224.694074
216,43,12150.695558
216,45,11998.212257
216,47,11994.598910
216,48,11885.071929
217,31,14630.370906
217,32,13201.599666
217,33,12992.003294
217,34,12923.124547
217,35,12580.895587
217,36,12553.415088
217,37,12471.552642
217,39,12465.846286
217,41,12357.779265
217,42,12224.694074
217,43,12146.237840
217,45,11980.755798
217,46,11960.409109
217,48,11853.489370
218,31,14630.370906
218,32,13198.930936
218,33,12992.003294
218,34,12923.124547
218,35,12580.895587
218,36,12553.415088
218,37,12471.552642
218,39,12465.846286
218,41,12357.779265
218,42,12224.694074
218,43,12146.237840
218,45,11980.755798
218,46,11960.409109
218,48,11853.489370
219,31,14630.370906
219,32,13198.930936
219,33,12992.003294
219,34,12923.124547
219,35,12580.657980
219,36,12442.801750
219,41,12354.750251
219,42,12207.667060
219,43,12146.237840
219,45,11980.755798
219,46,11929.632081
219,48,11850.354024
220,31,14630.370906
220,32,13198.930936
220,33,12992.003294
220,34,12923.124547
220,35,12580.657980
220,36,12442.801750
220,41,12354.750251
220,42,12207.667060
220,43,12146.237840
220,45,11980.755798
220,46,11929.632081
220,48,11850.354024
221,31,14630.370906
221,32,13198.930936
221,33,12992.003294
221,34,12923.124547
221,35,12577.265332
221,36,12440.902525
221,40,12296.839832
221,42,12202.970601
221,43,12146.237840
221,45,11970.598455
221,46,11929.599289
221,48,11844.696024
222,31,13763.025144
222,32,13198.930936
222,33,12992.003294
222,34,12774.851490
222,35,12577.265332
222,36,12440.902525
222,40,12296.839832
222,42,12202.970601
222,43,12146.237840
222,45,11935.197027
222,46,11925.763795
222,48,11844.696024
223,31,13763.025144
223,32,13198.930936
223,33,12965.798677
223,34,12774.851490
223,35,12570.662291
223,36,12440.902525
223,40,12285.936354
223,42,12202.970601
223,43,12145.355862
223,45,11930.033562
223,46,11923.985537
223,48,11831.300249
224,31,13763.025144
224,32,13198.930936
224,33,12965.798677
224,34,12774.851490
224,35,12570.662291
224,36,12440.902525
224,40,12285.936354
224,42,12202.970601
224,43,12145.355862
224,44,11961.894906
224,45,11930.033562
224,46,11923.985537
224,48,11831.300249
225,31,13763.025144
225,32,13173.332587
225,33,12965.798677
225,34,12760.798276
225,35,12570.662291
225,36,12421.699748
225,40,12285.936354
225,42,12202.970601
225,43,12135.363392
225,44,11956.508182
225,45,11911.230992
225,48,11830.331648
226,31,13763.025144
226,32,13170.274543
226,33,12965.798677
226,34,12760.798276
226,35,12570.662291
226,36,12421.699748
226,40,12285.936354
226,42,12202.970601
226,43,12135.363392
226,44,11956.508182
226,45,11911.230992
226,48,11830.331648
227,31,13763.025144
227,32,13170.274543
227,33,12964.499853
227,34,12759.619456
227,35,12570.662291
227,36,12421.699748
227,40,12284.281688
227,41,12194.023290
227,42,12109.168388
227,43,11934.901073
227,44,11897.394777
227,48,11825.750891
228,31,13763.025144
228,32,13170.274543
228,33,12964.499853
228,34,12759.619456
228,35,12570.662291
228,36,12421.699748
228,40,12284.281688
228,41,12194.023290
228,42,12109.168388
228,43,11934.901073
228,44,11897.394777
228,48,11825.750891
229,31,13763.025144
229,32,12942.962630
229,33,12695.068698
229,35,12570.426836
229,36,12374.084224
229,40,12284.281688
229,41,12162.106368
229,42,12109.168388
229,43,11922.766089
229,44,11890.978846
229,48,11810.562403
230,31,13763.025144
230,32,12942.962630
230,33,12695.068698
230,35,12570.426836
230,36,12374.084224
230,40,12284.281688
230,41,12162.106368
230,42,12109.168388
230,43,11850.778396
230,48,11810.562403
231,31,13763.025144
231,32,12906.740342
231,33,12695.068698
231,35,12567.222646
231,36,12368.213982
231,40,12279.972066
231,41,12149.056785
231,42,12104.589359
231,43,11807.062106
232,31,13523.016095
232,32,12906.740342
232,33,12695.068698
232,35,12567.222646
232,36,12345.127243
232,40,12279.972066
232,41,12149.056785
232,42,12104.589359
232,43,11807.062106
233,31,13465.299451
233,32,12906.740342
233,33,12679.742049
233,35,12567.222646
233,36,12344.072180
233,40,12279.323311
233,41,12149.056785
233,42,12100.541085
233,43,11786.440051
234,31,13465.299451
234,32,12906.740342
234,33,12679.742049
234,35,12567.222646
234,36,12344.072180
234,40,12279.323311
234,41,12125.452237
234,42,12100.541085
234,43,11786.440051
235,31,13429.240314
235,32,12887.650115
235,33,12655.715987
235,34,12520.059103
235,36,12343.679682
235,40,12279.323311
235,41,12123.952274
235,42,12078.827076
235,43,11773.854854
236,31,13429.240314
236,32,12887.650115
236,33,12655.715987
236,34,12520.059103
236,36,12343.679682
236,40,12279.323311
236,41,12123.952274
236,42,11977.061290
236,43,11773.854854
237,31,13421.923176
237,32,12887.650115
237,33,12655.715987
237,34,12497.145859
237,36,12343.679682
237,40,12275.543578
237,41,12097.239932
237,42,11976.236940
237,43,11770.075979
238,31,13421.923176
238,32,12887.650115
238,33,12655.715987
238,34,12497.145859
238,36,12343.679682
238,40,12275.543578
238,41,12097.239932
238,42,11870.583914
238,43,11770.075979
239,31,13397.256247
239,32,12887.650115
239,33,12655.715987
239,34,12493.340881
239,36,12343.234175
239,40,12270.754130
239,41,11867.607200
239,43,11749.347774
240,31,13397.256247
240,32,12887.650115
240,33,12655.715987
240,34,12493.340881
240,36,12343.234175
240,40,12270.754130
240,41,11867.607200
240,43,11749.347774
241,31,13392.954155
241,32,12874.203943
241,33,12655.715987
241,34,12489.613310
241,36,12343.234175
241,37,12330.884762
241,40,12270.754130
241,41,11867.607200
241,43,11725.157676
242,31,13392.954155
242,32,12874.203943
242,33,12655.715987
242,34,12489.613310
242,36,12343.234175
242,37,12330.884762
242,40,12270.754130
242,41,11867.607200
242,43,11725.157676
243,31,13387.327903
243,32,12874.203943
243,33,12654.865511
243,34,12488.144453
243,36,12343.197284
243,37,12318.836949
243,40,12254.412702
243,41,11861.692597
243,43,11706.413181
244,31,13387.327903
244,32,12874.203943
244,33,12654.865511
244,34,12488.144453
244,36,12343.197284
244,37,12318.836949
244,40,12254.412702
244,41,11861.692597
244,43,11706.413181
245,31,13387.327903
245,32,12864.173843
245,33,12654.865511
245,34,12439.352511
245,35,12279.342389
245,40,12244.236489
245,41,11827.353137
245,43,11706.413181
246,31,13387.327903
246,32,12864.173843
246,33,12654.865511
246,34,12439.352511
246,35,12279.342389
246,40,12244.236489
246,41,11827.353137
246,43,11706.413181
247,31,13387.327903
247,32,12859.411662
247,33,12654.428750
247,34,12439.352511
247,35,12263.524431
247,40,12203.110331
247,41,11827.353137
247,43,11704.884166
248,30,13440.963672
248,31,13387.327903
248,32,12859.411662
248,33,12654.428750
248,34,12439.352511
248,35,12263.524431
248,40,12203.110331
248,41,11827.353137
248,43,11704.884166
249,30,13350.940069
249,32,12746.822573
249,33,12526.286991
249,34,12435.323175
249,35,12259.470885
249,40,12194.335141
249,41,11801.669554
249,42,11761.526040
249,43,11704.105735
250,30,13350.940069
250,31,13302.874450
250,32,12746.822573
250,33,12526.286991
250,34,12435.323175
250,35,12259.470885
250,39,12118.646215
250,41,11801.669554
250,42,11761.526040
250,43,11704.105735
251,30,13335.728166
251,31,13299.262036
251,32,12721.099296
251,33,12461.466440
251,34,12432.538632
251,35,12259.470885
251,39,12118.646215
251,41,11796.994143
251,42,11735.926773
251,43,11697.948712
252,30,13335.728166
252,31,13299.262036
252,32,12721.099296
252,33,12461.466440
252,34,12432.538632
252,35,12259.470885
252,39,12118.646215
252,41,11796.994143
252,42,11735.926773
252,43,11697.948712
253,30,13335.599046
253,31,13299.262036
253,32,12719.367804
253,33,12376.358985
253,35,12257.728150
253,39,12065.896465
253,41,11796.994143
253,42,11735.926773
253,43,11695.866697
254,30,13335.599046
254,31,13299.262036
254,32,12719.367804
254,33,12376.358985
254,35,12257.728150
254,39,12065.896465
254,41,11796.994143
254,42,11735.926773
254,43,11695.866697
255,30,13275.599259
255,31,13266.177505
255,32,12709.061993
255,33,12376.358985
255,35,12257.728150
255,39,12016.533683
255,41,11796.994143
255,42,11735.926773
255,43,11695.866697
256,30,13275.599259
256,31,13266.177505
256,32,12709.061993
256,33,12376.358985
256,35,12257.728150
256,39,12016.533683
256,41,11796.994143
256,42,11735.926773
256,43,11695.866697
257,30,13272.931603
257,31,13227.122620
257,32,12691.663088
257,33,12373.997317
257,35,12255.096048
257,39,12016.533683
257,41,11778.844455
257,42,11717.746096
257,43,11665.228362
258,30,13272.931603
258,31,13227.122620
258,32,12691.663088
258,33,12373.997317
258,35,12202.192399
258,39,12016.533683
258,41,11778.844455
258,42,11717.746096
258,43,11665.228362
259,30,13272.931603
259,31,13216.535342
259,32,12691.663088
259,33,12349.319391
259,35,12202.192399
259,39,12005.057751
259,41,11774.482674
259,42,11717.746096
259,43,11665.228362
260,30,13272.931603
260,31,13216.535342
260,32,12691.663088
260,33,12349.319391
260,35,12148.144201
260,39,12005.057751
260,41,11715.530268
260,43,11665.228362
261,30,13265.763441
261,31,13212.676550
261,32,12682.858699
261,33,12337.850504
261,35,12148.144201
261,39,12004.494089
261,40,11707.319850
261,43,11656.867224
262,30,13265.763441
262,31,13212.676550
262,32,12645.624731
262,33,12337.850504
262,35,12148.144201
262,39,12004.494089
262,40,11707.319850
262,43,11656.867224
262,44,11644.967477
263,30,13254.467306
263,31,13187.704788
263,32,12645.624731
263,33,12330.774924
263,35,12135.702796
263,39,12004.423499
263,40,11704.323948
263,43,11656.867224
263,44,11644.032673
264,30,13254.467306
264,31,13187.704788
264,32,12645.624731
264,33,12330.774924
264,35,12135.702796
264,39,12004.423499
264,40,11704.323948
264,43,11656.867224
264,44,11644.032673
265,29,13567.960752
265,30,13211.531110
265,31,13160.054921
265,32,12642.958880
265,33,12299.293312
265,35,12114.768934
265,39,11697.316599
265,42,11641.255091
266,29,13567.960752
266,30,13211.531110
266,31,13160.054921
266,32,12642.958880
266,33,12299.293312
266,35,12114.768934
266,39,11697.316599
266,41,11681.076635
266,42,11641.255091
267,29,13471.453272
267,30,13198.122203
267,31,13148.912385
267,32,12607.803533
267,33,12292.600792
267,35,12114.768934
267,39,11694.617711
267,40,11669.567569
267,41,11590.279475
268,29,13471.453272
268,30,13198.122203
268,31,13148.912385
268,32,12607.803533
268,33,12292.600792
268,35,12114.768934
268,39,11694.617711
268,40,11669.567569
268,41,11560.202999
269,29,13438.343134
269,30,13170.176644
269,31,13129.880084
269,32,12600.234853
269,33,12292.600792
269,35,12113.937135
269,39,11674.958087
269,40,11663.785439
269,41,11560.202999
270,29,13438.343134
270,30,13170.176644
270,31,13129.880084
270,32,12600.234853
270,33,12206.625526
270,35,12113.937135
270,39,11674.958087
270,40,11663.785439
270,41,11560.202999
271,29,13419.124028
271,30,13138.759738
271,31,13122.847210
271,32,12597.703302
271,33,12206.625526
271,35,12113.937135
271,39,11650.007578
271,40,11643.584081
271,41,11560.202999
272,29,13419.124028
272,30,13138.759738
272,31,13122.847210
272,32,12597.703302
272,33,12206.625526
272,35,12113.937135
272,39,11650.007578
272,40,11643.584081
272,41,11560.202999
273,29,13403.248421
273,30,13136.737766
273,31,13117.103894
273,32,12597.703302
273,33,12198.375853
273,35,12113.937135
273,38,11623.566708
273,41,11559.120959
274,29,13403.248421
274,30,13136.737766
274,31,13117.103894
274,32,12597.703302
274,33,12198.375853
274,35,12113.937135
274,38,11623.566708
274,41,11559.120959
275,29,13376.906908
275,30,13136.737766
275,31,13117.002216
275,32,12597.703302
275,33,12167.727158
275,34,12157.460187
275,35,12113.937135
275,38,11623.566708
275,41,11556.417988
276,29,13376.906908
276,30,13136.737766
276,31,13117.002216
276,32,12597.703302
276,33,12167.727158
276,34,12157.460187
276,35,12113.937135
276,36,12093.679483
276,38,11623.566708
276,41,11556.417988
277,29,13376.906908
277,30,13136.644047
277,31,13105.208299
277,32,12593.415919
277,33,12167.292225
277,34,12157.460187
277,35,12113.937135
277,36,12081.828979
277,38,11608.688588
277,41,11528.301194
278,29,13376.906908
278,30,13136.644047
278,31,13105.208299
278,32,12593.415919
278,33,12167.292225
278,34,12157.460187
278,35,12113.937135
278,36,12081.828979
278,38,11608.688588
278,41,11528.301194
279,29,13376.906908
279,30,13136.644047
279,31,13105.208299
279,32,12593.415919
279,33,12155.823073
279,34,12140.001029
279,35,12105.869041
279,36,12077.273296
279,38,11608.660289
279,41,11528.301194
280,29,13376.906908
280,30,13136.644047
280,31,13105.208299
280,32,12593.415919
280,33,12155.823073
280,34,12140.001029
280,35,12105.869041
280,36,12077.273296
280,38,11608.660289
280,41,11528.301194
281,29,13333.855442
281,30,13134.794051
281,31,13101.663232
281,32,12564.632669
281,33,12155.823073
281,34,12140.001029
281,35,12099.356444
281,36,12069.463649
281,38,11606.369123
281,40,11509.133157
282,29,13333.855442
282,30,13134.794051
282,31,13101.663232
282,32,12564.632669
282,33,12155.823073
282,34,12140.001029
282,35,12099.356444
282,36,12069.463649
282,38,11606.369123
282,40,11509.133157
283,29,13333.855442
283,30,13114.191221
283,31,13101.663232
283,32,12564.632669
283,33,12153.540080
283,34,12140.001029
283,35,12097.223719
283,36,12065.607479
283,38,11606.369123
283,40,11509.133157
284,29,13333.855442
284,30,13114.191221
284,31,12687.978950
284,32,12564.632669
284,33,12153.540080
284,34,12140.001029
284,35,12097.223719
284,36,12065.607479
284,37,12047.351894
284,38,11606.369123
284,40,11509.133157
285,29,13288.544621
285,30,13114.191221
285,31,12560.058148
285,33,12146.398746
285,34,12138.539330
285,35,12065.600881
285,36,12020.332697
285,38,11589.330935
285,40,11509.133157
286,29,13288.544621
286,30,13114.191221
286,31,12560.058148
286,32,12460.076491
286,33,12145.210237
286,34,12130.850908
286,35,12065.600881
286,36,12020.332697
286,38,11589.330935
286,40,11509.133157
287,29,13284.638148
287,30,13114.191221
287,31,12558.391430
287,32,12412.899295
287,33,12141.403951
287,34,12095.243916
287,35,12059.468420
287,36,12003.799010
287,38,11589.330935
287,40,11503.674748
288,29,13284.638148
288,30,13114.191221
288,31,12558.391430
288,32,12412.899295
288,33,12141.403951
288,34,12041.650476
288,35,11992.559512
288,38,11589.330935
288,40,11503.674748
289,29,13198.334480
289,30,13108.137763
289,31,12530.849603
289,32,12344.282508
289,33,12141.403951
289,34,12041.435953
289,35,11984.491418
289,38,11589.315468
289,40,11494.970086
290,29,13198.334480
290,30,13108.137763
290,31,12530.849603
290,32,12344.282508
290,33,12141.403951
290,34,12041.435953
290,35,11984.491418
290,38,11589.315468
290,39,11479.269542
291,29,13196.055424
291,30,13107.736991
291,31,12368.374507
291,32,12344.081966
291,33,12128.850829
291,34,12034.350712
291,35,11983.359799
291,38,11588.541598
291,39,11479.269542
292,29,13196.055424
292,30,13107.736991
292,31,12368.374507
292,32,12344.081966
292,33,12128.850829
292,34,12034.350712
292,35,11983.359799
292,38,11588.541598
292,39,11479.269542
293,29,13196.055424
293,30,13101.845142
293,31,12293.269163
293,32,12264.961046
293,33,12128.850829
293,34,12025.904443
293,35,11979.293247
293,38,11568.686487
293,39,11464.054280
294,29,13196.055424
294,30,13101.845142
294,31,12293.269163
294,32,12264.961046
294,33,12128.850829
294,34,12016.742438
294,35,11979.293247
294,38,11568.686487
294,39,11464.054280
295,29,13196.055424
295,30,13073.192632
295,31,12265.619728
295,32,12101.715473
295,34,11997.586947
295,35,11970.147909
295,38,11568.686487
295,39,11454.931345
296,29,13196.055424
296,30,13073.192632
296,31,12265.619728
296,32,12101.715473
296,34,11997.586947
296,35,11970.147909
296,38,11568.686487
296,39,11454.931345
297,29,13187.630979
297,30,13063.175241
297,31,12265.619728
297,32,12078.451119
297,34,11997.553944
297,35,11961.362060
297,38,11568.615897
297,39,11452.531282
298,29,13187.630979
298,30,13063.175241
298,31,12265.619728
298,32,12078.451119
298,34,11997.553944
298,35,11961.362060
298,36,11880.843730
298,38,11568.615897
298,39,11452.531282
299,29,13152.354983
299,30,13054.897532
299,31,12264.468936
299,32,12073.496303
299,34,11986.748256
299,35,11961.362060
299,36,11880.843730
299,38,11558.222645
299,39,11437.637924
300,29,13152.354983
300,30,13054.897532
300,31,12264.468936
300,32,12073.496303
300,34,11986.748256
300,35,11961.362060
300,36,11880.843730
300,38,11558.222645
300,39,11437.637924
301,29,13130.240564
301,30,13046.631741
301,31,12263.855434
301,32,12073.496303
301,34,11984.774456
301,35,11961.118290
301,36,11865.040953
301,38,11558.222645
301,39,11437.637924
302,29,13130.240564
302,30,13046.631741
302,31,12263.855434
302,32,12073.496303
302,34,11984.774456
302,35,11961.118290
302,36,11865.040953
302,37,11726.555259
302,38,11558.222645
302,39,11437.637924
303,29,13110.411379
303,30,13045.408730
303,31,12244.469270
303,32,12073.496303
303,34,11984.774456
303,35,11960.973380
303,36,11703.575059
303,38,11558.010114
303,39,11434.721546
304,29,13110.411379
304,30,13045.408730
304,31,12244.469270
304,32,12073.496303
304,34,11984.774456
304,35,11960.973380
304,36,11703.575059
304,38,11558.010114
304,39,11434.721546
305,29,13070.695926
305,30,13043.931450
305,31,12238.327256
305,32,12073.496303
305,34,11984.641360
305,35,11960.973380
305,36,11696.356845
305,38,11558.010114
305,39,11429.084248
306,29,13070.695926
306,30,12420.690974
306,31,12238.327256
306,32,12073.496303
306,34,11984.641360
306,35,11960.973380
306,36,11696.356845
306,38,11558.010114
306,39,11429.084248
307,29,13070.695926
307,30,12360.410275
307,31,12229.253130
307,32,12059.743226
307,34,11976.272236
307,35,11959.277547
307,36,11665.783760
307,38,11540.052006
307,39,11420.434405
308,29,13070.695926
308,30,12360.410275
308,31,12229.253130
308,32,12059.743226
308,34,11953.225319
308,36,11665.783760
308,38,11540.052006
308,39,11420.434405
309,29,13070.695926
309,30,12359.488929
309,31,12207.421370
309,32,12052.192859
309,34,11910.090707
309,36,11664.426801
309,38,11533.278217
309,39,11419.293815
310,29,13070.695926
310,30,12359.488929
310,31,12207.421370
310,32,12052.192859
310,34,11910.090707
310,36,11664.426801
310,38,11533.278217
310,39,11419.293815
311,29,13070.695926
311,30,12349.439949
311,31,12202.917991
311,32,12052.192859
311,34,11907.008662
311,36,11664.426801
311,38,11513.911656
311,39,11419.293815
312,29,13070.695926
312,30,12349.439949
312,31,12202.917991
312,32,12052.192859
312,34,11907.008662
312,36,11664.426801
312,38,11513.911656
312,39,11419.293815
313,29,13066.992488
313,30,12231.942798
313,31,12201.167037
313,32,12051.326940
313,34,11907.008662
313,36,11647.518827
313,38,11513.911656
313,39,11416.796567
314,29,13008.059203
314,30,12231.942798
314,31,12201.167037
314,32,11993.581907
314,34,11907.008662
314,36,11647.518827
314,38,11513.911656
314,39,11416.796567
315,29,12987.359404
315,30,12231.498690
315,31,12196.489626
315,32,11989.020898
315,34,11890.038214
315,36,11647.518827
315,38,11513.911656
315,39,11416.796567
316,29,12987.359404
316,30,12231.498690
316,31,12196.489626
316,32,11989.020898
316,34,11890.038214
316,36,11647.518827
316,38,11513.911656
316,39,11416.796567
317,29,12974.084723
317,30,12231.498690
317,31,12193.869150
317,32,11985.985988
317,34,11890.038214
317,36,11647.518827
317,38,11513.797560
317,39,11416.308027
318,29,12974.084723
318,30,12231.498690
318,31,12193.869150
318,32,11985.985988
318,33,11976.204910
318,34,11890.038214
318,36,11647.518827
318,38,11513.797560
318,39,11416.308027
319,29,12952.841451
319,30,12231.498690
319,31,12108.814573
319,32,11985.419940
319,33,11975.740317
319,34,11889.680200
319,36,11647.518827
319,38,11513.797560
319,39,11401.317280
320,29,12936.439852
320,30,12019.577290
320,32,11985.419940
320,33,11975.740317
320,34,11889.680200
320,36,11647.518827
320,38,11460.885923
320,39,11401.317280
321,29,12935.959986
321,30,12019.102801
321,32,11985.419940
321,33,11975.486985
321,34,11884.964616
321,36,11647.518827
321,38,11460.878671
321,39,11400.150638
322,29,12935.959986
322,30,12019.102801
322,32,11979.543418
322,33,11975.486985
322,34,11884.964616
322,36,11647.518827
322,38,11460.878671
322,39,11400.150638
