Generation,NV,TOC
1,60,24773.279302
1,73,24389.168162
1,88,21803.187649
1,89,21405.420869
1,92,21396.167783
1,101,20671.849816
1,103,20464.555743
1,112,20349.713060
1,123,19391.090736
2,60,24773.279302
2,73,24389.168162
2,80,20929.547868
2,101,20671.849816
2,103,20464.555743
2,112,20349.713060
2,123,19391.090736
3,59,24266.301548
3,73,23374.295477
3,78,20533.820864
3,99,20124.211136
3,110,19658.430867
3,121,19417.844076
3,123,19391.090736
4,59,24266.301548
4,69,23155.033564
4,76,21074.331907
4,78,20469.642090
4,92,20419.057967
4,97,20045.030323
4,103,19956.005217
4,108,19520.560482
4,113,19425.706566
4,114,18819.826418
4,124,18643.386015
5,59,24266.301548
5,68,22686.232931
5,73,22510.056420
5,74,21908.603028
5,76,21074.331907
5,78,20469.642090
5,79,19686.340235
5,81,18993.219016
5,83,18735.702584
5,86,18634.552855
5,94,18466.495827
5,114,18095.844989
6,58,24567.349786
6,59,23362.382565
6,68,22686.232931
6,69,21369.335111
6,76,20708.806750
6,77,19867.529205
6,79,19686.340235
6,80,19605.051803
6,81,18993.219016
6,83,18735.702584
6,86,18634.552855
6,94,18466.495827
6,102,18460.940747
6,103,18068.454408
6,111,17888.212795
6,119,17643.510791
7,58,24418.434966
7,59,23362.382565
7,68,22686.232931
7,69,21369.335111
7,76,20708.806750
7,77,19867.529205
7,78,19723.030286
7,79,19686.340235
7,80,19489.454847
7,81,18993.219016
7,83,18735.702584
7,86,18634.552855
7,94,18466.495827
7,102,18460.940747
7,103,18068.454408
7,111,17888.212795
7,117,17690.153926
7,119,17643.510791
8,58,24195.961005
8,59,23362.382565
8,63,21555.761136
8,69,21369.335111
8,76,20693.402744
8,77,19867.529205
8,78,19723.030286
8,79,19686.340235
8,80,19489.454847
8,81,18800.257731
8,83,18735.702584
8,84,18117.047063
8,89,17987.522903
8,101,17977.839480
8,109,17769.872467
8,115,17583.861611
9,58,24195.961005
9,59,23362.382565
9,63,21555.761136
9,64,20483.362062
9,77,19867.529205
9,78,19296.407718
9,81,18800.257731
9,82,18288.650350
9,84,18117.047063
9,87,17825.324383
9,92,17530.045593
9,95,17444.286516
10,58,24195.961005
10,59,23362.382565
10,62,21893.182710
10,63,20387.164720
10,74,19975.587627
10,75,19725.579719
10,78,19193.466646
10,81,18094.352300
10,83,18012.251215
10,87,17803.759620
10,92,17434.685261
10,94,17350.683933
11,58,24195.961005
11,59,23362.382565
11,61,22874.657475
11,62,21893.182710
11,63,20387.164720
11,70,19596.481473
11,76,19366.262481
11,78,19193.466646
11,81,18094.352300
11,83,18012.251215
11,87,17803.759620
11,92,17434.685261
11,94,17350.683933
11,116,17306.656199
12,57,24325.973769
12,58,24195.961005
12,59,23362.382565
12,60,22821.591594
12,62,21893.182710
12,63,20387.164720
12,70,19596.481473
12,73,18820.709292
12,79,18500.581017
12,81,18094.352300
12,83,18012.251215
12,87,17803.759620
12,89,17764.039331
12,92,17434.685261
12,94,17350.683933
12,116,17306.656199
13,57,24325.973769
13,58,24195.961005
13,59,23326.471212
13,60,22480.195048
13,61,21178.328725
13,63,20387.164720
13,69,19273.758517
13,73,18820.709292
13,79,18319.596561
13,81,18014.919328
13,82,17995.871842
13,83,17807.286340
13,85,17722.658469
13,89,17679.464584
13,91,17326.816071
13,101,17183.172549
14,57,24325.973769
14,58,23076.228466
14,59,22379.684503
14,60,21609.761492
14,61,21178.328725
14,62,21153.581762
14,63,20387.164720
14,64,20245.598145
14,69,19273.758517
14,73,18820.709292
14,79,18319.596561
14,81,18014.919328
14,82,17995.871842
14,83,17807.286340
14,85,17722.658469
14,89,17679.464584
14,91,17326.816071
14,95,17324.200723
14,96,17235.343228
14,101,17183.172549
14,106,17140.921129
14,107,17110.652891
15,57,24325.973769
15,58,23076.228466
15,59,22379.684503
15,60,21609.761492
15,61,21178.328725
15,62,21153.581762
15,63,20387.164720
15,64,20245.598145
15,69,19273.758517
15,73,18820.709292
15,77,17722.325556
15,85,17573.120326
15,89,17541.843481
15,91,17277.366030
15,93,17126.525398
15,99,17067.820644
15,106,17002.509797
15,110,16947.957444
16,56,23256.948697
16,58,23076.228466
16,59,22379.684503
16,60,21609.761492
16,61,21178.328725
16,62,21153.581762
16,63,20387.164720
16,64,20245.598145
16,69,19273.758517
16,71,18732.482556
16,77,17722.325556
16,85,17573.120326
16,87,17239.278820
16,93,17126.525398
16,96,17109.395416
16,99,17067.820644
16,100,16772.533004
17,56,23256.948697
17,57,22733.957392
17,59,22379.684503
17,60,21609.761492
17,61,21178.328725
17,62,21153.581762
17,63,20387.164720
17,64,20245.598145
17,67,20180.692935
17,69,19161.851129
17,70,19058.187508
17,71,18638.514573
17,77,17625.559461
17,85,17573.120326
17,87,17179.742717
17,93,17118.228422
17,95,16845.196689
17,97,16654.566089
17,104,16388.388484
18,56,23256.948697
18,57,22733.957392
18,59,20830.222226
18,62,20306.699371
18,63,19125.051774
18,69,18683.760751
18,71,18638.514573
18,73,18599.861351
18,77,17625.559461
18,85,17573.120326
18,87,17179.742717
18,91,17103.472005
18,95,16845.196689
18,97,16523.759657
18,104,16388.388484
19,56,23256.948697
19,57,22733.957392
19,59,20830.222226
19,62,20306.699371
19,63,19125.051774
19,68,18875.796011
19,69,18683.760751
19,71,18638.514573
19,73,18497.003924
19,74,18440.828299
19,75,17554.766009
19,84,17006.795564
19,91,16794.673702
19,94,16705.532457
19,97,16435.749492
19,103,16266.473568
20,56,23256.948697
20,57,22733.957392
20,59,20830.222226
20,61,20575.994376
20,62,20306.699371
20,63,19125.051774
20,68,18875.796011
20,69,18683.760751
20,71,18638.514573
20,72,17541.305371
20,77,17422.451201
20,83,16935.091124
20,85,16739.063825
20,94,16705.532457
20,97,16435.749492
20,103,16266.473568
21,56,23256.948697
21,57,21943.593257
21,58,19341.762766
21,63,19125.051774
21,68,18875.796011
21,69,18515.547187
21,72,17541.305371
21,77,17422.451201
21,78,17401.371371
21,83,16882.619618
21,85,16644.591717
21,94,16631.791142
21,96,16319.974411
21,101,16092.517157
22,56,23256.948697
22,57,21762.285286
22,58,19341.762766
22,63,19125.051774
22,66,18380.385765
22,68,17920.827537
22,71,17257.617684
22,73,17051.746106
22,83,16882.619618
22,85,16644.591717
22,94,16631.791142
22,96,16319.974411
22,101,16092.517157
23,56,23256.948697
23,57,18983.371517
23,65,17605.878625
23,70,17186.069691
23,73,17051.746106
23,83,16800.433058
23,85,16644.591717
23,93,16436.162568
23,96,16271.593137
23,101,16092.517157
24,56,19620.142608
24,57,18983.371517
24,65,17605.878625
24,70,17186.069691
24,73,17051.746106
24,83,16800.433058
24,85,16644.591717
24,93,16436.162568
24,96,16271.593137
24,101,16092.517157
25,56,19620.142608
25,57,18893.727592
25,65,17605.878625
25,67,17128.319626
25,73,16846.253087
25,83,16766.112927
25,85,16535.583930
25,93,16402.203587
25,96,16270.714362
25,100,15998.514911
26,56,19620.142608
26,57,18893.727592
26,64,17604.963983
26,67,17128.319626
26,68,17027.351033
26,73,16846.253087
26,83,16766.112927
26,85,16535.583930
26,92,16467.360736
26,93,16402.203587
26,96,16270.714362
26,100,15946.079854
27,56,19620.142608
27,57,18893.727592
27,64,17604.963983
27,65,16963.698256
27,71,16799.768192
27,83,16740.922730
27,85,16460.979652
27,89,16108.762687
27,100,15931.117634
28,56,19620.142608
28,57,18893.727592
28,64,17345.343588
28,65,16963.698256
28,71,16799.768192
28,76,16692.371250
28,77,16516.727687
28,81,16413.514149
28,89,16108.762687
28,100,15931.117634
29,56,19620.142608
29,57,18893.727592
29,60,18625.356868
29,63,18404.953014
29,64,16896.309207
29,69,16419.477184
29,76,16415.222060
29,81,16332.128193
29,89,16101.371667
29,100,15915.830207
29,104,15879.282793
30,56,18895.388576
30,57,18893.727592
30,60,18625.356868
30,63,18404.953014
30,64,16896.309207
30,69,16419.477184
30,76,16415.222060
30,81,16332.128193
30,82,16204.937440
30,89,16101.371667
30,100,15915.830207
30,104,15879.282793
31,56,18895.388576
31,57,18893.727592
31,58,18201.584824
31,59,18148.242044
31,61,17789.230822
31,64,16862.976930
31,69,16419.477184
31,76,16267.582817
31,80,16092.286146
31,81,16009.467372
31,95,15897.493540
31,98,15863.280688
31,103,15765.430460
32,56,18895.388576
32,57,18893.727592
32,58,18201.584824
32,59,18148.242044
32,61,17789.230822
32,62,17639.034132
32,63,17425.887409
32,64,16862.976930
32,68,16492.774429
32,69,16329.719526
32,71,16135.846841
32,78,16009.121137
32,83,15965.227256
32,85,15961.028383
32,95,15897.493540
32,98,15863.280688
32,103,15765.430460
33,56,18895.388576
33,57,18454.013100
33,58,18198.368555
33,59,18148.242044
33,61,17789.230822
33,62,17639.034132
33,63,17425.887409
33,64,16692.237920
33,67,16402.451811
33,69,16322.435193
33,71,16127.477682
33,78,16007.913342
33,82,15874.921559
33,97,15838.302813
33,103,15734.962441
34,55,19656.779986
34,56,18895.388576
34,57,18454.013100
34,58,17880.485043
34,59,17354.662174
34,64,16692.237920
34,67,16402.451811
34,69,16322.435193
34,71,16127.477682
34,77,15962.840115
34,80,15919.746768
34,82,15874.921559
34,97,15838.302813
34,103,15734.962441
35,55,19656.779986
35,56,18895.388576
35,57,18454.013100
35,58,17880.485043
35,59,17354.662174
35,64,16692.237920
35,67,16402.451811
35,69,16322.435193
35,71,16127.477682
35,76,16085.788098
35,77,15962.840115
35,80,15919.746768
35,82,15874.921559
35,97,15838.302813
35,103,15734.962441
36,55,19656.779986
36,56,18895.388576
36,57,17560.472402
36,59,17243.173519
36,60,17134.525150
36,64,16692.237920
36,67,16402.451811
36,69,16322.435193
36,71,16127.477682
36,76,16085.788098
36,77,15962.840115
36,80,15919.746768
36,82,15874.921559
36,86,15851.747150
36,97,15838.302813
36,103,15734.962441
37,55,19656.779986
37,56,18624.141613
37,57,17560.472402
37,58,17497.657252
37,59,17243.173519
37,60,17134.525150
37,61,16935.400934
37,64,16692.237920
37,67,16402.451811
37,69,16322.435193
37,70,16115.245577
37,73,15931.156089
37,80,15919.746768
37,82,15874.921559
37,86,15851.747150
37,97,15838.302813
37,103,15734.962441
38,55,19656.779986
38,56,18485.319033
38,57,17560.472402
38,58,17497.657252
38,59,17243.173519
38,60,17108.756044
38,61,16915.803052
38,64,16692.237920
38,67,16402.451811
38,69,16322.435193
38,70,16115.245577
38,73,15931.156089
38,76,15804.319096
38,78,15717.221342
39,55,19157.220311
39,56,18485.319033
39,57,17560.472402
39,58,17497.657252
39,59,17199.139554
39,60,16761.748500
39,62,16635.890247
39,63,16519.459268
39,67,16376.099049
39,69,16307.265392
39,70,16088.951753
39,73,15931.156089
39,76,15743.627728
39,78,15690.722234
40,55,18905.194005
40,56,17571.993758
40,57,17560.472402
40,58,17497.657252
40,59,17199.139554
40,60,16761.748500
40,62,16635.890247
40,63,16519.459268
40,67,16376.099049
40,69,16307.265392
40,70,16088.951753
40,73,15931.156089
40,76,15743.627728
40,78,15690.722234
40,79,15681.145555
41,55,18905.194005
41,56,17571.993758
41,57,17560.472402
41,58,17096.389172
41,60,16761.748500
41,62,16557.888439
41,63,16519.459268
41,67,16376.099049
41,69,16285.998830
41,70,16088.951753
41,73,15924.329289
41,76,15681.375576
41,79,15681.145555
41,82,15478.307707
42,55,18905.194005
42,56,17571.993758
42,57,17560.472402
42,58,17096.389172
42,60,16761.748500
42,62,16557.888439
42,63,16519.459268
42,65,16138.405725
42,70,16088.951753
42,73,15924.329289
42,76,15681.375576
42,77,15447.788884
43,55,18905.194005
43,56,17571.993758
43,57,17560.472402
43,58,17096.389172
43,59,16525.609120
43,62,16500.708752
43,63,16487.450586
43,65,16095.068246
43,70,16088.951753
43,72,15966.891206
43,73,15875.814396
43,76,15665.858052
43,77,15436.658136
44,55,18216.119358
44,56,17571.993758
44,57,17376.254195
44,58,17096.389172
44,59,16525.609120
44,62,16500.708752
44,63,16487.450586
44,65,16095.068246
44,70,16088.951753
44,72,15966.891206
44,73,15875.814396
44,76,15665.858052
44,77,15436.658136
45,55,17579.666139
45,56,17215.497079
45,57,17189.743694
45,58,17096.389172
45,59,16494.812961
45,63,16476.226308
45,64,16112.087756
45,65,16095.010849
45,70,16082.741459
45,72,15940.794697
45,73,15850.851908
45,76,15390.149563
46,55,17536.103869
46,56,17215.497079
46,57,17189.743694
46,58,17020.786900
46,59,16494.812961
46,63,16424.098628
46,64,16112.087756
46,65,16095.010849
46,70,16082.741459
46,72,15940.794697
46,73,15850.851908
46,76,15390.149563
47,55,17536.103869
47,56,17215.497079
47,57,17152.662725
47,58,16985.330071
47,59,16358.240364
47,63,16324.163284
47,64,15993.437315
47,72,15940.794697
47,73,15751.809899
47,76,15386.394228
48,55,17128.515979
48,56,16938.875070
48,57,16547.866997
48,59,16358.240364
48,63,16324.163284
48,64,15993.437315
48,72,15940.794697
48,73,15751.809899
48,76,15386.394228
49,53,18143.048659
49,55,16859.523086
49,57,16533.977561
49,58,16328.545863
49,63,16287.507277
49,64,15916.222787
49,73,15694.577766
49,76,15297.968773
50,52,18897.130815
50,53,18143.048659
50,55,16859.523086
50,57,16533.977561
50,58,16328.545863
50,63,16246.326031
50,64,15916.222787
50,73,15694.577766
50,76,15297.968773
51,52,18897.130815
51,53,18143.048659
51,54,17605.323699
51,55,16606.046848
51,57,16505.178627
51,58,16328.545863
51,60,16155.207275
51,63,15868.941083
51,73,15656.180990
51,75,15286.157592
52,52,18897.130815
52,53,18143.048659
52,54,17605.323699
52,55,16606.046848
52,57,16465.515053
52,58,16328.545863
52,59,16176.050355
52,60,16155.207275
52,63,15868.941083
52,73,15656.180990
52,75,15286.157592
53,52,18897.130815
53,53,17831.630071
53,54,17605.323699
53,55,16601.516971
53,57,16382.932432
53,58,16141.891277
53,59,16106.437944
53,60,16074.296351
53,63,15861.026011
53,73,15653.898419
53,75,15286.157592
54,52,18897.130815
54,53,17831.630071
54,54,17605.323699
54,55,16601.516971
54,57,16382.932432
54,58,16141.891277
54,59,16106.437944
54,60,16074.296351
54,63,15861.026011
54,72,15741.973287
54,73,15653.898419
54,75,15286.157592
55,52,18897.130815
55,53,17831.630071
55,54,16524.487701
55,57,15957.845837
55,63,15786.527877
55,66,15775.256650
55,72,15732.213232
55,73,15602.026618
55,75,15263.801772
56,52,18546.764402
56,53,17831.630071
56,54,16524.487701
56,57,15957.845837
56,63,15786.527877
56,66,15775.256650
56,72,15732.213232
56,73,15602.026618
56,75,15263.801772
57,52,18273.497202
57,53,17831.630071
57,54,16284.970976
57,57,15930.286103
57,63,15679.398746
57,71,15591.497956
57,74,15333.855447
57,75,15263.801772
58,50,19045.120269
58,51,18806.740282
58,52,17957.281350
58,53,17831.630071
58,54,16284.970976
58,57,15930.286103
58,63,15679.398746
58,64,15656.523630
58,71,15591.497956
58,74,15333.855447
58,75,15263.801772
59,50,18345.589852
59,52,17957.281350
59,53,17053.192159
59,54,16284.970976
59,56,15903.903397
59,63,15679.398746
59,64,15591.413162
59,70,15492.170951
59,73,15212.430141
60,50,18345.589852
60,52,17808.859854
60,53,17053.192159
60,54,16284.970976
60,56,15903.903397
60,63,15679.398746
60,64,15591.413162
60,70,15492.170951
60,71,15482.914261
60,73,15212.430141
61,50,18345.589852
61,51,17395.518731
61,53,17053.192159
61,54,16149.664822
61,56,15884.315866
61,63,15544.743856
61,70,15492.170951
61,71,15475.253791
61,73,15212.430141
62,50,18288.081496
62,51,17395.518731
62,53,17053.192159
62,54,16149.664822
62,56,15884.315866
62,63,15544.743856
62,70,15492.170951
62,71,15475.253791
62,72,15415.489225
62,73,15212.430141
63,49,18275.703900
63,51,17363.695843
63,53,16909.053096
63,54,16144.677581
63,56,15820.870286
63,63,15523.788416
63,69,15487.620826
63,71,15465.492894
63,72,15149.271763
64,48,18483.526795
64,49,17921.087258
64,51,17363.695843
64,53,16909.053096
64,54,16144.677581
64,56,15820.870286
64,63,15523.788416
64,69,15487.620826
64,71,15465.492894
64,72,15149.271763
64,80,15123.702602
65,48,18483.526795
65,49,17754.025868
65,50,17337.021799
65,53,16814.534671
65,54,16126.984707
65,55,15772.993059
65,63,15502.603353
65,69,15471.356487
65,70,15314.446330
65,72,15084.906880
66,48,18483.526795
66,49,17754.025868
66,50,17337.021799
66,53,16814.534671
66,54,16126.984707
66,55,15772.993059
66,63,15502.603353
66,69,15471.356487
66,70,15314.446330
66,72,15084.906880
67,48,18298.266075
67,49,17535.991091
67,50,17337.021799
67,52,17198.219258
67,53,16814.534671
67,54,16126.984707
67,55,15676.723698
67,63,15474.024040
67,68,15395.629860
67,70,15314.446330
67,72,15061.887415
68,48,18298.266075
68,49,17535.991091
68,50,17337.021799
68,51,17302.522588
68,52,17198.219258
68,53,16814.534671
68,54,16126.984707
68,55,15676.723698
68,63,15474.024040
68,68,15395.629860
68,70,15314.446330
68,72,15061.887415
69,48,17783.640801
69,49,17467.933536
69,50,17337.021799
69,51,17117.867338
69,52,16777.281424
69,54,16111.244656
69,55,15662.566092
69,63,15471.062886
69,68,15395.629860
69,69,15377.477411
69,70,15314.446330
69,71,14979.675325
70,48,17783.640801
70,49,17467.933536
70,50,17337.021799
70,51,17077.753760
70,52,16777.281424
70,54,16111.244656
70,55,15662.566092
70,63,15456.705423
70,66,15415.916060
70,68,15395.629860
70,69,15300.195300
70,71,14979.675325
71,47,17508.834194
71,49,17251.471630
71,50,17019.945109
71,52,16727.136141
71,54,15651.731398
71,63,15406.142288
71,64,15336.932804
71,69,15162.854592
71,71,14956.125379
72,47,17508.834194
72,49,17251.471630
72,50,17019.945109
72,52,16727.136141
72,54,15651.731398
72,63,15406.142288
72,64,15336.932804
72,69,15162.854592
72,71,14956.125379
73,47,17452.988446
73,49,16875.508552
73,52,16617.527779
73,54,15651.731398
73,63,15406.142288
73,64,15336.932804
73,69,15147.232287
73,70,14953.764693
74,47,17452.988446
74,48,17226.258047
74,49,16875.508552
74,52,16617.527779
74,54,15651.731398
74,60,15623.981784
74,63,15406.142288
74,64,15336.932804
74,67,15334.477632
74,69,15147.232287
74,70,14953.764693
75,46,17223.668856
75,47,16762.153116
75,52,16617.527779
75,54,15642.860937
75,60,15515.534053
75,63,15391.729390
75,64,15285.424390
75,69,15147.232287
75,70,14941.440701
76,46,17223.668856
76,47,16762.153116
76,52,16617.527779
76,54,15642.860937
76,60,15515.534053
76,63,15391.729390
76,64,15280.823222
76,69,15147.232287
76,70,14941.440701
77,46,17221.802947
77,47,16743.916284
77,52,16617.527779
77,54,15576.577963
77,60,15433.102070
77,63,15339.415456
77,64,15248.378757
77,69,15084.103299
77,70,14941.440701
78,46,17221.802947
78,47,16600.500352
78,53,16218.537637
78,54,15576.577963
78,60,15433.102070
78,63,15339.415456
78,64,15224.435067
78,69,15084.103299
78,70,14941.440701
78,76,14910.013395
79,46,17188.380147
79,47,16447.091075
79,53,15518.961049
79,60,15260.740830
79,64,15224.435067
79,69,15078.729721
79,70,14937.896152
79,76,14910.013395
80,46,17188.380147
80,47,16447.091075
80,53,15518.961049
80,60,15260.740830
80,64,15224.435067
80,65,15192.820318
80,66,15047.685414
80,70,14937.896152
80,76,14910.013395
81,46,17160.064572
81,47,16447.091075
81,53,15488.477188
81,58,15468.340768
81,60,15259.194903
81,64,15122.558603
81,65,15116.501571
81,66,15047.685414
81,68,14888.594071
82,46,17160.064572
82,47,16447.091075
82,53,15488.477188
82,58,15468.340768
82,59,15372.236643
82,60,15259.194903
82,64,15122.558603
82,65,15116.501571
82,66,15047.685414
82,68,14888.594071
83,46,16820.020416
83,47,16376.379933
83,53,15484.924011
83,58,15463.802108
83,59,15297.998415
83,60,15211.263667
83,64,15076.359771
83,66,14971.444425
83,68,14840.667883
84,46,16820.020416
84,47,16376.379933
84,53,15484.924011
84,58,15463.802108
84,59,15297.998415
84,60,15211.263667
84,63,15053.955133
84,64,15035.607150
84,66,14971.444425
84,68,14840.667883
84,72,14829.280805
85,46,16820.020416
85,47,16321.129251
85,53,15469.288522
85,58,15454.617069
85,59,15270.023795
85,60,15211.263667
85,62,14963.038376
85,67,14785.574893
85,70,14725.689971
86,46,16820.020416
86,47,16321.129251
86,53,15469.288522
86,58,15454.617069
86,59,15270.023795
86,60,15211.263667
86,62,14963.038376
86,63,14923.278112
86,67,14785.574893
86,70,14725.689971
87,46,16637.882157
87,47,16321.129251
87,53,15465.215836
87,58,15175.063576
87,61,15038.553388
87,62,14954.058185
87,63,14923.278112
87,67,14784.294728
87,70,14725.689971
88,46,16637.882157
88,47,16321.129251
88,53,15465.215836
88,58,15138.614781
88,61,15038.553388
88,62,14954.058185
88,63,14923.278112
88,67,14784.294728
88,70,14725.689971
89,46,16637.882157
89,47,16309.347908
89,53,15465.151256
89,58,15138.614781
89,61,14932.765053
89,63,14792.598182
89,67,14766.742216
89,70,14688.290464
90,46,16637.882157
90,47,16309.347908
90,51,16242.659674
90,53,15465.151256
90,58,15138.614781
90,61,14932.765053
90,63,14792.598182
90,67,14766.742216
90,68,14568.632358
91,46,16637.882157
91,47,16281.945764
91,50,16023.247863
91,53,15392.355150
91,57,15204.071367
91,58,15078.580908
91,61,14916.695854
91,62,14863.437654
91,63,14792.598182
91,66,14664.367655
91,68,14568.632358
92,45,16488.078760
92,47,16281.945764
92,49,16144.077381
92,50,16023.247863
92,53,15392.355150
92,54,15387.822908
92,57,15204.071367
92,58,15078.580908
92,61,14896.011650
92,62,14863.437654
92,63,14792.598182
92,66,14664.367655
92,68,14568.632358
93,45,16488.078760
93,47,16281.945764
93,49,16144.077381
93,50,16023.247863
93,53,15310.242169
93,55,15161.703687
93,58,15075.968577
93,59,14964.854009
93,61,14896.011650
93,62,14863.437654
93,63,14781.474056
93,66,14664.367655
93,68,14568.632358
94,45,16488.078760
94,46,16407.584850
94,47,16281.945764
94,49,16144.077381
94,50,16023.247863
94,53,15310.242169
94,55,15161.703687
94,58,15075.968577
94,59,14964.854009
94,61,14896.011650
94,62,14680.490831
94,66,14664.367655
94,68,14568.632358
95,45,16488.078760
95,46,16407.584850
95,47,16079.533244
95,50,15969.003420
95,53,15298.155414
95,55,15133.605927
95,58,15050.452897
95,59,14827.810452
95,62,14680.490831
95,66,14664.367655
95,68,14568.632358
96,45,16488.078760
96,46,16407.584850
96,47,16079.533244
96,50,15969.003420
96,53,15298.155414
96,55,15133.605927
96,58,15050.452897
96,59,14827.810452
96,62,14680.490831
96,66,14664.367655
96,68,14568.632358
97,45,16488.078760
97,46,16238.484845
97,47,16019.076544
97,50,15851.165202
97,52,15264.656551
97,54,15260.792654
97,55,15133.605927
97,58,14922.866584
97,59,14827.810452
97,62,14662.927836
97,65,14597.427281
97,68,14568.632358
98,45,16488.078760
98,46,16238.484845
98,47,16019.076544
98,50,15851.165202
98,51,15367.857019
98,52,15264.656551
98,54,15260.792654
98,55,15079.782659
98,58,14922.866584
98,59,14827.810452
98,62,14662.927836
98,63,14649.177637
98,65,14597.427281
98,68,14568.632358
99,44,16543.915739
99,45,16488.078760
99,46,16238.484845
99,47,16019.076544
99,49,15969.369139
99,50,15851.165202
99,51,15351.715050
99,52,15154.401249
99,54,15128.280827
99,55,15079.782659
99,58,14898.598997
99,59,14783.266091
99,62,14660.374362
99,63,14642.037342
99,65,14597.427281
99,68,14553.575136
100,44,16543.915739
100,45,16488.078760
100,46,16238.484845
100,47,16019.076544
100,49,15969.369139
100,50,15851.165202
100,51,15351.715050
100,52,15154.401249
100,54,15128.280827
100,55,15079.782659
100,57,14992.099022
100,58,14898.598997
100,59,14783.266091
100,62,14660.374362
100,63,14642.037342
100,65,14597.427281
100,68,14553.575136
101,44,16543.915739
101,45,16488.078760
101,46,16218.718069
101,47,16019.076544
101,49,15969.369139
101,50,15851.165202
101,51,15351.715050
101,52,15154.401249
101,54,15114.592889
101,55,15033.793215
101,57,14938.406267
101,58,14773.257112
101,62,14660.374362
101,63,14642.037342
101,65,14597.427281
101,68,14553.575136
102,44,16543.915739
102,45,16488.078760
102,46,16218.718069
102,47,16019.076544
102,49,15969.369139
102,50,15851.165202
102,51,15351.715050
102,52,15154.401249
102,54,15114.592889
102,55,15033.793215
102,57,14886.840108
102,58,14773.257112
102,62,14660.374362
102,63,14642.037342
102,65,14597.427281
102,66,14570.093713
102,68,14553.575136
103,44,16543.915739
103,45,16488.078760
103,46,16218.718069
103,47,16019.076544
103,49,15914.517551
103,50,15851.165202
103,51,15125.821120
103,54,15071.297550
103,55,14946.316550
103,57,14860.206544
103,58,14769.168857
103,62,14590.121529
103,66,14570.093713
103,68,14553.575136
104,44,16543.915739
104,45,16488.078760
104,46,16218.718069
104,47,16019.076544
104,49,15914.517551
104,50,15851.165202
104,51,15125.821120
104,54,15071.297550
104,55,14884.065513
104,57,14860.206544
104,58,14769.168857
104,62,14590.121529
104,66,14553.322312
105,43,16636.765821
105,44,16543.915739
105,45,16442.083429
105,46,16218.718069
105,47,15976.169952
105,49,15914.517551
105,50,15851.165202
105,51,15125.821120
105,53,14975.689024
105,55,14882.606978
105,56,14828.294232
105,58,14723.080103
105,62,14576.447399
105,66,14551.228846
106,43,16636.765821
106,44,16543.915739
106,45,16442.083429
106,46,16218.718069
106,47,15976.169952
106,49,15407.439915
106,51,15125.821120
106,53,14939.121260
106,55,14882.606978
106,56,14828.294232
106,58,14723.080103
106,62,14576.447399
106,64,14544.366982
107,43,16636.765821
107,44,16543.915739
107,45,16442.083429
107,46,16218.718069
107,47,15976.169952
107,49,15392.527663
107,51,15118.927018
107,53,14927.554052
107,55,14873.148884
107,56,14760.758792
107,58,14723.080103
107,62,14576.447399
107,64,14544.366982
107,65,14492.135924
108,43,16636.765821
108,44,16543.915739
108,45,16442.083429
108,46,16218.718069
108,47,15976.169952
108,49,15392.527663
108,51,15118.927018
108,53,14927.554052
108,55,14873.148884
108,56,14760.758792
108,58,14723.080103
108,62,14576.447399
108,64,14544.366982
108,65,14492.135924
109,43,16636.765821
109,44,16543.915739
109,45,16442.083429
109,46,16218.718069
109,47,15935.743613
109,49,15327.468098
109,51,15045.987287
109,53,14894.012936
109,55,14744.867359
109,58,14696.638527
109,62,14574.228095
109,64,14511.045390
109,65,14492.135924
110,43,16636.765821
110,44,16543.915739
110,45,16442.083429
110,46,16218.718069
110,47,15935.743613
110,49,15327.468098
110,51,15045.987287
110,52,15037.447605
110,53,14894.012936
110,55,14744.867359
110,58,14696.638527
110,62,14574.228095
110,64,14511.045390
110,65,14492.135924
111,43,16636.765821
111,44,16543.915739
111,45,16442.083429
111,46,16218.718069
111,47,15913.838596
111,49,15314.446025
111,51,14949.893524
111,52,14858.095210
111,55,14727.302147
111,58,14675.307545
111,62,14574.228095
111,64,14499.046246
111,65,14488.570394
112,43,16636.765821
112,44,16543.915739
112,45,16442.083429
112,46,16218.718069
112,47,15913.838596
112,49,15314.446025
112,51,14949.893524
112,52,14858.095210
112,55,14727.302147
112,58,14675.307545
112,62,14574.228095
112,64,14499.046246
112,65,14488.570394
113,43,16636.765821
113,44,16543.915739
113,45,16442.083429
113,46,16218.718069
113,47,15913.838596
113,49,15221.653892
113,51,14887.198289
113,52,14835.326304
113,55,14719.890576
113,58,14642.203700
113,62,14499.737413
113,64,14499.046246
113,65,14487.670287
113,67,14477.923346
114,43,16636.765821
114,44,16543.915739
114,45,16410.547525
114,46,16218.718069
114,47,15839.318238
114,48,15832.010579
114,49,15151.730578
114,51,14887.198289
114,52,14835.326304
114,55,14719.890576
114,58,14642.203700
114,62,14499.737413
114,64,14499.046246
114,65,14487.670287
114,67,14477.923346
115,43,16636.765821
115,44,16543.915739
115,45,16410.547525
115,46,16218.718069
115,47,15839.318238
115,48,15832.010579
115,49,15151.705055
115,51,14777.163404
115,55,14719.890576
115,58,14642.203700
115,61,14487.542384
115,67,14469.838477
116,43,16636.765821
116,44,16543.915739
116,45,16410.547525
116,46,16218.718069
116,47,15839.318238
116,48,15255.395402
116,49,15151.705055
116,51,14777.163404
116,55,14719.890576
116,58,14642.203700
116,61,14487.542384
116,67,14469.838477
117,43,16636.765821
117,44,16543.915739
117,45,16393.282762
117,46,16186.248989
117,47,15839.318238
117,48,15146.751324
117,49,15135.178474
117,51,14777.163404
117,55,14719.820099
117,58,14642.203700
117,61,14455.285425
118,43,16636.765821
118,44,16543.915739
118,45,16139.170721
118,47,15839.318238
118,48,15146.751324
118,49,15135.178474
118,51,14777.163404
118,53,14774.329999
118,55,14719.820099
118,57,14708.632142
118,58,14642.203700
118,61,14455.285425
119,43,16636.765821
119,44,16519.052208
119,45,16114.210089
119,47,15703.055479
119,48,15101.651584
119,51,14777.163404
119,53,14774.329999
119,55,14715.858761
119,57,14708.632142
119,58,14642.203700
119,60,14385.700968
120,43,16606.751565
120,44,16519.052208
120,45,15893.896668
120,47,15399.946910
120,48,15101.651584
120,51,14777.163404
120,53,14774.329999
120,55,14715.858761
120,56,14708.140905
120,58,14642.203700
120,60,14385.700968
121,43,16606.751565
121,44,16519.052208
121,45,15893.896668
121,47,15399.946910
121,48,15087.233884
121,50,15042.601319
121,51,14691.963593
121,57,14626.154825
121,60,14369.288916
122,43,16599.119261
122,44,16519.052208
122,45,15893.896668
122,47,15399.946910
122,48,15087.233884
122,50,14717.913620
122,51,14691.963593
122,53,14683.825614
122,57,14626.154825
122,60,14369.288916
123,43,16592.206210
123,44,16519.052208
123,45,15886.930422
123,46,15142.720819
123,48,15087.233884
123,50,14717.913620
123,51,14691.963593
123,52,14597.414092
123,60,14351.991352
124,43,16592.206210
124,44,16519.052208
124,45,15886.930422
124,46,14925.650849
124,50,14717.913620
124,51,14691.963593
124,52,14597.414092
124,60,14351.991352
125,43,16462.497634
125,45,15885.126908
125,46,14925.650849
125,50,14662.192374
125,52,14523.183052
125,60,14307.823467
126,42,16582.622096
126,43,16462.497634
126,45,15885.126908
126,46,14925.650849
126,50,14662.192374
126,51,14606.770865
126,52,14523.183052
126,60,14307.823467
127,42,16435.948946
127,43,16428.366218
127,44,16276.309938
127,45,15492.881652
127,46,14839.402285
127,50,14662.192374
127,51,14559.325995
127,52,14514.344310
127,60,14307.823467
128,42,16435.948946
128,43,16428.366218
128,44,16276.309938
128,45,15492.881652
128,46,14839.402285
128,50,14662.192374
128,51,14559.325995
128,52,14514.344310
128,60,14307.823467
129,42,16435.948946
129,43,16426.163423
129,44,15080.809951
129,46,14839.402285
129,50,14561.528044
129,51,14559.325995
129,52,14514.344310
129,56,14469.324565
129,60,14292.055122
130,42,16435.948946
130,43,16426.163423
130,44,15080.809951
130,46,14839.402285
130,50,14561.528044
130,51,14559.325995
130,52,14514.344310
130,56,14469.324565
130,60,14292.055122
131,42,16424.198481
131,43,16382.509023
131,44,15074.604625
131,46,14823.409944
131,50,14550.821349
131,51,14528.954048
131,52,14514.344310
131,55,14455.078384
131,60,14282.430023
132,42,16424.198481
132,43,16382.509023
132,44,15074.604625
132,46,14823.409944
132,50,14550.821349
132,51,14528.954048
132,52,14514.344310
132,55,14455.078384
132,57,14410.221911
132,59,14391.412959
132,60,14282.430023
133,42,16391.091603
133,43,16382.509023
133,44,15027.581810
133,46,14819.184986
133,50,14520.755919
133,51,14496.942998
133,55,14425.080358
133,56,14396.974531
133,59,14391.412959
133,60,14276.468811
134,42,16391.091603
134,43,16382.509023
134,44,15027.581810
134,46,14819.184986
134,50,14520.755919
134,51,14496.942998
134,55,14425.080358
134,56,14396.974531
134,59,14391.412959
134,60,14276.468811
135,42,16391.091603
135,43,16382.509023
135,44,15016.938077
135,46,14767.554592
135,50,14520.755919
135,51,14464.330623
135,55,14399.976022
135,56,14396.974531
135,59,14364.091539
135,60,14276.468811
136,42,16391.091603
136,43,16382.509023
136,44,15016.938077
136,46,14767.554592
136,50,14520.755919
136,51,14464.330623
136,55,14399.976022
136,56,14396.974531
136,57,14344.073660
136,60,14276.468811
137,42,16237.025014
137,44,14996.208962
137,46,14763.716288
137,50,14520.755919
137,51,14404.755785
137,55,14366.574596
137,57,14317.049148
137,60,14274.235426
137,69,14231.947789
138,42,16198.171343
138,44,14996.208962
138,46,14763.716288
138,50,14520.755919
138,51,14404.755785
138,55,14366.574596
138,57,14317.049148
138,60,14274.235426
138,69,14231.947789
139,42,16179.560289
139,44,14981.254308
139,46,14749.783345
139,50,14520.755919
139,51,14404.755785
139,55,14290.615119
139,59,14273.772708
139,69,14219.135611
140,42,16179.560289
140,43,15731.926315
140,44,14981.254308
140,46,14749.783345
140,50,14520.755919
140,51,14404.755785
140,55,14290.615119
140,59,14273.772708
140,69,14219.135611
141,41,17056.922411
141,42,16142.608698
141,43,15697.196301
141,44,14981.254308
141,46,14702.030376
141,50,14514.061594
141,51,14387.454486
141,55,14273.861113
141,59,14272.567895
141,69,14192.310742
142,41,17056.922411
142,42,16142.608698
142,43,15697.196301
142,44,14981.254308
142,46,14702.030376
142,50,14514.061594
142,51,14387.454486
142,55,14273.861113
142,59,14272.567895
142,69,14192.310742
143,41,17056.922411
143,42,15916.831210
143,43,15595.750878
143,44,14980.128132
143,46,14694.524992
143,48,14657.439156
143,50,14514.061594
143,51,14387.454486
143,55,14215.459143
143,68,14131.483494
144,41,17056.922411
144,42,15916.831210
144,43,15595.750878
144,44,14980.128132
144,46,14694.524992
144,48,14657.439156
144,49,14625.307462
144,50,14514.061594
144,51,14387.454486
144,55,14215.459143
144,68,14131.483494
145,40,16982.948376
145,41,16758.719337
145,42,15890.334120
145,43,15592.790076
145,44,14980.128132
145,46,14675.950156
145,48,14647.631698
145,49,14615.149310
145,50,14498.330355
145,51,14384.384651
145,55,14210.225026
145,68,14131.483494
146,40,16982.948376
146,41,16031.101031
146,42,15890.334120
146,43,15592.790076
146,44,14980.128132
146,45,14976.682050
146,46,14675.950156
146,48,14647.631698
146,49,14615.149310
146,50,14498.330355
146,51,14384.384651
146,55,14210.225026
146,67,14110.476453
147,40,16982.948376
147,41,16031.101031
147,42,15890.334120
147,43,15466.392930
147,44,14964.964934
147,46,14666.423799
147,48,14646.948282
147,49,14615.149310
147,50,14491.638142
147,51,14384.384651
147,54,14199.177450
147,66,14108.516079
148,40,16982.948376
148,41,16031.101031
148,42,15890.334120
148,43,15466.392930
148,44,14964.964934
148,46,14666.423799
148,48,14574.722427
148,50,14491.638142
148,51,14384.384651
148,54,14199.177450
148,66,14108.516079
149,40,16969.127141
149,41,15926.813566
149,42,15853.726564
149,43,15415.887606
149,44,14958.329715
149,46,14666.423799
149,48,14560.154852
149,50,14463.989079
149,51,14368.846589
149,54,14165.908312
149,66,14108.516079
150,40,16544.811982
150,41,15904.274224
150,42,15853.726564
150,43,15415.887606
150,44,14958.329715
150,46,14666.423799
150,48,14560.154852
150,49,14520.308882
150,50,14463.989079
150,51,14368.846589
150,54,14165.908312
150,66,14108.516079
151,40,16544.811982
151,41,15904.274224
151,42,15853.726564
151,43,15415.887606
151,44,14907.689536
151,45,14858.450100
151,46,14616.840117
151,47,14572.940537
151,48,14560.154852
151,49,14516.990694
151,50,14463.595647
151,51,14367.811227
151,54,14165.908312
151,66,14108.516079
152,40,16544.811982
152,41,15871.400281
152,42,15853.726564
152,43,15090.600878
152,44,14907.689536
152,45,14858.450100
152,46,14616.840117
152,47,14572.940537
152,48,14560.154852
152,49,14516.990694
152,50,14463.595647
152,51,14367.811227
152,54,14165.908312
152,61,14146.894675
152,66,14108.516079
153,40,16544.811982
153,41,15871.400281
153,42,15853.726564
153,43,15090.600878
153,44,14907.689536
153,45,14782.586934
153,46,14605.331509
153,47,14551.877387
153,48,14550.455178
153,49,14499.075647
153,50,14463.595647
153,51,14366.853116
153,54,14125.578312
153,64,14051.813277
154,40,16544.811982
154,41,15871.400281
154,42,15853.726564
154,43,15090.600878
154,44,14907.689536
154,45,14782.586934
154,46,14605.331509
154,47,14551.877387
154,48,14550.455178
154,49,14499.075647
154,50,14463.595647
154,51,14366.853116
154,53,14140.730915
154,54,14125.578312
154,64,14051.813277
155,40,16544.811982
155,41,15855.413532
155,42,15816.951792
155,43,15090.600878
155,44,14907.689536
155,45,14782.586934
155,46,14604.366080
155,47,14551.877387
155,48,14550.455178
155,49,14493.336910
155,50,14463.595647
155,51,14365.497083
155,53,14140.730915
155,54,14125.578312
155,63,14013.084935
156,40,16544.811982
156,41,15855.413532
156,42,15816.951792
156,43,15090.600878
156,44,14907.689536
156,45,14782.586934
156,46,14604.366080
156,47,14551.877387
156,48,14550.455178
156,49,14493.336910
156,50,14463.595647
156,51,14365.497083
156,53,14140.730915
156,54,14125.578312
156,63,14013.084935
157,40,16544.811982
157,41,15795.078457
157,42,15767.155880
157,43,15090.600878
157,44,14907.689536
157,45,14782.586934
157,46,14573.022179
157,47,14530.126833
157,49,14493.336910
157,50,14463.595647
157,51,14365.497083
157,53,14139.079459
157,54,14116.294522
157,63,14013.084935
158,40,16544.811982
158,41,15795.078457
158,42,15767.155880
158,43,15090.600878
158,44,14907.689536
158,45,14782.586934
158,46,14573.022179
158,47,14530.126833
158,49,14493.336910
158,50,14463.595647
158,51,14365.497083
158,52,14286.794024
158,53,14139.079459
158,54,14116.294522
158,57,14108.068833
158,63,14013.084935
159,40,16544.811982
159,41,15795.078457
159,42,15767.155880
159,43,15090.600878
159,44,14907.689536
159,45,14782.586934
159,46,14573.022179
159,47,14505.383208
159,49,14493.336910
159,50,14418.752392
159,51,14365.497083
159,52,14104.708650
159,57,14085.826631
159,63,14013.084935
160,40,16544.811982
160,41,15795.078457
160,42,15767.155880
160,43,15090.600878
160,44,14907.689536
160,45,14782.586934
160,46,14573.022179
160,47,14505.383208
160,48,14472.135796
160,50,14418.752392
160,51,14365.497083
160,52,14104.708650
160,57,14085.826631
160,63,14013.084935
161,40,15787.144034
161,42,15767.155880
161,43,15090.600878
161,44,14884.479824
161,45,14782.586934
161,46,14566.531388
161,47,14505.383208
161,48,14437.837688
161,50,14411.650359
161,51,14362.000005
161,52,14097.566799
161,54,14090.362873
161,57,14082.245672
161,63,14009.027351
162,40,15780.936892
162,41,15732.165386
162,43,15090.600878
162,44,14884.479824
162,45,14782.586934
162,46,14566.531388
162,47,14505.383208
162,48,14437.837688
162,50,14411.650359
162,51,14362.000005
162,52,14097.566799
162,54,14090.362873
162,57,14082.245672
162,63,14009.027351
163,40,15684.387657
163,43,15090.600878
163,44,14884.479824
163,45,14780.682189
163,46,14566.531388
163,47,14505.383208
163,48,14437.837688
163,50,14411.214979
163,51,14355.482210
163,52,14097.566799
163,54,14072.059179
163,63,13996.753070
164,40,15684.387657
164,42,15245.342170
164,43,15090.600878
164,44,14884.479824
164,45,14780.682189
164,46,14566.531388
164,47,14505.383208
164,48,14433.720162
164,50,14316.329665
164,52,14097.566799
164,54,14072.059179
164,63,13996.753070
165,40,15684.387657
165,42,15245.342170
165,43,15090.600878
165,44,14859.519192
165,45,14712.630224
165,46,14548.693177
165,47,14505.383208
165,48,14433.720162
165,50,14288.597434
165,51,14268.147012
165,52,14097.566799
165,53,14060.994203
165,63,13983.596681
166,40,15684.387657
166,42,15245.342170
166,43,15090.600878
166,44,14859.519192
166,45,14712.630224
166,46,14548.693177
166,47,14505.383208
166,48,14433.720162
166,50,14288.597434
166,51,14268.147012
166,52,14097.566799
166,53,14060.994203
166,63,13983.596681
167,40,15684.387657
167,42,15245.342170
167,43,15027.018332
167,44,14858.462404
167,45,14685.769766
167,46,14548.693177
167,47,14494.934404
167,48,14424.799542
167,50,14288.597434
167,51,14240.289236
167,52,14097.566799
167,53,14036.841257
167,63,13972.878385
168,40,15684.387657
168,42,15245.342170
168,43,15027.018332
168,44,14858.462404
168,45,14685.769766
168,46,14548.693177
168,47,14494.934404
168,48,14424.799542
168,50,14288.597434
168,51,14240.289236
168,52,14097.566799
168,53,14036.841257
168,63,13972.878385
169,40,15620.122908
169,42,15245.342170
169,43,15027.018332
169,44,14853.548615
169,45,14643.280412
169,46,14548.693177
169,47,14494.934404
169,48,14420.333464
169,50,14288.597434
169,51,14216.737687
169,52,14026.075609
169,63,13899.207898
170,40,15620.122908
170,42,15245.342170
170,43,15027.018332
170,44,14853.548615
170,45,14643.280412
170,46,14548.693177
170,47,14494.934404
170,48,14420.333464
170,50,14288.597434
170,51,14216.737687
170,52,14026.075609
170,63,13899.207898
171,40,15620.122908
171,42,15245.342170
171,43,14854.670028
171,44,14841.476413
171,45,14643.280412
171,46,14548.693177
171,47,14448.385705
171,48,14420.333464
171,50,14253.887194
171,51,14216.434542
171,52,14026.075609
171,63,13883.886428
172,40,15608.165934
172,42,15245.342170
172,43,14854.670028
172,44,14841.476413
172,45,14643.280412
172,46,14548.693177
172,47,14448.385705
172,48,14420.333464
172,50,14253.887194
172,51,14216.434542
172,52,14026.075609
172,63,13883.886428
173,40,15608.165934
173,42,15245.342170
173,43,14854.670028
173,44,14815.620835
173,45,14628.583125
173,46,14548.693177
173,47,14448.385705
173,48,14410.076025
173,50,14253.887194
173,51,14216.434542
173,52,14022.031506
173,63,13880.699502
174,40,15608.165934
174,42,15245.342170
174,43,14854.670028
174,44,14815.620835
174,45,14628.583125
174,46,14548.693177
174,47,14448.385705
174,48,14410.076025
174,49,14331.468523
174,50,14253.887194
174,51,14216.434542
174,52,14022.031506
174,63,13880.699502
175,39,16158.148095
175,40,15608.165934
175,42,15245.342170
175,43,14854.670028
175,44,14794.168302
175,45,14618.424974
175,46,14548.693177
175,47,14448.302845
175,48,14410.076025
175,49,14327.088903
175,50,14228.277551
175,51,14216.434542
175,52,13977.308259
175,63,13867.607400
176,39,16158.148095
176,40,15608.165934
176,42,15245.342170
176,43,14854.670028
176,44,14794.168302
176,45,14618.424974
176,46,14548.693177
176,47,14448.302845
176,48,14410.076025
176,49,14327.088903
176,50,14228.277551
176,51,14216.434542
176,52,13977.308259
176,63,13845.754175
177,39,15511.180022
177,42,15245.342170
177,43,14854.670028
177,44,14750.892783
177,45,14604.595700
177,46,14548.693177
177,47,14445.958404
177,48,14280.777568
177,50,14225.532112
177,51,14216.434542
177,52,13976.831893
177,63,13845.754175
178,39,15511.180022
178,42,15245.342170
178,43,14854.670028
178,44,14749.101382
178,45,14604.595700
178,46,14548.693177
178,47,14445.958404
178,48,14280.777568
178,50,14225.532112
178,51,14216.434542
178,52,13976.831893
178,63,13845.754175
179,39,15511.180022
179,42,15245.342170
179,43,14854.670028
179,44,14749.101382
179,45,14584.738866
179,46,14548.693177
179,47,14445.958404
179,48,14280.777568
179,50,14225.532112
179,51,14216.434542
179,52,13972.500945
179,55,13953.656882
179,63,13840.059625
180,39,15459.464818
180,42,15245.342170
180,43,14854.670028
180,44,14749.101382
180,45,14584.738866
180,46,14548.693177
180,47,14445.958404
180,48,14280.777568
180,50,14225.532112
180,51,14216.434542
180,52,13972.500945
180,55,13953.656882
180,63,13840.059625
181,39,15459.464818
181,41,15373.250824
181,42,15245.342170
181,43,14854.670028
181,44,14725.540090
181,45,14582.046761
181,46,14548.693177
181,47,14429.415824
181,48,14280.777568
181,50,14225.532112
181,51,14216.434542
181,52,13972.500945
181,55,13953.656882
181,63,13840.059625
182,39,15459.464818
182,41,15341.270883
182,42,15245.342170
182,43,14854.670028
182,44,14725.540090
182,45,14582.046761
182,46,14548.693177
182,47,14429.415824
182,48,14280.777568
182,50,14225.532112
182,51,13958.215617
182,55,13953.656882
182,63,13840.059625
183,39,15459.464818
183,41,15341.270883
183,42,15245.342170
183,43,14854.670028
183,44,14696.196025
183,45,14580.487259
183,46,14535.627689
183,47,14429.415824
183,48,14272.337275
183,50,14170.869364
183,51,13951.330777
183,62,13871.384287
183,63,13840.059625
184,39,15459.464818
184,41,15341.270883
184,42,15245.342170
184,43,14854.670028
184,44,14696.196025
184,45,14580.487259
184,46,14535.627689
184,47,14429.415824
184,48,14272.337275
184,50,14170.869364
184,51,13951.330777
184,61,13934.108178
184,62,13869.361917
184,63,13840.059625
185,39,15459.464818
185,41,15341.270883
185,42,15215.119251
185,43,14854.670028
185,44,14678.862290
185,45,14575.414488
185,46,14412.636374
185,48,14272.337275
185,50,14040.166661
185,51,13933.212471
185,62,13869.361917
185,63,13840.059625
186,39,15459.464818
186,41,15341.270883
186,42,15215.119251
186,43,14854.670028
186,44,14678.862290
186,45,14575.414488
186,46,14412.636374
186,48,14178.714964
186,50,14040.166661
186,51,13933.212471
186,62,13869.361917
186,63,13840.059625
187,39,15459.464818
187,41,15341.270883
187,42,15186.189192
187,43,14854.670028
187,44,14678.862290
187,45,14545.620954
187,46,14411.570322
187,47,14160.434796
187,50,14034.622136
187,51,13930.025686
187,62,13865.607160
187,63,13840.059625
188,39,15459.464818
188,41,15341.270883
188,42,15186.189192
188,43,14854.670028
188,44,14678.862290
188,45,14545.620954
188,46,14411.570322
188,47,14160.434796
188,50,14034.622136
188,51,13930.025686
188,62,13865.607160
188,63,13840.059625
189,39,15459.464818
189,41,15341.270883
189,42,15186.189192
189,43,14829.665037
189,44,14678.115154
189,45,14545.620954
189,46,14365.995632
189,47,14157.374564
189,50,14034.622136
189,51,13917.156349
189,62,13865.607160
189,63,13840.059625
190,39,15459.464818
190,41,15341.270883
190,42,15186.189192
190,43,14829.665037
190,44,14638.035628
190,45,14545.620954
190,46,14365.995632
190,47,14157.374564
190,50,14034.622136
190,51,13917.156349
190,60,13863.126463
190,63,13840.059625
191,39,15459.464818
191,41,15341.270883
191,42,15179.585161
191,43,14805.069736
191,44,14637.000266
191,45,14545.620954
191,46,14365.995632
191,47,14157.374564
191,50,14028.918815
191,51,13917.156349
191,60,13863.126463
191,63,13832.166733
192,39,15459.464818
192,41,15341.270883
192,42,15179.585161
192,43,14805.069736
192,44,14637.000266
192,45,14545.620954
192,46,14365.995632
192,47,14157.374564
192,50,14028.918815
192,51,13870.105236
192,60,13863.126463
192,63,13832.166733
193,39,15459.464818
193,41,15341.270883
193,42,15164.137151
193,43,14805.069736
193,44,14600.016995
193,45,14545.564464
193,46,14365.995632
193,47,14140.821351
193,50,13961.594413
193,51,13870.105236
193,60,13863.126463
193,63,13832.166733
194,39,15459.464818
194,41,15341.270883
194,42,15164.137151
194,43,14805.069736
194,44,14600.016995
194,45,14545.564464
194,46,14365.995632
194,47,14140.821351
194,50,13961.594413
194,51,13870.105236
194,60,13863.126463
194,63,13832.166733
195,38,15890.715014
195,39,15451.384303
195,41,15238.739244
195,42,15164.137151
195,43,14805.069736
195,44,14587.260664
195,45,14497.044166
195,46,14365.995632
195,47,14136.796420
195,50,13792.605007
196,38,15890.715014
196,39,15451.384303
196,41,15238.739244
196,42,15049.064889
196,43,14805.069736
196,44,14587.260664
196,45,14497.044166
196,46,14365.995632
196,47,14136.796420
196,50,13790.814549
197,38,15890.715014
197,39,15451.384303
197,41,15238.261123
197,42,15049.064889
197,43,14766.740548
197,44,14587.260664
197,45,14497.044166
197,46,14343.166350
197,47,14136.796420
197,50,13789.607113
198,38,15678.354772
198,39,15451.384303
198,41,15238.261123
198,42,15049.064889
198,43,14766.740548
198,44,14587.260664
198,45,14497.044166
198,46,14343.166350
198,47,13936.475675
198,50,13789.607113
199,38,15678.354772
199,39,15451.384303
199,41,15238.261123
199,42,15043.879697
199,43,14733.699236
199,44,14587.260664
199,45,14497.044166
199,46,14326.682350
199,47,13915.552411
199,49,13793.470490
199,50,13785.992286
200,38,15610.306077
200,39,15451.384303
200,41,15238.261123
200,42,15043.879697
200,43,14733.699236
200,44,14587.260664
200,45,14497.044166
200,46,14326.682350
200,47,13915.552411
200,49,13793.470490
200,50,13785.992286
201,38,15610.306077
201,39,15451.384303
201,41,15238.261123
201,42,15021.462191
201,43,14729.296761
201,44,14582.069921
201,45,14431.306803
201,46,14326.682350
201,47,13915.552411
201,49,13789.972514
201,50,13785.992286
202,38,15610.306077
202,39,15451.384303
202,41,15238.261123
202,42,15021.462191
202,43,14729.296761
202,44,14582.069921
202,45,14431.306803
202,46,14326.682350
202,47,13915.552411
202,49,13789.972514
202,50,13785.992286
203,38,15533.315625
203,39,15445.885667
203,41,15211.810296
203,42,15021.462191
203,43,14729.296761
203,44,14425.631189
203,46,14326.682350
203,47,13901.766861
203,49,13789.972514
203,50,13778.592272
204,38,15533.315625
204,39,15445.885667
204,41,15211.810296
204,42,15021.462191
204,43,14729.296761
204,44,14425.631189
204,45,14263.820648
204,47,13901.766861
204,49,13789.972514
204,50,13778.592272
205,38,15533.315625
205,39,15414.444521
205,41,15202.378670
205,42,15021.462191
205,43,14729.254567
205,44,14425.631189
205,45,14263.729958
205,46,14220.091199
205,47,13901.766861
205,49,13764.697154
206,38,15533.315625
206,39,15414.444521
206,41,15202.378670
206,42,15021.462191
206,43,14729.254567
206,44,14425.631189
206,45,14263.729958
206,46,14220.091199
206,47,13901.766861
206,49,13764.697154
207,38,15533.315625
207,39,15407.402476
207,41,15202.378670
207,42,15021.462191
207,43,14729.254567
207,44,14425.631189
207,45,14263.729958
207,46,14203.495376
207,47,13901.766861
207,49,13760.954720
208,38,15416.622339
208,39,15407.402476
208,41,15202.378670
208,42,15021.462191
208,43,14729.254567
208,44,14425.631189
208,45,14263.729958
208,46,14203.495376
208,47,13901.766861
208,48,13887.339374
208,49,13760.954720
209,38,15416.622339
209,39,15395.292732
209,41,15202.378670
209,42,14901.596488
209,43,14662.825403
209,44,14339.472429
209,45,14246.223420
209,46,14203.495376
209,47,13901.766861
209,48,13735.572752
210,38,15416.622339
210,39,15395.292732
210,41,15202.378670
210,42,14901.596488
210,43,14662.825403
210,44,14339.472429
210,45,14246.223420
210,46,14203.495376
210,47,13901.766861
210,48,13735.572752
211,38,15416.622339
211,39,15395.292732
211,41,15202.378670
211,42,14876.879386
211,43,14662.825403
211,44,14306.782232
211,45,14098.006531
211,47,13896.683474
211,48,13735.572752
212,38,15416.622339
212,39,15395.292732
212,41,15202.378670
212,42,14876.879386
212,43,14662.825403
212,44,14306.782232
212,45,14098.006531
212,47,13823.073447
212,48,13735.572752
213,38,15409.899271
213,39,15371.433030
213,41,15146.226547
213,42,14876.879386
213,43,14662.825403
213,44,14247.622417
213,45,14097.277615
213,46,14046.874800
213,47,13814.006132
213,48,13735.572752
214,38,15409.899271
214,39,15371.433030
214,41,15146.226547
214,42,14876.879386
214,43,14504.662921
214,44,14137.725397
214,45,14097.277615
214,46,14046.874800
214,47,13804.775423
214,48,13735.572752
215,38,15409.899271
215,39,15296.249492
215,41,15139.202367
215,42,14876.879386
215,43,14504.662921
215,44,14137.725397
215,45,14066.022394
215,46,14046.874800
215,47,13803.526207
215,48,13718.976929
216,38,15409.899271
216,39,15296.249492
216,41,15139.202367
216,42,14876.879386
216,43,14504.662921
216,44,14137.725397
216,45,14066.022394
216,46,14046.874800
216,47,13803.526207
216,48,13718.976929
217,37,16586.067719
217,38,15369.436990
217,39,15223.064489
217,41,15100.242064
217,42,14726.827840
217,43,14504.662921
217,44,14115.176877
217,45,14066.022394
217,46,14046.874800
217,47,13797.822886
217,48,13714.895978
218,37,16536.648017
218,38,15369.436990
218,39,15223.064489
218,41,15100.242064
218,42,14726.827840
218,43,14504.662921
218,44,14115.176877
218,45,14066.022394
218,46,13826.417923
218,47,13727.872263
218,48,13714.895978
219,37,16536.648017
219,38,15347.569981
219,39,15223.064489
219,41,15100.242064
219,42,14726.827840
219,43,14504.662921
219,44,14114.325187
219,45,14005.809116
219,46,13826.417923
219,47,13726.738382
219,48,13714.895978
220,37,16536.648017
220,38,15347.569981
220,39,15223.064489
220,41,15100.242064
220,42,14726.827840
220,43,14504.662921
220,44,14114.325187
220,45,14005.809116
220,46,13826.417923
220,47,13726.738382
220,48,13714.895978
221,37,16536.648017
221,38,15304.533105
221,39,15223.064489
221,41,15097.138909
221,42,14726.827840
221,43,14485.814786
221,44,14114.325187
221,45,14005.809116
221,46,13826.417923
221,47,13695.708254
222,37,16536.648017
222,38,15273.447679
222,39,15223.064489
222,41,15005.987312
222,42,14726.827840
222,43,14485.814786
222,44,14114.325187
222,45,14005.809116
222,46,13826.417923
222,47,13695.708254
222,49,13692.833058
223,37,16536.648017
223,38,15214.914191
223,39,15150.251357
223,41,15005.987312
223,42,14518.547889
223,43,14466.048986
223,44,14114.325187
223,45,14003.308941
223,46,13826.417923
223,47,13695.708254
223,49,13692.833058
224,36,17048.644540
224,37,16536.648017
224,38,15214.914191
224,39,15150.251357
224,41,15005.987312
224,42,14518.547889
224,43,14466.048986
224,44,14114.325187
224,45,14003.308941
224,46,13826.417923
224,47,13695.708254
224,49,13692.833058
225,36,17048.644540
225,37,16536.648017
225,38,15189.099111
225,39,15129.508150
225,41,14978.577434
225,42,14496.196506
225,43,14447.622783
225,44,14086.180073
225,45,13966.819991
225,46,13805.741636
225,47,13695.708254
225,49,13692.833058
226,36,17048.644540
226,37,15925.883148
226,38,15189.099111
226,39,15129.508150
226,41,14978.577434
226,42,14496.196506
226,43,14447.622783
226,44,14086.180073
226,45,13966.819991
226,46,13805.741636
226,47,13695.708254
226,49,13692.833058
227,36,17048.644540
227,37,15925.883148
227,38,15189.099111
227,39,15028.879676
227,41,14926.524783
227,42,14484.872531
227,43,14373.145631
227,44,14086.180073
227,45,13966.819991
227,46,13805.741636
227,47,13695.708254
227,49,13692.833058
228,36,17048.644540
228,37,15925.883148
228,38,15154.227918
228,39,15028.879676
228,41,14926.524783
228,42,14484.872531
228,43,14373.145631
228,44,14086.180073
228,45,13966.819991
228,46,13805.741636
228,47,13695.708254
228,49,13692.833058
229,36,17048.644540
229,37,15925.883148
229,38,15154.227918
229,39,15027.101974
229,41,14893.391194
229,42,14455.794149
229,43,14360.360351
229,44,14056.327906
229,45,13966.819991
229,46,13804.444061
229,47,13691.371458
230,36,17048.644540
230,37,15925.883148
230,38,15154.227918
230,39,15027.101974
230,41,14893.391194
230,42,14455.794149
230,43,14360.360351
230,44,14056.327906
230,45,13966.819991
230,46,13804.444061
230,47,13691.371458
231,36,17048.644540
231,37,15772.251592
231,38,15143.151991
231,39,15023.785621
231,41,14886.184393
231,42,14413.679927
231,43,14330.140473
231,44,14056.327906
231,45,13963.873622
231,46,13804.444061
231,47,13691.371458
232,36,17048.644540
232,37,15772.251592
232,38,15143.151991
232,39,15023.785621
232,41,14886.184393
232,42,14413.679927
232,43,14330.140473
232,44,14056.327906
232,45,13963.873622
232,46,13804.444061
232,47,13691.371458
233,36,17048.644540
233,37,15772.251592
233,38,15114.397449
233,39,15004.821820
233,41,14880.479006
233,42,14405.042479
233,43,14324.421374
233,44,14039.867547
233,45,13963.873622
233,46,13804.094518
233,47,13688.395387
234,36,17048.644540
234,37,15772.251592
234,38,15114.397449
234,39,15004.821820
234,41,14880.479006
234,42,14405.042479
234,43,14324.421374
234,44,14039.867547
234,45,13963.873622
234,46,13804.094518
234,47,13688.395387
234,50,13682.490119
235,36,17048.644540
235,37,15772.251592
235,38,15041.062657
235,39,15004.821820
235,40,14976.236890
235,41,14880.479006
235,42,14370.316981
235,43,14317.336161
235,44,14039.867547
235,45,13963.873622
235,46,13804.094518
235,47,13686.533690
235,50,13682.490119
236,36,17048.644540
236,37,15772.251592
236,38,15000.804730
236,40,14960.858015
236,41,14880.479006
236,42,14370.316981
236,43,14317.336161
236,44,14039.867547
236,45,13963.873622
236,46,13804.094518
236,47,13686.533690
236,50,13682.490119
237,36,17048.644540
237,37,15371.580739
237,38,14996.227399
237,40,14926.974149
237,41,14880.479006
237,42,14360.609147
237,43,14315.932332
237,44,14039.542205
237,45,13805.478267
237,46,13804.094518
237,47,13685.536466
237,50,13675.093350
238,36,16786.139879
238,37,15371.580739
238,38,14996.227399
238,39,14805.932326
238,42,14360.609147
238,43,14315.932332
238,44,14039.542205
238,45,13805.478267
238,46,13804.094518
238,47,13685.536466
238,48,13676.641131
238,50,13675.093350
239,36,16786.139879
239,37,15190.827103
239,38,14996.227399
239,39,14702.986423
239,42,14353.952203
239,43,14028.140138
239,45,13805.478267
239,46,13694.141709
239,47,13654.023358
240,35,17285.509643
240,36,16786.139879
240,37,15184.310712
240,38,14996.227399
240,39,14702.986423
240,42,14353.952203
240,43,14028.140138
240,45,13805.478267
240,46,13694.141709
240,47,13654.023358
241,35,17135.802354
241,36,16776.833023
241,37,15129.093247
241,38,14988.771502
241,39,14702.986423
241,42,14353.952203
241,43,14028.140138
241,45,13805.478267
241,46,13685.540735
241,47,13646.618671
242,35,17135.802354
242,36,16776.833023
242,37,15129.093247
242,38,14988.771502
242,39,14702.986423
242,42,14353.952203
242,43,14028.140138
242,45,13805.478267
242,46,13685.540735
242,47,13646.618671
243,35,17042.079816
243,36,16744.972838
243,37,15108.631817
243,38,14988.771502
243,39,14691.331711
243,42,14321.826040
243,43,14027.848276
243,45,13796.688187
243,46,13665.700152
243,47,13646.618671
244,35,17042.079816
244,36,16744.972838
244,37,15108.631817
244,38,14988.771502
244,39,14691.331711
244,42,14321.826040
244,43,14027.848276
244,45,13796.688187
244,46,13665.700152
244,47,13646.618671
245,35,16988.767498
245,36,15614.421816
245,37,15027.476968
245,38,14964.021453
245,39,14670.383127
245,42,14321.826040
245,43,13951.083614
245,45,13796.688187
245,46,13665.700152
245,47,13646.618671
246,35,16988.767498
246,36,15150.538402
246,37,15027.476968
246,38,14964.021453
246,39,14670.383127
246,42,14321.826040
246,43,13951.083614
246,44,13926.997792
246,45,13796.688187
246,46,13665.700152
246,47,13646.618671
247,35,16988.767498
247,36,15150.538402
247,37,15027.476968
247,38,14902.166290
247,39,14656.651317
247,42,14282.204289
247,43,13951.083614
247,44,13905.532517
247,45,13796.688187
247,46,13665.493542
247,47,13646.181383
248,35,16988.767498
248,36,15150.538402
248,37,15027.476968
248,38,14902.166290
248,39,14656.651317
248,41,14511.735077
248,42,14282.204289
248,43,13951.083614
248,44,13905.532517
248,45,13796.688187
248,46,13665.493542
248,47,13646.181383
249,35,16988.767498
249,36,15150.538402
249,37,15027.476968
249,38,14859.537003
249,39,14647.529279
249,41,14511.735077
249,42,14280.137199
249,43,13872.644258
249,45,13765.569525
249,46,13611.311652
250,35,16988.767498
250,36,15150.538402
250,37,15027.476968
250,38,14859.537003
250,39,14647.529279
250,41,14511.735077
250,42,14280.137199
250,43,13872.644258
250,45,13765.569525
250,46,13611.311652
251,35,16988.767498
251,36,15150.538402
251,37,15027.476968
251,38,14840.768530
251,39,14647.529279
251,41,14478.239859
251,42,14280.137199
251,43,13848.479445
251,45,13765.569525
251,46,13600.233880
251,48,13580.061335
252,35,16988.767498
252,36,15150.538402
252,37,15027.476968
252,38,14840.768530
252,39,14647.529279
252,41,14478.239859
252,42,14280.137199
252,43,13848.479445
252,45,13765.569525
252,46,13600.233880
252,48,13580.061335
253,35,16666.881421
253,36,15126.712696
253,37,14983.298889
253,38,14835.034355
253,39,14603.739109
253,41,14478.239859
253,42,14262.965609
253,43,13848.479445
253,45,13765.569525
253,46,13600.233880
253,48,13580.061335
254,35,16666.881421
254,36,15126.712696
254,37,14983.298889
254,38,14835.034355
254,39,14603.739109
254,41,14478.239859
254,42,14262.965609
254,43,13848.479445
254,45,13765.569525
254,46,13600.233880
254,48,13580.061335
255,35,16403.853859
255,36,15101.477538
255,37,14978.365188
255,38,14797.495994
255,39,14600.853124
255,41,14391.044746
255,42,14257.956919
255,43,13848.479445
255,45,13764.840609
255,46,13596.725769
255,48,13580.061335
256,35,16403.853859
256,36,15101.477538
256,37,14978.365188
256,38,14797.495994
256,39,14600.853124
256,41,14391.044746
256,42,14257.956919
256,43,13848.479445
256,45,13764.840609
256,46,13596.725769
256,48,13580.061335
257,35,16403.853859
257,36,15061.531404
257,37,14978.365188
257,38,14708.522741
257,39,14591.696631
257,41,14389.879991
257,42,14257.956919
257,43,13848.479445
257,45,13758.981303
257,46,13596.725769
257,48,13578.021338
258,35,16403.853859
258,36,15061.531404
258,37,14978.365188
258,38,14708.522741
258,39,14591.696631
258,41,14389.879991
258,42,14257.956919
258,43,13848.479445
258,45,13758.981303
258,46,13596.725769
258,48,13578.021338
259,35,16403.853859
259,36,15054.538643
259,37,14976.195042
259,38,14697.239962
259,39,14557.384476
259,41,14389.879991
259,42,14232.955018
259,43,13848.479445
259,45,13758.981303
259,46,13596.725769
259,48,13578.021338
260,35,16403.853859
260,36,15054.538643
260,37,14976.195042
260,38,14697.239962
260,39,14557.384476
260,41,14389.879991
260,42,14232.955018
260,43,13848.479445
260,45,13758.981303
260,46,13596.725769
260,48,13578.021338
261,35,16403.853859
261,36,15030.158195
261,37,14976.195042
261,38,14688.186483
261,39,14532.600244
261,41,14389.879991
261,42,14228.377543
261,43,13832.503298
261,45,13758.981303
261,46,13582.952030
261,48,13576.526135
262,35,16403.853859
262,36,15030.158195
262,37,14932.176654
262,38,14688.186483
262,39,14532.600244
262,41,14389.879991
262,42,14228.377543
262,43,13832.503298
262,45,13758.981303
262,46,13582.952030
262,48,13576.526135
263,35,16403.853859
263,36,15030.158195
263,37,14932.176654
263,38,14688.186483
263,39,14532.600244
263,41,14389.879991
263,42,14184.849949
263,43,13823.582525
263,44,13808.505943
263,45,13734.950632
263,46,13580.827529
263,48,13576.526135
264,35,15376.767321
264,36,15030.158195
264,37,14932.176654
264,38,14688.186483
264,39,14532.600244
264,41,14389.879991
264,42,14184.849949
264,43,13823.582525
264,44,13808.505943
264,45,13734.950632
264,46,13580.827529
264,48,13576.526135
265,35,15376.767321
265,36,15017.516893
265,37,14905.487963
265,38,14664.283488
265,39,14485.233171
265,41,14389.879991
265,42,14184.849949
265,43,13823.582525
265,44,13807.420278
265,45,13734.950632
265,46,13580.827529
265,48,13576.526135
266,35,15376.767321
266,36,15017.516893
266,37,14905.487963
266,38,14664.283488
266,39,14485.233171
266,41,14389.879991
266,42,14184.849949
266,43,13823.582525
266,44,13807.420278
266,45,13734.950632
266,46,13580.827529
266,48,13576.526135
267,35,15376.767321
267,36,15017.516893
267,37,14864.525196
267,38,14651.359175
267,39,14485.233171
267,41,14389.879991
267,42,14184.849949
267,43,13823.582525
267,44,13802.838322
267,45,13728.960879
267,46,13580.807573
267,48,13569.706046
268,35,15376.767321
268,36,15017.516893
268,37,14864.525196
268,38,14651.359175
268,39,14485.233171
268,41,14389.879991
268,42,14184.849949
268,43,13823.582525
268,44,13802.838322
268,45,13728.960879
268,46,13580.807573
268,48,13569.706046
269,35,15376.767321
269,36,15017.516893
269,37,14864.525196
269,38,14636.447580
269,39,14485.233171
269,41,14389.879991
269,42,14184.849949
269,43,13788.714651
269,45,13728.960879
269,46,13580.807573
269,48,13569.706046
270,35,15376.767321
270,36,15017.516893
270,37,14864.525196
270,38,14636.447580
270,39,14485.233171
270,41,14389.879991
270,42,14184.849949
270,43,13788.714651
270,44,13771.636057
270,45,13728.960879
270,46,13530.245764
271,35,15376.767321
271,36,15005.654294
271,37,14768.995450
271,38,14636.447580
271,39,14449.592244
271,41,14349.981563
271,42,14161.768270
271,43,13788.714651
271,44,13762.715284
271,45,13724.816679
271,46,13530.245764
272,35,15376.767321
272,36,15005.654294
272,37,14768.995450
272,38,14636.447580
272,39,14449.592244
272,41,14349.981563
272,42,14161.768270
272,43,13788.714651
272,44,13748.338449
272,45,13724.816679
272,46,13530.245764
273,35,15376.767321
273,36,15000.816178
273,37,14741.887265
273,38,14574.087051
273,39,14449.592244
273,41,14349.981563
273,42,14161.768270
273,43,13788.714651
273,44,13744.444189
273,45,13724.816679
273,46,13530.245764
274,35,15376.767321
274,36,14984.137419
274,37,14741.887265
274,38,14574.087051
274,39,14449.592244
274,41,14349.981563
274,42,14161.768270
274,43,13788.714651
274,44,13713.226020
274,46,13530.245764
275,35,15364.904722
275,36,14981.728861
275,37,14741.887265
275,38,14574.087051
275,39,14441.405993
275,41,14349.981563
275,42,14129.710642
275,43,13788.636499
275,44,13713.226020
275,46,13530.245764
276,35,15364.904722
276,36,14981.728861
276,37,14741.887265
276,38,14574.087051
276,39,14441.405993
276,41,14349.981563
276,42,14129.710642
276,43,13788.636499
276,44,13713.226020
276,46,13530.245764
277,35,15214.925888
277,36,14970.411592
277,37,14741.887265
277,38,14574.087051
277,39,14437.051066
277,41,14349.981563
277,42,14084.009758
277,43,13788.636499
277,44,13713.226020
277,46,13513.141519
278,35,15214.925888
278,36,14970.411592
278,37,14741.887265
278,38,14574.087051
278,39,14437.051066
278,41,14349.981563
278,42,14084.009758
278,43,13742.444177
278,44,13713.226020
278,46,13513.141519
279,35,15192.865710
279,36,14907.325017
279,37,14740.542453
279,38,14574.087051
279,39,14378.575329
279,41,14349.981563
279,42,14052.430055
279,43,13718.341567
279,44,13713.226020
279,46,13511.589564
280,35,15192.865710
280,36,14907.325017
280,37,14740.542453
280,38,14574.087051
280,39,14378.575329
280,41,14349.981563
280,42,14052.430055
280,43,13718.341567
280,44,13713.226020
280,46,13511.589564
281,35,15192.865710
281,36,14900.869853
281,37,14726.259290
281,38,14574.087051
281,39,14378.575329
281,41,14349.736208
281,42,13739.711316
281,43,13715.424499
281,44,13693.999838
281,46,13508.476843
282,35,15192.865710
282,36,14900.869853
282,37,14726.259290
282,38,14574.087051
282,39,14378.575329
282,41,14349.736208
282,42,13739.711316
282,43,13715.424499
282,44,13693.999838
282,46,13508.476843
283,35,15192.865710
283,36,14883.427894
283,37,14726.259290
283,38,14574.087051
283,39,14364.951083
283,41,14299.451470
283,42,13739.711316
283,43,13689.745534
283,46,13498.016408
284,35,15192.865710
284,36,14883.427894
284,37,14726.259290
284,38,14574.087051
284,39,14364.951083
284,41,14299.451470
284,42,13739.711316
284,43,13689.745534
284,44,13686.120750
284,46,13498.016408
285,35,15188.804634
285,36,14793.948424
285,37,14718.017666
285,38,14574.087051
285,39,14364.951083
285,41,14262.248945
285,42,13739.711316
285,43,13687.325282
285,44,13686.120750
285,46,13498.016408
286,35,15188.804634
286,36,14793.948424
286,37,14718.017666
286,38,14574.087051
286,39,14364.951083
286,41,14262.248945
286,42,13739.711316
286,43,13687.325282
286,44,13686.120750
286,46,13498.016408
287,35,15188.804634
287,36,14786.401906
287,37,14718.017666
287,38,14382.756620
287,39,14359.031102
287,41,14262.248945
287,42,13739.711316
287,43,13685.888977
287,46,13496.348073
288,35,15188.804634
288,36,14786.401906
288,37,14718.017666
288,38,14382.756620
288,39,14359.031102
288,41,14262.248945
288,42,13739.711316
288,43,13685.888977
288,46,13496.348073
288,48,13487.847529
289,35,15127.934065
289,36,14782.083272
289,37,14712.590035
289,38,14382.756620
289,39,14341.019502
289,41,14254.566515
289,42,13739.711316
289,43,13685.888977
289,46,13496.348073
289,48,13487.847529
290,35,15127.934065
290,36,14782.083272
290,37,14712.590035
290,38,14382.756620
290,39,14341.019502
290,41,14254.566515
290,42,13739.711316
290,43,13685.888977
290,46,13496.348073
290,48,13487.847529
291,35,15107.905279
291,36,14782.083272
291,37,14712.590035
291,38,14382.756620
291,39,14313.584245
291,41,14240.691099
291,42,13725.376923
291,43,13673.835417
291,46,13496.348073
291,48,13487.847529
292,35,15107.905279
292,36,14782.083272
292,37,14712.590035
292,38,14382.756620
292,39,14313.584245
292,41,14240.691099
292,42,13725.376923
292,43,13673.835417
292,46,13496.348073
292,48,13487.847529
293,35,15107.905279
293,36,14766.346047
293,37,14679.712295
293,38,14381.482771
293,39,14313.584245
293,40,14310.054987
293,41,14213.382623
293,42,13725.376923
293,43,13653.868101
293,46,13496.348073
293,48,13484.163274
294,35,15107.905279
294,36,14766.346047
294,37,14679.712295
294,38,14381.482771
294,39,14313.584245
294,40,14310.054987
294,41,14213.382623
294,42,13725.376923
294,43,13653.868101
294,46,13496.348073
294,48,13484.163274
295,35,15107.905279
295,36,14760.919363
295,37,14679.712295
295,38,14381.482771
295,39,14306.286937
295,40,14305.124089
295,41,14213.382623
295,42,13609.662441
295,46,13496.348073
295,48,13484.163274
296,35,15107.905279
296,36,14760.919363
296,37,14646.718436
296,38,14381.482771
296,39,14306.286937
296,40,14305.124089
296,41,14213.382623
296,42,13609.662441
296,46,13496.348073
296,48,13484.163274
297,35,15107.905279
297,36,14736.170021
297,37,14646.718436
297,38,14354.888896
297,39,14291.937712
297,40,14269.407685
297,41,14168.479994
297,42,13596.484497
297,46,13478.840273
298,35,15107.905279
298,36,14736.170021
298,37,14646.718436
298,38,14354.888896
298,39,14291.937712
298,40,14269.407685
298,41,14168.479994
298,42,13596.484497
298,46,13478.840273
299,35,15105.735133
299,36,14736.170021
299,37,14571.062771
299,38,14349.655044
299,39,14291.937712
299,40,14268.788798
299,41,14168.479994
299,42,13596.484497
299,46,13477.825952
300,35,15017.559312
300,36,14736.170021
300,37,14571.062771
300,38,14349.655044
300,39,14291.937712
300,40,14268.788798
300,41,14168.479994
300,42,13596.484497
300,46,13477.825952
300,48,13472.558180
301,35,15017.559312
301,36,14726.093320
301,37,14571.062771
301,38,14306.395217
301,39,14291.937712
301,40,14229.660196
301,41,14124.806666
301,42,13596.484497
301,46,13477.825952
301,48,13472.558180
302,35,15017.559312
302,36,14726.093320
302,37,14571.062771
302,38,14306.395217
302,39,14291.937712
302,40,14229.660196
302,41,14124.806666
302,42,13596.484497
302,46,13477.825952
302,48,13472.558180
303,35,15016.709917
303,36,14635.180993
303,37,14571.062771
303,38,14269.064195
303,40,14156.915892
303,41,14124.806666
303,42,13592.469235
303,46,13476.614793
303,48,13472.005070
304,35,15005.092940
304,36,14635.180993
304,37,14571.062771
304,38,14269.064195
304,40,14156.915892
304,41,14124.806666
304,42,13592.469235
304,46,13476.614793
304,48,13472.005070
304,49,13465.643557
305,35,15005.092940
305,36,14625.596294
305,37,14571.062771
305,38,14269.064195
305,40,14152.455655
305,41,14124.806666
305,42,13568.658701
305,46,13476.614793
305,47,13470.680287
305,49,13465.643557
306,35,15005.092940
306,36,14625.596294
306,37,14571.062771
306,38,14269.064195
306,40,14152.455655
306,41,14124.806666
306,42,13568.658701
306,46,13476.614793
306,47,13470.680287
306,49,13465.643557
307,35,15005.092940
307,36,14596.903577
307,37,14528.048335
307,38,14269.064195
307,40,14141.459517
307,41,14105.322048
307,42,13565.138114
307,46,13473.807696
307,47,13470.680287
307,49,13465.643557
307,50,13450.871475
308,35,14955.900203
308,36,14596.903577
308,37,14528.048335
308,38,14269.064195
308,40,14141.459517
308,41,14105.322048
308,42,13565.138114
308,46,13473.807696
308,47,13470.680287
308,49,13465.643557
308,50,13450.871475
309,35,14955.900203
309,36,14596.903577
309,37,14526.918730
309,38,14222.411561
309,40,14141.459517
309,41,13911.801973
309,42,13565.138114
309,46,13473.807696
309,47,13470.680287
309,49,13465.033986
309,50,13450.871475
310,34,15924.071515
310,35,14955.900203
310,36,14596.903577
310,37,14526.918730
310,38,14222.411561
310,40,14141.459517
310,41,13911.801973
310,42,13565.138114
310,46,13473.807696
310,47,13470.680287
310,49,13465.033986
310,50,13450.871475
311,34,15924.071515
311,35,14955.900203
311,36,14596.903577
311,37,14525.171480
311,38,14218.259477
311,40,14141.459517
311,41,13911.737956
311,42,13565.068953
311,46,13471.678114
311,47,13470.680287
311,49,13465.033986
311,50,13450.871475
312,34,15924.071515
312,35,14955.900203
312,36,14596.903577
312,37,14525.171480
312,38,14218.259477
312,40,14141.459517
312,41,13911.737956
312,42,13565.068953
312,46,13437.513303
313,34,15924.071515
313,35,14953.916761
313,36,14596.903577
313,37,14525.171480
313,38,14212.993260
313,40,14123.922614
313,41,13911.356656
313,42,13565.068953
313,46,13437.513303
314,34,15924.071515
314,35,14953.916761
314,36,14596.903577
314,37,14525.171480
314,38,14212.993260
314,40,14123.922614
314,41,13911.356656
314,42,13565.068953
314,46,13437.513303
315,34,15924.071515
315,35,14953.916761
315,36,14596.903577
315,37,14525.171480
315,38,14188.490566
315,40,14108.528324
315,41,13911.356656
315,42,13526.137849
315,46,13436.478949
316,34,15924.071515
316,35,14953.916761
316,36,14596.903577
316,37,14525.171480
316,38,14188.490566
316,40,14108.528324
316,41,13911.356656
316,42,13526.137849
316,46,13436.478949
316,49,13433.273831
317,34,15924.071515
317,35,14919.396169
317,36,14596.903577
317,37,14525.171480
317,38,14180.697168
317,40,14100.146855
317,41,13911.356656
317,42,13526.137849
317,43,13501.089479
317,45,13426.442013
317,49,13419.939326
318,34,15924.071515
318,35,14919.396169
318,36,14596.903577
318,37,14525.171480
318,38,14180.697168
318,39,14136.408245
318,40,14100.146855
318,41,13911.356656
318,42,13526.137849
318,43,13452.565817
318,45,13426.442013
318,49,13400.667716
319,34,15924.071515
319,35,14919.396169
319,36,14586.974036
319,37,14525.171480
319,38,14180.697168
319,39,14127.323101
319,40,14098.801748
319,41,13901.424619
319,42,13526.137849
319,43,13452.565817
319,45,13426.442013
319,49,13400.667716
320,34,15924.071515
320,35,14919.396169
320,36,14586.974036
320,37,14525.171480
320,38,14180.697168
320,39,14127.323101
320,40,14098.801748
320,41,13901.424619
320,42,13526.137849
320,43,13452.565817
320,45,13426.442013
320,49,13400.667716
321,34,15924.071515
321,35,14919.396169
321,36,14584.102092
321,37,14493.905584
321,38,14180.697168
321,39,14127.323101
321,40,14084.822318
321,41,13893.984166
321,42,13526.137849
321,43,13408.170420
321,49,13400.667716
322,34,15924.071515
322,35,14919.396169
322,36,14584.102092
322,37,14493.905584
322,38,14180.697168
322,39,14127.323101
322,40,14084.822318
322,41,13893.984166
322,42,13472.095137
322,43,13408.170420
322,49,13400.667716
