Generation,NV,TOC
1,18,8717.324344
1,22,7375.428763
1,23,5802.829785
1,27,5191.036536
1,32,5164.488455
1,37,5105.621656
1,41,5075.178627
1,60,5057.165254
2,18,8717.324344
2,21,7668.548797
2,22,7375.428763
2,23,5802.829785
2,25,5470.283918
2,27,5191.036536
2,32,5164.488455
2,34,5060.719038
2,37,4952.276550
3,18,8717.324344
3,19,8091.735974
3,20,6624.698299
3,23,5479.245650
3,25,5470.283918
3,27,5191.036536
3,29,4916.826835
3,36,4740.532164
3,38,4613.798868
4,18,8717.324344
4,19,8091.735974
4,20,6624.698299
4,22,5542.660162
4,23,5479.245650
4,24,5418.095326
4,26,5271.456954
4,27,4991.938973
4,29,4916.826835
4,34,4897.788884
4,36,4740.532164
4,38,4613.798868
4,42,4583.773971
5,18,8717.324344
5,19,7567.507790
5,20,6125.603454
5,22,5358.683759
5,23,5355.919858
5,24,5257.936209
5,26,4928.248805
5,28,4890.405490
5,32,4801.000332
5,34,4568.711714
5,38,4504.495464
5,42,4470.676130
6,18,7044.057586
6,19,6446.076798
6,20,6125.603454
6,22,5358.683759
6,23,5355.919858
6,24,5257.936209
6,26,4928.248805
6,28,4786.426542
6,29,4768.443827
6,34,4568.711714
6,35,4554.535244
6,38,4504.495464
6,42,4470.676130
7,18,6286.321096
7,20,6125.603454
7,22,5358.683759
7,23,5355.919858
7,24,5257.936209
7,25,4980.008385
7,26,4928.248805
7,28,4786.426542
7,29,4768.443827
7,34,4568.711714
7,35,4547.704709
7,38,4454.907553
8,18,6218.849977
8,20,6125.603454
8,21,6046.368291
8,22,5358.683759
8,23,5355.919858
8,24,5257.936209
8,25,4980.008385
8,26,4928.248805
8,28,4786.426542
8,29,4768.443827
8,31,4750.079224
8,32,4573.899383
8,34,4568.711714
8,35,4547.704709
8,38,4454.907553
9,18,6218.849977
9,20,6011.376864
9,21,5972.001081
9,22,5223.867064
9,24,5062.806911
9,25,4980.008385
9,26,4928.248805
9,28,4786.426542
9,29,4768.443827
9,31,4593.820642
9,32,4573.899383
9,34,4568.711714
9,35,4547.704709
9,38,4454.907553
9,41,4453.903749
9,42,4447.330630
10,18,6218.849977
10,20,6011.376864
10,21,5504.520113
10,22,5223.867064
10,24,4775.757280
10,28,4730.738052
10,30,4565.259371
10,31,4561.734067
10,33,4538.789991
10,34,4526.688063
10,38,4439.952394
10,40,4424.661385
11,17,7192.383473
11,18,6218.849977
11,20,5764.858420
11,21,5504.520113
11,22,5223.867064
11,23,5101.474115
11,24,4775.757280
11,28,4730.738052
11,30,4565.259371
11,31,4561.734067
11,33,4538.789991
11,34,4526.688063
11,36,4484.355114
11,38,4439.952394
11,40,4424.661385
12,17,6661.332383
12,18,6218.849977
12,20,5764.858420
12,21,5504.520113
12,22,5223.867064
12,23,5004.129091
12,24,4775.757280
12,28,4730.738052
12,30,4565.259371
12,31,4561.734067
12,33,4538.789991
12,34,4526.688063
12,36,4484.355114
12,38,4439.952394
12,40,4424.661385
13,17,6661.332383
13,18,6218.849977
13,20,5764.858420
13,21,5504.520113
13,22,5223.867064
13,23,5004.129091
13,24,4775.757280
13,28,4730.738052
13,30,4565.259371
13,31,4493.243321
13,35,4454.633407
13,38,4439.952394
13,40,4424.661385
14,17,6661.332383
14,18,6047.674078
14,20,5764.858420
14,21,5504.520113
14,22,5223.867064
14,23,5004.129091
14,24,4775.757280
14,28,4730.738052
14,30,4468.963673
14,32,4464.391231
14,35,4454.633407
14,38,4439.952394
14,40,4424.661385
15,17,6375.315877
15,18,5983.378729
15,20,5451.754855
15,21,5392.324007
15,22,4952.035773
15,24,4750.212813
15,26,4639.746176
15,30,4408.806933
16,17,6311.501239
16,18,5983.378729
16,20,5451.754855
16,21,5392.324007
16,22,4952.035773
16,24,4750.212813
16,25,4731.417119
16,26,4639.746176
16,29,4626.512560
16,30,4408.806933
16,40,4364.588389
17,17,6311.501239
17,18,5983.378729
17,20,5451.754855
17,21,5392.324007
17,22,4807.763316
17,24,4750.212813
17,25,4731.417119
17,26,4639.746176
17,29,4626.512560
17,30,4408.806933
17,34,4393.751839
17,40,4364.588389
18,17,6311.501239
18,18,5983.378729
18,20,5451.754855
18,21,5392.324007
18,22,4807.763316
18,24,4750.212813
18,25,4731.417119
18,26,4639.746176
18,27,4609.805103
18,29,4536.628450
18,30,4408.806933
18,34,4393.751839
18,40,4364.588389
19,17,6311.501239
19,18,5983.378729
19,20,5451.754855
19,21,5392.324007
19,22,4807.763316
19,24,4750.212813
19,25,4731.417119
19,26,4633.710431
19,27,4609.805103
19,28,4531.233447
19,29,4487.230415
19,30,4408.806933
19,34,4393.751839
19,37,4357.941767
20,17,6311.501239
20,18,5808.105996
20,20,5451.754855
20,21,5392.324007
20,22,4748.236038
20,24,4697.033662
20,25,4648.388340
20,26,4633.710431
20,27,4436.798394
20,29,4426.733984
20,30,4382.034368
20,34,4376.076226
20,37,4324.704113
21,17,6311.501239
21,18,5808.105996
21,20,5451.754855
21,21,5331.125791
21,22,4748.236038
21,24,4697.033662
21,25,4648.388340
21,26,4480.891897
21,27,4436.798394
21,29,4426.733984
21,30,4382.034368
21,34,4376.076226
21,37,4324.704113
22,17,6282.443495
22,18,5808.105996
22,20,5451.754855
22,21,5195.942441
22,22,4748.236038
22,24,4671.586333
22,25,4648.388340
22,26,4480.891897
22,27,4436.798394
22,29,4426.733984
22,30,4382.034368
22,34,4376.076226
22,37,4324.704113
23,17,5737.486402
23,20,5451.754855
23,21,5195.942441
23,22,4721.009657
23,24,4671.586333
23,25,4648.388340
23,26,4480.891897
23,27,4436.798394
23,29,4426.733984
23,30,4382.034368
23,34,4376.076226
23,37,4324.704113
24,17,5737.486402
24,19,5616.819858
24,20,5451.754855
24,21,5195.942441
24,22,4721.009657
24,24,4653.650224
24,25,4648.388340
24,26,4480.891897
24,27,4436.798394
24,29,4426.733984
24,30,4382.034368
24,33,4379.039023
24,34,4376.076226
24,36,4333.844540
24,37,4324.704113
25,17,5737.486402
25,19,5616.819858
25,20,5287.940551
25,21,5195.942441
25,22,4653.236497
25,23,4638.935819
25,25,4291.575783
26,17,5737.486402
26,18,5734.997836
26,19,5616.819858
26,20,5287.940551
26,21,5195.942441
26,22,4653.236497
26,23,4638.935819
26,24,4625.773598
26,25,4291.575783
27,17,5737.486402
27,18,5734.997836
27,19,5616.819858
27,20,5100.067365
27,21,4948.849370
27,22,4653.236497
27,23,4638.935819
27,24,4625.773598
27,25,4291.575783
27,33,4288.588643
28,16,6508.942178
28,17,5718.126686
28,18,5699.516522
28,19,5616.819858
28,20,5100.067365
28,21,4948.849370
28,22,4653.236497
28,23,4638.935819
28,24,4625.773598
28,25,4291.575783
28,33,4288.588643
29,16,6508.942178
29,17,5292.010019
29,19,5193.625828
29,20,5100.067365
29,21,4948.849370
29,22,4653.236497
29,23,4638.935819
29,24,4578.341254
29,25,4291.575783
29,33,4288.588643
30,16,6429.470381
30,17,5292.010019
30,18,4994.556724
30,20,4755.184428
30,22,4611.329660
30,24,4492.864759
30,25,4228.591774
31,16,6203.770361
31,17,5292.010019
31,18,4994.556724
31,20,4755.184428
31,22,4611.329660
31,23,4609.157598
31,24,4492.864759
31,25,4228.591774
32,16,6171.414732
32,17,5292.010019
32,18,4994.556724
32,20,4755.184428
32,22,4611.329660
32,23,4609.157598
32,24,4492.864759
32,25,4228.591774
32,26,4188.494251
33,15,6945.943011
33,16,6101.057860
33,17,5292.010019
33,18,4994.556724
33,19,4872.950620
33,20,4755.184428
33,22,4611.329660
33,23,4607.771817
33,24,4492.864759
33,25,4228.591774
33,26,4188.494251
34,15,6945.943011
34,16,5873.301294
34,17,5292.010019
34,18,4994.556724
34,19,4872.950620
34,20,4755.184428
34,22,4611.329660
34,23,4607.771817
34,24,4492.864759
34,25,4228.591774
34,26,4188.494251
35,15,6945.943011
35,16,4901.639906
35,18,4802.250801
35,20,4726.562198
35,22,4529.506534
35,24,4492.864759
35,25,4146.599022
36,15,6945.943011
36,16,4901.639906
36,18,4802.250801
36,20,4726.562198
36,22,4529.506534
36,24,4443.463107
36,25,4146.599022
37,15,6945.943011
37,16,4901.639906
37,18,4802.250801
37,20,4726.562198
37,22,4529.506534
37,24,4298.186691
37,25,4146.599022
38,15,5928.534889
38,16,4901.639906
38,18,4802.250801
38,20,4587.951515
38,22,4507.566607
38,24,4298.186691
38,25,4146.599022
39,15,5928.534889
39,16,4901.639906
39,18,4802.250801
39,20,4587.951515
39,22,4507.566607
39,24,4298.186691
39,25,4146.599022
40,15,5701.107174
40,16,4880.429101
40,18,4720.152852
40,20,4569.161329
40,22,4484.195124
40,23,4449.622714
40,24,4298.186691
40,25,4134.803092
40,27,4091.335783
41,15,5701.107174
41,16,4880.429101
41,18,4720.152852
41,20,4569.161329
41,21,4429.970680
41,24,4298.186691
41,25,4134.803092
41,27,4091.335783
42,15,5701.107174
42,16,4880.429101
42,18,4720.152852
42,20,4569.161329
42,21,4429.970680
42,23,4398.691030
42,24,4298.186691
42,25,4134.803092
42,27,4091.335783
43,15,5701.107174
43,16,4880.429101
43,18,4720.152852
43,20,4569.161329
43,21,4429.970680
43,23,4398.691030
43,24,4298.186691
43,25,4134.803092
43,27,4091.335783
44,15,5701.107174
44,16,4880.429101
44,17,4842.573034
44,18,4720.152852
44,20,4569.161329
44,21,4429.970680
44,23,4398.691030
44,24,4114.892689
44,27,4091.335783
45,15,5453.706116
45,16,4880.429101
45,17,4623.014734
45,20,4545.743968
45,21,4417.652881
45,23,4398.691030
45,24,4089.845668
45,27,4072.561101
46,15,5453.706116
46,16,4880.429101
46,17,4623.014734
46,20,4545.743968
46,21,4417.652881
46,22,4377.167983
46,23,4308.186797
46,24,4089.845668
46,27,4072.561101
47,15,5453.706116
47,16,4880.429101
47,17,4623.014734
47,20,4520.271402
47,21,4417.652881
47,22,4377.167983
47,23,4308.186797
47,24,4089.845668
47,27,4072.561101
48,15,5453.706116
48,16,4880.429101
48,17,4623.014734
48,18,4557.087167
48,20,4520.271402
48,21,4417.652881
48,22,4377.167983
48,23,4308.186797
48,24,4089.845668
48,27,4072.561101
49,15,5453.706116
49,16,4880.429101
49,17,4623.014734
49,18,4557.087167
49,20,4520.271402
49,21,4417.652881
49,22,4377.167983
49,23,4308.186797
49,24,4089.845668
49,27,4072.561101
50,14,6410.845757
50,15,4860.171033
50,17,4590.024508
50,18,4454.496398
50,20,4392.738909
50,22,4355.596779
50,23,4256.731900
50,24,4062.992955
51,14,6066.763874
51,15,4860.171033
51,17,4590.024508
51,18,4454.496398
51,20,4392.738909
51,21,4343.554917
51,23,4256.731900
51,24,4062.992955
52,14,6030.342975
52,15,4860.171033
52,17,4590.024508
52,18,4454.496398
52,20,4392.738909
52,21,4343.554917
52,23,4256.731900
52,24,4062.992955
53,14,6030.342975
53,15,4860.171033
53,17,4590.024508
53,18,4454.496398
53,20,4392.738909
53,21,4343.554917
53,22,4325.535716
53,23,4256.731900
53,24,4062.992955
54,14,4963.027842
54,15,4860.171033
54,17,4590.024508
54,18,4454.496398
54,20,4335.445603
54,22,4325.535716
54,23,4256.731900
54,24,4062.992955
55,14,4833.448333
55,15,4825.512616
55,17,4590.024508
55,18,4451.992765
55,19,4429.357235
55,20,4314.523568
55,23,4256.731900
55,24,4062.230201
56,14,4833.448333
56,15,4825.512616
56,17,4590.024508
56,18,4451.992765
56,19,4391.558879
56,20,4314.523568
56,22,4253.543298
56,24,4062.230201
57,14,4833.448333
57,15,4773.744591
57,17,4510.424662
57,18,4451.992765
57,19,4391.558879
57,20,4314.523568
57,22,4251.423528
57,24,4062.230201
58,14,4833.448333
58,15,4773.744591
58,17,4510.364180
58,18,4451.992765
58,19,4343.670834
58,20,4314.523568
58,21,4293.162820
58,22,4251.423528
58,24,4062.230201
59,14,4833.448333
59,15,4773.744591
59,16,4708.030184
59,17,4510.364180
59,18,4419.804264
59,19,4338.807713
59,20,4299.822984
59,21,4293.162820
59,22,4251.423528
59,23,4082.870276
59,24,4062.230201
60,14,4833.448333
60,15,4738.946423
60,16,4632.940149
60,17,4479.064157
60,18,4323.165566
60,20,4288.056394
60,21,4285.386980
60,22,4154.904107
60,23,4067.011086
60,24,4060.084435
61,13,5902.926802
61,14,4833.448333
61,15,4738.946423
61,16,4632.940149
61,17,4479.064157
61,18,4323.165566
61,19,4320.276547
61,20,4288.056394
61,21,4212.349859
61,22,4154.904107
61,23,4067.011086
61,24,4060.084435
62,13,5676.848310
62,14,4833.448333
62,15,4738.946423
62,16,4632.940149
62,17,4479.064157
62,18,4323.165566
62,19,4320.276547
62,20,4288.056394
62,21,4212.349859
62,22,4154.904107
62,23,4067.011086
62,24,4060.084435
63,13,5676.848310
63,14,4833.448333
63,15,4738.946423
63,16,4632.940149
63,17,4479.064157
63,18,4323.165566
63,19,4320.276547
63,20,4288.056394
63,21,4212.349859
63,22,4154.904107
63,23,4067.011086
63,24,4060.084435
64,13,5676.848310
64,14,4833.448333
64,15,4738.946423
64,16,4632.940149
64,17,4479.064157
64,18,4323.165566
64,19,4320.276547
64,20,4288.056394
64,21,4212.349859
64,22,4154.904107
64,23,4067.011086
64,24,4060.084435
65,13,5676.848310
65,14,4804.031386
65,15,4536.426290
65,17,4462.385385
65,18,4309.716894
65,19,4266.577261
65,21,4179.709707
65,22,4151.410792
65,23,4029.010871
66,13,5676.848310
66,14,4804.031386
66,15,4536.426290
66,17,4462.385385
66,18,4309.716894
66,19,4266.577261
66,21,4179.709707
66,22,4151.410792
66,23,4029.010871
67,13,5509.541084
67,14,4707.702126
67,15,4536.426290
67,17,4462.385385
67,18,4309.716894
67,19,4266.577261
67,21,4179.709707
67,22,4144.332854
67,23,4029.010871
68,13,5509.541084
68,14,4578.774932
68,15,4505.491598
68,16,4429.298872
68,18,4309.716894
68,19,4266.577261
68,21,4179.709707
68,22,4144.332854
68,23,4029.010871
69,13,4883.494256
69,14,4578.774932
69,15,4478.071197
69,16,4429.298872
69,18,4309.716894
69,19,4266.577261
69,21,4179.709707
69,22,4144.332854
69,23,4029.010871
70,13,4736.409874
70,14,4570.254002
70,15,4441.964519
70,16,4362.264299
70,17,4245.116133
70,21,4179.709707
70,22,4144.332854
70,23,4029.010871
71,13,4736.409874
71,14,4570.254002
71,15,4441.964519
71,16,4362.264299
71,17,4245.116133
71,21,4179.709707
71,22,4144.332854
71,23,4029.010871
72,13,4736.409874
72,14,4570.254002
72,15,4441.964519
72,16,4362.264299
72,17,4245.116133
72,21,4152.497576
72,22,4139.726832
72,23,4029.010871
73,13,4736.409874
73,14,4570.254002
73,15,4441.964519
73,16,4362.264299
73,17,4245.116133
73,21,4152.497576
73,22,4136.302732
73,23,4029.010871
74,13,4736.409874
74,14,4570.254002
74,15,4441.964519
74,16,4362.264299
74,17,4245.116133
74,21,4152.497576
74,22,4136.302732
74,23,4029.010871
75,13,4644.789589
75,14,4554.302395
75,15,4426.129488
75,16,4356.281881
75,17,4244.793425
75,20,4115.691635
75,23,4029.010871
76,13,4644.789589
76,14,4533.658616
76,15,4426.129488
76,16,4356.281881
76,17,4244.793425
76,20,4115.691635
76,23,4029.010871
76,24,4024.342143
77,12,5825.500707
77,13,4644.789589
77,14,4533.658616
77,15,4426.129488
77,16,4356.281881
77,17,4244.793425
77,20,4115.691635
77,23,4029.010871
77,24,4024.342143
78,12,5825.500707
78,13,4644.789589
78,14,4533.658616
78,15,4426.129488
78,16,4356.281881
78,17,4244.793425
78,20,4115.691635
78,23,4026.062572
78,24,4024.342143
79,12,5825.500707
79,13,4644.789589
79,14,4533.658616
79,15,4426.129488
79,16,4356.281881
79,17,4244.793425
79,20,4115.691635
79,23,4026.062572
79,24,4024.342143
80,12,5600.612830
80,13,4615.677956
80,14,4424.392653
80,16,4349.712674
80,17,4218.517445
80,20,4115.691635
80,23,4018.095545
81,12,5600.612830
81,13,4615.677956
81,14,4424.392653
81,16,4349.712674
81,17,4218.517445
81,20,4115.691635
81,23,4018.095545
82,12,5600.612830
82,13,4615.677956
82,14,4424.392653
82,16,4349.712674
82,17,4218.517445
82,20,4115.691635
82,23,4018.095545
83,12,5600.612830
83,13,4615.677956
83,14,4424.392653
83,16,4349.712674
83,17,4218.517445
83,20,4115.691635
83,23,4018.095545
84,12,5600.612830
84,13,4615.677956
84,14,4424.392653
84,16,4349.712674
84,17,4218.517445
84,20,4115.691635
84,23,4018.095545
85,12,5523.823815
85,13,4615.677956
85,14,4396.055138
85,16,4344.927458
85,17,4218.517445
85,20,4115.691635
85,22,3998.678005
86,12,5523.823815
86,13,4615.677956
86,14,4396.055138
86,16,4344.927458
86,17,4218.517445
86,20,4115.691635
86,22,3998.678005
87,12,5523.823815
87,13,4615.677956
87,14,4396.055138
87,16,4344.927458
87,17,4218.517445
87,20,4115.691635
87,22,3998.678005
88,12,5523.823815
88,13,4615.677956
88,14,4396.055138
88,16,4344.927458
88,17,4218.517445
88,20,4115.691635
88,22,3998.678005
89,12,5523.823815
89,13,4615.677956
89,14,4396.055138
89,16,4344.927458
89,17,4218.517445
89,20,4115.691635
89,22,3998.678005
90,12,5385.820158
90,13,4615.677956
90,14,4381.638132
90,16,4323.808678
90,17,4206.952538
90,20,4111.029253
90,22,3998.678005
91,12,5385.820158
91,13,4589.092642
91,14,4381.638132
91,16,4323.808678
91,17,4206.952538
91,20,4111.029253
91,21,4059.324701
91,22,3998.678005
92,12,5385.820158
92,13,4589.092642
92,14,4341.329805
92,16,4323.808678
92,17,4206.952538
92,19,4168.754178
92,20,4111.029253
92,21,4059.324701
92,22,3998.678005
93,12,5385.820158
93,13,4589.092642
93,14,4341.329805
93,16,4323.808678
93,17,4206.952538
93,19,4168.754178
93,20,4111.029253
93,21,4059.324701
93,22,3998.678005
94,12,5385.820158
94,13,4589.092642
94,14,4341.329805
94,16,4323.808678
94,17,4206.952538
94,19,4168.754178
94,20,4111.029253
94,21,4059.324701
94,22,3998.678005
95,12,5037.141754
95,13,4515.188200
95,14,4316.669200
95,17,4204.629975
95,19,4145.402470
95,20,4100.646070
95,21,4038.328514
95,22,3998.281946
96,12,4895.779196
96,13,4515.188200
96,14,4316.669200
96,17,4196.573564
96,19,4145.402470
96,20,4100.646070
96,21,4038.328514
96,22,3998.281946
97,12,4895.779196
97,13,4456.287585
97,14,4316.669200
97,17,4196.573564
97,18,4171.262289
97,19,4145.402470
97,20,4100.646070
97,21,4038.328514
97,22,3998.281946
98,12,4895.779196
98,13,4456.287585
98,14,4316.669200
98,17,4166.983896
98,18,4123.348036
98,19,4115.808987
98,20,4100.646070
98,21,3992.404265
99,12,4895.779196
99,13,4444.930376
99,14,4316.669200
99,17,4166.983896
99,18,4123.348036
99,19,4096.430745
99,21,3992.404265
99,22,3967.506949
100,12,4798.923088
100,13,4444.930376
100,14,4293.636762
100,15,4282.389071
100,17,4097.410852
100,19,4081.513086
100,21,3965.475981
101,12,4798.923088
101,13,4444.930376
101,14,4293.636762
101,15,4271.138919
101,17,4097.410852
101,19,4081.513086
101,21,3965.475981
102,11,5816.625721
102,12,4798.923088
102,13,4444.930376
102,14,4293.636762
102,15,4236.002828
102,17,4097.410852
102,19,4081.513086
102,21,3965.475981
103,11,5816.625721
103,12,4798.923088
103,13,4444.930376
103,14,4293.636762
103,15,4236.002828
103,17,4097.410852
103,19,4081.513086
103,20,3951.677801
104,11,5816.625721
104,12,4798.923088
104,13,4401.176635
104,14,4272.496686
104,15,4236.002828
104,17,4097.410852
104,18,4034.826433
104,20,3951.677801
105,11,5752.838679
105,12,4765.948386
105,13,4401.176635
105,14,4272.496686
105,15,4223.731387
105,17,4091.427681
105,18,4034.826433
105,20,3950.575426
105,22,3940.708630
106,11,5752.838679
106,12,4765.948386
106,13,4401.176635
106,14,4272.496686
106,15,4149.273028
106,17,4091.427681
106,18,4034.826433
106,20,3950.575426
106,22,3940.708630
107,11,5752.838679
107,12,4765.948386
107,13,4401.176635
107,14,4239.275510
107,15,4149.273028
107,17,4091.427681
107,18,4034.826433
107,20,3950.575426
107,22,3940.708630
108,11,5752.838679
108,12,4765.948386
108,13,4401.176635
108,14,4231.727319
108,15,4149.273028
108,17,4091.427681
108,18,4034.826433
108,19,3990.391866
108,20,3950.575426
108,22,3940.708630
109,11,5752.838679
109,12,4765.948386
109,13,4372.858616
109,14,4125.851844
109,17,4091.427681
109,18,4034.826433
109,19,3976.703850
109,20,3950.575426
109,22,3940.708630
110,11,5721.200614
110,12,4762.864566
110,13,4366.798868
110,14,4116.399171
110,17,4083.661045
110,18,4030.753643
110,19,3961.346099
110,20,3950.575426
110,21,3940.252121
111,11,5489.028682
111,12,4762.864566
111,13,4366.798868
111,14,4116.399171
111,17,4083.661045
111,18,4030.753643
111,19,3940.454069
111,21,3940.252121
112,11,5489.028682
112,12,4716.618398
112,13,4366.798868
112,14,4116.399171
112,17,4083.661045
112,18,4030.753643
112,19,3912.568297
113,11,5489.028682
113,12,4716.618398
113,13,4366.798868
113,14,4116.399171
113,17,4083.661045
113,18,4030.753643
113,19,3912.568297
114,11,5489.028682
114,12,4690.437781
114,13,4366.798868
114,14,4116.399171
114,17,4083.661045
114,18,3901.786296
115,11,5298.683579
115,12,4685.526529
115,13,4356.860872
115,14,4100.317460
115,17,4083.661045
115,18,3901.086046
116,11,5298.683579
116,12,4685.526529
116,13,4356.860872
116,14,4100.317460
116,17,4074.236120
116,18,3901.086046
116,19,3894.816692
117,11,5298.683579
117,12,4573.382491
117,13,4356.860872
117,14,4100.317460
117,17,4074.236120
117,18,3901.086046
117,19,3889.433242
118,11,5298.683579
118,12,4573.382491
118,13,4356.860872
118,14,4100.317460
118,17,4074.236120
118,18,3901.086046
118,19,3889.433242
119,11,5298.683579
119,12,4573.382491
119,13,4356.860872
119,14,4100.317460
119,16,4098.683096
119,17,4074.236120
119,18,3901.086046
119,19,3889.433242
120,11,5055.252047
120,12,4568.951666
120,13,4334.059029
120,14,4083.387819
120,17,4066.868382
120,18,3896.533056
120,19,3889.433242
121,11,4982.965773
121,12,4568.951666
121,13,4334.059029
121,14,4083.387819
121,15,4070.377137
121,17,4032.191675
121,18,3896.533056
121,19,3889.433242
122,11,4982.965773
122,12,4568.951666
122,13,4334.059029
122,14,4083.387819
122,15,4070.377137
122,16,4037.322786
122,17,4032.191675
122,18,3896.533056
122,19,3889.433242
123,11,4982.965773
123,12,4568.951666
123,13,4334.059029
123,14,4083.387819
123,15,4070.377137
123,16,4037.322786
123,17,4032.191675
123,18,3896.533056
123,19,3889.433242
124,11,4903.240820
124,12,4568.951666
124,13,4334.059029
124,14,4083.387819
124,15,4070.377137
124,16,4032.660565
124,17,4000.820261
124,18,3896.533056
124,19,3889.433242
125,11,4879.767599
125,12,4562.886962
125,13,4325.348492
125,14,4060.294883
125,16,4022.377993
125,17,3997.830478
125,18,3893.057536
125,19,3880.287906
126,11,4879.767599
126,12,4562.886962
126,13,4325.348492
126,14,4060.294883
126,16,4022.377993
126,17,3967.336311
126,18,3893.057536
126,19,3880.287906
127,11,4879.767599
127,12,4421.139940
127,13,4325.348492
127,14,4060.294883
127,16,4022.377993
127,17,3967.336311
127,18,3893.057536
127,19,3880.287906
128,11,4879.767599
128,12,4421.139940
128,13,4314.839072
128,14,4033.098690
128,16,4022.377993
128,17,3966.828212
128,18,3864.187189
129,11,4879.767599
129,12,4421.139940
129,13,4314.839072
129,14,4033.098690
129,15,4014.135459
129,17,3966.828212
129,18,3864.187189
130,11,4582.152373
130,12,4320.858747
130,13,4305.771791
130,14,4033.098690
130,15,3982.825305
130,16,3955.279682
130,18,3864.187189
131,11,4582.152373
131,12,4320.858747
131,13,4305.771791
131,14,4033.098690
131,15,3982.825305
131,16,3955.279682
131,18,3864.187189
132,11,4582.152373
132,12,4320.858747
132,13,4305.771791
132,14,4033.098690
132,15,3982.825305
132,16,3955.279682
132,18,3864.187189
133,11,4582.152373
133,12,4320.858747
133,13,4305.771791
133,14,4033.098690
133,15,3982.825305
133,16,3955.279682
133,17,3938.327303
133,18,3858.807533
134,11,4582.152373
134,12,4320.858747
134,13,4305.771791
134,14,4033.098690
134,15,3982.825305
134,16,3955.279682
134,17,3938.327303
134,18,3858.807533
135,11,4564.445442
135,12,4311.940980
135,13,4275.968074
135,14,4023.409547
135,15,3954.320084
135,16,3930.404221
135,18,3858.807533
136,11,4564.445442
136,12,4311.940980
136,13,4275.968074
136,14,4023.409547
136,15,3954.320084
136,16,3930.404221
136,18,3858.807533
137,11,4564.445442
137,12,4311.940980
137,13,4275.968074
137,14,4023.409547
137,15,3954.320084
137,16,3930.404221
137,18,3858.807533
138,11,4564.445442
138,12,4311.940980
138,13,4275.968074
138,14,4023.409547
138,15,3954.320084
138,16,3930.404221
138,18,3858.807533
138,19,3852.279389
139,11,4564.445442
139,12,4299.208435
139,13,4275.968074
139,14,4023.409547
139,15,3954.320084
139,16,3930.404221
139,18,3858.807533
139,19,3852.279389
140,11,4460.646657
140,12,4299.208435
140,13,4239.952508
140,14,4004.082153
140,15,3954.320084
140,16,3911.635104
140,17,3899.156333
140,18,3848.299546
140,19,3837.520198
141,11,4460.646657
141,12,4299.208435
141,13,4239.952508
141,14,4004.082153
141,15,3954.320084
141,16,3911.635104
141,17,3899.156333
141,18,3848.299546
141,19,3837.520198
142,11,4460.646657
142,12,4299.208435
142,13,4164.940325
142,14,3967.775061
142,15,3954.320084
142,16,3911.635104
142,17,3899.156333
142,18,3848.299546
142,19,3837.520198
143,11,4460.646657
143,12,4299.208435
143,13,4164.940325
143,14,3967.775061
143,15,3954.320084
143,16,3911.635104
143,17,3899.156333
143,18,3848.299546
143,19,3837.520198
144,11,4460.646657
144,12,4299.208435
144,13,4164.940325
144,14,3967.775061
144,15,3954.320084
144,16,3911.635104
144,17,3899.156333
144,18,3848.299546
144,19,3837.520198
145,11,4460.646657
145,12,4261.265703
145,13,4164.940325
145,14,3959.098520
145,15,3893.869245
145,18,3815.751834
146,11,4460.646657
146,12,4261.265703
146,13,4164.940325
146,14,3918.936498
146,15,3893.869245
146,18,3815.751834
147,11,4460.646657
147,12,4261.265703
147,13,4164.940325
147,14,3918.936498
147,15,3893.869245
147,18,3815.751834
148,11,4460.646657
148,12,4261.265703
148,13,4147.531201
148,14,3918.936498
148,15,3893.869245
148,18,3792.562060
149,11,4460.646657
149,12,4261.265703
149,13,4106.853960
149,14,3918.936498
149,15,3893.869245
149,18,3792.562060
150,11,4459.432723
150,12,4244.476941
150,13,4094.772158
150,14,3918.936498
150,15,3893.869245
150,17,3797.739001
150,18,3790.690124
151,11,4459.432723
151,12,4153.934759
151,13,4094.772158
151,14,3899.861663
151,15,3893.869245
151,17,3797.739001
151,18,3790.690124
152,11,4459.432723
152,12,4153.934759
152,13,4094.772158
152,14,3899.861663
152,15,3893.869245
152,17,3797.739001
152,18,3790.690124
153,11,4459.432723
153,12,4134.117700
153,13,4094.772158
153,14,3899.861663
153,15,3893.869245
153,17,3797.739001
153,18,3790.690124
154,11,4459.432723
154,12,4134.117700
154,13,4073.046178
154,14,3899.861663
154,15,3893.869245
154,17,3797.739001
154,18,3790.690124
155,11,4458.060817
155,12,4133.977815
155,13,4067.051894
155,14,3899.846546
155,15,3893.869245
155,17,3797.329488
155,18,3782.129708
156,11,4458.060817
156,12,4133.977815
156,13,4067.051894
156,14,3899.846546
156,15,3893.869245
156,17,3797.329488
156,18,3782.129708
157,11,4458.060817
157,12,4133.977815
157,13,4067.051894
157,14,3899.846546
157,15,3893.869245
157,17,3797.329488
157,18,3782.129708
158,11,4458.060817
158,12,4133.977815
158,13,4067.051894
158,14,3899.846546
158,15,3893.869245
158,17,3797.329488
158,18,3782.129708
159,11,4458.060817
159,12,4133.977815
159,13,4067.051894
159,14,3899.846546
159,15,3893.869245
159,17,3797.329488
159,18,3782.129708
160,11,4457.806479
160,12,4133.977815
160,13,4066.161982
160,14,3880.257176
160,17,3795.756747
160,18,3768.119756
161,11,4457.806479
161,12,4133.977815
161,13,4066.161982
161,14,3874.543744
161,17,3781.121916
161,18,3768.119756
162,11,4457.806479
162,12,4128.755478
162,13,4066.161982
162,14,3874.543744
162,17,3781.121916
162,18,3768.119756
163,11,4457.806479
163,12,4128.755478
163,13,4066.161982
163,14,3874.543744
163,17,3781.121916
163,18,3768.119756
164,11,4457.806479
164,12,4128.755478
164,13,4066.161982
164,14,3874.543744
164,17,3781.121916
164,18,3768.119756
165,11,4457.806479
165,12,4126.282840
165,13,4062.483414
165,14,3855.141894
165,17,3778.875528
165,18,3768.119756
166,11,4403.551958
166,12,4126.282840
166,13,4062.483414
166,14,3855.141894
166,17,3778.875528
166,18,3768.119756
167,11,4403.551958
167,12,4126.282840
167,13,4039.072702
167,14,3855.141894
167,17,3778.875528
167,18,3768.119756
168,11,4403.551958
168,12,4126.282840
168,13,4039.072702
168,14,3855.141894
168,17,3778.875528
168,18,3768.119756
169,11,4403.551958
169,12,4126.282840
169,13,4039.072702
169,14,3855.141894
169,17,3776.113031
169,18,3768.119756
170,11,4403.551958
170,12,4122.814217
170,13,4036.250158
170,14,3855.141894
170,17,3764.417476
171,11,4403.551958
171,12,4122.814217
171,13,4036.250158
171,14,3855.141894
171,17,3764.417476
172,11,4403.551958
172,12,4122.814217
172,13,4036.250158
172,14,3855.141894
172,17,3764.417476
173,11,4403.551958
173,12,4122.814217
173,13,4036.250158
173,14,3855.141894
173,17,3764.417476
174,11,4403.551958
174,12,4122.814217
174,13,4036.250158
174,14,3855.141894
174,17,3764.417476
175,11,4353.858527
175,12,4121.682162
175,13,4036.250158
175,14,3844.532623
175,17,3764.417476
176,11,4353.858527
176,12,4121.682162
176,13,4036.250158
176,14,3844.532623
176,17,3762.252099
177,11,4353.858527
177,12,4121.682162
177,13,4036.250158
177,14,3844.532623
177,17,3762.252099
178,11,4353.858527
178,12,4121.682162
178,13,4012.985069
178,14,3844.532623
178,17,3762.252099
179,11,4353.858527
179,12,4121.682162
179,13,4012.985069
179,14,3844.532623
179,17,3762.252099
180,11,4353.387990
180,12,4102.468817
180,13,3989.993476
180,14,3840.769047
180,17,3760.624518
181,11,4353.387990
181,12,4102.468817
181,13,3989.993476
181,14,3840.769047
181,17,3760.624518
182,11,4154.224238
182,12,4102.468817
182,13,3989.993476
182,14,3840.769047
182,17,3760.624518
183,11,4154.224238
183,12,4102.468817
183,13,3989.993476
183,14,3840.769047
183,17,3760.624518
184,11,4154.224238
184,12,4102.468817
184,13,3989.993476
184,14,3840.769047
184,17,3760.624518
185,11,4153.581110
185,12,4096.519625
185,13,3989.993476
185,14,3840.769047
185,17,3737.396693
186,11,4153.581110
186,12,4096.519625
186,13,3989.993476
186,14,3840.769047
186,17,3737.396693
187,11,4153.581110
187,12,4096.519625
187,13,3989.993476
187,14,3840.769047
187,17,3737.396693
188,11,4153.581110
188,12,4096.519625
188,13,3989.993476
188,14,3840.769047
188,16,3837.582765
188,17,3737.396693
189,11,4153.581110
189,12,4096.519625
189,13,3989.993476
189,14,3840.769047
189,16,3809.534381
189,17,3737.396693
190,11,4153.581110
190,12,4096.519625
190,13,3989.214299
190,14,3837.125263
190,16,3788.975559
190,17,3737.396693
191,11,4153.581110
191,12,4096.519625
191,13,3989.214299
191,14,3837.125263
191,16,3788.975559
191,17,3737.396693
192,11,4153.581110
192,12,4096.519625
192,13,3989.214299
192,14,3837.125263
192,16,3788.975559
192,17,3737.396693
193,11,4153.581110
193,12,4096.519625
193,13,3989.214299
193,14,3837.125263
193,16,3788.975559
193,17,3737.396693
194,11,4153.581110
194,12,4096.519625
194,13,3989.214299
194,14,3837.125263
194,16,3788.975559
194,17,3737.396693
195,11,4152.566422
195,12,4093.833264
195,13,3986.084833
195,14,3831.116721
195,16,3786.564629
195,17,3737.396693
196,11,4152.566422
196,12,4093.833264
196,13,3986.084833
196,14,3831.116721
196,16,3786.564629
196,17,3737.396693
197,11,4152.566422
197,12,4093.833264
197,13,3986.084833
197,14,3831.116721
197,16,3786.564629
197,17,3737.396693
198,11,4152.566422
198,12,4093.833264
198,13,3978.842591
198,14,3831.116721
198,16,3786.564629
198,17,3737.396693
199,11,4152.566422
199,12,4093.833264
199,13,3978.842591
199,14,3831.116721
199,16,3786.564629
199,17,3737.396693
200,11,4151.589968
200,12,4093.833264
200,13,3975.017760
200,14,3831.116721
200,16,3784.199183
200,17,3737.396693
201,11,4151.589968
201,12,4093.833264
201,13,3876.676076
201,14,3831.116721
201,16,3768.272962
201,17,3737.396693
202,11,4151.589968
202,12,4079.748965
202,13,3876.676076
202,14,3831.116721
202,16,3768.272962
202,17,3737.396693
203,11,4151.589968
203,12,4079.748965
203,13,3876.676076
203,14,3831.116721
203,15,3791.668283
203,16,3752.935421
203,17,3737.396693
204,11,4111.210473
204,12,4079.748965
204,13,3876.676076
204,14,3831.116721
204,15,3791.668283
204,16,3752.935421
204,17,3737.396693
205,11,4103.798739
205,12,4073.066879
205,13,3875.344854
205,14,3828.182671
205,15,3791.668283
205,16,3752.880773
205,17,3731.183202
206,11,4103.798739
206,12,4073.066879
206,13,3875.344854
206,14,3828.182671
206,15,3771.223719
206,16,3752.880773
206,17,3731.183202
207,11,4103.798739
207,12,4073.066879
207,13,3875.344854
207,14,3828.182671
207,15,3771.223719
207,16,3752.880773
207,17,3731.183202
208,11,4103.798739
208,12,4073.066879
208,13,3875.344854
208,14,3828.182671
208,15,3771.223719
208,16,3752.880773
208,17,3731.183202
209,11,4103.798739
209,12,4073.066879
209,13,3875.344854
209,14,3828.182671
209,15,3771.223719
209,16,3747.777697
209,17,3731.183202
210,11,4097.322347
210,12,4045.085095
210,13,3875.271016
210,14,3825.776032
210,15,3768.974549
210,16,3747.777697
210,17,3730.083111
211,11,4097.322347
211,12,4045.085095
211,13,3857.593720
211,14,3825.776032
211,15,3768.974549
211,16,3747.777697
211,17,3730.083111
212,11,4097.322347
212,12,4045.085095
212,13,3857.593720
212,14,3825.776032
212,15,3767.246853
212,16,3747.777697
212,17,3730.083111
213,11,4097.322347
213,12,4045.085095
213,13,3857.593720
213,14,3825.776032
213,15,3767.246853
213,16,3747.777697
213,17,3730.083111
214,11,4097.322347
214,12,4045.085095
214,13,3857.593720
214,14,3825.776032
214,15,3767.246853
214,16,3747.624910
214,17,3730.083111
215,11,4096.633089
215,12,4041.473141
215,13,3857.593720
215,14,3825.338015
215,15,3745.291112
215,17,3729.673599
216,11,4096.633089
216,12,4039.225981
216,13,3852.884552
216,14,3777.937999
216,15,3745.291112
216,17,3729.673599
217,11,4096.633089
217,12,4022.895229
217,13,3852.884552
217,14,3777.937999
217,15,3745.291112
217,16,3742.477342
217,17,3729.673599
218,10,4410.124303
218,11,4096.633089
218,12,3973.914771
218,13,3836.369025
218,14,3777.937999
218,15,3745.291112
218,16,3742.477342
218,17,3729.673599
219,10,4410.124303
219,11,4096.633089
219,12,3973.914771
219,13,3818.903370
219,14,3775.961131
219,15,3745.291112
219,16,3742.477342
219,17,3729.673599
220,10,4379.379193
220,11,4092.992294
220,12,3932.270255
220,13,3818.903370
220,14,3751.217624
220,15,3725.373244
221,10,4379.379193
221,11,4092.992294
221,12,3932.270255
221,13,3818.903370
221,14,3751.217624
221,15,3725.373244
222,10,4379.379193
222,11,4085.806023
222,12,3932.270255
222,13,3818.903370
222,14,3751.217624
222,15,3725.373244
223,10,4379.379193
223,11,4085.806023
223,12,3920.246721
223,13,3818.903370
223,14,3751.217624
223,15,3725.373244
224,10,4379.379193
224,11,4080.227317
224,12,3920.246721
224,13,3807.055030
224,14,3751.217624
224,15,3725.373244
224,16,3718.621304
225,10,4356.578017
225,11,4080.227317
225,12,3874.750361
225,13,3793.114880
225,14,3751.217624
225,15,3725.373244
225,16,3710.653709
226,10,4356.578017
226,11,4080.227317
226,12,3874.750361
226,13,3793.114880
226,14,3751.217624
226,15,3725.373244
226,16,3710.653709
227,10,4356.578017
227,11,4080.227317
227,12,3874.750361
227,13,3793.114880
227,14,3751.217624
227,15,3725.373244
227,16,3710.653709
228,10,4356.578017
228,11,4080.227317
228,12,3874.750361
228,13,3793.114880
228,14,3751.217624
228,15,3725.373244
228,16,3710.653709
229,10,4356.578017
229,11,4080.227317
229,12,3874.750361
229,13,3775.996372
229,14,3751.217624
229,15,3725.373244
229,16,3710.653709
230,10,4356.578017
230,11,4079.282843
230,12,3874.196377
230,13,3775.996372
230,14,3751.217624
230,15,3725.373244
230,16,3706.562774
231,10,4356.578017
231,11,4079.282843
231,12,3874.196377
231,13,3775.996372
231,14,3751.217624
231,15,3725.373244
231,16,3706.562774
232,10,4356.578017
232,11,4079.282843
232,12,3874.196377
232,13,3771.615604
232,14,3751.217624
232,15,3725.373244
232,16,3706.562774
233,10,4356.578017
233,11,4079.282843
233,12,3874.196377
233,13,3771.615604
233,14,3751.217624
233,15,3708.290235
233,16,3706.562774
234,10,4356.578017
234,11,4079.282843
234,12,3874.196377
234,13,3771.615604
234,14,3751.217624
234,15,3708.290235
234,16,3706.562774
235,10,4294.780959
235,11,4079.282843
235,12,3874.196377
235,13,3771.615604
235,14,3751.217624
235,15,3708.290235
235,16,3706.562774
236,10,4294.780959
236,11,4079.282843
236,12,3841.963131
236,13,3771.615604
236,14,3738.437585
236,15,3708.290235
236,16,3706.562774
237,10,4294.780959
237,11,4079.282843
237,12,3841.963131
237,13,3771.615604
237,14,3738.437585
237,15,3708.290235
237,16,3706.562774
238,10,4294.780959
238,11,4079.282843
238,12,3841.963131
238,13,3771.615604
238,14,3738.437585
238,15,3708.290235
238,16,3706.562774
239,10,4294.780959
239,11,4064.414121
239,12,3820.002370
239,13,3771.615604
239,14,3738.437585
239,15,3681.941662
240,10,4294.780959
240,11,4060.091625
240,12,3819.583231
240,13,3771.615604
240,14,3738.437585
240,15,3681.941662
241,10,4275.884845
241,11,4060.091625
241,12,3819.583231
241,13,3771.615604
241,14,3738.437585
241,15,3681.941662
242,10,4275.884845
242,11,4060.091625
242,12,3819.583231
242,13,3771.615604
242,14,3738.437585
242,15,3681.941662
243,10,4275.884845
243,11,4060.091625
243,12,3819.583231
243,13,3771.615604
243,14,3738.437585
243,15,3681.941662
244,10,4275.884845
244,11,4060.091625
244,12,3819.583231
244,13,3771.615604
244,14,3738.437585
244,15,3681.941662
245,10,4275.447336
245,11,4060.091625
245,12,3819.393536
245,13,3771.615604
245,14,3738.437585
245,15,3681.941662
246,10,4275.447336
246,11,4060.091625
246,12,3819.393536
246,13,3771.615604
246,14,3738.437585
246,15,3681.941662
247,10,4275.447336
247,11,4060.091625
247,12,3819.393536
247,13,3771.615604
247,14,3738.437585
247,15,3681.941662
248,10,4275.447336
248,11,4060.091625
248,12,3819.393536
248,13,3771.615604
248,14,3738.437585
248,15,3681.941662
248,17,3668.755695
249,10,4275.447336
249,11,4047.482067
249,12,3819.393536
249,13,3771.615604
249,14,3738.437585
249,15,3681.941662
249,16,3669.652430
249,17,3668.755695
250,10,4264.159627
250,11,4046.343928
250,12,3818.291162
250,13,3771.615604
250,14,3738.437585
250,15,3681.941662
250,16,3669.652430
250,17,3668.755695
251,10,4264.159627
251,11,4046.343928
251,12,3818.291162
251,13,3771.615604
251,14,3738.437585
251,15,3681.941662
251,16,3669.652430
251,17,3668.755695
252,10,4264.159627
252,11,4046.343928
252,12,3818.291162
252,13,3771.615604
252,14,3738.437585
252,15,3681.941662
252,16,3669.652430
252,17,3668.755695
253,10,4264.159627
253,11,4039.134208
253,12,3818.291162
253,13,3771.615604
253,14,3738.437585
253,15,3681.941662
253,16,3669.652430
253,17,3668.755695
254,10,4233.118174
254,11,4039.134208
254,12,3818.291162
254,13,3771.615604
254,14,3738.437585
254,15,3681.941662
254,16,3669.652430
254,17,3668.755695
255,10,4225.860788
255,11,4026.226428
255,12,3818.291162
255,13,3764.660516
255,14,3738.437585
255,15,3681.941662
255,16,3669.652430
255,17,3668.755695
256,10,4225.860788
256,11,4026.226428
256,12,3818.291162
256,13,3764.660516
256,14,3738.437585
256,15,3681.941662
256,16,3669.652430
256,17,3668.755695
257,10,4225.860788
257,11,4026.226428
257,12,3817.738995
257,13,3764.660516
257,14,3738.437585
257,15,3681.941662
257,16,3669.652430
257,17,3668.755695
258,10,4225.618025
258,11,4026.226428
258,12,3817.738995
258,13,3764.660516
258,14,3738.437585
258,15,3680.131938
258,16,3669.652430
258,17,3668.755695
259,10,4198.849926
259,11,4026.226428
259,12,3817.738995
259,13,3764.660516
259,14,3738.437585
259,15,3674.773589
259,16,3669.652430
259,17,3668.755695
260,10,4198.849926
260,11,4026.226428
260,12,3817.738995
260,13,3764.660516
260,14,3738.437585
260,15,3674.773589
260,16,3669.652430
260,17,3666.783554
261,10,4196.102805
261,11,4026.226428
261,12,3817.738995
261,13,3764.660516
261,14,3738.437585
261,15,3674.773589
261,16,3669.652430
261,17,3666.783554
262,10,4196.102805
262,11,4026.226428
262,12,3817.738995
262,13,3764.660516
262,14,3738.437585
262,15,3674.773589
262,16,3669.652430
262,17,3666.783554
263,10,4196.102805
263,11,4014.702175
263,12,3804.008668
263,13,3764.660516
263,14,3738.437585
263,15,3674.773589
263,16,3669.652430
263,17,3664.327779
264,10,4196.102805
264,11,4014.702175
264,12,3804.008668
264,13,3764.660516
264,14,3738.437585
264,15,3674.773589
264,16,3667.866132
264,17,3664.327779
265,10,4181.036010
265,11,4014.702175
265,12,3804.008668
265,13,3764.660516
265,14,3738.437585
265,15,3674.773589
265,16,3667.866132
265,17,3664.327779
266,10,4181.036010
266,11,4014.702175
266,12,3795.783309
266,13,3764.660516
266,14,3738.437585
266,15,3674.773589
266,16,3667.866132
266,17,3664.327779
267,10,4181.036010
267,11,4014.702175
267,12,3795.783309
267,13,3764.660516
267,14,3738.437585
267,15,3674.773589
267,16,3667.866132
267,17,3664.327779
268,10,4181.036010
268,11,4014.702175
268,12,3795.783309
268,13,3764.660516
268,14,3729.875376
268,15,3674.773589
268,16,3648.842544
269,10,4181.036010
269,11,4014.702175
269,12,3795.783309
269,13,3764.660516
269,14,3729.875376
269,15,3674.773589
269,16,3648.842544
270,10,4181.036010
270,11,3999.886551
270,12,3795.783309
270,13,3764.660516
270,14,3729.875376
270,15,3674.773589
270,16,3648.842544
271,10,4181.036010
271,11,3999.886551
271,12,3795.783309
271,13,3764.660516
271,14,3729.875376
271,15,3672.654933
271,16,3648.842544
272,10,4181.036010
272,11,3999.886551
272,12,3795.783309
272,13,3727.014494
272,15,3672.654933
272,16,3648.842544
273,10,4181.036010
273,11,3999.886551
273,12,3795.783309
273,13,3727.014494
273,14,3719.859654
273,15,3672.654933
273,16,3648.842544
274,10,4181.036010
274,11,3999.886551
274,12,3795.783309
274,13,3727.014494
274,14,3719.859654
274,15,3672.654933
274,16,3648.842544
275,10,4180.960322
275,11,3999.886551
275,12,3795.783309
275,13,3727.014494
275,14,3719.859654
275,15,3672.654933
275,16,3648.842544
276,10,4180.960322
276,11,3999.886551
276,12,3795.783309
276,13,3717.595653
276,15,3672.654933
276,16,3648.842544
277,10,4180.960322
277,11,3999.886551
277,12,3784.230505
277,13,3717.595653
277,15,3672.654933
277,16,3648.842544
278,10,4180.960322
278,11,3999.886551
278,12,3776.959789
278,13,3717.595653
278,15,3672.654933
278,16,3648.842544
279,10,4180.960322
279,11,3999.886551
279,12,3776.959789
279,13,3717.595653
279,15,3672.404076
279,16,3648.842544
280,10,4177.320670
280,11,3999.886551
280,12,3776.959789
280,13,3717.595653
280,15,3672.404076
280,16,3645.262281
281,10,4177.320670
281,11,3999.886551
281,12,3776.959789
281,13,3717.595653
281,14,3687.002703
281,15,3672.404076
281,16,3645.262281
282,10,4177.320670
282,11,3992.320159
282,12,3776.959789
282,13,3717.595653
282,14,3687.002703
282,15,3669.418259
282,16,3645.262281
283,10,4177.320670
283,11,3992.320159
283,12,3776.959789
283,13,3717.595653
283,14,3687.002703
283,15,3669.418259
283,16,3645.262281
284,10,4177.320670
284,11,3992.320159
284,12,3776.959789
284,13,3717.595653
284,14,3687.002703
284,15,3665.914680
284,16,3645.262281
285,10,4177.320670
285,11,3992.287740
285,12,3776.959789
285,13,3717.595653
285,14,3687.002703
285,15,3665.914680
285,16,3645.262281
286,10,4177.320670
286,11,3992.287740
286,12,3776.959789
286,13,3717.595653
286,14,3687.002703
286,15,3665.914680
286,16,3645.262281
287,10,4177.320670
287,11,3992.287740
287,12,3776.959789
287,13,3717.595653
287,14,3687.002703
287,15,3665.914680
287,16,3645.262281
288,10,4172.628113
288,11,3974.717020
288,12,3776.959789
288,13,3717.595653
288,14,3687.002703
288,15,3665.914680
288,16,3645.262281
289,10,4165.995738
289,11,3974.717020
289,12,3751.292694
289,13,3717.595653
289,14,3687.002703
289,15,3665.914680
289,16,3645.262281
290,10,4165.995738
290,11,3955.463473
290,12,3750.993913
290,13,3717.595653
290,14,3687.002703
290,15,3665.914680
290,16,3645.262281
291,10,4165.995738
291,11,3955.463473
291,12,3750.993913
291,13,3717.595653
291,14,3687.002703
291,15,3665.914680
291,16,3645.262281
291,17,3645.088617
292,10,4165.995738
292,11,3955.463473
292,12,3750.993913
292,13,3717.595653
292,14,3687.002703
292,15,3665.914680
292,16,3645.262281
292,17,3645.088617
293,10,4155.034709
293,11,3955.463473
293,12,3750.993913
293,13,3717.595653
293,14,3687.002703
293,15,3665.914680
293,16,3645.262281
293,17,3645.088617
294,10,4155.034709
294,11,3955.463473
294,12,3750.993913
294,13,3717.595653
294,14,3687.002703
294,15,3665.914680
294,16,3639.603768
295,10,4155.034709
295,11,3955.164536
295,12,3750.993913
295,13,3717.595653
295,14,3687.002703
295,15,3650.773183
295,16,3639.603768
296,10,4155.034709
296,11,3955.164536
296,12,3750.993913
296,13,3717.595653
296,14,3687.002703
296,15,3650.773183
296,16,3639.603768
297,10,4155.034709
297,11,3955.164536
297,12,3750.993913
297,13,3717.595653
297,14,3687.002703
297,15,3650.773183
297,16,3639.603768
298,10,4155.034709
298,11,3955.164536
298,12,3750.993913
298,13,3717.595653
298,14,3687.002703
298,15,3650.773183
298,16,3639.603768
299,10,4154.432394
299,11,3955.164536
299,12,3750.993913
299,13,3717.595653
299,14,3687.002703
299,15,3650.773183
299,16,3639.603768
300,10,4121.428808
300,11,3955.164536
300,12,3750.993913
300,13,3717.595653
300,14,3687.002703
300,15,3650.773183
300,16,3639.603768
301,10,4121.428808
301,11,3955.164536
301,12,3750.993913
301,13,3717.595653
301,14,3672.630289
301,15,3650.773183
301,16,3639.603768
302,10,4121.428808
302,11,3955.164536
302,12,3750.993913
302,13,3717.595653
302,14,3672.630289
302,15,3650.773183
302,16,3639.603768
303,10,4121.428808
303,11,3955.164536
303,12,3750.993913
303,13,3717.595653
303,14,3672.630289
303,15,3650.773183
303,16,3639.603768
304,10,4121.428808
304,11,3955.164536
304,12,3750.993913
304,13,3717.595653
304,14,3672.630289
304,15,3650.773183
304,16,3639.603768
305,10,4111.171329
305,11,3954.679446
305,12,3750.993913
305,13,3717.595653
305,14,3644.302111
305,16,3639.603768
306,10,4111.171329
306,11,3947.865749
306,12,3750.993913
306,13,3711.802002
306,14,3644.302111
306,16,3639.603768
307,10,4111.171329
307,11,3947.865749
307,12,3750.993913
307,13,3711.802002
307,14,3644.302111
307,16,3639.603768
308,10,4111.171329
308,11,3947.865749
308,12,3750.993913
308,13,3711.802002
308,14,3644.302111
308,16,3639.534241
309,10,4111.171329
309,11,3947.865749
309,12,3750.993913
309,13,3711.802002
309,14,3644.302111
309,16,3639.534241
310,10,4111.171329
310,11,3946.646213
310,12,3750.993913
310,13,3711.802002
310,14,3644.302111
310,16,3639.534241
311,10,4111.171329
311,11,3946.646213
311,12,3750.846913
311,13,3711.802002
311,14,3644.302111
311,16,3639.534241
312,10,4111.171329
312,11,3946.646213
312,12,3741.743473
312,13,3711.802002
312,14,3644.302111
312,16,3639.534241
313,10,4111.171329
313,11,3936.854706
313,12,3741.743473
313,13,3711.802002
313,14,3639.489992
313,17,3625.307985
314,10,4111.171329
314,11,3936.854706
314,12,3741.743473
314,13,3711.802002
314,14,3639.489992
314,17,3625.307985
315,10,4111.171329
315,11,3936.854706
315,12,3741.743473
315,13,3711.802002
315,14,3639.489992
315,17,3625.307985
316,10,4111.171329
316,11,3936.854706
316,12,3741.743473
316,13,3711.802002
316,14,3639.489992
316,17,3625.307985
317,10,4111.171329
317,11,3936.854706
317,12,3741.743473
317,13,3711.802002
317,14,3639.489992
317,17,3625.307985
318,10,4111.171329
318,11,3936.854706
318,12,3741.743473
318,13,3711.802002
318,14,3639.489992
318,17,3625.307985
319,10,4110.747189
319,11,3936.854706
319,12,3741.743473
319,13,3711.802002
319,14,3639.489992
319,17,3625.307985
320,10,4110.747189
320,11,3936.854706
320,12,3741.743473
320,13,3711.802002
320,14,3639.489992
320,17,3625.307985
321,10,4110.747189
321,11,3936.854706
321,12,3741.743473
321,13,3711.802002
321,14,3639.489992
321,17,3625.307985
322,10,4110.747189
322,11,3936.854706
322,12,3741.743473
322,13,3711.802002
322,14,3639.489992
322,17,3625.307985
323,10,4110.747189
323,11,3936.854706
323,12,3741.743473
323,13,3645.276487
323,14,3639.489992
323,17,3625.307985
324,10,4110.747189
324,11,3936.854706
324,12,3741.743473
324,13,3645.276487
324,14,3639.489992
324,17,3625.307985
325,10,4110.747189
325,11,3935.302153
325,12,3741.743473
325,13,3645.276487
325,14,3639.489992
325,17,3625.307985
326,10,4110.747189
326,11,3935.302153
326,12,3741.743473
326,13,3645.276487
326,14,3639.489992
326,17,3625.307985
327,10,4110.747189
327,11,3935.302153
327,12,3741.743473
327,13,3645.276487
327,14,3639.489992
327,17,3625.307985
328,10,4110.747189
328,11,3935.302153
328,12,3741.743473
328,13,3645.181071
328,14,3639.489992
328,17,3625.307985
329,10,4110.747189
329,11,3918.880901
329,12,3741.743473
329,13,3645.181071
329,14,3639.489992
329,17,3625.307985
