Generation,NV,TOC
1,20,8287.832417
1,21,7972.890646
1,23,7898.980447
1,24,7311.021922
1,27,7210.260834
1,29,7054.466364
1,30,6605.000411
1,32,5782.283280
1,37,5681.907236
1,43,5673.001790
1,44,5483.228715
1,48,5252.397716
1,63,5190.855758
1,65,5148.057397
2,17,9703.535120
2,20,7911.335794
2,23,7898.980447
2,24,7311.021922
2,27,6980.890834
2,30,6605.000411
2,32,5782.283280
2,37,5681.907236
2,38,5539.288529
2,41,5508.813558
2,44,5395.423942
2,48,5252.397716
2,61,5168.096461
2,65,5148.057397
3,17,9703.535120
3,18,9268.695600
3,19,8032.354808
3,20,7911.335794
3,22,7885.871631
3,24,7311.021922
3,27,6942.132972
3,30,6605.000411
3,31,6424.771613
3,32,5782.283280
3,34,5704.781202
3,37,5681.907236
3,38,5539.288529
3,41,5508.813558
3,42,5349.039000
3,43,5259.372285
3,48,5252.397716
3,51,5188.245288
3,60,5159.034708
3,65,5148.057397
4,17,9473.962617
4,18,9268.695600
4,19,8032.354808
4,20,7911.335794
4,22,7885.871631
4,23,7611.149128
4,24,7311.021922
4,27,6942.132972
4,30,6605.000411
4,31,6424.771613
4,32,5782.283280
4,34,5704.781202
4,37,5496.681126
4,39,5469.464744
4,40,5313.737029
4,43,5259.372285
4,45,5124.242168
4,64,5048.707276
5,17,9473.962617
5,18,9268.695600
5,19,8032.354808
5,20,7911.335794
5,22,7340.375614
5,24,7311.021922
5,25,6576.300713
5,26,6288.272688
5,28,5987.368494
5,31,5828.761881
5,32,5782.283280
5,34,5704.781202
5,37,5455.784964
5,40,5313.737029
5,43,5259.372285
5,45,5124.242168
5,57,5115.964802
5,64,5048.707276
5,65,5038.494366
6,17,9473.962617
6,18,8726.974519
6,19,8032.354808
6,20,7911.335794
6,22,7340.375614
6,24,7311.021922
6,25,6576.300713
6,26,6288.272688
6,28,5987.368494
6,31,5490.315233
6,37,5455.784964
6,38,5419.440134
6,40,5313.737029
6,42,5298.566102
6,43,5259.372285
6,45,5124.242168
6,50,5049.265862
6,63,5022.638816
7,17,9473.962617
7,18,8726.974519
7,19,8032.354808
7,20,7911.335794
7,22,7340.375614
7,24,7075.578106
7,25,6576.300713
7,26,6288.272688
7,28,5987.368494
7,29,5964.947560
7,30,5866.488749
7,31,5490.315233
7,37,5455.784964
7,38,5419.440134
7,39,5324.103021
7,40,5313.737029
7,42,5298.566102
7,43,5259.372285
7,45,5124.242168
7,50,5049.265862
7,63,5022.638816
8,16,10502.013215
8,17,9473.962617
8,18,8726.974519
8,19,8032.354808
8,20,7911.335794
8,22,7340.375614
8,24,7075.578106
8,25,6576.300713
8,26,6288.272688
8,28,5987.368494
8,29,5962.400760
8,30,5866.488749
8,31,5490.315233
8,37,5455.784964
8,38,5419.440134
8,39,5324.103021
8,40,5313.737029
8,42,5298.566102
8,43,5259.372285
8,45,5124.242168
8,50,5049.265862
8,63,5007.344942
9,16,10502.013215
9,17,9021.099300
9,18,8726.974519
9,19,7937.790467
9,20,7911.335794
9,21,7560.949003
9,22,7340.375614
9,23,7290.041561
9,24,7075.578106
9,25,6576.300713
9,26,6288.272688
9,28,5987.368494
9,29,5949.081934
9,30,5732.892012
9,31,5490.315233
9,33,5427.527735
9,38,5419.440134
9,39,5324.103021
9,40,5313.737029
9,42,5298.566102
9,43,5259.372285
9,45,5124.242168
9,50,5049.265862
9,63,5007.344942
10,16,10502.013215
10,17,9021.099300
10,18,8704.231536
10,19,7467.927133
10,20,7247.127222
10,24,6978.282847
10,25,6576.300713
10,26,6288.272688
10,27,5561.435487
10,28,5558.023121
10,30,5542.944814
10,31,5490.315233
10,32,5325.344928
10,39,5324.103021
10,40,5313.737029
10,42,5298.566102
10,43,5259.372285
10,45,5124.242168
10,50,5049.265862
10,57,5044.714210
10,63,5007.344942
11,16,8893.160542
11,18,8704.231536
11,19,7467.927133
11,20,7247.127222
11,23,7186.761572
11,24,6978.282847
11,25,6576.300713
11,26,6288.272688
11,27,5561.435487
11,28,5558.023121
11,30,5542.944814
11,31,5490.315233
11,32,5151.015257
11,35,5128.130357
11,38,5125.062922
11,45,5124.242168
11,50,5049.265862
11,57,5044.714210
11,63,5007.344942
12,15,9174.633966
12,16,8729.800649
12,17,8486.232623
12,19,7467.927133
12,20,7247.127222
12,23,6602.633983
12,24,6235.050973
12,27,5561.435487
12,28,5487.422904
12,32,5151.015257
12,35,5128.130357
12,38,5125.062922
12,45,5124.242168
12,50,5049.265862
12,57,5044.714210
12,63,4920.874238
13,15,9174.633966
13,16,8729.800649
13,17,8486.232623
13,19,7467.927133
13,20,7247.127222
13,23,6602.633983
13,24,6235.050973
13,27,5561.435487
13,28,5487.422904
13,32,5151.015257
13,35,5128.130357
13,38,5125.062922
13,42,5104.397441
13,50,5049.265862
13,54,5005.264030
13,63,4920.874238
13,64,4899.662850
14,15,9027.227736
14,16,8414.888870
14,18,8132.912135
14,19,7467.927133
14,20,7247.127222
14,23,6602.633983
14,24,6235.050973
14,27,5488.609148
14,28,5386.805302
14,32,5151.015257
14,35,5128.130357
14,36,5039.618559
14,53,5021.351516
14,54,5005.264030
14,63,4920.874238
14,64,4899.662850
15,15,9027.227736
15,16,8414.888870
15,17,8396.609808
15,18,7762.082074
15,19,7467.927133
15,20,7247.127222
15,21,6822.468012
15,23,6602.633983
15,24,6235.050973
15,26,6070.339738
15,27,5488.609148
15,28,5327.733794
15,30,5207.070272
15,31,5143.003631
15,34,5095.885572
15,36,5038.245102
15,45,5001.446841
15,54,4952.113039
15,63,4867.203177
16,15,9027.227736
16,16,8414.888870
16,17,8396.609808
16,18,7762.082074
16,19,6919.880561
16,21,6822.468012
16,23,6602.633983
16,24,6235.050973
16,26,6070.339738
16,27,5488.609148
16,28,5327.733794
16,30,5207.070272
16,31,5143.003631
16,34,5073.403702
16,36,5038.245102
16,45,5001.446841
16,54,4952.113039
16,63,4867.203177
17,15,8951.279774
17,16,8414.888870
17,17,8396.609808
17,18,7256.211522
17,19,6919.880561
17,21,6822.468012
17,23,6602.633983
17,24,6235.050973
17,26,6070.339738
17,27,5488.609148
17,28,5327.733794
17,30,5207.070272
17,31,5143.003631
17,34,5073.403702
17,36,4995.237592
17,44,4946.854936
17,46,4907.007833
17,63,4867.203177
18,15,8951.279774
18,16,8080.582991
18,18,6877.544664
18,21,6822.468012
18,22,6618.184322
18,23,6602.633983
18,24,6235.050973
18,26,6070.339738
18,27,5488.609148
18,28,5327.733794
18,30,5207.070272
18,31,5143.003631
18,34,5073.403702
18,36,4995.237592
18,44,4946.854936
18,45,4944.207570
18,46,4907.007833
18,63,4867.203177
19,15,8951.279774
19,16,7890.068066
19,18,6877.544664
19,21,6822.468012
19,22,6618.184322
19,23,6602.633983
19,24,6235.050973
19,26,5468.953044
19,28,5327.733794
19,30,5207.070272
19,31,5143.003631
19,34,5073.403702
19,35,5005.862316
19,36,4994.308103
19,44,4941.559269
19,46,4907.007833
19,63,4867.203177
20,15,8951.279774
20,16,7890.068066
20,18,6877.544664
20,21,6461.892408
20,23,6212.037676
20,25,6080.063969
20,26,5261.574506
20,30,5139.011930
20,34,4920.367115
20,43,4809.217685
21,15,8951.279774
21,16,7890.068066
21,18,6877.544664
21,21,6461.892408
21,23,6212.037676
21,24,5699.355035
21,26,5261.574506
21,30,5139.011930
21,34,4920.367115
21,43,4809.217685
22,15,8951.279774
22,16,7890.068066
22,18,6877.544664
22,21,6461.892408
22,23,5918.905534
22,24,5699.355035
22,25,5553.108882
22,26,5261.574506
22,30,5139.011930
22,34,4887.876802
22,43,4809.217685
23,15,8951.279774
23,16,7890.068066
23,17,7782.104646
23,18,6877.544664
23,20,6704.320611
23,21,6461.892408
23,23,5918.905534
23,24,5699.355035
23,25,5553.108882
23,26,5261.574506
23,30,5139.011930
23,34,4883.481197
23,43,4809.217685
24,15,8951.279774
24,16,7890.068066
24,17,7782.104646
24,18,6877.544664
24,20,6704.320611
24,21,6461.892408
24,23,5918.905534
24,24,5699.355035
24,25,5553.108882
24,26,5261.574506
24,30,5139.011930
24,34,4883.481197
24,43,4809.217685
25,15,8054.724084
25,16,6815.851202
25,18,6752.979105
25,19,6417.662019
25,22,5867.496867
25,24,5643.214162
25,25,5237.490765
25,30,5040.279501
25,34,4881.549430
25,42,4767.091428
26,15,8054.724084
26,16,6815.851202
26,18,6752.979105
26,19,6417.662019
26,22,5867.496867
26,24,5643.214162
26,25,5220.638646
26,27,5178.068375
26,30,5040.279501
26,34,4881.549430
26,42,4767.091428
27,15,8054.724084
27,16,6815.851202
27,18,6752.979105
27,19,6136.975035
27,22,5867.496867
27,24,5643.214162
27,25,5219.168383
27,27,5178.068375
27,30,5040.279501
27,34,4881.549430
27,39,4824.946260
27,42,4767.091428
28,15,8054.724084
28,16,6815.851202
28,18,6752.979105
28,19,6136.975035
28,21,5961.090720
28,22,5867.496867
28,24,5643.214162
28,25,5219.168383
28,27,5178.068375
28,28,5134.469859
28,30,5040.279501
28,34,4881.549430
28,39,4824.946260
28,42,4767.091428
29,15,8054.724084
29,16,6815.851202
29,17,6782.795391
29,18,6752.979105
29,19,6136.975035
29,21,5961.090720
29,22,5867.496867
29,23,5778.774538
29,24,5551.050507
29,25,5219.168383
29,27,5178.068375
29,28,5134.469859
29,30,5040.279501
29,34,4881.549430
29,37,4856.213641
29,39,4824.946260
29,42,4767.091428
30,15,8054.724084
30,16,6815.851202
30,17,6782.795391
30,18,6740.193441
30,19,6136.975035
30,20,5540.516467
30,24,5190.601748
30,27,5178.068375
30,28,5134.469859
30,30,5000.137757
30,34,4881.549430
30,37,4843.419302
30,39,4810.532253
30,42,4765.918408
31,14,8648.085365
31,15,8054.724084
31,16,6815.851202
31,17,6782.795391
31,18,6740.193441
31,19,6136.975035
31,20,5540.516467
31,24,5190.601748
31,27,5104.683128
31,29,5047.528527
31,30,5000.137757
31,34,4881.549430
31,37,4843.419302
31,39,4810.532253
31,42,4765.918408
32,14,8344.446461
32,15,8054.724084
32,16,6783.041623
32,17,6782.795391
32,18,6740.193441
32,19,6136.975035
32,20,5540.516467
32,24,5190.601748
32,26,5059.163651
32,28,4985.804756
32,32,4981.594706
32,34,4881.549430
32,37,4843.419302
32,39,4810.532253
32,42,4765.918408
33,14,8344.446461
33,15,7850.727474
33,16,6783.041623
33,17,6234.346877
33,19,6136.975035
33,20,5540.516467
33,21,5378.514918
33,24,5190.601748
33,26,5057.809709
33,28,4985.804756
33,29,4959.758027
33,34,4881.549430
33,37,4843.419302
33,39,4810.532253
33,42,4765.918408
34,14,8344.446461
34,15,7850.727474
34,16,6783.041623
34,17,6234.346877
34,19,6136.975035
34,20,5503.333001
34,21,5378.514918
34,24,5190.601748
34,25,4965.699453
34,29,4959.758027
34,30,4878.367033
34,35,4862.771804
34,37,4806.370590
34,42,4765.918408
35,14,8344.446461
35,15,7850.727474
35,16,6783.041623
35,17,6234.346877
35,19,6034.178006
35,20,5442.730757
35,21,5312.397036
35,23,5158.596662
35,25,4928.806873
35,30,4834.780985
35,31,4809.792609
35,32,4739.284149
35,41,4710.649219
36,14,8344.446461
36,15,7850.727474
36,16,6783.041623
36,17,6234.346877
36,19,6034.178006
36,20,5442.730757
36,21,5312.397036
36,22,5308.746325
36,23,5158.596662
36,24,5135.508817
36,25,4928.806873
36,29,4901.784186
36,30,4834.780985
36,31,4809.792609
36,32,4739.284149
36,41,4710.649219
37,14,8344.446461
37,15,7850.727474
37,16,6783.041623
37,17,6234.346877
37,19,6034.178006
37,20,5442.730757
37,21,5312.397036
37,22,5308.746325
37,23,5158.596662
37,24,5135.508817
37,25,4928.806873
37,29,4901.784186
37,30,4834.780985
37,31,4809.792609
37,32,4739.284149
37,41,4710.649219
38,14,8344.446461
38,15,7850.727474
38,16,6783.041623
38,17,6234.346877
38,18,6227.645750
38,19,5989.819673
38,20,5442.730757
38,21,5312.397036
38,22,5308.746325
38,23,5158.596662
38,24,5135.508817
38,25,4928.806873
38,29,4901.784186
38,30,4834.780985
38,31,4809.792609
38,32,4739.284149
38,41,4710.649219
38,43,4685.778867
39,14,8344.446461
39,15,7850.727474
39,16,6783.041623
39,17,6234.346877
39,18,6227.645750
39,19,5989.819673
39,20,5320.521486
39,21,5312.397036
39,22,5308.746325
39,23,5158.596662
39,24,5135.508817
39,25,4928.806873
39,27,4807.797650
39,32,4739.284149
39,41,4710.649219
39,43,4685.778867
40,14,8344.446461
40,15,7850.727474
40,16,6718.395060
40,17,6234.346877
40,18,5897.674062
40,20,5303.613169
40,21,5246.434335
40,23,5090.384912
40,24,5080.291202
40,25,4859.023956
40,27,4807.797650
40,32,4739.284149
40,41,4700.206010
40,43,4654.515961
41,14,7937.528263
41,15,7850.727474
41,16,6718.395060
41,17,6234.346877
41,18,5897.674062
41,20,5303.613169
41,21,5203.898571
41,23,5090.384912
41,24,5080.291202
41,25,4859.023956
41,27,4807.797650
41,29,4759.054563
41,32,4739.284149
41,41,4700.206010
41,43,4654.515961
42,14,7937.528263
42,15,6423.937874
42,17,6234.346877
42,18,5897.674062
42,20,5303.613169
42,21,5203.898571
42,23,4920.448850
42,25,4859.023956
42,27,4807.797650
42,29,4759.054563
42,32,4739.284149
42,39,4734.296815
42,41,4700.206010
42,43,4654.515961
43,14,7880.777101
43,15,6423.937874
43,17,6234.346877
43,18,5897.674062
43,20,5303.613169
43,21,5203.898571
43,23,4920.448850
43,25,4859.023956
43,27,4807.797650
43,29,4759.054563
43,32,4739.284149
43,39,4734.296815
43,41,4700.206010
43,43,4654.515961
44,14,7880.777101
44,15,6423.937874
44,17,6234.346877
44,18,5706.304713
44,20,5303.613169
44,21,5203.898571
44,23,4920.448850
44,25,4859.023956
44,27,4807.797650
44,29,4759.054563
44,32,4739.284149
44,39,4734.296815
44,41,4700.206010
44,43,4654.515961
45,14,7880.777101
45,15,6423.937874
45,17,6234.346877
45,18,5706.304713
45,20,5303.613169
45,21,5203.898571
45,22,5025.119953
45,23,4920.448850
45,25,4812.943312
45,27,4734.922989
45,31,4685.579154
45,43,4654.515961
46,14,7880.777101
46,15,6423.937874
46,17,6234.346877
46,18,5706.304713
46,20,5303.613169
46,21,5203.898571
46,22,5025.119953
46,23,4920.448850
46,25,4812.943312
46,27,4734.922989
46,31,4685.579154
46,43,4654.515961
47,13,8151.205574
47,14,7880.777101
47,15,6423.937874
47,17,6234.346877
47,18,5706.304713
47,19,5650.480490
47,20,5303.613169
47,21,5203.898571
47,22,5025.119953
47,23,4920.448850
47,25,4812.943312
47,27,4734.922989
47,31,4685.579154
47,40,4647.851885
48,13,8151.205574
48,14,7250.026086
48,15,6423.937874
48,17,6234.346877
48,18,5706.304713
48,19,5650.480490
48,20,5303.613169
48,21,5203.898571
48,22,5025.119953
48,23,4920.448850
48,25,4812.943312
48,27,4734.922989
48,31,4685.579154
48,40,4647.851885
49,13,8151.205574
49,14,7250.026086
49,15,6423.937874
49,17,6234.346877
49,18,5706.304713
49,19,5650.480490
49,20,5303.613169
49,21,5203.898571
49,22,5025.119953
49,23,4920.448850
49,25,4812.943312
49,27,4734.922989
49,31,4685.579154
49,35,4645.219789
50,13,8151.205574
50,14,7250.026086
50,15,6423.937874
50,16,6240.928504
50,17,6234.346877
50,18,5706.304713
50,19,5609.339655
50,20,5130.872277
50,22,4975.030157
50,23,4889.624142
50,25,4798.664122
50,27,4718.712966
50,31,4685.579154
50,34,4645.423680
50,35,4645.219789
51,13,8151.205574
51,14,7250.026086
51,15,6423.937874
51,16,6240.928504
51,17,5880.641430
51,18,5706.304713
51,19,5369.901201
51,20,5130.872277
51,22,4975.030157
51,23,4889.624142
51,25,4798.664122
51,27,4718.712966
51,31,4685.579154
51,32,4613.493570
52,13,8151.205574
52,14,7250.026086
52,15,6423.937874
52,16,6240.928504
52,17,5880.641430
52,18,5706.304713
52,19,5369.901201
52,20,5130.872277
52,22,4975.030157
52,23,4889.624142
52,25,4798.664122
52,27,4718.712966
52,30,4622.723621
52,32,4613.493570
52,35,4576.621557
53,13,8151.205574
53,14,7250.026086
53,15,6423.937874
53,16,5908.092754
53,17,5880.641430
53,18,5706.304713
53,19,5369.901201
53,20,5130.872277
53,22,4975.030157
53,23,4889.624142
53,25,4798.664122
53,27,4718.712966
53,30,4622.723621
53,32,4613.493570
53,34,4606.364334
53,35,4576.621557
54,13,8151.205574
54,14,7250.026086
54,15,6344.244089
54,16,5908.092754
54,17,5824.044187
54,18,5706.304713
54,19,5369.901201
54,20,5130.872277
54,22,4975.030157
54,23,4889.624142
54,25,4798.664122
54,27,4718.712966
54,30,4595.011430
54,35,4576.253040
55,13,8151.205574
55,14,6866.744961
55,15,6344.244089
55,16,5908.092754
55,17,5824.044187
55,18,5682.899852
55,19,5343.560275
55,20,5130.872277
55,22,4975.030157
55,23,4889.624142
55,25,4792.607580
55,27,4673.839301
55,28,4658.764732
55,30,4570.018718
55,34,4537.363983
56,13,8151.205574
56,14,6866.744961
56,15,6344.244089
56,16,5908.092754
56,17,5824.044187
56,18,5330.763433
56,20,5130.872277
56,22,4975.030157
56,23,4889.624142
56,25,4792.607580
56,27,4673.839301
56,28,4658.764732
56,29,4525.147181
57,13,8151.205574
57,14,6866.744961
57,15,6344.244089
57,16,5908.092754
57,17,5824.044187
57,18,5330.763433
57,20,5130.872277
57,22,4975.030157
57,23,4889.624142
57,25,4792.607580
57,27,4673.839301
57,28,4658.764732
57,29,4500.210930
58,13,8151.205574
58,14,6852.798079
58,15,6344.244089
58,16,5908.092754
58,17,5824.044187
58,18,5330.763433
58,20,5130.872277
58,21,5093.150812
58,22,4975.030157
58,23,4889.624142
58,25,4792.607580
58,27,4673.839301
58,28,4533.581619
58,29,4500.210930
59,13,8151.205574
59,14,6852.798079
59,15,6245.533866
59,16,5908.092754
59,17,5824.044187
59,18,5330.763433
59,20,5130.872277
59,21,5055.950211
59,22,4975.030157
59,23,4889.624142
59,25,4792.607580
59,27,4673.839301
59,28,4533.581619
59,29,4500.210930
60,13,8151.205574
60,14,6763.468172
60,15,6245.533866
60,16,5908.092754
60,17,5756.655444
60,18,5245.491846
60,20,5127.078441
60,21,5025.861268
60,22,4886.219355
60,25,4792.607580
60,26,4673.417114
60,28,4521.490305
60,29,4500.210930
61,13,8151.205574
61,14,6763.468172
61,15,6245.533866
61,16,5908.092754
61,17,5756.655444
61,18,5245.491846
61,20,5127.078441
61,21,5025.861268
61,22,4886.219355
61,25,4684.784012
61,26,4673.417114
61,28,4521.490305
61,29,4500.210930
62,13,8151.205574
62,14,6763.468172
62,15,6197.909260
62,16,5890.284527
62,17,5756.655444
62,18,5182.451024
62,20,5127.078441
62,21,5001.864988
62,22,4886.219355
62,25,4684.784012
62,26,4673.417114
62,28,4521.490305
62,29,4500.210930
63,13,8151.205574
63,14,6763.468172
63,15,6197.909260
63,16,5890.284527
63,17,5756.655444
63,18,5182.451024
63,20,5127.078441
63,21,5001.864988
63,22,4886.219355
63,25,4684.784012
63,26,4673.417114
63,28,4521.490305
63,29,4500.210930
63,31,4485.149291
64,13,8016.149192
64,14,6763.468172
64,15,6197.909260
64,16,5890.284527
64,17,5756.655444
64,18,5182.451024
64,20,5127.078441
64,21,4962.350932
64,22,4886.219355
64,25,4684.784012
64,26,4673.417114
64,28,4521.490305
64,29,4500.210930
64,31,4485.149291
65,12,8744.779408
65,13,8016.149192
65,14,6763.468172
65,15,6197.909260
65,16,5890.284527
65,17,5756.655444
65,18,5149.932203
65,19,5107.856142
65,20,5083.900859
65,21,4694.700725
65,24,4664.643898
65,28,4521.490305
65,29,4500.210930
65,31,4485.149291
66,12,8744.779408
66,13,8016.149192
66,14,6763.468172
66,15,5910.140413
66,16,5890.284527
66,17,5756.655444
66,18,5149.932203
66,19,5107.856142
66,20,5083.900859
66,21,4694.700725
66,24,4664.643898
66,27,4518.964531
66,29,4500.210930
66,31,4485.149291
67,12,8744.779408
67,13,7237.875493
67,14,6763.468172
67,15,5910.140413
67,16,5890.284527
67,17,5756.655444
67,18,5149.932203
67,19,5107.856142
67,20,5083.900859
67,21,4694.700725
67,24,4664.643898
67,27,4518.964531
67,29,4500.210930
67,31,4485.149291
68,12,8070.394216
68,13,7237.875493
68,14,6763.468172
68,15,5910.140413
68,16,5890.284527
68,17,5756.655444
68,18,5149.932203
68,19,5107.856142
68,20,5083.900859
68,21,4694.700725
68,24,4664.643898
68,26,4568.261589
68,27,4518.964531
68,29,4500.210930
68,31,4485.149291
69,12,8070.394216
69,13,7237.875493
69,14,6763.468172
69,15,5910.140413
69,16,5890.284527
69,17,5756.655444
69,18,5149.932203
69,19,5107.856142
69,20,5083.900859
69,21,4694.700725
69,24,4664.643898
69,26,4568.261589
69,27,4518.964531
69,29,4500.210930
69,30,4488.346790
69,31,4485.149291
70,12,8070.394216
70,13,7237.875493
70,14,6763.468172
70,15,5910.140413
70,16,5779.049361
70,17,5570.296546
70,18,5149.932203
70,19,5107.856142
70,20,5060.062710
70,21,4673.122464
70,24,4664.643898
70,26,4564.850488
70,27,4503.775336
70,29,4466.686600
71,12,8070.394216
71,13,7237.875493
71,14,6763.468172
71,15,5910.140413
71,16,5779.049361
71,17,5570.296546
71,18,5149.932203
71,19,5087.336848
71,20,5031.998020
71,21,4673.122464
71,24,4664.643898
71,26,4564.850488
71,27,4503.775336
71,28,4501.079049
71,29,4466.686600
72,12,8070.394216
72,13,7237.875493
72,14,6763.468172
72,15,5910.140413
72,16,5779.049361
72,17,5570.296546
72,18,5149.932203
72,19,5087.336848
72,20,5031.998020
72,21,4673.122464
72,24,4664.643898
72,26,4564.850488
72,27,4503.775336
72,28,4454.451499
73,12,8070.394216
73,13,7237.875493
73,14,6763.468172
73,15,5910.140413
73,16,5779.049361
73,17,5570.296546
73,18,5149.932203
73,19,5087.336848
73,20,5031.998020
73,21,4673.122464
73,24,4664.643898
73,26,4564.850488
73,27,4503.775336
73,28,4454.451499
74,12,8070.394216
74,13,7237.875493
74,14,6763.468172
74,15,5910.140413
74,16,5779.049361
74,17,5570.296546
74,18,5149.932203
74,19,5087.336848
74,20,5031.998020
74,21,4673.122464
74,24,4664.643898
74,26,4564.850488
74,27,4503.775336
74,28,4454.451499
75,12,8070.394216
75,13,7237.875493
75,14,6763.468172
75,15,5833.405875
75,16,5615.983628
75,17,5558.783279
75,18,5149.932203
75,19,5049.163800
75,20,5015.963053
75,21,4673.122464
75,24,4664.643898
75,26,4502.896587
75,28,4454.451499
76,12,8024.483535
76,13,7237.875493
76,14,6763.468172
76,15,5833.405875
76,16,5615.983628
76,17,5558.783279
76,18,5149.932203
76,19,5049.163800
76,20,5015.963053
76,21,4673.122464
76,24,4664.643898
76,26,4502.896587
76,28,4454.451499
77,12,8024.483535
77,13,7237.875493
77,14,6763.468172
77,15,5833.405875
77,16,5615.983628
77,17,5558.783279
77,18,5110.114226
77,19,5049.163800
77,20,5015.963053
77,21,4673.122464
77,24,4664.643898
77,26,4502.896587
77,28,4454.451499
78,12,8024.483535
78,13,7237.875493
78,14,6763.468172
78,15,5833.405875
78,16,5615.983628
78,17,5558.783279
78,18,5110.114226
78,19,5049.163800
78,20,5015.963053
78,21,4673.122464
78,24,4664.643898
78,26,4502.896587
78,27,4453.080870
78,28,4449.629220
78,31,4437.476193
79,12,8024.483535
79,13,7237.875493
79,14,6763.468172
79,15,5833.405875
79,16,5615.983628
79,17,5558.783279
79,18,5110.114226
79,19,5049.163800
79,20,5015.963053
79,21,4673.122464
79,23,4648.738806
79,26,4502.896587
79,27,4453.080870
79,28,4449.629220
79,31,4437.476193
80,12,8024.483535
80,13,7139.824982
80,14,6636.936476
80,15,5833.405875
80,16,5615.983628
80,17,5558.783279
80,18,5110.114226
80,19,5043.353061
80,20,5000.754823
80,21,4668.064501
80,22,4626.523717
80,25,4515.691164
80,26,4473.029580
80,27,4445.229681
80,31,4435.658557
81,12,8024.483535
81,13,7139.824982
81,14,6636.936476
81,15,5833.405875
81,16,5615.983628
81,17,5083.009888
81,19,5043.353061
81,20,5000.754823
81,21,4668.064501
81,22,4593.232962
81,25,4515.691164
81,26,4473.029580
81,27,4445.229681
81,31,4435.658557
82,12,8024.483535
82,13,7139.824982
82,14,6636.936476
82,15,5833.405875
82,16,5615.983628
82,17,5083.009888
82,19,5043.353061
82,20,5000.754823
82,21,4668.064501
82,22,4593.232962
82,25,4515.691164
82,26,4439.287756
82,31,4435.658557
83,12,8024.483535
83,13,7139.824982
83,14,6636.936476
83,15,5833.405875
83,16,5615.983628
83,17,5083.009888
83,19,5043.353061
83,20,5000.754823
83,21,4668.064501
83,22,4593.232962
83,25,4515.691164
83,26,4439.287756
83,31,4435.658557
84,12,8024.483535
84,13,7139.824982
84,14,6636.936476
84,15,5833.405875
84,16,5615.983628
84,17,5083.009888
84,19,5043.353061
84,20,5000.754823
84,21,4668.064501
84,22,4593.232962
84,25,4442.519985
84,26,4439.287756
84,31,4435.658557
85,12,8024.483535
85,13,7139.824982
85,14,6636.936476
85,15,5833.405875
85,16,5615.983628
85,17,5057.840014
85,19,5014.763324
85,20,5000.754823
85,21,4643.564649
85,22,4582.564376
85,25,4442.519985
85,26,4421.840786
85,31,4402.897126
86,12,7895.977138
86,13,7139.824982
86,14,6636.936476
86,15,5833.405875
86,16,5615.983628
86,17,5057.840014
86,19,5014.763324
86,20,5000.754823
86,21,4643.564649
86,22,4439.469273
86,26,4421.840786
86,30,4378.840045
87,12,7895.977138
87,13,6817.457809
87,14,6636.936476
87,15,5833.405875
87,16,5615.983628
87,17,5057.840014
87,19,5014.763324
87,20,5000.754823
87,21,4643.564649
87,22,4439.469273
87,26,4421.840786
87,30,4378.840045
88,12,7895.977138
88,13,6817.457809
88,14,6636.936476
88,15,5833.405875
88,16,5615.983628
88,17,5057.840014
88,19,5014.763324
88,20,5000.754823
88,21,4551.009358
88,22,4439.469273
88,26,4421.840786
88,30,4378.840045
89,12,7895.977138
89,13,6817.457809
89,14,6636.936476
89,15,5833.405875
89,16,5615.983628
89,17,5057.840014
89,19,5014.763324
89,20,5000.754823
89,21,4551.009358
89,22,4439.469273
89,26,4421.840786
89,27,4419.413192
89,30,4378.840045
90,12,7895.977138
90,13,6817.457809
90,14,6188.935925
90,15,5652.632006
90,16,5454.412048
90,17,5052.951073
90,19,4992.048252
90,21,4551.009358
90,22,4439.469273
90,26,4411.046138
90,30,4371.408676
91,12,7895.977138
91,13,6817.457809
91,14,6188.935925
91,15,5652.632006
91,16,5454.412048
91,17,5052.951073
91,19,4992.048252
91,21,4373.918026
91,30,4371.408676
92,12,7895.977138
92,13,6817.457809
92,14,6188.935925
92,15,5652.632006
92,16,5280.623717
92,17,5052.951073
92,19,4992.048252
92,21,4373.918026
92,30,4371.408676
93,12,7895.977138
93,13,6817.457809
93,14,6188.935925
93,15,5652.632006
93,16,5280.623717
93,17,5052.951073
93,19,4992.048252
93,21,4373.918026
93,30,4371.408676
94,12,7895.977138
94,13,6817.457809
94,14,6188.935925
94,15,5652.632006
94,16,5280.623717
94,17,5052.951073
94,19,4992.048252
94,21,4373.918026
94,30,4371.408676
95,12,7714.006741
95,13,6519.726541
95,14,6043.819417
95,15,5652.632006
95,16,5278.560551
95,17,5049.222069
95,19,4986.374641
95,20,4873.809153
95,21,4370.925376
95,30,4360.579704
96,12,7714.006741
96,13,6519.726541
96,14,6043.819417
96,15,5652.632006
96,16,5278.560551
96,17,5049.222069
96,19,4986.374641
96,20,4873.809153
96,21,4370.925376
96,30,4360.579704
97,12,7714.006741
97,13,6519.726541
97,14,6043.819417
97,15,5652.632006
97,16,5278.560551
97,17,5049.222069
97,19,4986.374641
97,20,4873.809153
97,21,4370.925376
97,30,4360.579704
98,12,7714.006741
98,13,6519.726541
98,14,6043.819417
98,15,5652.632006
98,16,5278.560551
98,17,5049.222069
98,19,4986.374641
98,20,4873.809153
98,21,4370.925376
98,30,4360.579704
99,12,7714.006741
99,13,6519.726541
99,14,6043.819417
99,15,5652.632006
99,16,5278.560551
99,17,5049.222069
99,18,4942.485600
99,20,4838.765878
99,21,4370.925376
99,30,4360.579704
100,12,7550.522149
100,13,6420.661392
100,14,5594.777497
100,16,5051.790062
100,17,5044.404218
100,18,4942.485600
100,20,4777.501915
100,21,4370.925376
100,30,4350.654810
101,12,7550.522149
101,13,6420.661392
101,14,5594.777497
101,16,5051.790062
101,17,5044.404218
101,18,4942.485600
101,20,4777.501915
101,21,4370.925376
101,30,4350.654810
102,12,7550.522149
102,13,6420.661392
102,14,5594.777497
102,16,5051.790062
102,17,5044.404218
102,18,4942.485600
102,20,4777.501915
102,21,4370.925376
102,30,4350.654810
103,12,7550.522149
103,13,6420.661392
103,14,5594.777497
103,16,5051.790062
103,17,5044.404218
103,18,4942.485600
103,20,4777.501915
103,21,4370.925376
103,24,4340.267298
104,12,7550.522149
104,13,6420.661392
104,14,5594.777497
104,16,5051.790062
104,17,5044.404218
104,18,4942.485600
104,20,4777.501915
104,21,4370.925376
104,24,4340.267298
105,12,7535.281009
105,13,6394.805688
105,14,5578.410790
105,16,5042.997648
105,17,5011.402718
105,18,4896.199330
105,20,4741.786506
105,21,4368.828426
105,24,4340.267298
106,12,7535.281009
106,13,6247.095969
106,14,5578.410790
106,16,5042.997648
106,17,5011.402718
106,18,4896.199330
106,20,4741.786506
106,21,4368.828426
106,24,4340.267298
107,12,7535.281009
107,13,6247.095969
107,14,5578.410790
107,16,5042.997648
107,17,5011.402718
107,18,4896.199330
107,20,4741.786506
107,21,4368.828426
107,24,4340.267298
108,12,7535.281009
108,13,6247.095969
108,14,5578.410790
108,16,5042.997648
108,17,5011.402718
108,18,4896.199330
108,20,4681.153540
108,21,4368.828426
108,24,4340.267298
109,12,6805.039106
109,13,6247.095969
109,14,5578.410790
109,16,5042.997648
109,17,5011.402718
109,18,4896.199330
109,20,4592.544026
109,21,4368.828426
109,22,4334.048969
110,12,6569.639009
110,13,6073.119889
110,14,5578.410790
110,15,5189.143864
110,16,5042.997648
110,17,5011.402718
110,18,4854.301753
110,20,4580.118826
110,21,4364.123105
110,22,4327.023946
111,12,6569.639009
111,13,6073.119889
111,14,5578.410790
111,15,5189.143864
111,16,5042.997648
111,17,5011.402718
111,18,4854.301753
111,20,4580.118826
111,21,4362.603058
111,22,4327.023946
112,12,6569.639009
112,13,6073.119889
112,14,5578.410790
112,15,5189.143864
112,16,5042.997648
112,17,5011.402718
112,18,4854.301753
112,20,4580.118826
112,21,4362.603058
112,22,4327.023946
113,12,6569.639009
113,13,6073.119889
113,14,5578.410790
113,15,5189.143864
113,16,5042.997648
113,17,4991.042131
113,18,4854.301753
113,20,4580.118826
113,21,4362.603058
113,22,4327.023946
114,12,6569.639009
114,13,6073.119889
114,14,5578.410790
114,15,5189.143864
114,16,5042.997648
114,17,4991.042131
114,18,4854.301753
114,20,4580.118826
114,21,4362.603058
114,22,4327.023946
115,12,6351.998296
115,13,5806.815358
115,14,5558.742180
115,15,5029.304196
115,17,4973.564327
115,18,4854.301753
115,20,4578.946103
115,21,4362.603058
115,22,4327.023946
116,12,6351.998296
116,13,5806.815358
116,14,5558.742180
116,15,5029.304196
116,17,4973.564327
116,18,4854.301753
116,20,4578.946103
116,21,4362.603058
116,22,4327.023946
117,12,6351.998296
117,13,5806.815358
117,14,5558.742180
117,15,5029.304196
117,17,4973.564327
117,18,4854.301753
117,20,4578.946103
117,21,4362.603058
117,22,4327.023946
117,23,4323.865158
118,12,6351.998296
118,13,5806.815358
118,14,5558.742180
118,15,5029.304196
118,17,4973.564327
118,18,4854.301753
118,20,4578.946103
118,21,4362.603058
118,22,4327.023946
118,23,4323.865158
119,12,6351.998296
119,13,5806.815358
119,14,5558.742180
119,15,5029.304196
119,17,4973.564327
119,18,4854.301753
119,20,4578.946103
119,21,4362.603058
119,22,4327.023946
119,23,4323.865158
120,12,6074.370084
120,13,5806.815358
120,14,5488.862814
120,15,5001.133057
120,17,4908.021571
120,18,4822.826877
120,20,4568.365085
120,21,4362.603058
120,22,4327.023946
120,23,4323.865158
121,12,6074.370084
121,13,5806.815358
121,14,5488.862814
121,15,5001.133057
121,17,4908.021571
121,18,4822.826877
121,19,4671.949094
121,20,4432.892311
121,21,4362.603058
121,22,4327.023946
121,23,4306.941565
122,12,6074.370084
122,13,5806.815358
122,14,5488.862814
122,15,5001.133057
122,17,4908.021571
122,18,4822.826877
122,19,4671.949094
122,20,4432.892311
122,21,4362.603058
122,22,4325.163834
122,23,4306.941565
123,12,6074.370084
123,13,5806.815358
123,14,5488.862814
123,15,5001.133057
123,17,4908.021571
123,18,4822.826877
123,19,4671.949094
123,20,4432.892311
123,21,4362.603058
123,22,4325.163834
123,23,4306.941565
124,12,6074.370084
124,13,5806.815358
124,14,5488.862814
124,15,5001.133057
124,17,4908.021571
124,18,4822.826877
124,19,4671.949094
124,20,4432.892311
124,21,4362.603058
124,22,4325.163834
124,23,4306.941565
125,12,6074.370084
125,13,5806.815358
125,14,5410.831795
125,15,5001.133057
125,16,4840.933181
125,18,4806.136203
125,19,4628.002585
125,20,4432.031286
125,21,4362.603058
125,22,4290.343391
126,12,6074.370084
126,13,5806.815358
126,14,5405.840164
126,15,5001.133057
126,16,4840.933181
126,18,4806.136203
126,19,4628.002585
126,20,4432.031286
126,21,4362.603058
126,22,4290.343391
126,23,4281.291516
127,12,6074.370084
127,13,5806.815358
127,14,5405.840164
127,15,5001.133057
127,16,4840.933181
127,18,4806.136203
127,19,4628.002585
127,20,4432.031286
127,21,4362.603058
127,22,4290.343391
127,23,4281.291516
128,12,6074.370084
128,13,5806.815358
128,14,5405.840164
128,15,5001.133057
128,16,4840.933181
128,18,4806.136203
128,19,4506.911052
128,20,4352.458766
128,22,4290.343391
128,23,4281.291516
129,12,6074.370084
129,13,5468.128472
129,14,5405.840164
129,15,5001.133057
129,16,4840.933181
129,18,4806.136203
129,19,4506.911052
129,20,4331.889409
129,21,4327.891563
129,22,4290.343391
129,23,4281.291516
130,12,6074.370084
130,13,5468.128472
130,14,5405.840164
130,15,4997.228431
130,16,4798.049788
130,19,4481.446167
130,20,4327.138187
130,22,4290.343391
130,23,4281.291516
131,12,6064.117857
131,13,5468.128472
131,14,5405.840164
131,15,4997.228431
131,16,4798.049788
131,19,4481.446167
131,20,4327.138187
131,22,4290.343391
131,23,4281.291516
132,12,6064.117857
132,13,5468.128472
132,14,5405.840164
132,15,4997.228431
132,16,4798.049788
132,19,4481.446167
132,20,4327.138187
132,21,4319.338962
132,22,4290.343391
132,23,4281.291516
132,25,4268.959400
133,12,5974.585078
133,13,5468.128472
133,14,5405.840164
133,15,4997.228431
133,16,4798.049788
133,19,4481.446167
133,20,4327.138187
133,21,4319.338962
133,22,4290.343391
133,23,4281.291516
133,25,4268.959400
134,12,5974.585078
134,13,5468.128472
134,14,5329.449376
134,15,4997.228431
134,16,4798.049788
134,19,4481.446167
134,20,4327.138187
134,21,4319.338962
134,22,4290.343391
134,23,4281.291516
134,25,4268.959400
135,12,5872.618639
135,13,5468.128472
135,14,5329.449376
135,15,4977.614381
135,16,4782.771984
135,17,4555.785889
135,19,4460.749428
135,20,4309.042636
135,22,4263.851346
136,12,5872.618639
136,13,5468.128472
136,14,5329.449376
136,15,4977.614381
136,16,4782.771984
136,17,4555.785889
136,19,4460.749428
136,20,4309.042636
136,22,4263.851346
137,12,5872.618639
137,13,5468.128472
137,14,5329.449376
137,15,4843.678686
137,16,4782.771984
137,17,4555.785889
137,19,4460.749428
137,20,4295.099265
137,22,4263.851346
138,12,5872.618639
138,13,5468.128472
138,14,5329.449376
138,15,4843.678686
138,16,4782.771984
138,17,4555.785889
138,18,4540.961280
138,19,4460.749428
138,20,4295.099265
138,22,4263.851346
139,12,5872.618639
139,13,5468.128472
139,14,5329.449376
139,15,4843.678686
139,16,4782.771984
139,17,4555.785889
139,18,4540.961280
139,19,4459.124275
139,20,4295.099265
139,22,4263.851346
140,12,5865.931891
140,13,5468.128472
140,14,5278.006464
140,15,4839.253064
140,16,4744.646695
140,17,4555.785889
140,18,4540.961280
140,19,4445.165446
140,20,4285.515459
140,22,4263.521251
141,12,5865.931891
141,13,5468.128472
141,14,5278.006464
141,15,4839.253064
141,16,4744.646695
141,17,4555.785889
141,18,4540.961280
141,19,4445.165446
141,20,4285.515459
141,21,4283.251902
141,22,4263.521251
142,12,5865.931891
142,13,5468.128472
142,14,5278.006464
142,15,4839.253064
142,16,4744.646695
142,17,4555.785889
142,18,4540.961280
142,19,4445.165446
142,20,4285.515459
142,21,4275.295475
142,22,4263.521251
143,12,5865.931891
143,13,5468.128472
143,14,5278.006464
143,15,4836.017636
143,16,4434.731164
143,19,4368.251124
143,20,4285.515459
143,21,4275.295475
143,22,4263.521251
144,12,5797.954617
144,13,5468.128472
144,14,5222.888579
144,15,4836.017636
144,16,4434.731164
144,19,4368.251124
144,20,4285.515459
144,21,4275.295475
144,22,4263.521251
145,12,5713.331459
145,13,5417.939449
145,14,5222.888579
145,15,4836.017636
145,16,4434.731164
145,19,4318.969867
145,20,4285.515459
145,21,4264.740193
145,22,4257.326601
146,12,5713.331459
146,13,5417.939449
146,14,5222.888579
146,15,4836.017636
146,16,4434.731164
146,19,4318.969867
146,20,4285.515459
146,21,4264.740193
146,22,4257.326601
147,11,6745.343902
147,12,5713.331459
147,13,5417.939449
147,14,5222.888579
147,15,4779.685795
147,16,4434.731164
147,19,4318.969867
147,20,4285.515459
147,21,4256.937775
148,11,6704.400507
148,12,5713.331459
148,13,5417.939449
148,14,5222.888579
148,15,4779.685795
148,16,4434.731164
148,19,4318.969867
148,20,4278.473024
148,21,4256.937775
149,11,6564.590584
149,12,5713.331459
149,13,5417.939449
149,14,5222.888579
149,15,4779.685795
149,16,4434.731164
149,19,4318.969867
149,20,4277.616851
149,21,4256.937775
150,11,6513.661502
150,12,5592.707875
150,13,5417.939449
150,14,5174.019385
150,15,4720.536444
150,16,4434.731164
150,19,4317.659178
150,20,4276.973448
150,21,4256.579018
151,11,6513.661502
151,12,5592.707875
151,13,5417.939449
151,14,5174.019385
151,15,4720.536444
151,16,4434.731164
151,18,4333.364352
151,19,4317.659178
151,20,4276.973448
151,21,4256.579018
152,11,5839.676564
152,12,5564.363825
152,13,5417.939449
152,14,5174.019385
152,15,4720.536444
152,16,4434.731164
152,18,4333.364352
152,19,4317.659178
152,20,4261.710724
152,21,4256.579018
153,11,5839.676564
153,12,5564.363825
153,13,5417.939449
153,14,5174.019385
153,15,4720.536444
153,16,4434.731164
153,18,4333.364352
153,19,4317.659178
153,20,4261.700799
153,21,4256.579018
154,11,5839.676564
154,12,5518.923610
154,13,5417.939449
154,14,5151.340163
154,15,4720.536444
154,16,4434.731164
154,17,4426.509883
154,18,4333.364352
154,19,4317.659178
154,20,4261.700799
154,21,4256.579018
155,11,5839.676564
155,12,5518.923610
155,13,5345.395188
155,14,5133.265780
155,15,4709.578850
155,16,4434.731164
155,17,4426.509883
155,18,4331.744780
155,19,4307.513651
155,20,4261.700799
155,21,4256.579018
156,11,5839.676564
156,12,5491.988075
156,13,5345.395188
156,14,5133.265780
156,15,4709.578850
156,16,4434.731164
156,17,4426.509883
156,18,4320.205838
156,19,4307.513651
156,20,4261.700799
156,21,4256.579018
157,11,5693.653169
157,12,5466.753708
157,13,5345.395188
157,14,5133.265780
157,15,4709.578850
157,16,4434.731164
157,17,4426.509883
157,18,4320.205838
157,19,4307.513651
157,20,4256.218908
158,11,5693.653169
158,12,5459.030552
158,13,5345.395188
158,14,5045.430841
158,15,4709.578850
158,16,4434.731164
158,17,4426.509883
158,18,4320.205838
158,19,4307.513651
158,20,4256.218908
159,11,5693.653169
159,12,5459.030552
159,13,5345.395188
159,14,5045.430841
159,15,4709.578850
159,16,4434.731164
159,17,4426.509883
159,18,4320.205838
159,19,4307.513651
159,20,4255.201568
160,11,5596.156219
160,12,5459.030552
160,13,5248.142810
160,14,5045.430841
160,15,4709.578850
160,16,4383.614934
160,18,4319.410210
160,19,4307.513651
160,20,4254.720204
160,21,4247.218102
160,22,4241.275041
161,11,5596.156219
161,12,5459.030552
161,13,5248.142810
161,14,5045.430841
161,15,4709.578850
161,16,4383.614934
161,18,4319.410210
161,19,4307.513651
161,20,4254.720204
161,21,4247.218102
161,22,4241.275041
162,11,5596.156219
162,12,5418.475868
162,13,5248.142810
162,14,5045.430841
162,15,4709.578850
162,16,4383.614934
162,18,4319.410210
162,19,4307.513651
162,20,4254.720204
162,21,4238.032787
163,11,5596.156219
163,12,5418.475868
163,13,5248.142810
163,14,5045.430841
163,15,4709.578850
163,16,4383.614934
163,18,4319.410210
163,19,4307.513651
163,20,4254.720204
163,21,4238.032787
164,11,5596.156219
164,12,5418.475868
164,13,5248.142810
164,14,4977.190269
164,15,4709.578850
164,16,4383.614934
164,18,4319.410210
164,19,4307.513651
164,20,4254.720204
164,21,4238.032787
165,11,5578.669137
165,12,5355.147062
165,13,5248.142810
165,14,4932.273716
165,15,4709.578850
165,16,4383.614934
165,18,4317.790638
165,19,4305.743119
165,20,4251.974474
165,21,4238.032787
166,11,5578.669137
166,12,5355.147062
166,13,5248.142810
166,14,4932.273716
166,15,4709.578850
166,16,4383.614934
166,18,4317.790638
166,19,4305.743119
166,20,4251.974474
166,21,4238.032787
167,11,5578.669137
167,12,5355.147062
167,13,5248.142810
167,14,4932.273716
167,15,4709.578850
167,16,4383.614934
167,18,4317.790638
167,19,4305.743119
167,20,4251.974474
167,21,4238.032787
168,11,5578.669137
168,12,5355.147062
168,13,5248.142810
168,14,4932.273716
168,15,4709.578850
168,16,4383.614934
168,18,4317.790638
168,19,4305.743119
168,20,4251.974474
168,21,4238.032787
169,11,5578.669137
169,12,5355.147062
169,13,5248.142810
169,14,4932.273716
169,15,4709.578850
169,16,4383.614934
169,18,4317.790638
169,19,4305.743119
169,20,4251.974474
169,21,4238.032787
170,11,5578.669137
170,12,5355.147062
170,13,5222.505774
170,14,4902.390829
170,15,4696.899387
170,16,4381.431613
170,18,4303.828504
170,19,4300.783758
170,20,4251.974474
170,21,4232.693685
171,11,5578.669137
171,12,5355.147062
171,13,5222.505774
171,14,4902.390829
171,15,4696.899387
171,16,4381.431613
171,18,4303.828504
171,19,4300.783758
171,20,4251.974474
171,21,4232.693685
172,11,5578.669137
172,12,5355.147062
172,13,5222.505774
172,14,4902.390829
172,15,4667.328666
172,16,4381.431613
172,18,4303.828504
172,19,4300.783758
172,20,4247.666565
172,21,4232.693685
173,11,5578.669137
173,12,5355.147062
173,13,5222.505774
173,14,4902.390829
173,15,4667.328666
173,16,4381.431613
173,18,4303.828504
173,19,4300.783758
173,20,4247.666565
173,21,4232.693685
174,11,5378.494976
174,12,5336.594104
174,13,5222.505774
174,14,4902.390829
174,15,4667.328666
174,16,4381.431613
174,18,4303.828504
174,19,4300.783758
174,20,4247.666565
174,21,4220.645983
175,11,5329.503633
175,13,5169.739791
175,14,4901.418508
175,15,4642.176732
175,16,4376.906063
175,18,4303.828504
175,19,4298.859378
175,20,4246.627321
175,21,4216.321793
176,11,5329.503633
176,13,5169.739791
176,14,4901.418508
176,15,4642.176732
176,16,4376.906063
176,18,4303.828504
176,19,4267.039475
176,20,4246.627321
176,21,4216.321793
177,11,5329.503633
177,13,5169.739791
177,14,4901.418508
177,15,4642.176732
177,16,4376.906063
177,18,4303.828504
177,19,4267.039475
177,20,4246.627321
177,21,4216.321793
178,11,5329.503633
178,13,5169.739791
178,14,4901.418508
178,15,4642.176732
178,16,4376.906063
178,18,4303.828504
178,19,4267.039475
178,20,4243.013186
178,21,4216.321793
179,11,5329.503633
179,12,5314.134030
179,13,5169.739791
179,14,4901.418508
179,15,4642.176732
179,16,4376.906063
179,18,4303.828504
179,19,4242.538393
179,21,4216.321793
180,11,5302.622452
180,13,5120.479872
180,14,4879.595880
180,15,4641.514559
180,16,4376.204624
180,18,4289.013061
180,19,4233.789952
180,21,4216.321793
181,11,5276.774230
181,13,5120.479872
181,14,4879.595880
181,15,4641.514559
181,16,4376.204624
181,18,4286.569085
181,19,4233.789952
181,21,4214.044805
182,11,5276.774230
182,13,5120.479872
182,14,4879.595880
182,15,4641.514559
182,16,4376.204624
182,18,4286.569085
182,19,4233.789952
182,21,4209.242599
183,11,5276.774230
183,13,5120.479872
183,14,4879.595880
183,15,4641.514559
183,16,4376.204624
183,18,4286.569085
183,19,4233.789952
183,21,4209.242599
184,11,5276.774230
184,13,5120.479872
184,14,4879.595880
184,15,4641.514559
184,16,4376.204624
184,18,4286.569085
184,19,4233.789952
184,21,4209.242599
185,11,5271.288555
185,13,5119.366495
185,14,4649.026619
185,15,4636.203452
185,16,4374.362155
185,18,4278.556631
185,19,4230.029259
185,21,4204.511162
185,23,4202.001059
186,11,5271.288555
186,13,5119.366495
186,14,4649.026619
186,15,4636.203452
186,16,4374.362155
186,18,4278.556631
186,19,4230.029259
186,21,4196.172025
187,11,5271.288555
187,13,5119.366495
187,14,4649.026619
187,15,4636.203452
187,16,4374.362155
187,18,4278.556631
187,19,4221.603324
187,21,4196.172025
188,11,5271.288555
188,13,5119.366495
188,14,4649.026619
188,15,4636.203452
188,16,4374.362155
188,18,4278.556631
188,19,4210.453557
188,21,4196.172025
188,26,4184.027709
189,11,5271.288555
189,13,5119.366495
189,14,4649.026619
189,15,4636.203452
189,16,4374.362155
189,18,4278.556631
189,19,4210.453557
189,21,4196.172025
189,25,4174.983390
190,11,5171.593066
190,13,5088.041550
190,14,4564.446195
190,16,4374.362155
190,18,4278.556631
190,19,4210.453557
190,21,4196.172025
190,24,4148.637778
191,11,5171.593066
191,13,5088.041550
191,14,4564.446195
191,16,4374.362155
191,17,4296.117224
191,18,4278.556631
191,19,4210.453557
191,21,4196.172025
191,24,4148.637778
192,11,5171.593066
192,13,5088.041550
192,14,4564.446195
192,16,4374.362155
192,17,4296.117224
192,18,4278.556631
192,19,4201.841846
192,21,4196.172025
192,24,4148.637778
193,11,5171.593066
193,13,5088.041550
193,14,4564.446195
193,16,4374.362155
193,17,4296.117224
193,18,4278.556631
193,19,4201.841846
193,21,4196.172025
193,24,4148.637778
194,11,5171.593066
194,13,4983.107719
194,14,4564.446195
194,16,4374.362155
194,17,4296.117224
194,18,4278.556631
194,19,4201.841846
194,21,4196.172025
194,24,4148.637778
195,11,5170.937108
195,13,4978.476253
195,14,4561.775040
195,16,4374.362155
195,17,4296.117224
195,18,4272.963733
195,19,4201.841846
195,21,4196.172025
195,24,4132.396547
196,11,5170.937108
196,13,4978.476253
196,14,4561.775040
196,16,4374.362155
196,17,4296.117224
196,18,4272.963733
196,19,4201.841846
196,20,4148.934511
196,24,4132.396547
197,11,5170.937108
197,12,5165.705272
197,13,4978.476253
197,14,4561.775040
197,16,4374.362155
197,17,4296.117224
197,18,4272.963733
197,19,4201.841846
197,20,4148.934511
197,24,4132.396547
198,11,5170.937108
198,12,5165.705272
198,13,4978.476253
198,14,4561.775040
198,16,4374.362155
198,17,4296.117224
198,18,4272.963733
198,19,4201.841846
198,20,4148.934511
198,24,4132.396547
199,11,5170.937108
199,12,5165.705272
199,13,4978.476253
199,14,4561.775040
199,16,4374.362155
199,17,4296.117224
199,18,4272.963733
199,19,4201.841846
199,20,4148.934511
199,24,4132.396547
200,11,5147.544850
200,13,4978.476253
200,14,4559.741755
200,16,4367.021705
200,17,4296.117224
200,18,4268.097597
200,19,4201.841846
200,20,4148.934511
200,24,4128.092903
201,11,5147.544850
201,13,4978.476253
201,14,4559.741755
201,16,4367.021705
201,17,4296.117224
201,18,4268.097597
201,19,4190.442900
201,20,4148.934511
201,24,4128.092903
202,11,5147.544850
202,13,4978.476253
202,14,4559.741755
202,16,4367.021705
202,17,4296.117224
202,18,4266.877810
202,19,4190.442900
202,20,4148.934511
202,24,4128.092903
203,11,5147.544850
203,13,4978.476253
203,14,4559.741755
203,16,4367.021705
203,17,4296.117224
203,18,4261.639609
203,19,4190.442900
203,20,4148.934511
203,24,4128.092903
204,11,5147.544850
204,13,4978.476253
204,14,4559.741755
204,16,4367.021705
204,17,4296.117224
204,18,4261.639609
204,19,4190.442900
204,20,4148.934511
204,24,4128.092903
205,11,5129.439359
205,13,4978.476253
205,14,4549.554204
205,16,4360.539434
205,17,4289.427480
205,18,4260.764830
205,19,4190.442900
205,20,4148.934511
205,24,4128.092903
206,11,5129.439359
206,13,4978.476253
206,14,4549.554204
206,16,4360.539434
206,17,4289.427480
206,18,4260.764830
206,19,4183.932163
206,20,4148.934511
206,24,4128.092903
207,11,5129.439359
207,13,4978.476253
207,14,4549.554204
207,16,4360.539434
207,17,4289.427480
207,18,4260.764830
207,19,4183.932163
207,20,4148.934511
207,24,4128.092903
208,11,5129.439359
208,13,4958.593050
208,14,4549.554204
208,16,4360.539434
208,17,4289.427480
208,18,4260.764830
208,19,4183.932163
208,20,4148.934511
208,24,4128.092903
209,11,5129.439359
209,13,4958.593050
209,14,4549.554204
209,16,4360.539434
209,17,4289.427480
209,18,4260.764830
209,19,4183.932163
209,20,4148.934511
209,24,4128.092903
210,11,5126.773719
210,13,4958.528812
210,14,4517.121642
210,16,4359.131607
210,17,4289.427480
210,18,4260.764830
210,19,4183.932163
210,20,4148.934511
210,24,4128.092903
211,11,5126.773719
211,12,5118.106912
211,13,4958.528812
211,14,4517.121642
211,16,4359.131607
211,17,4289.427480
211,18,4260.764830
211,19,4183.932163
211,20,4148.934511
211,24,4128.092903
212,11,5126.773719
212,12,5118.106912
212,13,4909.496984
212,14,4517.121642
212,16,4359.131607
212,17,4289.427480
212,18,4260.764830
212,19,4183.932163
212,20,4148.934511
212,24,4128.092903
213,11,5126.773719
213,12,5118.106912
213,13,4909.496984
213,14,4517.121642
213,16,4359.131607
213,17,4289.427480
213,18,4260.764830
213,19,4183.932163
213,20,4148.934511
213,24,4128.092903
214,11,5126.773719
214,12,5118.106912
214,13,4909.496984
214,14,4517.121642
214,16,4359.131607
214,17,4289.427480
214,18,4260.764830
214,19,4183.932163
214,20,4148.934511
214,24,4128.092903
215,11,5126.773719
215,12,5091.978039
215,13,4908.875025
215,14,4517.121642
215,15,4286.644074
215,18,4260.764830
215,19,4183.932163
215,20,4131.329455
215,24,4124.969744
216,11,5126.773719
216,12,5091.978039
216,13,4908.875025
216,14,4517.121642
216,15,4286.644074
216,18,4260.764830
216,19,4183.932163
216,20,4131.329455
216,24,4124.969744
216,25,4103.667682
217,11,5126.773719
217,12,5091.978039
217,13,4908.875025
217,14,4517.121642
217,15,4286.644074
217,18,4260.764830
217,19,4183.932163
217,20,4131.329455
217,24,4124.969744
217,25,4103.667682
218,11,5126.773719
218,12,5091.978039
218,13,4908.875025
218,14,4432.309656
218,15,4286.644074
218,18,4260.764830
218,19,4183.932163
218,20,4131.329455
218,24,4124.969744
218,25,4103.667682
218,26,4100.242086
219,11,5126.773719
219,12,5091.978039
219,13,4835.664605
219,14,4432.309656
219,15,4286.644074
219,18,4260.764830
219,19,4181.399585
219,20,4131.329455
219,24,4124.969744
219,25,4103.667682
219,26,4100.242086
220,11,5126.773719
220,12,5024.782026
220,13,4835.664605
220,14,4432.309656
220,15,4274.811280
220,18,4251.585007
220,19,4179.406087
220,20,4125.087604
220,24,4124.966691
220,25,4103.667682
220,26,4096.798796
221,11,5126.773719
221,12,5024.782026
221,13,4835.664605
221,14,4432.309656
221,15,4274.811280
221,18,4251.585007
221,19,4179.406087
221,20,4125.087604
221,24,4124.966691
221,25,4103.667682
221,26,4096.798796
222,11,5126.773719
222,12,5024.782026
222,13,4835.664605
222,14,4432.309656
222,15,4274.811280
222,18,4251.585007
222,19,4174.756253
222,20,4125.087604
222,24,4124.966691
222,25,4103.667682
222,26,4096.798796
223,11,5126.773719
223,12,5024.782026
223,13,4829.120713
223,14,4432.309656
223,15,4274.811280
223,18,4251.585007
223,19,4174.756253
223,20,4125.087604
223,24,4124.966691
223,25,4103.667682
223,26,4096.798796
224,11,5126.773719
224,12,5024.782026
224,13,4829.120713
224,14,4432.309656
224,15,4274.811280
224,18,4251.585007
224,19,4174.756253
224,20,4125.087604
224,24,4124.966691
224,25,4103.667682
224,26,4096.798796
225,11,5001.599970
225,13,4821.434664
225,14,4432.309656
225,15,4264.617646
225,18,4250.723914
225,19,4174.756253
225,20,4125.087604
225,23,4106.536937
225,25,4097.357171
225,26,4096.332441
226,11,5001.599970
226,12,4983.510606
226,13,4821.434664
226,14,4432.309656
226,15,4264.617646
226,18,4250.723914
226,19,4174.756253
226,20,4125.087604
226,23,4106.536937
226,25,4097.357171
226,26,4096.332441
227,11,5001.599970
227,12,4983.510606
227,13,4821.434664
227,14,4432.309656
227,15,4264.617646
227,18,4250.723914
227,19,4174.756253
227,20,4125.087604
227,23,4106.536937
227,25,4097.357171
227,26,4096.332441
228,11,5001.599970
228,12,4983.510606
228,13,4821.434664
228,14,4432.309656
228,15,4264.617646
228,18,4250.723914
228,19,4174.756253
228,20,4125.087604
228,23,4106.536937
228,25,4097.357171
228,26,4096.332441
229,11,5001.599970
229,12,4983.510606
229,13,4821.434664
229,14,4432.309656
229,15,4264.617646
229,18,4250.723914
229,19,4174.756253
229,20,4125.087604
229,23,4106.536937
229,25,4097.357171
229,26,4096.332441
230,11,5001.599970
230,12,4983.510606
230,13,4783.679383
230,14,4432.309656
230,15,4264.617646
230,18,4250.723914
230,19,4174.756253
230,20,4117.146505
230,23,4106.536937
230,25,4097.357171
230,26,4096.311821
231,11,5001.599970
231,12,4983.510606
231,13,4783.679383
231,14,4432.309656
231,15,4264.617646
231,18,4250.723914
231,19,4161.312441
231,20,4117.146505
231,23,4106.536937
231,25,4097.357171
231,26,4096.311821
232,11,5001.599970
232,12,4983.510606
232,13,4783.679383
232,14,4324.789954
232,15,4264.617646
232,18,4250.723914
232,19,4161.312441
232,20,4117.146505
232,23,4106.536937
232,25,4097.357171
232,26,4096.311821
233,11,5001.599970
233,12,4983.510606
233,13,4783.679383
233,14,4324.789954
233,15,4264.617646
233,18,4250.723914
233,19,4161.312441
233,20,4117.146505
233,23,4106.536937
233,24,4092.961069
234,11,5001.599970
234,12,4983.510606
234,13,4783.679383
234,14,4324.789954
234,15,4264.617646
234,18,4250.723914
234,19,4161.312441
234,20,4117.146505
234,23,4106.536937
234,24,4076.722182
235,11,5001.599970
235,12,4983.510606
235,13,4783.679383
235,14,4324.789954
235,15,4257.344937
235,18,4250.723914
235,19,4160.325625
235,20,4111.919233
235,23,4106.536937
235,24,4074.173127
236,11,5001.599970
236,12,4983.510606
236,13,4522.460395
236,14,4324.789954
236,15,4257.344937
236,16,4254.704537
236,18,4250.723914
236,19,4160.325625
236,20,4111.919233
236,23,4106.536937
236,24,4074.173127
237,11,5001.599970
237,12,4983.510606
237,13,4522.460395
237,14,4324.789954
237,15,4257.344937
237,16,4254.704537
237,18,4225.391146
237,19,4160.325625
237,20,4111.919233
237,23,4106.536937
237,24,4074.173127
238,11,5001.599970
238,12,4983.510606
238,13,4522.460395
238,14,4324.789954
238,15,4257.344937
238,16,4254.704537
238,18,4225.391146
238,19,4160.325625
238,20,4111.919233
238,23,4106.536937
238,24,4074.173127
239,11,5001.599970
239,12,4983.510606
239,13,4522.460395
239,14,4324.789954
239,15,4257.344937
239,16,4254.704537
239,18,4225.391146
239,19,4160.325625
239,20,4111.919233
239,23,4106.536937
239,24,4074.173127
240,11,5001.599970
240,12,4975.617083
240,13,4498.248152
240,14,4324.789954
240,15,4257.344937
240,16,4254.704537
240,18,4225.125225
240,19,4152.632973
240,20,4111.919233
240,23,4106.536937
240,24,4074.173127
241,11,5000.877905
241,12,4753.040897
241,13,4486.974611
241,14,4300.582348
241,15,4257.344937
241,16,4254.704537
241,18,4225.125225
241,19,4152.632973
241,20,4111.919233
241,23,4106.536937
241,24,4074.173127
242,11,5000.877905
242,12,4753.040897
242,13,4486.974611
242,14,4300.582348
242,15,4257.344937
242,16,4239.821157
242,18,4225.125225
242,19,4152.632973
242,20,4111.919233
242,23,4106.536937
242,24,4074.173127
243,11,5000.877905
243,12,4561.320279
243,13,4486.974611
243,14,4300.582348
243,15,4257.344937
243,16,4239.821157
243,18,4225.125225
243,19,4152.632973
243,20,4111.919233
243,23,4106.536937
243,24,4074.173127
244,11,5000.877905
244,12,4561.320279
244,13,4486.974611
244,14,4300.582348
244,15,4257.344937
244,16,4239.821157
244,18,4225.125225
244,19,4152.632973
244,20,4111.919233
244,23,4106.536937
244,24,4074.173127
245,11,5000.877905
245,12,4561.320279
245,13,4461.527423
245,14,4300.445887
245,15,4252.016201
245,16,4239.821157
245,17,4225.029376
245,19,4152.632973
245,20,4111.919233
245,23,4106.536937
245,24,4069.785371
246,11,5000.877905
246,12,4561.320279
246,13,4461.527423
246,14,4300.445887
246,15,4252.016201
246,16,4239.821157
246,17,4225.029376
246,19,4152.632973
246,20,4111.919233
246,23,4100.000415
246,24,4069.785371
247,11,5000.877905
247,12,4561.320279
247,13,4461.527423
247,14,4300.445887
247,15,4252.016201
247,16,4239.821157
247,17,4225.029376
247,19,4152.632973
247,20,4111.919233
247,22,4090.633799
247,24,4063.581426
248,11,5000.877905
248,12,4561.320279
248,13,4461.527423
248,14,4300.445887
248,15,4252.016201
248,16,4239.821157
248,17,4225.029376
248,19,4147.019149
248,20,4111.919233
248,22,4090.633799
248,24,4063.581426
249,11,5000.877905
249,12,4561.320279
249,13,4434.854634
249,14,4300.445887
249,15,4252.016201
249,16,4239.821157
249,17,4225.029376
249,19,4147.019149
249,20,4111.919233
249,22,4090.633799
249,24,4063.581426
250,11,5000.877905
250,12,4561.320279
250,13,4426.427562
250,14,4284.354129
250,15,4252.016201
250,16,4239.821157
250,17,4225.029376
250,19,4147.019149
250,20,4111.137233
250,22,4089.758338
250,24,4048.009118
251,11,5000.877905
251,12,4561.320279
251,13,4426.427562
251,14,4284.354129
251,15,4252.016201
251,16,4239.821157
251,17,4225.029376
251,19,4147.019149
251,20,4111.137233
251,22,4089.758338
251,24,4048.009118
252,11,5000.877905
252,12,4561.320279
252,13,4426.427562
252,14,4284.354129
252,15,4252.016201
252,16,4239.821157
252,17,4225.029376
252,19,4147.019149
252,20,4111.137233
252,22,4089.758338
252,24,4048.009118
253,11,5000.877905
253,12,4561.320279
253,13,4426.427562
253,14,4284.354129
253,15,4252.016201
253,16,4239.821157
253,17,4225.029376
253,19,4147.019149
253,20,4111.137233
253,22,4089.758338
253,24,4048.009118
254,11,5000.877905
254,12,4561.320279
254,13,4426.427562
254,14,4284.354129
254,15,4252.016201
254,16,4239.821157
254,17,4225.029376
254,19,4147.019149
254,20,4111.137233
254,22,4089.758338
254,24,4048.009118
255,11,5000.877905
255,12,4561.320279
255,13,4426.427562
255,14,4283.885514
255,15,4252.016201
255,16,4239.821157
255,17,4225.029376
255,19,4147.019149
255,20,4111.137233
255,22,4089.758338
255,23,4036.038224
256,11,5000.877905
256,12,4561.320279
256,13,4426.427562
256,14,4283.885514
256,15,4252.016201
256,16,4239.821157
256,17,4225.029376
256,19,4147.019149
256,20,4111.137233
256,22,4089.758338
256,23,4036.038224
257,11,5000.877905
257,12,4561.320279
257,13,4426.427562
257,14,4283.885514
257,15,4252.016201
257,16,4239.821157
257,17,4199.595324
257,19,4147.019149
257,20,4111.137233
257,22,4089.758338
257,23,4036.038224
258,11,5000.877905
258,12,4561.320279
258,13,4426.427562
258,14,4283.885514
258,15,4252.016201
258,16,4239.821157
258,17,4199.595324
258,19,4147.019149
258,20,4111.137233
258,22,4089.758338
258,23,4036.038224
259,11,5000.877905
259,12,4561.320279
259,13,4426.427562
259,14,4283.885514
259,15,4252.016201
259,16,4239.821157
259,17,4199.595324
259,19,4131.159637
259,20,4111.137233
259,22,4089.758338
259,23,4036.038224
260,11,5000.877905
260,12,4561.320279
260,13,4426.427562
260,14,4282.739985
260,15,4252.016201
260,16,4238.224597
260,17,4189.337303
260,18,4176.800328
260,19,4126.417489
260,20,4111.137233
260,22,4088.968779
260,23,4036.038224
261,11,5000.877905
261,12,4561.320279
261,13,4398.839443
261,14,4282.739985
261,15,4252.016201
261,16,4238.224597
261,17,4189.337303
261,18,4176.800328
261,19,4126.417489
261,20,4111.137233
261,22,4088.968779
261,23,4036.038224
262,11,5000.877905
262,12,4550.576729
262,13,4398.839443
262,14,4282.739985
262,15,4252.016201
262,16,4238.224597
262,17,4189.337303
262,18,4176.800328
262,19,4126.417489
262,20,4111.137233
262,22,4088.968779
262,23,4036.038224
263,11,4995.562915
263,12,4550.576729
263,13,4398.839443
263,14,4282.739985
263,15,4252.016201
263,16,4238.224597
263,17,4189.337303
263,18,4169.358560
263,19,4126.417489
263,20,4111.137233
263,22,4088.968779
263,23,4036.038224
264,11,4995.562915
264,12,4550.576729
264,13,4398.839443
264,14,4282.739985
264,15,4252.016201
264,16,4238.224597
264,17,4189.337303
264,18,4169.358560
264,19,4126.417489
264,20,4111.137233
264,22,4088.968779
264,23,4036.038224
265,11,4995.562915
265,12,4550.576729
265,13,4393.028691
265,14,4278.599304
265,15,4241.089731
265,16,4221.306614
265,17,4187.130428
265,18,4169.257214
265,19,4124.102650
265,20,4111.137233
265,22,4086.223048
265,23,4034.375273
266,11,4995.562915
266,12,4550.576729
266,13,4393.028691
266,14,4278.599304
266,15,4241.089731
266,16,4221.306614
266,17,4187.130428
266,18,4169.257214
266,19,4124.102650
266,20,4111.137233
266,22,4086.223048
266,23,4034.375273
267,11,4995.562915
267,12,4550.576729
267,13,4393.028691
267,14,4278.599304
267,15,4241.089731
267,16,4221.306614
267,17,4187.130428
267,18,4169.257214
267,19,4124.102650
267,20,4111.137233
267,22,4086.223048
267,23,4034.375273
267,25,4021.504976
268,11,4995.562915
268,12,4550.576729
268,13,4393.028691
268,14,4278.599304
268,15,4241.089731
268,16,4221.306614
268,17,4187.130428
268,18,4169.257214
268,19,4124.102650
268,20,4111.137233
268,22,4086.223048
268,23,4034.375273
268,25,4021.504976
269,11,4995.562915
269,12,4550.576729
269,13,4393.028691
269,14,4278.599304
269,15,4241.089731
269,16,4221.306614
269,17,4187.130428
269,18,4169.257214
269,19,4108.368222
269,22,4086.223048
269,23,4034.375273
269,25,4021.504976
270,11,4995.562915
270,12,4547.278692
270,13,4361.495723
270,14,4278.599304
270,15,4241.089731
270,16,4218.896976
270,17,4187.130428
270,18,4169.257214
270,19,4108.368222
270,22,4083.119678
270,23,4034.375273
270,25,4020.715416
271,11,4995.562915
271,12,4547.278692
271,13,4361.495723
271,14,4278.599304
271,15,4241.089731
271,16,4218.896976
271,17,4187.130428
271,18,4169.257214
271,19,4108.368222
271,22,4083.119678
271,23,4034.375273
271,25,4020.715416
272,11,4984.854607
272,12,4547.278692
272,13,4361.495723
272,14,4278.599304
272,15,4241.089731
272,16,4218.896976
272,17,4187.130428
272,18,4169.257214
272,19,4108.368222
272,22,4083.119678
272,23,4034.375273
272,25,4020.715416
273,11,4984.854607
273,12,4547.278692
273,13,4361.495723
273,14,4278.599304
273,15,4241.089731
273,16,4192.757567
273,17,4187.130428
273,18,4169.257214
273,19,4108.368222
273,22,4083.119678
273,23,4034.375273
273,25,4020.715416
274,11,4984.854607
274,12,4547.278692
274,13,4361.495723
274,14,4278.599304
274,15,4241.089731
274,16,4192.757567
274,17,4187.130428
274,18,4169.257214
274,19,4108.368222
274,22,4083.119678
274,23,4034.375273
274,25,4020.715416
275,11,4984.854607
275,12,4547.278692
275,13,4361.495723
275,14,4268.042966
275,15,4233.979633
275,16,4186.453239
275,17,4181.475419
275,18,4168.457246
275,19,4107.193737
275,22,4083.119678
275,23,4034.375273
275,25,4019.187884
276,11,4984.854607
276,12,4547.278692
276,13,4361.495723
276,14,4268.042966
276,15,4233.979633
276,16,4186.453239
276,17,4181.475419
276,18,4168.457246
276,19,4107.193737
276,22,4072.416475
276,23,4034.375273
276,25,4019.187884
277,11,4984.854607
277,12,4546.792484
277,13,4361.495723
277,14,4268.042966
277,15,4233.979633
277,16,4186.453239
277,17,4181.475419
277,18,4168.457246
277,19,4107.193737
277,22,4072.416475
277,23,4034.375273
277,25,4019.187884
278,11,4984.854607
278,12,4521.566982
278,13,4361.495723
278,14,4268.042966
278,15,4233.979633
278,16,4186.453239
278,17,4181.475419
278,18,4168.457246
278,19,4107.193737
278,22,4072.416475
278,23,4034.375273
278,25,4019.187884
279,11,4984.854607
279,12,4521.566982
279,13,4361.495723
279,14,4268.042966
279,15,4233.979633
279,16,4186.453239
279,17,4181.475419
279,18,4168.457246
279,19,4107.193737
279,22,4068.838733
279,23,4034.375273
279,25,4019.187884
280,11,4984.854607
280,12,4512.991439
280,13,4361.495723
280,14,4267.882153
280,15,4221.445583
280,16,4186.453239
280,17,4181.475419
280,18,4168.457246
280,19,4106.733537
280,22,4068.838733
280,23,4034.375273
280,25,4017.897997
281,11,4984.854607
281,12,4512.991439
281,13,4361.495723
281,14,4267.882153
281,15,4221.445583
281,16,4186.453239
281,17,4181.475419
281,18,4168.457246
281,19,4106.733537
281,22,4068.838733
281,23,4034.375273
281,25,4017.897997
282,11,4938.924166
282,12,4486.779308
282,13,4361.495723
282,14,4267.882153
282,15,4221.445583
282,16,4186.453239
282,17,4181.475419
282,18,4168.457246
282,19,4106.733537
282,22,4068.838733
282,23,4034.375273
282,25,4017.897997
283,11,4938.924166
283,12,4486.779308
283,13,4361.495723
283,14,4267.882153
283,15,4221.445583
283,16,4186.453239
283,17,4181.475419
283,18,4168.457246
283,19,4106.733537
283,22,4068.838733
283,23,4034.375273
283,25,4017.897997
284,11,4876.609778
284,12,4486.779308
284,13,4361.495723
284,14,4239.141820
284,15,4221.445583
284,16,4184.973490
284,17,4181.475419
284,18,4168.457246
284,19,4106.733537
284,22,4068.838733
284,23,4034.375273
284,25,4017.897997
285,11,4876.609778
285,12,4482.720492
285,13,4352.696938
285,14,4239.141820
285,15,4221.445583
285,16,4178.222180
285,18,4167.338823
285,19,4106.733537
285,22,4068.838733
285,23,4034.375273
285,25,4005.317034
286,11,4876.609778
286,12,4482.720492
286,13,4352.696938
286,14,4239.141820
286,15,4221.445583
286,16,4178.222180
286,18,4167.338823
286,19,4106.733537
286,22,4047.727106
286,23,4034.375273
286,25,4005.317034
287,11,4860.597834
287,12,4482.720492
287,13,4352.696938
287,14,4239.141820
287,15,4221.445583
287,16,4178.222180
287,18,4167.338823
287,19,4106.733537
287,22,4047.727106
287,23,4034.375273
287,25,4005.317034
288,11,4860.597834
288,12,4467.358291
288,13,4352.696938
288,14,4239.141820
288,15,4221.445583
288,16,4178.222180
288,18,4167.338823
288,19,4106.733537
288,22,4047.727106
288,23,4034.375273
288,25,4005.317034
289,11,4860.597834
289,12,4467.358291
289,13,4352.696938
289,14,4239.141820
289,15,4221.445583
289,16,4178.222180
289,18,4167.338823
289,19,4106.733537
289,22,4047.727106
289,23,4034.375273
289,25,4005.317034
290,11,4860.597834
290,12,4438.487369
290,13,4352.696938
290,14,4239.141820
290,15,4221.445583
290,16,4178.222180
290,18,4167.338823
290,19,4106.733537
290,22,4047.727106
290,23,4034.256852
290,25,4003.654083
291,11,4860.597834
291,12,4438.487369
291,13,4352.696938
291,14,4239.141820
291,15,4221.445583
291,16,4178.222180
291,18,4167.338823
291,19,4106.733537
291,22,4047.727106
291,23,4034.256852
291,25,4003.654083
292,11,4860.597834
292,12,4438.487369
292,13,4352.696938
292,14,4239.141820
292,15,4221.445583
292,16,4178.222180
292,17,4175.554287
292,18,4167.338823
292,19,4106.733537
292,22,4047.727106
292,23,4034.256852
292,25,4003.654083
293,11,4860.597834
293,12,4438.487369
293,13,4352.696938
293,14,4239.141820
293,15,4221.445583
293,16,4178.222180
293,17,4175.554287
293,18,4167.338823
293,19,4106.733537
293,20,4067.539649
293,22,4047.727106
293,23,4034.256852
293,25,4003.654083
294,11,4841.112074
294,12,4438.487369
294,13,4352.696938
294,14,4239.141820
294,15,4221.445583
294,16,4178.222180
294,17,4175.554287
294,18,4167.338823
294,19,4106.733537
294,20,4067.539649
294,22,4047.727106
294,23,4034.256852
294,25,4003.654083
295,11,4841.112074
295,12,4422.357997
295,13,4352.696938
295,14,4239.141820
295,15,4216.032918
295,16,4177.052679
295,17,4170.479790
295,18,4162.571490
295,19,4106.733537
295,20,4067.539649
295,22,4047.727106
295,23,4032.729320
295,25,4003.654083
296,11,4841.112074
296,12,4422.357997
296,13,4352.696938
296,14,4239.141820
296,15,4216.032918
296,16,4177.052679
296,17,4163.423850
296,18,4162.571490
296,19,4106.733537
296,20,4067.539649
296,22,4047.727106
296,23,4032.729320
296,25,4003.654083
297,11,4841.112074
297,12,4422.357997
297,13,4352.696938
297,14,4239.141820
297,15,4206.757910
297,16,4177.052679
297,17,4163.423850
297,18,4162.571490
297,19,4106.733537
297,20,4067.539649
297,22,4047.727106
297,23,4032.729320
297,25,4003.654083
298,11,4841.112074
298,12,4422.357997
298,13,4352.696938
298,14,4239.141820
298,15,4206.757910
298,16,4177.052679
298,17,4163.423850
298,18,4162.571490
298,19,4106.733537
298,20,4067.539649
298,22,4047.727106
298,23,4032.729320
298,25,4003.654083
299,11,4841.112074
299,12,4422.357997
299,13,4352.696938
299,14,4239.141820
299,15,4206.757910
299,16,4177.052679
299,17,4163.423850
299,18,4162.571490
299,19,4087.361722
299,20,4047.390290
299,23,4032.729320
299,25,4003.654083
300,10,5485.887218
300,11,4841.112074
300,12,4422.357997
300,13,4350.989259
300,14,4239.141820
300,15,4192.535495
300,16,4164.957990
300,17,4163.423850
300,18,4162.571490
300,19,4084.399275
300,20,4044.095312
300,23,4032.729320
300,25,4003.654083
301,10,5485.887218
301,11,4841.112074
301,12,4422.357997
301,13,4343.519808
301,14,4239.141820
301,15,4192.535495
301,16,4164.957990
301,17,4163.423850
301,18,4162.571490
301,19,4084.399275
301,20,4044.095312
301,23,4032.729320
301,25,4003.654083
302,10,5485.887218
302,11,4841.112074
302,12,4422.357997
302,13,4343.519808
302,14,4239.141820
302,15,4192.535495
302,16,4164.957990
302,17,4163.423850
302,18,4162.571490
302,19,4084.399275
302,20,4044.095312
302,23,4032.729320
302,25,4003.654083
303,10,5485.887218
303,11,4795.315515
303,12,4422.357997
303,13,4343.519808
303,14,4239.141820
303,15,4192.535495
303,16,4164.957990
303,17,4163.423850
303,18,4162.571490
303,19,4084.399275
303,20,4044.095312
303,21,4042.565025
303,23,4032.729320
303,25,4003.654083
304,10,5485.887218
304,11,4795.315515
304,12,4422.357997
304,13,4343.519808
304,14,4239.141820
304,15,4192.535495
304,16,4164.957990
304,17,4163.423850
304,18,4162.571490
304,19,4084.399275
304,20,4044.095312
304,21,4042.565025
304,23,4032.729320
304,25,4003.654083
305,10,5485.887218
305,11,4795.315515
305,12,4422.357997
305,13,4343.519808
305,14,4239.141820
305,15,4192.535495
305,16,4164.957990
305,17,4163.423850
305,18,4162.571490
305,19,4084.399275
305,20,4034.752493
305,23,4032.729320
305,25,4003.654083
306,10,5485.887218
306,11,4795.315515
306,12,4422.357997
306,13,4343.519808
306,14,4239.141820
306,15,4192.535495
306,16,4164.957990
306,17,4163.423850
306,18,4162.571490
306,19,4084.399275
306,20,4034.752493
306,23,4032.729320
306,25,4003.654083
307,10,5485.887218
307,11,4795.315515
307,12,4422.357997
307,13,4343.519808
307,14,4239.141820
307,15,4192.535495
307,16,4164.957990
307,17,4163.423850
307,18,4162.571490
307,19,4084.399275
307,20,4034.752493
307,23,4032.729320
307,25,4003.654083
308,10,5485.887218
308,11,4795.315515
308,12,4422.357997
308,13,4343.519808
308,14,4239.141820
308,15,4192.535495
308,16,4164.957990
308,17,4163.423850
308,18,4162.571490
308,19,4084.399275
308,20,4034.752493
308,23,4032.729320
308,25,4003.654083
309,10,5485.887218
309,11,4795.315515
309,12,4422.357997
309,13,4343.519808
309,14,4239.141820
309,15,4192.535495
309,16,4164.957990
309,17,4163.423850
309,18,4162.571490
309,19,4084.399275
309,20,4034.752493
309,23,4032.729320
309,25,4003.654083
310,10,5485.887218
310,11,4795.315515
310,12,4422.357997
310,13,4343.519808
310,14,4239.141820
310,15,4189.650093
310,16,4164.756401
310,17,4163.423850
310,18,4162.571490
310,19,4084.399275
310,20,4029.573689
310,25,4003.654083
311,10,5485.887218
311,11,4795.315515
311,12,4422.357997
311,13,4343.519808
311,14,4239.141820
311,15,4189.650093
311,16,4164.756401
311,17,4163.423850
311,18,4162.571490
311,19,4084.399275
311,20,4029.573689
311,25,4003.654083
312,10,5485.887218
312,11,4795.315515
312,12,4422.357997
312,13,4343.519808
312,14,4239.141820
312,15,4189.650093
312,16,4164.756401
312,17,4157.579128
312,18,4152.921388
312,19,4084.399275
312,20,4029.573689
312,25,4003.654083
313,10,5485.887218
313,11,4795.315515
313,12,4422.357997
313,13,4343.519808
313,14,4239.141820
313,15,4189.650093
313,16,4164.756401
313,17,4157.579128
313,18,4152.921388
313,19,4084.399275
313,20,4029.573689
313,25,4003.654083
314,10,5485.887218
314,11,4795.315515
314,12,4422.357997
314,13,4343.519808
314,14,4239.141820
314,15,4189.650093
314,16,4164.756401
314,17,4157.579128
314,18,4152.921388
314,19,4084.399275
314,20,4029.573689
314,25,4003.654083
315,10,5485.887218
315,11,4795.315515
315,12,4408.867126
315,13,4343.519808
315,14,4239.141820
315,15,4189.323052
315,16,4164.756401
315,17,4157.579128
315,18,4137.764293
315,19,4084.399275
315,20,4029.573689
315,25,4003.654083
316,10,5485.887218
316,11,4795.315515
316,12,4408.867126
316,13,4343.519808
316,14,4239.141820
316,15,4189.323052
316,16,4164.756401
316,17,4157.579128
316,18,4137.764293
316,19,4084.399275
316,20,4029.573689
316,25,4003.654083
317,10,5485.887218
317,11,4417.931854
317,12,4408.867126
317,13,4343.519808
317,14,4239.141820
317,15,4189.323052
317,16,4164.756401
317,17,4157.579128
317,18,4137.764293
317,19,4084.399275
317,20,4029.573689
317,25,4003.654083
318,10,5355.143366
318,11,4417.931854
318,12,4407.713841
318,13,4343.519808
318,14,4239.141820
318,15,4189.323052
318,16,4160.421900
318,17,4157.579128
318,18,4137.764293
318,19,4084.399275
318,20,4029.573689
318,25,4003.654083
319,10,5355.143366
319,11,4417.931854
319,12,4407.713841
319,13,4342.272256
319,14,4239.141820
319,15,4189.323052
319,16,4160.421900
319,17,4157.579128
319,18,4137.764293
319,19,4084.399275
319,20,4029.573689
319,25,4003.654083
320,10,5355.143366
320,11,4417.931854
320,12,4407.713841
320,13,4341.121303
320,14,4239.141820
320,15,4186.584195
320,16,4160.421900
320,17,4157.579128
320,18,4136.499985
320,19,4084.399275
320,20,4029.573689
320,25,3999.028486
321,10,5355.143366
321,11,4417.931854
321,12,4390.686616
321,13,4341.121303
321,14,4239.141820
321,15,4186.584195
321,16,4160.421900
321,17,4157.579128
321,18,4136.499985
321,19,4084.399275
321,20,4029.573689
321,25,3999.028486
322,10,5355.143366
322,11,4417.931854
322,12,4390.686616
322,13,4341.121303
322,14,4239.141820
322,15,4186.584195
322,16,4160.421900
322,17,4157.579128
322,18,4136.499985
322,19,4084.399275
322,20,4029.573689
322,25,3999.028486
323,10,5250.737751
323,11,4417.931854
323,12,4373.817088
323,13,4341.121303
323,14,4239.141820
323,15,4186.584195
323,16,4160.421900
323,17,4157.579128
323,18,4136.499985
323,19,4084.399275
323,20,4029.573689
323,25,3999.028486
324,10,5250.737751
324,11,4399.026830
324,12,4373.817088
324,13,4341.121303
324,14,4239.141820
324,15,4186.584195
324,16,4160.421900
324,17,4157.579128
324,18,4136.499985
324,19,4084.399275
324,20,4029.573689
324,25,3999.028486
325,10,5250.737751
325,11,4399.026830
325,12,4352.332444
325,13,4341.121303
325,14,4239.141820
325,15,4186.584195
325,16,4160.421900
325,17,4142.422033
325,18,4136.499985
325,19,4082.603017
325,20,4028.190171
325,25,3996.860165
326,10,5250.737751
326,11,4399.026830
326,12,4352.332444
326,13,4341.121303
326,14,4239.141820
326,15,4186.584195
326,16,4160.421900
326,17,4142.422033
326,18,4136.499985
326,19,4082.603017
326,20,4028.190171
326,25,3996.860165
327,10,5250.737751
327,11,4399.026830
327,12,4352.332444
327,13,4341.121303
327,14,4239.141820
327,15,4186.584195
327,16,4160.421900
327,17,4142.422033
327,18,4136.499985
327,19,4082.603017
327,20,4028.190171
327,25,3996.860165
328,10,5250.737751
328,11,4399.026830
328,12,4352.332444
328,13,4341.121303
328,14,4239.141820
328,15,4186.584195
328,16,4160.421900
328,17,4142.422033
328,18,4136.499985
328,19,4082.603017
328,20,4028.190171
328,25,3996.860165
