Generation,NV,TOC
1,17,6082.803162
1,18,5942.766151
1,19,5521.752162
1,22,5198.842366
1,24,5044.604808
1,25,4924.166567
1,28,4622.970666
1,45,4590.796701
2,16,9414.138929
2,17,6082.803162
2,18,5942.766151
2,19,5515.527053
2,20,5357.411557
2,22,5196.738796
2,24,5044.604808
2,25,4924.166567
2,26,4865.996305
2,28,4622.970666
2,29,4601.163779
2,31,4558.381539
2,35,4552.312545
3,16,9289.457004
3,17,6082.803162
3,18,5942.766151
3,19,5515.527053
3,20,5357.411557
3,22,5196.738796
3,23,5143.420751
3,24,4892.219663
3,26,4795.416034
3,28,4622.970666
3,29,4601.163779
3,31,4558.381539
3,35,4552.312545
3,39,4551.647576
4,16,8345.687470
4,17,5912.196697
4,19,5515.527053
4,20,5320.924052
4,21,5301.354431
4,22,5196.738796
4,23,5061.373559
4,24,4892.219663
4,26,4795.416034
4,27,4658.254963
4,28,4622.970666
4,29,4597.551225
4,31,4558.381539
4,35,4552.312545
4,39,4551.647576
5,15,9669.794491
5,16,8125.382571
5,17,5912.196697
5,18,5697.382384
5,19,5515.527053
5,20,5320.924052
5,21,5301.354431
5,22,5196.738796
5,23,5023.345427
5,24,4892.219663
5,26,4721.284586
5,27,4658.254963
5,28,4622.970666
5,29,4597.551225
5,31,4394.516108
6,15,9669.794491
6,16,6770.592602
6,17,5912.196697
6,18,5697.382384
6,19,5515.527053
6,20,5320.924052
6,21,5301.354431
6,22,5196.738796
6,23,4766.700769
6,25,4590.543252
6,29,4583.835846
6,31,4382.984072
6,37,4353.678823
7,15,9563.465311
7,16,6501.570036
7,17,5709.711218
7,18,5697.382384
7,19,5301.525428
7,21,5301.354431
7,22,5196.738796
7,23,4766.700769
7,25,4590.543252
7,29,4583.835846
7,30,4273.467295
8,15,9162.823487
8,16,6501.570036
8,17,5501.790481
8,19,5218.218082
8,22,4478.416097
8,28,4248.001292
9,15,9162.823487
9,16,6498.621987
9,17,5501.790481
9,19,5218.218082
9,22,4478.416097
9,28,4248.001292
10,15,9162.823487
10,16,6064.139677
10,17,5501.790481
10,19,5218.218082
10,21,5152.918629
10,22,4478.416097
10,28,4248.001292
10,30,4116.081551
11,15,8558.188864
11,16,6064.139677
11,17,5501.790481
11,18,4941.878378
11,22,4478.416097
11,28,4248.001292
11,30,4116.081551
11,32,4067.724810
12,15,8558.188864
12,16,6064.139677
12,17,5501.790481
12,18,4728.567177
12,22,4478.416097
12,28,4248.001292
12,29,4199.764391
12,30,4116.081551
12,32,4067.724810
13,15,8338.487891
13,16,4859.401774
13,17,4652.976596
13,20,4496.611289
13,22,4455.128650
13,27,4237.477563
13,29,4126.104019
13,30,4104.293664
13,31,4056.261928
14,15,7563.166376
14,16,4859.401774
14,17,4652.976596
14,20,4496.611289
14,21,4360.660991
14,26,4100.037716
14,31,4056.261928
15,15,7563.166376
15,16,4859.401774
15,17,4652.976596
15,20,4496.611289
15,21,4360.660991
15,26,4100.037716
15,28,4060.362706
15,31,4036.423911
16,15,7563.166376
16,16,4859.401774
16,17,4652.976596
16,20,4496.611289
16,21,4313.344143
16,26,4100.037716
16,28,4040.721411
16,31,4036.423911
17,14,8704.615200
17,15,6123.338384
17,16,4859.401774
17,17,4652.976596
17,20,4496.611289
17,21,4313.344143
17,23,4260.516391
17,24,4244.702219
17,25,4198.349146
17,26,4100.037716
17,28,4040.721411
17,31,4036.423911
18,14,6298.356800
18,15,6123.338384
18,16,4859.401774
18,17,4649.892180
18,18,4598.009052
18,20,4444.779336
18,21,4313.344143
18,23,4249.617041
18,24,4204.006848
18,25,4030.370956
18,30,4019.647421
19,14,6298.356800
19,15,5928.026229
19,16,4859.401774
19,17,4649.892180
19,18,4598.009052
19,19,4514.878832
19,20,4444.779336
19,21,4313.344143
19,23,4249.617041
19,24,4167.225142
19,25,4030.370956
19,30,4019.647421
19,31,3988.502334
20,14,6298.356800
20,15,5928.026229
20,16,4768.769779
20,17,4649.892180
20,18,4598.009052
20,19,4514.878832
20,20,4444.779336
20,21,4313.344143
20,23,4249.617041
20,24,4167.225142
20,25,4018.019162
20,26,4001.710568
20,31,3988.502334
21,14,6298.356800
21,15,5928.026229
21,16,4768.769779
21,17,4566.129077
21,19,4514.878832
21,20,4444.779336
21,21,4313.344143
21,23,4191.317532
21,24,4043.115830
21,25,4018.019162
21,26,4001.710568
21,31,3988.502334
21,32,3974.383425
22,14,6156.198445
22,15,5928.026229
22,16,4768.769779
22,17,4490.601085
22,20,4444.779336
22,21,4313.344143
22,23,4191.317532
22,24,4043.115830
22,25,4018.019162
22,26,4001.710568
22,31,3988.502334
22,32,3974.383425
23,12,7835.326065
23,14,5734.452046
23,15,5509.552860
23,16,4365.536543
23,18,4156.882147
23,23,4124.448314
23,24,4029.572368
23,25,3996.579732
23,26,3946.648007
24,12,7835.326065
24,14,4797.379911
24,16,4365.536543
24,17,4308.795740
24,18,4156.882147
24,23,4124.448314
24,24,3980.106949
24,26,3946.648007
25,12,7835.326065
25,14,4797.379911
25,16,4365.536543
25,17,4308.795740
25,18,4156.882147
25,23,4124.448314
25,24,3980.106949
25,26,3946.648007
26,12,7835.326065
26,14,4797.379911
26,16,4365.536543
26,17,4231.727609
26,18,4156.882147
26,23,4108.438357
26,24,3980.106949
26,26,3946.648007
27,12,7835.326065
27,14,4797.379911
27,16,4365.536543
27,17,4231.727609
27,18,4156.882147
27,21,4066.759720
27,24,3980.106949
27,26,3946.648007
28,12,7835.326065
28,13,6186.625513
28,14,4784.926575
28,16,4333.814743
28,17,4216.071280
28,18,4154.982991
28,21,4057.192443
28,24,3980.106949
28,26,3942.786412
29,12,7835.326065
29,13,6186.625513
29,14,4784.926575
29,16,4333.814743
29,17,4216.071280
29,18,4154.982991
29,21,4057.192443
29,24,3926.337686
30,12,7835.326065
30,13,5760.645112
30,14,4784.926575
30,15,4645.513665
30,16,4221.185057
30,17,4216.071280
30,18,4154.982991
30,20,4141.014836
30,21,4057.192443
30,24,3926.337686
30,25,3909.706603
31,12,7835.326065
31,13,5760.645112
31,14,4784.926575
31,15,4645.513665
31,16,4221.185057
31,17,4216.071280
31,18,4147.632141
31,20,4139.521153
31,21,4057.192443
31,24,3926.337686
31,25,3909.706603
32,12,7835.326065
32,13,5760.645112
32,14,4784.926575
32,15,4645.513665
32,16,4221.185057
32,17,4216.071280
32,18,4147.632141
32,19,4102.445343
32,20,4043.051563
32,24,3926.337686
32,25,3909.706603
33,12,7557.180553
33,13,5675.449214
33,14,4717.820383
33,15,4382.360397
33,16,4147.398106
33,19,4017.000336
33,23,3903.742634
34,12,7370.499872
34,13,5675.449214
34,14,4717.820383
34,15,4382.360397
34,16,4147.398106
34,17,4130.247813
34,19,4017.000336
34,23,3903.742634
35,12,7370.499872
35,13,5675.449214
35,14,4717.820383
35,15,4382.360397
35,16,4147.398106
35,17,4130.247813
35,19,4017.000336
35,22,4016.867372
35,23,3903.742634
36,12,7370.499872
36,13,5675.449214
36,14,4717.820383
36,15,4382.360397
36,16,4147.398106
36,17,4078.882646
36,18,4071.157386
36,19,4017.000336
36,22,4016.867372
36,23,3903.742634
37,12,6973.595838
37,13,5675.449214
37,14,4717.820383
37,15,4382.360397
37,16,4147.398106
37,17,4078.882646
37,18,4071.157386
37,19,4017.000336
37,22,4016.867372
37,23,3903.742634
38,12,6973.595838
38,13,5453.075008
38,14,4685.059035
38,15,4382.360397
38,16,4146.054557
38,17,4075.994013
38,18,4067.774035
38,19,3956.732334
38,21,3901.180406
39,12,6973.595838
39,13,5453.075008
39,14,4685.059035
39,15,4382.360397
39,16,4123.728418
39,17,4075.994013
39,18,3992.024914
39,19,3956.732334
39,21,3901.180406
39,27,3892.448170
40,12,6973.595838
40,13,5453.075008
40,14,4685.059035
40,15,4382.360397
40,16,4123.728418
40,17,4075.994013
40,18,3992.024914
40,19,3956.732334
40,20,3955.720754
40,21,3901.180406
40,27,3892.448170
41,12,6973.595838
41,13,5453.075008
41,14,4685.059035
41,15,4382.360397
41,16,4123.728418
41,17,4075.994013
41,18,3992.024914
41,19,3956.732334
41,20,3955.720754
41,21,3901.180406
41,27,3892.448170
42,12,6973.595838
42,13,4705.107724
42,14,4685.059035
42,15,4349.621443
42,16,4123.728418
42,17,3981.695628
42,19,3956.732334
42,20,3955.720754
42,21,3901.180406
42,27,3892.448170
43,12,6973.595838
43,13,4573.895872
43,15,4311.698454
43,16,3974.431149
43,18,3969.552219
43,19,3956.732334
43,20,3931.975583
43,21,3873.345602
43,26,3864.443030
44,12,6973.595838
44,13,4573.895872
44,15,4311.698454
44,16,3974.431149
44,17,3949.365687
44,19,3865.214360
44,26,3864.443030
45,12,6973.595838
45,13,4573.895872
45,15,4166.189566
45,16,3974.431149
45,17,3949.365687
45,19,3865.214360
45,26,3864.443030
46,12,6127.290766
46,13,4573.895872
46,15,3977.210352
46,16,3974.431149
46,17,3937.237897
46,19,3865.214360
46,26,3864.443030
47,11,6869.077497
47,12,6127.290766
47,13,4573.895872
47,14,4570.092351
47,15,3977.210352
47,16,3974.431149
47,17,3937.237897
47,19,3865.214360
47,26,3864.443030
48,11,6565.517685
48,12,6001.351608
48,13,4426.282391
48,14,4089.442494
48,15,3963.712686
48,17,3928.685493
48,18,3859.621458
48,26,3854.498774
49,11,6565.517685
49,12,6001.351608
49,13,4393.062687
49,14,4089.442494
49,15,3963.712686
49,17,3928.685493
49,18,3859.621458
49,26,3854.498774
50,11,6565.517685
50,12,6001.351608
50,13,4393.062687
50,14,3976.533539
50,15,3963.712686
50,16,3945.483958
50,17,3928.685493
50,18,3859.621458
50,26,3854.498774
51,11,6565.517685
51,12,4259.406355
51,14,3976.533539
51,15,3963.712686
51,16,3945.483958
51,17,3928.685493
51,18,3859.621458
51,26,3854.498774
52,11,6565.517685
52,12,4259.406355
52,14,3976.533539
52,15,3963.712686
52,16,3945.483958
52,17,3928.685493
52,18,3859.621458
52,26,3854.498774
53,11,6565.517685
53,12,4259.406355
53,14,3976.533539
53,15,3963.712686
53,16,3945.483958
53,17,3928.685493
53,18,3859.621458
53,26,3854.498774
54,11,6565.517685
54,12,4259.406355
54,13,4234.689906
54,14,3976.533539
54,15,3956.703600
54,16,3945.483958
54,17,3928.685493
54,18,3859.621458
54,26,3854.498774
55,11,6565.517685
55,12,4259.406355
55,13,4234.689906
55,14,3976.533539
55,15,3956.703600
55,16,3945.483958
55,17,3928.685493
55,18,3859.621458
55,22,3858.563934
55,26,3854.498774
56,11,6425.533124
56,12,4240.258170
56,13,4234.689906
56,14,3975.301877
56,15,3921.838203
56,18,3854.228730
56,22,3851.343418
57,11,6425.533124
57,12,4240.258170
57,13,4234.689906
57,14,3975.301877
57,15,3921.838203
57,18,3854.228730
57,22,3851.343418
58,11,6425.533124
58,12,4240.258170
58,13,4234.689906
58,14,3975.301877
58,15,3921.838203
58,18,3854.228730
58,19,3832.229514
59,11,6425.533124
59,12,4240.258170
59,13,4234.689906
59,14,3975.301877
59,15,3921.838203
59,17,3844.351447
59,19,3832.229514
60,11,6189.946633
60,12,4240.258170
60,13,4234.689906
60,14,3975.301877
60,15,3921.838203
60,16,3870.564013
60,17,3844.351447
60,18,3815.773334
61,11,5936.818934
61,12,4230.025988
61,13,4106.201554
61,14,3959.420120
61,15,3913.913687
61,16,3865.442196
61,17,3820.420711
61,18,3812.293772
62,11,5936.818934
62,12,4209.704988
62,13,4106.201554
62,14,3959.420120
62,15,3913.913687
62,16,3865.442196
62,17,3820.420711
62,18,3812.293772
63,11,5936.818934
63,12,4209.704988
63,13,4106.201554
63,14,3959.420120
63,15,3913.913687
63,16,3865.442196
63,17,3820.420711
63,18,3812.293772
64,11,5936.818934
64,12,4209.704988
64,13,4106.201554
64,14,3959.420120
64,15,3913.913687
64,16,3865.442196
64,17,3820.420711
64,18,3807.072760
65,11,5187.797139
65,12,4195.420660
65,13,4106.201554
65,14,3959.420120
65,15,3913.913687
65,16,3847.498363
65,17,3820.420711
65,18,3807.072760
66,11,4985.923619
66,12,4192.611942
66,13,4098.394772
66,14,3934.647738
66,15,3911.804575
66,16,3847.498363
66,17,3820.420711
66,18,3799.586097
67,11,4985.923619
67,12,4192.611942
67,13,4098.394772
67,14,3934.647738
67,15,3911.804575
67,16,3847.498363
67,17,3802.946911
67,18,3799.586097
68,11,4985.923619
68,12,4145.327975
68,13,4098.394772
68,14,3934.647738
68,15,3904.859926
68,16,3847.498363
68,17,3802.946911
68,18,3799.586097
69,11,4985.923619
69,12,4145.327975
69,13,4098.394772
69,14,3934.647738
69,15,3904.859926
69,16,3847.498363
69,17,3802.946911
69,18,3799.586097
70,11,4985.923619
70,12,4145.327975
70,13,4034.179310
70,14,3934.647738
70,15,3904.859926
70,16,3847.498363
70,17,3802.946911
70,18,3799.586097
70,20,3772.046800
71,11,4967.159160
71,12,4144.816212
71,13,3987.440311
71,14,3932.753194
71,15,3903.241340
71,16,3844.986160
71,17,3782.665293
71,20,3769.689342
72,11,4538.837773
72,12,4144.816212
72,13,3987.440311
72,14,3932.753194
72,15,3902.080689
72,16,3844.986160
72,17,3782.665293
72,20,3769.689342
73,11,4430.987295
73,12,4125.924128
73,13,3987.440311
73,14,3932.753194
73,15,3865.167981
73,16,3827.046623
73,17,3782.665293
73,20,3769.689342
74,11,4430.987295
74,12,4086.917705
74,13,3987.440311
74,14,3932.753194
74,15,3865.167981
74,16,3827.046623
74,17,3782.665293
74,20,3769.689342
75,11,4430.987295
75,12,4086.917705
75,13,3987.440311
75,14,3932.753194
75,15,3865.167981
75,16,3827.046623
75,17,3782.665293
75,20,3769.689342
76,11,4412.686448
76,12,4086.917705
76,13,3985.885523
76,14,3928.872809
76,15,3846.065711
76,16,3814.681743
76,17,3779.082317
76,20,3766.980274
77,11,4412.686448
77,12,4086.917705
77,13,3985.885523
77,14,3928.872809
77,15,3846.065711
77,16,3814.681743
77,17,3779.082317
77,20,3766.980274
78,10,4720.216623
78,11,4412.686448
78,12,4086.917705
78,13,3985.885523
78,14,3928.872809
78,15,3834.297253
78,16,3814.681743
78,17,3779.082317
78,20,3766.980274
79,10,4720.216623
79,11,4412.686448
79,12,4086.917705
79,13,3985.885523
79,14,3928.872809
79,15,3834.297253
79,16,3814.681743
79,17,3779.082317
79,19,3755.461496
80,10,4720.216623
80,11,4412.686448
80,12,4086.917705
80,13,3985.885523
80,14,3884.438371
80,15,3815.528899
80,16,3814.681743
80,17,3779.082317
80,19,3755.461496
81,10,4618.527458
81,11,4267.449404
81,12,4027.485592
81,13,3985.885523
81,14,3883.113126
81,15,3801.172815
81,17,3776.930398
81,19,3755.461496
81,21,3733.610541
82,10,4618.527458
82,11,4267.449404
82,12,4027.485592
82,13,3985.885523
82,14,3873.881371
82,15,3801.172815
82,17,3759.805048
82,18,3757.161136
82,19,3755.461496
82,21,3733.610541
83,10,4618.527458
83,11,4267.449404
83,12,4027.485592
83,13,3985.885523
83,14,3867.908593
83,15,3801.172815
83,17,3738.122880
83,18,3734.086219
83,21,3733.610541
84,10,4618.527458
84,11,4267.449404
84,12,4016.592340
84,13,3964.346592
84,14,3867.908593
84,15,3801.172815
84,17,3738.122880
84,18,3721.232088
85,10,4618.527458
85,11,4267.449404
85,12,4005.518774
85,13,3964.346592
85,14,3832.907180
85,15,3801.172815
85,17,3738.122880
85,18,3721.232088
86,10,4351.818224
86,11,4259.587829
86,12,4002.773269
86,13,3954.901116
86,14,3832.907180
86,15,3801.172815
86,16,3774.754212
86,17,3738.122880
86,18,3721.034809
87,10,4351.818224
87,11,4033.198164
87,12,4002.773269
87,13,3954.901116
87,14,3832.907180
87,15,3780.058593
87,16,3774.754212
87,17,3738.122880
87,18,3721.034809
88,10,4351.818224
88,11,4033.198164
88,12,4002.773269
88,13,3954.901116
88,14,3832.907180
88,15,3780.058593
88,16,3774.754212
88,17,3738.122880
88,18,3721.034809
89,10,4351.818224
89,11,4033.198164
89,12,4002.773269
89,13,3954.901116
89,14,3832.907180
89,15,3780.058593
89,16,3774.754212
89,17,3738.122880
89,18,3721.034809
90,10,4351.818224
90,11,4033.198164
90,12,3984.011833
90,13,3954.901116
90,14,3832.907180
90,15,3780.058593
90,16,3774.754212
90,17,3738.122880
90,18,3721.034809
91,10,4326.181664
91,11,4027.974308
91,12,3976.955778
91,13,3952.550881
91,14,3832.907180
91,15,3780.058593
91,16,3774.754212
91,17,3738.122880
91,18,3721.034809
92,10,4326.181664
92,11,4027.974308
92,12,3976.955778
92,13,3952.550881
92,14,3826.034014
92,15,3780.058593
92,16,3774.754212
92,17,3738.122880
92,18,3721.034809
93,10,4326.181664
93,11,4027.974308
93,12,3976.955778
93,13,3952.550881
93,14,3826.034014
93,15,3780.058593
93,16,3774.754212
93,17,3738.122880
93,18,3721.034809
94,10,4326.181664
94,11,4027.974308
94,12,3972.535406
94,13,3828.714307
94,14,3826.034014
94,15,3780.058593
94,16,3774.754212
94,17,3738.122880
94,18,3721.034809
95,10,4326.181664
95,11,4027.974308
95,12,3972.535406
95,13,3828.714307
95,14,3788.399145
95,15,3780.058593
95,16,3774.754212
95,17,3738.122880
95,18,3721.034809
95,20,3718.362654
96,10,4325.483630
96,11,4027.974308
96,12,3865.870567
96,13,3826.054782
96,14,3784.505668
96,15,3777.839921
96,16,3774.754212
96,17,3737.220592
96,18,3721.034809
96,20,3718.362654
97,10,4325.483630
97,11,4027.974308
97,12,3865.870567
97,13,3826.054782
97,14,3784.505668
97,15,3777.839921
97,16,3774.754212
97,17,3737.220592
97,18,3721.034809
97,20,3718.362654
98,10,4325.483630
98,11,4027.974308
98,12,3865.870567
98,13,3826.054782
98,14,3784.505668
98,15,3777.839921
98,16,3773.532020
98,17,3737.220592
98,18,3721.034809
98,20,3718.362654
99,10,4325.483630
99,11,4027.974308
99,12,3865.870567
99,13,3826.054782
99,14,3784.505668
99,15,3769.943150
99,17,3737.220592
99,18,3721.034809
99,20,3718.362654
100,10,4301.152720
100,11,4027.974308
100,12,3865.870567
100,13,3826.054782
100,14,3784.505668
100,15,3769.943150
100,17,3737.220592
100,18,3721.034809
100,20,3718.362654
101,10,4251.470573
101,11,3997.649164
101,12,3821.626260
101,14,3780.531782
101,15,3769.943150
101,17,3736.076515
101,18,3706.523289
102,10,4251.470573
102,11,3997.649164
102,12,3821.626260
102,14,3757.436346
102,17,3736.076515
102,18,3706.523289
103,10,4238.901630
103,11,3997.649164
103,12,3821.626260
103,14,3757.436346
103,17,3736.076515
103,18,3706.523289
104,10,4238.901630
104,11,3997.649164
104,12,3821.626260
104,14,3757.436346
104,17,3736.076515
104,18,3699.913332
105,10,4238.901630
105,11,3997.649164
105,12,3821.626260
105,14,3757.436346
105,17,3736.076515
105,18,3699.913332
106,10,4238.901630
106,11,3997.184749
106,12,3819.080296
106,14,3747.189726
106,17,3733.613270
106,18,3699.459542
107,10,4185.780446
107,11,3997.184749
107,12,3817.989339
107,14,3747.189726
107,17,3733.613270
107,18,3699.459542
108,10,4185.780446
108,11,3997.184749
108,12,3817.989339
108,14,3747.189726
108,17,3733.613270
108,18,3699.459542
108,22,3683.781728
109,10,4185.780446
109,11,3997.184749
109,12,3817.989339
109,14,3747.189726
109,17,3733.613270
109,18,3699.459542
109,22,3683.781728
110,10,4185.780446
110,11,3997.184749
110,12,3817.989339
110,14,3747.189726
110,17,3733.613270
110,18,3699.459542
110,22,3683.781728
111,10,4073.230195
111,11,3997.184749
111,12,3817.989339
111,14,3739.965703
111,17,3733.613270
111,18,3698.023982
111,22,3682.081738
112,10,4073.230195
112,11,3997.184749
112,12,3809.926215
112,14,3739.965703
112,17,3733.613270
112,18,3698.023982
112,22,3682.081738
113,10,4073.230195
113,11,3997.184749
113,12,3806.435645
113,14,3739.965703
113,17,3733.613270
113,18,3698.023982
113,22,3682.081738
114,10,4073.230195
114,11,3997.184749
114,12,3806.435645
114,14,3739.965703
114,17,3733.613270
114,18,3698.023982
114,22,3682.081738
115,10,4073.230195
115,11,3997.184749
115,12,3793.573455
115,14,3739.965703
115,17,3733.613270
115,18,3698.023982
115,22,3682.081738
116,10,4064.950449
116,11,3958.231331
116,12,3792.731300
116,14,3739.146738
116,17,3733.613270
116,18,3688.084369
116,22,3682.081738
117,10,4026.736348
117,11,3958.231331
117,12,3786.474312
117,14,3739.146738
117,17,3733.613270
117,18,3688.084369
117,22,3682.081738
118,10,4023.763869
118,11,3958.231331
118,12,3786.474312
118,14,3739.146738
118,17,3733.613270
118,18,3688.084369
118,22,3682.081738
119,10,4023.763869
119,11,3958.231331
119,12,3782.901145
119,14,3739.146738
119,17,3733.613270
119,18,3688.084369
119,22,3682.081738
120,10,4002.462558
120,11,3941.135877
120,12,3782.901145
120,14,3739.146738
120,17,3733.613270
120,18,3688.084369
120,22,3682.081738
121,10,4002.412250
121,11,3934.089931
121,12,3781.309674
121,14,3739.146738
121,17,3733.613270
121,18,3688.084369
121,22,3669.667862
122,10,4002.412250
122,11,3910.781476
122,12,3781.309674
122,14,3739.146738
122,15,3716.970562
122,17,3716.767345
122,18,3688.084369
122,22,3669.667862
123,10,4002.412250
123,11,3910.781476
123,12,3781.309674
123,14,3726.049995
123,15,3716.970562
123,17,3716.767345
123,18,3688.084369
123,22,3669.667862
124,10,4002.412250
124,11,3910.781476
124,12,3781.309674
124,14,3726.049995
124,15,3716.970562
124,17,3716.767345
124,18,3688.084369
124,22,3669.667862
125,10,3955.360299
125,11,3910.781476
125,12,3781.309674
125,14,3726.049995
125,15,3716.970562
125,17,3716.767345
125,18,3688.084369
125,22,3669.667862
126,10,3948.620040
126,11,3897.436064
126,12,3781.132525
126,13,3772.310102
126,14,3726.049995
126,15,3715.056049
126,17,3714.664224
126,18,3688.084369
126,22,3669.587393
126,24,3663.298429
127,10,3948.620040
127,11,3813.615339
127,12,3753.748502
127,14,3726.049995
127,15,3715.056049
127,17,3714.664224
127,18,3688.084369
127,19,3685.988036
127,22,3669.587393
127,24,3663.298429
128,10,3948.620040
128,11,3813.615339
128,12,3753.748502
128,13,3745.643268
128,14,3726.049995
128,15,3715.056049
128,16,3714.001339
128,18,3688.084369
128,19,3685.988036
128,22,3669.587393
128,24,3663.298429
129,10,3948.620040
129,11,3813.615339
129,12,3753.748502
129,13,3745.643268
129,14,3726.049995
129,15,3715.056049
129,16,3714.001339
129,18,3688.084369
129,19,3685.988036
129,22,3669.587393
129,24,3663.298429
130,10,3927.808795
130,11,3813.615339
130,12,3753.748502
130,13,3745.643268
130,14,3726.049995
130,15,3715.056049
130,16,3714.001339
130,18,3688.084369
130,19,3685.988036
130,22,3669.587393
130,24,3663.298429
131,10,3918.108224
131,11,3813.615339
131,12,3753.748502
131,13,3745.453273
131,14,3719.809087
131,15,3708.893251
131,17,3696.014827
131,18,3682.517730
131,22,3669.587393
131,24,3663.298429
132,10,3918.108224
132,11,3813.615339
132,12,3753.748502
132,13,3744.161642
132,14,3719.809087
132,15,3708.893251
132,16,3700.595134
132,17,3696.014827
132,18,3682.517730
132,22,3669.587393
132,24,3663.298429
133,10,3918.108224
133,11,3813.615339
133,12,3753.748502
133,13,3744.143820
133,14,3719.809087
133,15,3708.893251
133,16,3700.595134
133,17,3696.014827
133,18,3682.517730
133,22,3669.587393
133,24,3663.298429
134,10,3918.108224
134,11,3813.615339
134,12,3753.243934
134,13,3744.143820
134,14,3719.809087
134,15,3706.597041
134,16,3700.595134
134,17,3696.014827
134,18,3682.517730
134,22,3669.587393
134,24,3663.298429
135,10,3910.120529
135,11,3813.615339
135,12,3753.243934
135,13,3744.143820
135,14,3719.809087
135,15,3706.597041
135,16,3700.595134
135,17,3696.014827
135,18,3682.517730
135,22,3669.587393
135,24,3663.298429
136,10,3873.160908
136,11,3792.135314
136,12,3753.243934
136,13,3742.302404
136,14,3719.809087
136,15,3703.508329
136,16,3700.595134
136,17,3696.014827
136,18,3682.517730
136,22,3669.587393
136,23,3661.997815
137,10,3873.160908
137,11,3792.135314
137,12,3751.723326
137,13,3742.302404
137,14,3719.809087
137,15,3703.508329
137,16,3700.595134
137,17,3696.014827
137,18,3682.517730
137,22,3669.587393
137,23,3661.997815
138,10,3873.160908
138,11,3792.135314
138,12,3749.294413
138,13,3742.302404
138,14,3719.809087
138,15,3703.508329
138,16,3700.595134
138,17,3696.014827
138,18,3682.517730
138,22,3669.587393
138,23,3658.875978
139,10,3873.160908
139,11,3792.135314
139,12,3749.294413
139,13,3742.302404
139,14,3719.809087
139,15,3703.508329
139,16,3700.595134
139,17,3696.014827
139,18,3682.517730
139,22,3669.587393
139,23,3658.875978
140,10,3873.160908
140,11,3792.135314
140,12,3749.294413
140,13,3742.302404
140,14,3719.809087
140,15,3703.508329
140,16,3691.917146
140,18,3679.917788
140,22,3669.587393
140,23,3658.875978
141,10,3873.160908
141,11,3753.432214
141,12,3747.573622
141,13,3741.433757
141,14,3716.313694
141,15,3683.614556
141,18,3667.280715
141,21,3641.650261
142,10,3862.163412
142,11,3753.432214
142,12,3747.573622
142,13,3741.433757
142,14,3700.348812
142,15,3683.614556
142,18,3667.280715
142,21,3641.650261
143,10,3862.163412
143,11,3753.432214
143,12,3747.573622
143,13,3741.433757
143,14,3700.348812
143,15,3683.614556
143,18,3667.280715
143,21,3641.650261
144,10,3862.163412
144,11,3753.432214
144,12,3747.573622
144,13,3741.433757
144,14,3700.348812
144,15,3683.614556
144,16,3665.922400
144,21,3641.650261
145,10,3858.734009
145,11,3753.432214
145,12,3736.941016
145,14,3700.348812
145,15,3683.614556
145,16,3665.922400
145,21,3641.650261
146,10,3858.734009
146,11,3753.432214
146,12,3736.941016
146,13,3718.175927
146,14,3699.699541
146,15,3683.614556
146,16,3665.922400
146,21,3641.650261
147,10,3823.094008
147,11,3753.432214
147,12,3736.941016
147,13,3718.175927
147,14,3699.699541
147,15,3683.614556
147,16,3665.922400
147,21,3641.650261
148,10,3823.094008
148,11,3753.432214
148,12,3724.294369
148,13,3718.175927
148,14,3699.699541
148,15,3683.614556
148,16,3665.922400
148,17,3658.841215
148,21,3641.650261
149,10,3823.094008
149,11,3753.432214
149,12,3724.294369
149,13,3718.175927
149,14,3699.699541
149,15,3683.614556
149,16,3665.922400
149,17,3658.841215
149,21,3641.650261
150,10,3823.094008
150,11,3753.432214
150,12,3724.294369
150,13,3718.175927
150,14,3692.177997
150,15,3683.614556
150,16,3665.922400
150,17,3658.841215
150,21,3641.650261
151,10,3819.885951
151,11,3752.010848
151,12,3719.635708
151,13,3718.175927
151,14,3692.177997
151,15,3671.325313
151,16,3665.912634
151,17,3658.841215
151,21,3641.650261
152,10,3819.885951
152,11,3752.010848
152,12,3690.698172
152,15,3671.325313
152,16,3665.912634
152,17,3658.841215
152,21,3641.650261
153,10,3814.700588
153,11,3752.010848
153,12,3690.698172
153,14,3662.965513
153,17,3658.841215
153,21,3641.650261
154,10,3814.700588
154,11,3752.010848
154,12,3690.698172
154,14,3662.965513
154,17,3658.841215
154,21,3641.650261
155,10,3814.700588
155,11,3752.010848
155,12,3690.698172
155,14,3662.965513
155,17,3658.841215
155,21,3641.650261
156,10,3808.461314
156,11,3750.613638
156,12,3690.698172
156,14,3661.209616
156,16,3650.540061
156,21,3641.650261
157,10,3808.461314
157,11,3750.613638
157,12,3690.698172
157,13,3685.175637
157,14,3661.209616
157,16,3650.540061
157,21,3641.650261
158,10,3808.461314
158,11,3750.613638
158,12,3690.698172
158,13,3683.562701
158,14,3661.209616
158,16,3650.540061
158,21,3641.650261
159,10,3808.461314
159,11,3750.613638
159,12,3690.698172
159,13,3683.562701
159,14,3661.209616
159,16,3650.540061
159,21,3641.650261
160,10,3808.461314
160,11,3750.613638
160,12,3690.698172
160,13,3683.562701
160,14,3661.209616
160,16,3650.540061
160,21,3641.650261
161,10,3807.733219
161,11,3747.099755
161,12,3683.559372
161,14,3661.209616
161,16,3649.430690
161,21,3641.468600
162,10,3807.733219
162,11,3747.099755
162,12,3683.559372
162,14,3661.209616
162,16,3649.430690
162,21,3641.468600
163,10,3807.733219
163,11,3747.099755
163,12,3670.030038
163,14,3661.209616
163,15,3637.491878
164,10,3807.733219
164,11,3733.046241
164,12,3670.030038
164,13,3666.865839
164,14,3661.209616
164,15,3637.491878
165,10,3807.733219
165,11,3733.046241
165,12,3670.030038
165,13,3666.865839
165,14,3661.209616
165,15,3637.491878
166,10,3807.733219
166,11,3731.445920
166,12,3670.030038
166,13,3666.865839
166,14,3660.365460
166,15,3637.491878
167,10,3801.948981
167,11,3731.445920
167,12,3670.030038
167,13,3666.865839
167,14,3660.365460
167,15,3637.491878
168,10,3801.948981
168,11,3731.445920
168,12,3670.030038
168,13,3666.865839
168,14,3660.365460
168,15,3637.491878
169,10,3778.772610
169,11,3731.445920
169,12,3670.030038
169,13,3666.865839
169,14,3660.365460
169,15,3637.491878
170,10,3778.772610
170,11,3731.445920
170,12,3670.030038
170,13,3665.737983
170,14,3660.365460
170,15,3637.491878
171,10,3777.913904
171,11,3725.218503
171,12,3670.030038
171,13,3665.729526
171,14,3660.365460
171,15,3637.491878
172,10,3777.913904
172,11,3725.218503
172,12,3670.030038
172,13,3665.729526
172,14,3660.365460
172,15,3637.491878
173,10,3777.913904
173,11,3724.246971
173,12,3670.030038
173,13,3660.880469
173,14,3660.365460
173,15,3637.491878
174,10,3777.913904
174,11,3724.246971
174,12,3670.030038
174,13,3660.880469
174,14,3660.365460
174,15,3637.491878
175,10,3763.613367
175,11,3724.246971
175,12,3670.030038
175,13,3660.880469
175,14,3660.365460
175,15,3637.491878
176,10,3763.035699
176,11,3720.253501
176,12,3663.104684
176,13,3660.880469
176,14,3660.365460
176,15,3637.491878
177,10,3763.035699
177,11,3720.253501
177,12,3663.104684
177,13,3660.880469
177,14,3660.365460
177,15,3637.491878
178,10,3763.035699
178,11,3720.253501
178,12,3657.130776
178,15,3637.491878
179,10,3763.035699
179,11,3705.886217
179,12,3657.130776
179,15,3637.491878
180,10,3763.035699
180,11,3705.886217
180,12,3657.130776
180,15,3637.491878
181,10,3759.385002
181,11,3705.886217
181,12,3656.714466
181,15,3637.491878
182,10,3756.376642
182,11,3702.581384
182,12,3636.052971
183,10,3756.376642
183,11,3702.581384
183,12,3636.052971
184,10,3756.376642
184,11,3702.581384
184,12,3636.052971
185,10,3756.376642
185,11,3702.581384
185,12,3636.052971
186,10,3752.261209
186,11,3702.264827
186,12,3636.052971
187,10,3752.261209
187,11,3702.264827
187,12,3636.052971
188,10,3744.992978
188,11,3702.264827
188,12,3636.052971
189,10,3744.992978
189,11,3702.264827
189,12,3636.052971
190,10,3744.992978
190,11,3702.264827
190,12,3636.052971
191,10,3744.992978
191,11,3697.391007
191,12,3636.052971
192,10,3737.443456
192,11,3693.360102
192,12,3636.052971
192,13,3636.034169
192,16,3635.316402
193,10,3737.443456
193,11,3693.360102
193,12,3636.052971
193,13,3631.196354
194,10,3737.443456
194,11,3693.360102
194,12,3636.052971
194,13,3631.196354
194,16,3627.504065
195,10,3735.926431
195,11,3693.360102
195,12,3636.052971
195,13,3631.196354
195,16,3627.504065
196,10,3735.926431
196,11,3693.360102
196,12,3636.052971
196,13,3627.091119
197,10,3735.926431
197,11,3693.360102
197,12,3636.052971
197,13,3627.091119
198,10,3735.926431
198,11,3693.360102
198,12,3636.052971
198,13,3627.091119
199,10,3735.146611
199,11,3688.987776
199,12,3636.052971
199,13,3627.091119
200,10,3735.146611
200,11,3688.987776
200,12,3636.052971
200,13,3627.091119
200,16,3617.181703
200,17,3617.174652
201,10,3735.146611
201,11,3669.942912
201,12,3636.052971
201,13,3614.180397
202,10,3735.146611
202,11,3669.942912
202,12,3628.586189
202,13,3614.180397
203,10,3735.146611
203,11,3667.685097
203,12,3628.586189
203,13,3614.180397
204,10,3719.795331
204,11,3667.685097
204,12,3628.586189
204,13,3614.180397
205,10,3719.795331
205,11,3667.685097
205,12,3628.586189
205,13,3614.180397
205,16,3608.378196
206,10,3719.795331
206,11,3634.186518
206,12,3626.623110
206,13,3614.180397
206,16,3608.378196
207,10,3719.795331
207,11,3634.186518
207,12,3626.623110
207,13,3614.180397
207,16,3608.378196
208,10,3719.795331
208,11,3634.186518
208,12,3626.623110
208,13,3614.180397
208,14,3610.976373
208,16,3608.378196
209,10,3716.528279
209,11,3634.186518
209,12,3626.623110
209,13,3614.180397
209,14,3610.976373
209,16,3608.378196
210,10,3716.528279
210,11,3634.186518
210,12,3626.623110
210,13,3614.180397
210,14,3610.976373
210,16,3608.378196
211,10,3707.065155
211,11,3634.186518
211,12,3626.623110
211,13,3614.180397
211,14,3608.089756
212,10,3690.241388
212,11,3634.186518
212,12,3626.623110
212,13,3611.293781
212,14,3608.089756
212,16,3601.419139
213,10,3690.241388
213,11,3626.293489
213,12,3625.651191
213,13,3611.293781
213,14,3608.089756
213,16,3601.419139
214,9,3844.662420
214,10,3690.241388
214,11,3626.293489
214,12,3625.651191
214,13,3611.293781
214,14,3608.089756
214,16,3601.419139
215,9,3844.662420
215,10,3690.241388
215,11,3626.293489
215,12,3625.651191
215,13,3611.293781
215,14,3608.089756
215,16,3601.419139
216,9,3844.662420
216,10,3690.241388
216,11,3626.195275
216,12,3624.274787
216,13,3611.114085
216,14,3602.096483
216,16,3601.307849
217,9,3844.662420
217,10,3690.241388
217,11,3626.195275
217,12,3624.274787
217,13,3611.114085
217,14,3602.096483
217,15,3590.880682
218,9,3844.662420
218,10,3690.241388
218,11,3626.195275
218,12,3624.274787
218,13,3611.114085
218,14,3602.096483
218,15,3590.880682
219,9,3844.662420
219,10,3690.241388
219,11,3626.195275
219,12,3624.274787
219,13,3611.114085
219,14,3602.096483
219,15,3590.880682
220,9,3844.662420
220,10,3690.241388
220,11,3626.195275
220,12,3624.274787
220,13,3611.114085
220,14,3602.096483
220,15,3590.880682
221,9,3844.662420
221,10,3690.241388
221,11,3625.504573
221,12,3624.274787
221,13,3610.767758
221,14,3589.754372
222,9,3844.662420
222,10,3690.241388
222,11,3625.504573
222,12,3624.274787
222,13,3610.767758
222,14,3589.754372
223,9,3844.662420
223,10,3690.241388
223,11,3625.504573
223,12,3624.274787
223,13,3610.767758
223,14,3589.754372
224,9,3844.662420
224,10,3690.241388
224,11,3625.504573
224,12,3624.274787
224,13,3610.395691
224,14,3589.754372
225,9,3844.662420
225,10,3690.241388
225,11,3625.504573
225,12,3624.274787
225,13,3610.395691
225,14,3589.754372
226,9,3844.662420
226,10,3690.241388
226,11,3625.504573
226,12,3624.274787
226,13,3608.725129
226,14,3588.721300
227,9,3844.662420
227,10,3690.241388
227,11,3625.504573
227,12,3624.274787
227,13,3608.725129
227,14,3588.721300
228,9,3844.662420
228,10,3690.241388
228,11,3625.504573
228,12,3623.346409
228,13,3608.725129
228,14,3588.721300
229,9,3844.662420
229,10,3690.241388
229,11,3625.504573
229,12,3623.346409
229,13,3608.725129
229,14,3588.721300
230,9,3842.311966
230,10,3690.241388
230,11,3625.415909
230,12,3618.587421
230,13,3608.725129
230,14,3588.721300
231,9,3840.992022
231,10,3668.839890
231,11,3625.415909
231,12,3617.850703
231,13,3606.510321
231,14,3588.629524
232,9,3793.531363
232,10,3668.839890
232,11,3625.415909
232,12,3617.850703
232,13,3606.510321
232,14,3588.629524
233,9,3793.531363
233,10,3668.839890
233,11,3625.415909
233,12,3617.850703
233,13,3606.510321
233,14,3588.629524
233,15,3573.689204
234,9,3782.967909
234,10,3668.839890
234,11,3625.415909
234,12,3617.850703
234,13,3606.510321
234,14,3578.429386
234,15,3573.689204
235,9,3782.967909
235,10,3668.839890
235,11,3625.415909
235,12,3617.850703
235,13,3606.510321
235,14,3578.429386
235,15,3573.689204
236,9,3782.396824
236,10,3666.571362
236,11,3624.679192
236,12,3617.850703
236,13,3605.261252
236,14,3578.213597
236,15,3573.689204
237,9,3768.617976
237,10,3666.571362
237,11,3622.401986
237,12,3617.850703
237,13,3605.261252
237,14,3578.213597
237,15,3573.689204
238,9,3768.617976
238,10,3666.571362
238,11,3622.401986
238,12,3617.850703
238,13,3605.261252
238,14,3578.213597
238,15,3573.689204
239,9,3768.617976
239,10,3666.571362
239,11,3622.401986
239,12,3617.850703
239,13,3605.261252
239,14,3578.213597
239,15,3573.689204
240,9,3768.617976
240,10,3666.571362
240,11,3622.401986
240,12,3615.980393
240,13,3605.261252
240,14,3578.213597
240,15,3573.689204
241,9,3768.617976
241,10,3662.086019
241,11,3622.401986
241,12,3615.980393
241,13,3605.261252
241,14,3576.483126
241,15,3573.689204
242,9,3768.617976
242,10,3662.086019
242,11,3622.401986
242,12,3615.980393
242,13,3599.372119
242,14,3576.483126
242,15,3573.689204
243,9,3747.945504
243,10,3662.086019
243,11,3622.401986
243,12,3608.046557
243,13,3599.372119
243,14,3576.483126
243,15,3573.689204
244,9,3747.945504
244,10,3662.086019
244,11,3622.401986
244,12,3608.046557
244,13,3599.372119
244,14,3576.483126
244,15,3573.689204
245,9,3747.118157
245,10,3662.086019
245,11,3621.574042
245,12,3608.046557
245,13,3599.372119
245,14,3576.483126
245,15,3573.689204
246,9,3739.084973
246,10,3650.049049
246,11,3615.171345
246,12,3598.465619
246,14,3576.210455
246,15,3573.680001
247,9,3739.084973
247,10,3640.086580
247,11,3615.171345
247,12,3598.465619
247,14,3576.210455
247,15,3573.680001
248,9,3736.517319
248,10,3640.086580
248,11,3615.171345
248,12,3598.465619
248,14,3576.210455
248,15,3573.680001
249,9,3736.517319
249,10,3640.086580
249,11,3615.171345
249,12,3598.465619
249,14,3576.210455
249,15,3573.680001
250,9,3736.517319
250,10,3640.086580
250,11,3615.171345
250,12,3598.465619
250,14,3576.210455
250,15,3573.680001
251,9,3736.517319
251,10,3640.086580
251,11,3615.171345
251,12,3590.706564
251,14,3574.247375
251,15,3573.680001
252,9,3736.517319
252,10,3640.086580
252,11,3615.171345
252,12,3590.706564
252,14,3574.247375
252,15,3573.680001
253,9,3734.817241
253,10,3640.086580
253,11,3615.171345
253,12,3590.706564
253,14,3574.247375
253,15,3573.680001
254,9,3734.817241
254,10,3640.086580
254,11,3615.171345
254,12,3590.706564
254,14,3574.247375
254,15,3573.680001
255,9,3734.817241
255,10,3640.086580
255,11,3615.171345
255,12,3590.706564
255,14,3574.247375
255,15,3573.680001
256,9,3734.817241
256,10,3640.086580
256,11,3615.171345
256,12,3590.453722
256,14,3574.247375
256,15,3573.680001
257,9,3733.776067
257,10,3640.086580
257,11,3615.171345
257,12,3578.091272
257,14,3574.247375
257,15,3573.680001
258,9,3692.043385
258,10,3640.086580
258,11,3615.171345
258,12,3578.091272
258,14,3574.247375
258,15,3573.680001
259,9,3692.043385
259,10,3640.086580
259,11,3615.171345
259,12,3578.091272
259,14,3574.247375
259,15,3573.680001
260,9,3692.043385
260,10,3640.086580
260,11,3615.171345
260,12,3578.091272
260,14,3574.247375
260,15,3573.680001
261,9,3692.043385
261,10,3640.086580
261,11,3615.171345
261,12,3578.091272
261,14,3574.247375
261,15,3573.680001
262,9,3692.043385
262,10,3640.086580
262,11,3615.171345
262,12,3578.091272
262,14,3574.247375
262,15,3573.680001
263,9,3692.043385
263,10,3640.086580
263,11,3615.171345
263,12,3578.091272
263,14,3574.247375
263,15,3573.680001
264,9,3689.271679
264,10,3640.086580
264,11,3615.171345
264,12,3578.091272
264,14,3574.247375
264,15,3573.680001
264,16,3561.059820
265,9,3674.625428
265,10,3640.086580
265,11,3615.171345
265,12,3578.091272
265,14,3574.247375
265,15,3573.680001
265,16,3561.059820
266,9,3674.625428
266,10,3634.684415
266,11,3615.171345
266,12,3577.354554
266,14,3573.471372
266,16,3561.059820
267,9,3674.625428
267,10,3634.684415
267,11,3615.171345
267,12,3572.304430
267,16,3561.059820
268,9,3672.789610
268,10,3634.684415
268,11,3615.171345
268,12,3572.304430
268,16,3561.059820
269,9,3672.789610
269,10,3634.684415
269,11,3615.171345
269,12,3572.304430
269,16,3561.059820
270,9,3672.789610
270,10,3634.684415
270,11,3615.171345
270,12,3572.304430
270,16,3561.059820
271,9,3672.789610
271,10,3624.334877
271,11,3615.171345
271,12,3572.304430
271,15,3554.084135
272,9,3672.789610
272,10,3624.334877
272,11,3615.171345
272,12,3572.304430
272,15,3554.084135
273,9,3666.202170
273,10,3624.334877
273,11,3615.171345
273,12,3563.387574
273,15,3554.084135
274,9,3657.572629
274,10,3624.334877
274,11,3615.171345
274,12,3563.387574
274,15,3554.084135
275,9,3637.254050
275,10,3624.334877
275,11,3615.171345
275,12,3563.387574
275,15,3554.084135
276,9,3637.254050
276,10,3624.334877
276,11,3615.171345
276,12,3563.387574
276,14,3542.299413
277,9,3632.399474
277,10,3624.334877
277,11,3579.988448
277,12,3563.387574
277,14,3542.299413
278,9,3632.399474
278,10,3624.334877
278,11,3579.988448
278,12,3563.387574
278,14,3542.299413
279,9,3632.399474
279,10,3624.334877
279,11,3571.696441
279,12,3563.387574
279,14,3542.299413
280,9,3632.399474
280,10,3624.334877
280,11,3571.696441
280,12,3563.387574
280,13,3555.109033
280,14,3542.299413
281,9,3632.399474
281,10,3624.334877
281,11,3570.248494
281,12,3563.387574
281,13,3551.617170
281,14,3542.299413
282,9,3632.399474
282,10,3614.076624
282,11,3569.733307
282,12,3563.387574
282,13,3551.617170
282,14,3542.299413
283,9,3632.399474
283,10,3614.076624
283,11,3569.733307
283,12,3563.387574
283,13,3551.617170
283,14,3542.299413
284,9,3632.399474
284,10,3614.076624
284,11,3569.733307
284,12,3563.387574
284,13,3551.617170
284,14,3542.299413
285,9,3632.399474
285,10,3614.076624
285,11,3569.733307
285,12,3563.387574
285,13,3551.617170
285,14,3542.299413
286,9,3632.399474
286,10,3595.350132
286,11,3568.642407
286,12,3555.638399
286,13,3551.617170
286,14,3542.299413
287,9,3632.399474
287,10,3595.350132
287,11,3568.642407
287,12,3555.638399
287,13,3551.617170
287,14,3542.299413
288,9,3632.399474
288,10,3595.350132
288,11,3568.642407
288,12,3546.381438
288,14,3542.299413
289,9,3632.399474
289,10,3595.350132
289,11,3568.642407
289,12,3546.381438
289,14,3542.299413
290,9,3632.399474
290,10,3595.350132
290,11,3560.553548
290,12,3546.381438
290,14,3542.299413
291,9,3632.399474
291,10,3552.861243
291,12,3546.381438
291,14,3542.299413
292,9,3632.399474
292,10,3552.861243
292,12,3546.381438
292,14,3542.299413
293,9,3631.413517
293,10,3552.861243
293,12,3546.381438
293,14,3542.299413
294,9,3631.413517
294,10,3552.861243
294,12,3539.122507
295,9,3631.413517
295,10,3552.861243
295,12,3539.122507
295,15,3535.117930
296,9,3631.413517
296,10,3552.091484
296,12,3539.122507
296,15,3535.117930
297,9,3630.424395
297,10,3552.091484
297,11,3532.823817
298,9,3630.424395
298,10,3552.091484
298,11,3532.823817
299,9,3627.441121
299,10,3552.091484
299,11,3532.823817
299,12,3531.450065
300,9,3624.928475
300,10,3552.091484
300,11,3529.126523
300,12,3523.846424
301,9,3624.213847
301,10,3548.840661
301,11,3529.126523
301,12,3523.546096
302,9,3624.213847
302,10,3548.840661
302,11,3529.126523
302,12,3523.546096
303,9,3624.213847
303,10,3548.840661
303,11,3529.126523
303,12,3523.546096
304,9,3624.213847
304,10,3534.342392
304,11,3529.126523
304,12,3523.546096
305,9,3624.213847
305,10,3534.342392
305,11,3529.126523
305,12,3523.546096
306,9,3614.541350
306,10,3534.237115
306,11,3529.126523
306,12,3505.985802
307,9,3596.363011
307,10,3529.034881
307,12,3505.985802
308,9,3596.363011
308,10,3529.034881
308,12,3505.985802
309,9,3596.363011
309,10,3529.034881
309,12,3505.985802
310,9,3586.043448
310,10,3529.034881
310,12,3505.985802
311,9,3586.043448
311,10,3529.034881
311,12,3505.985802
312,9,3586.043448
312,10,3529.034881
312,12,3505.985802
313,9,3586.043448
313,10,3529.034881
313,12,3505.985802
314,9,3586.043448
314,10,3529.034881
314,12,3505.985802
315,9,3576.949573
315,10,3529.034881
315,12,3505.985802
316,9,3576.949573
316,10,3529.034881
316,12,3505.590403
317,9,3576.949573
317,10,3529.034881
317,11,3527.717948
317,12,3491.330266
318,9,3576.949573
318,10,3524.950978
318,12,3491.330266
319,9,3576.949573
319,10,3524.950978
319,12,3491.330266
320,9,3576.949573
320,10,3524.950978
320,12,3491.330266
321,9,3576.949573
321,10,3524.950978
321,12,3491.330266
322,9,3576.949573
322,10,3524.950978
322,11,3516.470587
322,12,3491.330266
323,9,3576.949573
323,10,3524.950978
323,11,3516.470587
323,12,3491.330266
324,9,3576.949573
324,10,3524.950978
324,11,3516.470587
324,12,3490.856749
325,9,3576.949573
325,10,3524.950978
325,11,3509.305180
325,12,3490.856749
326,9,3576.949573
326,10,3524.950978
326,11,3501.823211
326,12,3490.856749
327,9,3576.949573
327,10,3524.950978
327,11,3501.823211
327,12,3490.856749
328,9,3576.949573
328,10,3524.950978
328,11,3501.823211
328,12,3490.856749
329,9,3564.108582
329,10,3524.950978
329,11,3501.823211
329,12,3490.856749
329,13,3489.207708
